0 57 66
0 57 67
0 57 76
0 57 77
0 57 78
0 87 86
0 87 87
1 57 0
1 57 9
1 57 13
1 57 15
1 57 23
1 57 24
1 57 27
1 57 28
1 57 29
1 57 31
1 57 33
1 57 42
1 57 43
1 57 55
1 57 56
1 57 59
1 57 60
1 57 67
1 57 91
1 87 22
1 87 54
1 87 76
1 87 77
1 87 78
1 87 84
1 87 86
1 87 87
1 87 88
1 87 89
1 87 99
2 57 0
2 57 3
2 57 5
2 57 8
2 57 18
2 57 19
2 57 20
2 57 21
2 57 27
2 57 28
2 57 30
2 57 36
2 57 37
2 57 39
2 57 47
2 57 52
2 57 58
2 57 60
2 57 61
2 57 62
2 57 66
2 57 69
2 57 74
2 87 11
2 87 22
2 87 40
2 87 50
2 87 54
2 87 63
2 87 70
2 87 76
2 87 77
2 87 78
2 87 79
2 87 80
2 87 81
2 87 82
2 87 84
2 87 85
2 87 86
2 87 87
2 87 88
2 87 92
2 87 95
2 87 99
3 57 0
3 57 1
3 57 2
3 57 3
3 57 5
3 57 6
3 57 16
3 57 17
3 57 18
3 57 19
3 57 21
3 57 25
3 57 26
3 57 27
3 57 28
3 57 31
3 57 32
3 57 36
3 57 38
3 57 43
3 57 44
3 57 45
3 57 46
3 57 49
3 57 56
3 57 60
3 57 62
3 57 64
3 57 66
3 57 67
3 57 71
3 57 75
3 57 83
3 57 91
3 87 10
3 87 14
3 87 22
3 87 40
3 87 41
3 87 51
3 87 54
3 87 63
3 87 70
3 87 72
3 87 73
3 87 76
3 87 77
3 87 78
3 87 80
3 87 82
3 87 84
3 87 86
3 87 88
3 87 90
3 87 94
3 87 95
3 87 97
3 87 98
4 57 0
4 57 2
4 57 3
4 57 4
4 57 5
4 57 6
4 57 8
4 57 9
4 57 12
4 57 15
4 57 16
4 57 18
4 57 19
4 57 21
4 57 23
4 57 24
4 57 27
4 57 28
4 57 31
4 57 32
4 57 33
4 57 34
4 57 36
4 57 37
4 57 38
4 57 42
4 57 43
4 57 44
4 57 45
4 57 46
4 57 47
4 57 48
4 87 7
4 87 10
4 87 14
4 87 22
4 87 40
4 87 41
4 87 49
4 87 50
4 87 51
4 87 52
4 87 53
4 87 55
4 87 57
4 87 58
4 87 59
4 87 61
4 87 63
4 87 66
4 87 67
4 87 68
4 87 69
4 87 71
4 87 73
4 87 74
4 87 75
4 87 76
4 87 77
4 87 78
4 87 79
4 87 80
4 87 82
5 57 0
5 57 2
5 57 4
5 57 5
5 57 6
5 57 8
5 57 9
5 57 12
5 57 13
5 57 15
5 57 16
5 57 17
5 57 18
5 57 19
5 57 21
5 57 23
5 57 25
5 57 26
5 57 27
5 57 28
5 57 30
5 57 31
5 57 32
5 57 33
5 57 34
5 57 35
5 57 36
5 57 37
5 57 39
5 57 43
5 87 7
5 87 10
5 87 11
5 87 14
5 87 22
5 87 41
5 87 42
5 87 45
5 87 46
5 87 49
5 87 50
5 87 53
5 87 56
5 87 58
5 87 59
5 87 60
5 87 61
5 87 62
5 87 64
5 87 65
5 87 66
5 87 67
5 87 68
5 87 70
6 57 0
6 57 1
6 57 3
6 57 4
6 57 5
6 57 6
6 57 8
6 57 9
6 57 13
6 57 15
6 57 17
6 57 18
6 57 19
6 57 20
6 57 21
6 57 23
6 57 24
6 57 25
6 57 28
6 57 29
6 57 31
6 57 32
6 57 33
6 57 34
6 57 35
6 57 36
6 57 37
6 57 38
6 57 39
6 57 42
6 57 44
6 57 47
6 87 7
6 87 10
6 87 11
6 87 14
6 87 22
6 87 40
6 87 41
6 87 45
6 87 48
6 87 49
6 87 50
6 87 51
6 87 52
6 87 54
6 87 55
6 87 56
6 87 58
6 87 59
6 87 63
6 87 65
6 87 66
6 87 67
6 87 68
6 87 69
6 87 70
6 87 71
6 87 73
6 87 74
6 87 75
6 87 76
6 87 77
6 87 79
6 87 82
7 57 0
7 57 1
7 57 4
7 57 5
7 57 6
7 57 8
7 57 9
7 57 12
7 57 13
7 57 16
7 57 17
7 57 19
7 57 20
7 57 21
7 57 23
7 57 24
7 57 25
7 57 26
7 57 27
7 57 28
7 57 29
7 57 30
7 57 31
7 57 32
7 57 34
7 57 36
7 57 37
7 57 38
7 57 39
7 57 42
7 57 43
7 57 45
7 57 46
7 87 7
7 87 10
7 87 11
7 87 14
7 87 48
7 87 50
7 87 51
7 87 52
7 87 53
7 87 54
7 87 55
7 87 56
7 87 57
7 87 58
7 87 60
7 87 61
7 87 63
7 87 66
7 87 69
7 87 70
7 87 71
7 87 73
7 87 76
7 87 77
7 87 78
7 87 79
7 87 80
7 87 81
7 87 83
7 87 84
7 87 87
7 87 88
7 87 90
7 87 92
7 87 93
8 57 1
8 57 3
8 57 4
8 57 5
8 57 6
8 57 8
8 57 12
8 57 13
8 57 15
8 57 17
8 57 18
8 57 19
8 57 20
8 57 24
8 57 25
8 57 26
8 57 32
8 57 34
8 57 35
8 57 36
8 57 37
8 57 44
8 57 45
8 57 46
8 57 47
8 57 48
8 57 49
8 57 52
8 57 57
8 57 58
8 57 59
8 57 61
8 57 64
8 57 66
8 57 71
8 57 83
8 87 7
8 87 11
8 87 22
8 87 40
8 87 41
8 87 51
8 87 53
8 87 70
8 87 72
8 87 73
8 87 77
8 87 79
8 87 80
8 87 81
8 87 86
8 87 87
8 87 88
8 87 90
8 87 92
8 87 94
8 87 95
8 87 96
8 87 99
9 57 0
9 57 9
9 57 12
9 57 16
9 57 19
9 57 27
9 57 28
9 57 30
9 57 37
9 57 42
9 57 44
9 57 46
9 57 47
9 57 48
9 57 52
9 57 55
9 57 62
9 57 67
9 57 74
9 57 83
9 57 91
9 87 10
9 87 22
9 87 40
9 87 41
9 87 53
9 87 63
9 87 70
9 87 72
9 87 73
9 87 76
9 87 78
9 87 86
9 87 87
9 87 88
9 87 93
9 87 95
9 87 99
10 57 1
10 57 4
10 57 6
10 57 8
10 57 18
10 57 23
10 57 25
10 57 29
10 57 31
10 57 33
10 57 34
10 57 35
10 57 37
10 57 39
10 57 59
10 57 60
10 57 65
10 57 69
10 57 71
10 57 74
10 57 83
10 57 91
10 87 53
10 87 76
10 87 77
10 87 78
10 87 79
10 87 84
10 87 92
10 87 95
10 87 96
10 87 98
11 57 1
11 57 4
11 57 21
11 57 46
11 57 57
11 87 72
11 87 76
11 87 79
11 87 80
11 87 92
11 87 99
--- Done ---
