0 57 66
0 57 67
0 57 76
0 57 77
0 57 78
0 57 86
0 57 87
1 15 9
1 15 22
1 15 15
1 52 31
1 52 60
1 52 84
1 52 91
1 52 0
1 52 23
1 52 24
1 52 33
1 52 54
1 52 56
1 57 29
1 57 78
1 57 86
1 57 87
1 57 88
1 57 89
1 57 99
1 57 13
1 57 27
1 57 28
1 57 55
1 57 59
1 57 67
1 57 76
1 57 77
1 57 42
1 57 43
2 15 5
2 15 8
2 15 19
2 15 21
2 15 22
2 15 79
2 52 40
2 52 50
2 52 60
2 52 61
2 52 62
2 52 70
2 52 80
2 52 81
2 52 82
2 52 84
2 52 92
2 52 95
2 52 0
2 52 3
2 52 11
2 52 20
2 52 30
2 52 52
2 52 76
2 52 85
2 52 36
2 52 47
2 52 54
2 52 63
2 57 69
2 57 78
2 57 86
2 57 87
2 57 88
2 57 99
2 57 18
2 57 27
2 57 28
2 57 37
2 57 39
2 57 58
2 57 66
2 57 74
2 57 77
3 2 10
3 2 1
3 2 2
3 2 5
3 2 14
3 2 21
3 2 22
3 15 19
3 15 6
3 15 18
3 15 28
3 15 38
3 52 62
3 52 70
3 52 71
3 52 80
3 52 82
3 52 90
3 52 91
3 52 31
3 52 40
3 52 41
3 52 51
3 52 60
3 52 73
3 52 83
3 52 84
3 52 0
3 52 3
3 52 32
3 52 64
3 52 66
3 52 72
3 52 75
3 52 25
3 57 67
3 57 76
3 57 77
3 57 16
3 57 36
3 57 54
3 57 56
3 57 63
3 57 17
3 57 43
3 57 44
3 57 45
3 67 94
3 67 97
3 67 98
3 67 49
3 67 78
3 67 86
3 67 87
3 67 88
3 67 95
3 67 26
3 67 27
3 67 46
4 2 10
4 2 2
4 15 8
4 15 9
4 15 19
4 15 5
4 15 6
4 15 14
4 15 18
4 15 21
4 15 22
4 15 37
4 15 38
4 15 48
4 15 58
4 15 59
4 15 24
4 15 32
4 15 33
4 15 36
4 15 63
4 52 61
4 52 71
4 52 80
4 52 82
4 52 90
4 52 91
4 52 93
4 52 12
4 52 31
4 52 40
4 52 41
4 52 50
4 52 51
4 52 73
4 52 83
4 52 0
4 52 3
4 52 4
4 52 23
4 52 46
4 52 52
4 52 53
4 52 55
4 52 66
4 52 75
4 57 57
4 57 67
4 57 74
4 57 76
4 57 77
4 57 85
4 57 47
4 57 79
4 57 15
4 57 16
4 57 34
4 57 42
4 57 43
4 57 44
4 57 45
4 67 94
4 67 49
4 67 68
4 67 69
4 67 78
4 67 86
4 67 87
4 67 95
4 67 99
4 67 7
4 67 27
4 67 28
5 0 10
5 0 0
5 0 4
5 0 11
5 0 23
5 0 32
5 0 15
5 0 34
5 0 42
5 2 2
5 2 43
5 2 45
5 15 8
5 15 9
5 15 19
5 15 6
5 15 18
5 15 5
5 15 7
5 15 14
5 15 21
5 15 22
5 15 27
5 15 28
5 15 37
5 15 58
5 15 59
5 15 25
5 15 36
5 15 56
5 15 65
5 52 62
5 52 70
5 52 80
5 52 81
5 52 90
5 52 91
5 52 92
5 52 93
5 52 30
5 52 50
5 52 60
5 52 61
5 52 73
5 52 12
5 52 31
5 52 33
5 52 41
5 52 46
5 52 53
5 52 64
5 52 74
5 52 75
5 57 66
5 57 67
5 57 76
5 57 77
5 57 85
5 57 79
5 57 16
5 57 17
5 57 26
5 57 35
5 57 13
5 67 94
5 67 97
5 67 98
5 67 49
5 67 68
5 67 78
5 67 86
5 67 87
5 67 88
5 67 89
5 67 96
5 67 39
6 0 10
6 0 0
6 0 4
6 0 20
6 0 23
6 0 24
6 0 32
6 2 -1
6 15 8
6 15 9
6 15 19
6 15 6
6 15 18
6 15 1
6 15 5
6 15 14
6 15 21
6 15 22
6 15 48
6 15 58
6 15 59
6 15 25
6 15 36
6 15 47
6 15 56
6 15 63
6 15 65
6 15 79
6 15 3
6 15 11
6 52 70
6 52 71
6 52 80
6 52 82
6 52 90
6 52 91
6 52 92
6 52 93
6 52 40
6 52 50
6 52 51
6 52 73
6 52 83
6 52 84
6 52 95
6 52 31
6 52 33
6 52 52
6 52 55
6 52 66
6 52 67
6 52 74
6 52 77
6 57 75
6 57 76
6 57 85
6 57 17
6 57 35
6 57 44
6 57 45
6 57 54
6 57 13
6 57 15
6 57 34
6 57 42
6 67 94
6 67 97
6 67 98
6 67 29
6 67 49
6 67 68
6 67 69
6 67 86
6 67 87
6 67 88
6 67 89
6 67 96
6 67 99
6 67 7
6 67 28
6 67 37
6 67 38
6 67 39
6 67 41
7 0 10
7 0 12
7 0 31
7 0 0
7 0 1
7 0 4
7 0 5
7 0 11
7 0 14
7 0 20
7 0 21
7 0 23
7 0 32
7 0 42
7 0 24
7 0 26
7 0 34
7 2 -1
7 13 13
7 15 9
7 15 19
7 15 8
7 15 6
7 15 17
7 15 43
7 15 45
7 52 70
7 52 71
7 52 80
7 52 81
7 52 90
7 52 92
7 52 93
7 52 50
7 52 60
7 52 73
7 52 83
7 52 84
7 52 95
7 52 30
7 52 46
7 52 51
7 52 53
7 52 55
7 52 61
7 52 66
7 52 76
7 57 57
7 67 97
7 67 98
7 67 29
7 67 69
7 67 78
7 67 87
7 67 88
7 67 99
7 67 7
7 67 28
7 67 37
7 67 39
7 67 58
7 67 77
7 67 36
7 67 52
7 67 63
7 67 79
7 67 25
7 67 27
7 67 38
7 67 48
7 67 54
7 67 56
7 67 16
8 0 -1
8 2 -1
8 13 13
8 15 19
8 15 8
8 15 18
8 15 6
8 15 1
8 15 5
8 15 22
8 15 4
8 15 11
8 15 17
8 15 20
8 15 32
8 15 15
8 52 70
8 52 71
8 52 80
8 52 81
8 52 90
8 52 92
8 52 73
8 52 83
8 52 95
8 52 40
8 52 46
8 52 51
8 52 53
8 52 61
8 52 64
8 52 66
8 52 72
8 52 77
8 52 12
8 52 36
8 52 41
8 52 47
8 52 52
8 52 3
8 57 57
8 67 94
8 67 49
8 67 86
8 67 87
8 67 88
8 67 96
8 67 99
8 67 7
8 67 37
8 67 58
8 67 59
8 67 79
8 67 48
8 67 25
8 67 24
8 67 26
8 67 35
8 67 44
8 67 45
8 67 34
9 0 10
9 0 0
9 2 -1
9 13 -1
9 15 9
9 15 19
9 15 22
9 52 62
9 52 70
9 52 91
9 52 93
9 52 73
9 52 83
9 52 95
9 52 30
9 52 40
9 52 46
9 52 53
9 52 55
9 52 72
9 52 74
9 52 76
9 52 12
9 52 41
9 52 47
9 52 52
9 52 63
9 52 42
9 52 44
9 57 -1
9 67 78
9 67 86
9 67 87
9 67 88
9 67 99
9 67 28
9 67 37
9 67 67
9 67 27
9 67 48
9 67 16
10 0 -1
10 2 -1
10 13 -1
10 15 8
10 15 18
10 15 6
10 15 1
10 52 71
10 52 91
10 52 92
10 52 60
10 52 83
10 52 84
10 52 95
10 52 53
10 52 74
10 52 76
10 52 77
10 52 31
10 52 33
10 52 4
10 52 23
10 52 25
10 52 65
10 52 35
10 52 34
10 57 -1
10 67 98
10 67 29
10 67 69
10 67 78
10 67 96
10 67 37
10 67 39
10 67 59
10 67 79
11 0 1
11 0 21
11 2 -1
11 13 -1
11 15 -1
11 52 80
11 52 92
11 52 46
11 52 72
11 52 76
11 52 4
11 57 99
11 57 57
11 57 79
11 67 -1
--- Done ---
