0 57 66
0 57 67
0 57 76
0 57 77
0 57 78
0 57 86
0 95 87
1 17 9
1 17 15
1 17 24
1 17 29
1 21 0
1 21 13
1 21 22
1 21 23
1 21 31
1 21 33
1 57 27
1 57 28
1 57 55
1 57 56
1 57 59
1 57 67
1 57 76
1 57 77
1 57 78
1 57 86
1 57 88
1 61 42
1 61 43
1 61 54
1 61 60
1 61 91
1 95 84
1 95 87
1 95 89
1 95 99
2 17 5
2 17 8
2 17 18
2 17 19
2 21 0
2 21 3
2 21 11
2 21 20
2 21 21
2 21 22
2 21 30
2 21 52
2 21 82
2 57 27
2 57 28
2 57 36
2 57 37
2 57 39
2 57 47
2 57 58
2 57 66
2 57 69
2 57 74
2 57 77
2 57 78
2 57 79
2 57 85
2 57 88
2 61 40
2 61 50
2 61 54
2 61 60
2 61 61
2 61 70
2 61 76
2 61 80
2 61 81
2 61 92
2 95 62
2 95 63
2 95 84
2 95 86
2 95 87
2 95 95
2 95 99
3 17 5
3 17 6
3 17 14
3 17 16
3 17 17
3 17 18
3 17 19
3 17 26
3 17 27
3 17 28
3 17 36
3 17 38
3 17 46
3 21 0
3 21 1
3 21 2
3 21 3
3 21 10
3 21 21
3 21 22
3 21 51
3 21 82
3 57 25
3 57 45
3 57 49
3 57 56
3 57 66
3 57 67
3 57 75
3 57 76
3 57 77
3 57 78
3 57 86
3 57 88
3 61 31
3 61 32
3 61 40
3 61 41
3 61 43
3 61 44
3 61 60
3 61 62
3 61 63
3 61 70
3 61 71
3 61 72
3 61 73
3 61 80
3 61 90
3 61 91
3 95 54
3 95 64
3 95 83
3 95 84
3 95 87
3 95 94
3 95 95
3 95 97
3 95 98
4 17 5
4 17 6
4 17 7
4 17 8
4 17 9
4 17 14
4 17 15
4 17 16
4 17 18
4 17 19
4 17 28
4 17 34
4 17 46
4 17 58
4 21 0
4 21 2
4 21 3
4 21 4
4 21 10
4 21 12
4 21 21
4 21 22
4 21 23
4 21 24
4 21 31
4 21 33
4 21 36
4 21 50
4 21 52
4 21 82
4 57 27
4 57 37
4 57 38
4 57 45
4 57 47
4 57 48
4 57 49
4 57 55
4 57 57
4 57 59
4 57 67
4 57 69
4 57 74
4 57 76
4 57 77
4 57 78
4 57 79
4 57 85
4 61 32
4 61 40
4 61 41
4 61 42
4 61 43
4 61 44
4 61 51
4 61 61
4 61 63
4 61 71
4 61 73
4 61 75
4 61 80
4 61 90
4 61 91
4 95 53
4 95 66
4 95 68
4 95 83
4 95 86
4 95 87
4 95 93
4 95 94
4 95 95
4 95 99
5 17 5
5 17 6
5 17 7
5 17 8
5 17 9
5 17 14
5 17 15
5 17 16
5 17 17
5 17 18
5 17 19
5 17 25
5 17 26
5 17 27
5 17 28
5 17 34
5 17 35
5 17 58
5 21 0
5 21 2
5 21 4
5 21 10
5 21 11
5 21 12
5 21 13
5 21 21
5 21 22
5 21 23
5 21 30
5 21 31
5 21 32
5 21 33
5 21 36
5 21 41
5 21 50
5 57 37
5 57 39
5 57 45
5 57 46
5 57 49
5 57 56
5 57 59
5 57 65
5 57 67
5 57 74
5 61 42
5 61 43
5 61 53
5 61 60
5 61 61
5 61 62
5 61 64
5 61 70
5 61 73
5 61 75
5 61 76
5 61 80
5 61 81
5 61 90
5 61 91
5 61 92
5 78 77
5 78 78
5 78 79
5 78 87
5 78 88
5 95 66
5 95 68
5 95 85
5 95 86
5 95 89
5 95 93
5 95 94
5 95 96
5 95 97
5 95 98
6 17 4
6 17 5
6 17 6
6 17 7
6 17 8
6 17 9
6 17 14
6 17 15
6 17 17
6 17 18
6 17 19
6 17 24
6 17 25
6 17 28
6 17 29
6 17 34
6 17 35
6 17 36
6 17 37
6 17 38
6 21 0
6 21 1
6 21 3
6 21 10
6 21 11
6 21 13
6 21 20
6 21 21
6 21 22
6 21 23
6 21 31
6 21 33
6 21 41
6 21 50
6 57 39
6 57 45
6 57 47
6 57 48
6 57 49
6 57 55
6 57 56
6 57 58
6 57 59
6 57 65
6 57 66
6 57 67
6 57 68
6 57 69
6 57 74
6 57 75
6 57 76
6 57 77
6 57 79
6 57 85
6 57 86
6 57 88
6 61 32
6 61 40
6 61 42
6 61 44
6 61 51
6 61 52
6 61 54
6 61 70
6 61 71
6 61 73
6 61 80
6 61 90
6 61 91
6 61 92
6 78 -1
6 95 63
6 95 82
6 95 83
6 95 84
6 95 87
6 95 89
6 95 93
6 95 94
6 95 95
6 95 96
6 95 97
6 95 98
6 95 99
7 17 4
7 17 5
7 17 6
7 17 7
7 17 8
7 17 9
7 17 14
7 17 16
7 17 17
7 17 19
7 17 26
7 17 29
7 17 34
7 21 0
7 21 1
7 21 10
7 21 11
7 21 12
7 21 13
7 21 20
7 21 21
7 21 23
7 21 24
7 21 30
7 21 31
7 21 32
7 21 50
7 21 51
7 57 25
7 57 27
7 57 28
7 57 36
7 57 37
7 57 38
7 57 39
7 57 45
7 57 46
7 57 48
7 57 55
7 57 56
7 57 57
7 57 58
7 57 66
7 57 69
7 57 76
7 57 77
7 57 79
7 57 88
7 61 42
7 61 43
7 61 54
7 61 60
7 61 61
7 61 63
7 61 70
7 61 71
7 61 80
7 61 81
7 61 92
7 78 78
7 95 52
7 95 53
7 95 73
7 95 83
7 95 84
7 95 87
7 95 90
7 95 93
7 95 95
7 95 97
7 95 98
7 95 99
8 17 4
8 17 5
8 17 6
8 17 7
8 17 8
8 17 15
8 17 17
8 17 18
8 17 19
8 17 26
8 17 34
8 21 1
8 21 3
8 21 11
8 21 12
8 21 13
8 21 20
8 21 22
8 21 24
8 21 32
8 21 41
8 21 51
8 57 25
8 57 35
8 57 36
8 57 37
8 57 45
8 57 46
8 57 47
8 57 48
8 57 49
8 57 57
8 57 58
8 57 59
8 57 66
8 57 77
8 57 79
8 57 86
8 57 88
8 61 40
8 61 44
8 61 52
8 61 53
8 61 61
8 61 64
8 61 70
8 61 71
8 61 72
8 61 80
8 61 81
8 61 83
8 61 90
8 61 92
8 78 -1
8 95 73
8 95 87
8 95 94
8 95 95
8 95 96
8 95 99
9 17 9
9 17 16
9 17 19
9 21 0
9 21 10
9 21 12
9 21 22
9 21 41
9 57 27
9 57 28
9 57 37
9 57 46
9 57 47
9 57 48
9 57 55
9 57 67
9 57 74
9 57 76
9 57 86
9 57 88
9 61 30
9 61 40
9 61 42
9 61 44
9 61 52
9 61 53
9 61 70
9 61 72
9 61 83
9 61 91
9 78 78
9 95 62
9 95 63
9 95 73
9 95 87
9 95 93
9 95 95
9 95 99
10 17 4
10 17 6
10 17 8
10 17 18
10 17 29
10 17 34
10 21 1
10 21 23
10 21 31
10 21 33
10 57 25
10 57 35
10 57 37
10 57 39
10 57 59
10 57 65
10 57 69
10 57 74
10 57 76
10 57 77
10 57 79
10 61 53
10 61 60
10 61 71
10 61 83
10 61 91
10 61 92
10 78 78
10 95 84
10 95 95
10 95 96
10 95 98
11 17 4
11 21 1
11 21 21
11 57 46
11 57 57
11 57 79
11 61 72
11 61 76
11 61 80
11 61 92
11 78 -1
11 95 99
--- Done ---
