0 57 66
0 57 67
0 57 76
0 57 77
0 57 78
0 57 86
0 57 87
1 57 0
1 57 9
1 57 13
1 57 15
1 57 22
1 57 23
1 57 24
1 57 27
1 57 28
1 57 29
1 57 31
1 57 33
1 57 42
1 57 43
1 57 54
1 57 55
1 57 56
1 57 59
1 57 60
1 57 67
1 57 76
1 57 77
1 57 78
1 57 84
1 57 86
1 57 88
1 57 89
1 57 91
2 57 0
2 57 3
2 57 5
2 57 8
2 57 11
2 57 18
2 57 19
2 57 20
2 57 21
2 57 22
2 57 27
2 57 28
2 57 30
2 57 36
2 57 37
2 57 39
2 57 40
2 57 47
2 57 50
2 57 52
2 57 54
2 57 58
2 57 60
2 57 61
2 57 62
2 57 63
2 57 66
2 57 69
2 57 70
2 57 74
2 57 78
3 57 0
3 57 1
3 57 2
3 57 3
3 57 5
3 57 6
3 57 10
3 57 14
3 57 16
3 57 17
3 57 18
3 57 19
3 57 21
3 57 22
3 57 25
3 57 26
3 57 27
3 57 28
3 57 31
3 57 32
3 57 36
3 57 38
3 57 40
3 57 41
3 57 43
3 57 44
4 57 0
4 57 2
4 57 3
4 57 4
4 57 5
4 57 6
4 57 7
4 57 8
4 57 9
4 57 10
4 57 12
4 57 14
4 57 15
4 57 16
4 57 18
4 57 19
4 57 21
4 57 22
4 57 23
4 57 27
5 57 0
5 57 2
5 57 4
5 57 5
5 57 6
5 57 7
5 57 8
5 57 9
5 57 10
5 57 11
5 57 12
5 57 13
5 57 14
5 57 15
5 57 16
5 57 17
5 57 18
5 57 19
5 57 21
5 57 23
6 57 0
6 57 1
6 57 3
6 57 4
6 57 5
6 57 6
6 57 7
6 57 8
6 57 9
6 57 10
6 57 11
6 57 13
6 57 14
6 57 15
6 57 17
6 57 18
6 57 19
6 57 20
6 57 21
6 57 22
6 57 23
7 57 0
7 57 1
7 57 4
7 57 5
7 57 6
7 57 7
7 57 8
7 57 9
7 57 10
7 57 11
7 57 12
7 57 13
7 57 14
7 57 16
7 57 17
7 57 19
7 57 20
7 57 21
7 57 23
7 57 24
7 57 25
7 57 26
7 57 28
8 57 1
8 57 3
8 57 4
8 57 5
8 57 6
8 57 7
8 57 8
8 57 11
8 57 12
8 57 13
8 57 15
8 57 17
8 57 18
8 57 19
8 57 20
8 57 22
8 57 24
8 57 25
8 57 26
8 57 32
8 57 34
8 57 35
8 57 36
8 57 37
8 57 40
8 57 41
9 57 0
9 57 9
9 57 10
9 57 12
9 57 16
9 57 19
9 57 22
9 57 27
9 57 28
9 57 30
9 57 37
9 57 40
9 57 41
9 57 42
9 57 44
9 57 46
9 57 47
9 57 48
9 57 52
9 57 53
9 57 55
9 57 62
10 57 1
10 57 4
10 57 6
10 57 8
10 57 18
10 57 23
10 57 25
10 57 29
10 57 31
10 57 33
10 57 34
10 57 35
10 57 37
10 57 39
10 57 53
10 57 59
10 57 60
10 57 65
10 57 69
10 57 71
10 57 74
10 57 76
10 57 77
10 57 78
10 57 79
10 57 83
10 57 84
10 57 91
10 57 92
10 57 95
10 57 96
10 57 98
11 57 1
11 57 4
11 57 21
11 57 46
11 57 57
11 57 72
11 57 76
11 57 79
11 57 80
11 57 92
11 57 99
--- Done ---
