0 57 66
0 57 67
0 57 76
0 57 77
0 57 78
0 86 86
0 86 87
1 3 3
1 3 5
1 27 9
1 27 16
1 27 19
1 27 25
1 27 26
1 27 27
1 27 29
1 27 37
1 41 10
1 41 31
1 41 40
1 41 60
1 41 63
1 54 24
1 54 43
1 54 44
1 54 53
1 54 54
1 54 62
1 57 45
1 57 46
1 57 48
1 57 55
1 57 68
1 57 69
1 57 74
1 57 75
1 57 77
1 78 59
1 78 89
1 86 86
1 86 87
1 86 98
1 86 99
1 91 80
1 91 82
1 91 83
1 91 93
2 3 0
2 3 2
2 3 3
2 3 4
2 3 5
2 3 12
2 3 13
2 3 14
2 27 7
2 27 9
2 27 18
2 27 25
2 27 29
2 27 37
2 41 20
2 41 21
2 41 23
2 41 30
2 41 33
2 41 40
2 41 41
2 41 42
2 41 50
2 41 60
2 41 63
2 41 64
2 41 70
2 54 43
2 54 53
2 54 54
2 54 62
2 57 36
2 57 45
2 57 48
2 57 55
2 57 56
2 57 57
2 57 58
2 57 66
2 57 67
2 57 69
2 57 75
2 78 59
2 86 71
2 86 86
2 86 96
2 86 97
2 91 80
2 91 83
2 91 93
2 91 94
3 3 3
3 3 11
3 3 12
3 3 15
3 3 31
3 27 8
3 27 16
3 27 25
3 27 27
3 27 37
3 41 32
3 41 33
3 41 42
3 41 51
3 41 61
3 54 34
3 54 35
3 54 52
3 54 53
3 54 63
3 54 64
3 54 65
3 54 84
3 57 38
3 57 45
3 57 46
3 57 48
3 57 55
3 57 57
3 57 66
3 57 67
3 57 69
3 57 74
3 57 75
3 57 76
3 57 88
3 78 39
3 78 59
3 78 78
3 78 89
3 78 98
3 86 86
3 86 95
3 91 82
3 91 83
3 91 90
3 91 92
4 3 2
4 3 3
4 3 4
4 3 5
4 3 12
4 27 7
4 27 8
4 27 17
4 27 18
4 27 24
4 27 25
4 27 26
4 27 29
4 41 22
4 41 30
4 41 31
4 41 32
4 41 40
4 41 42
4 41 50
4 41 51
4 41 52
4 41 60
4 41 64
4 54 44
4 54 53
4 54 62
4 54 73
4 57 47
4 57 49
4 57 57
4 57 67
4 57 69
4 57 75
4 57 76
4 57 85
4 78 39
4 78 78
4 78 89
4 86 93
4 86 97
4 86 99
4 91 80
4 91 82
4 91 83
4 91 91
5 3 1
5 3 2
5 3 11
5 3 12
5 3 13
5 3 14
5 3 34
5 27 19
5 27 26
5 41 30
5 41 32
5 41 33
5 41 41
5 41 42
5 41 60
5 41 61
5 54 43
5 54 44
5 54 53
5 54 54
5 54 63
5 54 64
5 57 36
5 57 38
5 57 45
5 57 47
5 57 48
5 57 49
5 57 55
5 57 57
5 57 66
5 57 74
5 57 85
5 78 78
5 78 89
5 86 95
5 86 99
5 91 70
5 91 82
5 91 90
5 91 91
6 3 0
6 3 2
6 3 3
6 3 4
6 3 11
6 3 12
6 3 34
6 27 7
6 27 18
6 27 19
6 27 24
6 27 26
6 27 27
6 27 29
6 27 37
6 41 20
6 41 23
6 41 31
6 41 33
6 41 52
6 41 60
6 41 63
6 41 64
6 54 43
6 54 44
6 54 53
6 54 62
6 54 84
6 57 36
6 57 38
6 57 55
6 57 56
6 57 57
6 57 66
6 57 69
6 57 74
6 57 75
6 57 76
6 57 77
6 78 39
6 86 71
6 86 87
6 86 98
6 86 99
6 91 72
6 91 82
6 91 90
6 91 92
7 3 1
7 3 5
7 3 12
7 3 13
7 3 14
7 3 15
7 3 20
7 27 6
7 27 8
7 27 9
7 27 16
7 27 17
7 27 18
7 41 10
7 41 21
7 41 23
7 41 30
7 41 31
7 41 32
7 41 33
7 41 41
7 41 50
7 41 51
7 41 61
7 54 24
7 54 35
7 54 62
7 54 64
7 54 73
7 57 46
7 57 49
7 57 66
7 57 69
7 57 74
7 57 77
7 78 79
7 78 87
7 78 97
7 78 98
7 86 86
7 86 99
7 91 82
7 91 83
7 91 91
7 91 92
7 91 93
7 91 94
8 3 5
8 3 11
8 3 12
8 3 14
8 3 34
8 27 9
8 27 15
8 27 17
8 27 18
8 27 19
8 27 25
8 27 29
8 41 10
8 41 20
8 41 23
8 41 32
8 41 33
8 41 40
8 41 50
8 41 51
8 54 35
8 54 43
8 54 53
8 54 54
8 54 62
8 54 65
8 54 73
8 57 45
8 57 46
8 57 48
8 57 56
8 57 58
8 57 66
8 57 67
8 57 68
8 57 74
8 57 75
8 57 77
8 57 85
8 78 59
8 78 79
8 78 89
8 86 84
8 86 95
8 86 96
8 91 72
8 91 80
8 91 81
8 91 93
9 3 1
9 3 3
9 27 7
9 27 8
9 27 15
9 27 24
9 27 25
9 27 27
9 27 28
9 41 10
9 41 23
9 41 32
9 41 33
9 41 40
9 41 61
9 41 63
9 41 70
9 54 34
9 54 35
9 54 43
9 54 44
9 54 62
9 54 65
9 57 36
9 57 45
9 57 46
9 57 47
9 57 55
9 57 56
9 57 66
9 57 75
9 57 77
9 78 89
9 86 64
9 86 87
9 86 93
9 86 95
9 86 96
9 86 97
9 86 99
9 91 80
9 91 82
9 91 91
--- Done ---
