0 66 66
0 66 67
0 66 76
0 66 77
0 66 78
0 66 86
0 66 87
0 73 -1
1 8 9
1 8 28
1 8 29
1 8 27
1 11 -1
1 12 23
1 12 0
1 12 13
1 12 15
1 12 33
1 12 22
1 12 31
1 34 24
1 34 42
1 34 43
1 38 -1
1 66 55
1 66 76
1 66 86
1 66 87
1 66 88
1 66 54
1 66 56
1 66 67
1 66 77
1 66 78
1 66 84
1 69 59
1 69 89
1 69 99
1 72 60
1 72 91
1 73 -1
2 8 5
2 8 8
2 11 20
2 11 0
2 11 3
2 11 11
2 11 30
2 11 21
2 11 22
2 12 -1
2 34 -1
2 38 36
2 38 39
2 38 18
2 38 19
2 38 28
2 38 27
2 38 58
2 40 40
2 40 50
2 64 95
2 64 74
2 64 54
2 64 84
2 66 86
2 66 87
2 66 88
2 66 47
2 66 66
2 66 76
2 66 77
2 66 78
2 66 79
2 66 37
2 69 69
2 69 99
2 72 60
2 72 80
2 72 81
2 72 52
2 72 70
2 72 85
2 72 92
2 72 61
2 72 62
2 72 82
2 72 63
2 73 -1
3 8 6
3 8 17
3 8 5
3 8 16
3 11 0
3 11 1
3 11 3
3 11 10
3 11 32
3 11 2
3 11 21
3 11 22
3 11 31
3 12 -1
3 34 25
3 34 14
3 34 44
3 34 45
3 34 43
3 34 51
3 38 26
3 38 36
3 38 38
3 38 49
3 38 18
3 38 19
3 38 28
3 38 46
3 38 27
3 40 40
3 40 41
3 40 62
3 64 95
3 64 83
3 64 63
3 64 64
3 64 82
3 66 86
3 66 66
3 66 67
3 66 76
3 66 77
3 66 54
3 66 56
3 66 75
3 66 94
3 66 84
3 69 -1
3 72 72
3 73 73
3 81 90
3 81 60
3 81 80
3 81 91
3 81 70
3 81 71
3 99 97
3 99 98
3 99 87
3 99 88
3 99 78
4 8 6
4 8 7
4 8 9
4 8 5
4 8 8
4 8 16
4 8 18
4 8 19
4 8 28
4 11 -1
4 12 4
4 12 23
4 12 0
4 12 3
4 12 10
4 12 14
4 12 15
4 12 33
4 12 2
4 12 21
4 12 22
4 12 12
4 12 31
4 34 24
4 34 42
4 34 32
4 34 34
4 34 44
4 34 45
4 34 43
4 34 51
4 34 53
4 38 36
4 38 38
4 38 49
4 38 46
4 38 47
4 38 48
4 38 57
4 38 27
4 40 40
4 40 41
4 40 50
4 64 95
4 64 55
4 64 74
4 64 76
4 64 83
4 64 61
4 64 63
4 64 82
4 66 86
4 66 66
4 66 85
4 66 87
4 66 37
4 66 75
4 66 78
4 66 79
4 66 94
4 66 58
4 69 59
4 69 69
4 69 67
4 69 68
4 69 77
4 72 -1
4 73 93
4 73 52
4 73 73
4 81 90
4 81 80
4 81 91
4 81 71
4 99 99
5 8 6
5 8 7
5 8 9
5 8 17
5 8 5
5 8 8
5 8 16
5 8 18
5 8 19
5 8 28
5 8 27
5 11 11
5 12 4
5 12 23
5 12 0
5 12 10
5 12 13
5 12 14
5 12 15
5 12 33
5 12 2
5 12 21
5 12 22
5 12 12
5 12 31
5 34 25
5 34 35
5 34 42
5 34 32
5 34 34
5 34 45
5 34 56
5 34 43
5 34 58
5 34 53
5 38 26
5 38 36
5 38 39
5 38 49
5 38 46
5 38 37
5 40 41
5 40 50
5 40 30
5 40 62
5 64 94
5 64 64
5 66 86
5 66 65
5 66 66
5 66 67
5 66 68
5 66 76
5 66 77
5 66 85
5 66 88
5 69 59
5 72 -1
5 73 93
5 73 96
5 73 74
5 73 75
5 73 73
5 81 90
5 81 60
5 81 80
5 81 81
5 81 91
5 81 70
5 81 92
5 81 61
5 99 97
5 99 98
5 99 87
5 99 78
5 99 79
5 99 89
6 8 6
6 8 7
6 8 9
6 8 17
6 8 5
6 8 8
6 8 18
6 8 19
6 8 28
6 8 29
6 11 20
6 11 11
6 12 4
6 12 23
6 12 0
6 12 1
6 12 3
6 12 10
6 12 13
6 12 14
6 12 15
6 12 33
6 12 21
6 12 22
6 12 31
6 34 24
6 34 25
6 34 35
6 34 42
6 34 32
6 34 34
6 34 44
6 34 45
6 34 51
6 34 56
6 34 58
6 38 36
6 38 38
6 38 39
6 38 49
6 38 47
6 38 48
6 38 37
6 40 40
6 40 41
6 40 50
6 40 70
6 64 95
6 64 55
6 64 65
6 64 74
6 64 76
6 64 54
6 64 75
6 64 83
6 64 94
6 64 63
6 64 82
6 64 84
6 66 86
6 66 66
6 66 85
6 69 59
6 69 69
6 69 67
6 69 68
6 69 77
6 72 -1
6 73 93
6 73 96
6 73 52
6 73 73
6 81 90
6 81 80
6 81 91
6 81 71
6 81 92
6 99 97
6 99 98
6 99 87
6 99 88
6 99 89
6 99 99
6 99 79
7 8 6
7 8 7
7 8 9
7 8 17
7 8 5
7 8 8
7 8 16
7 8 19
7 8 28
7 8 29
7 8 27
7 11 20
7 11 11
7 11 30
7 12 4
7 12 23
7 12 0
7 12 1
7 12 10
7 12 13
7 12 14
7 12 21
7 12 12
7 12 31
7 34 24
7 34 25
7 34 42
7 34 32
7 34 34
7 34 45
7 34 43
7 34 51
7 34 56
7 34 53
7 34 58
7 38 26
7 38 36
7 38 38
7 38 39
7 38 46
7 38 48
7 38 57
7 38 37
7 40 50
7 64 95
7 64 55
7 64 76
7 64 54
7 64 83
7 64 61
7 64 63
7 64 84
7 66 66
7 66 77
7 66 87
7 66 88
7 66 78
7 66 79
7 69 69
7 72 -1
7 73 93
7 73 52
7 73 73
7 81 90
7 81 60
7 81 80
7 81 81
7 81 70
7 81 71
7 81 92
7 99 97
7 99 98
7 99 99
8 8 6
8 8 7
8 8 17
8 8 8
8 8 18
8 8 19
8 11 20
8 11 11
8 12 4
8 12 1
8 12 3
8 12 12
8 34 24
8 34 25
8 34 35
8 34 5
8 34 13
8 34 15
8 34 32
8 34 34
8 34 44
8 34 45
8 34 22
8 34 51
8 34 53
8 34 58
8 38 26
8 38 36
8 38 49
8 38 46
8 38 47
8 38 48
8 38 57
8 38 37
8 40 40
8 40 41
8 64 95
8 64 64
8 66 86
8 66 66
8 66 87
8 66 88
8 66 79
8 66 94
8 69 59
8 69 77
8 72 72
8 72 83
8 73 96
8 73 52
8 73 73
8 81 90
8 81 80
8 81 81
8 81 70
8 81 71
8 81 92
8 81 61
8 99 99
9 8 9
9 8 16
9 8 19
9 8 28
9 8 27
9 11 0
9 11 10
9 11 22
9 12 12
9 34 42
9 34 44
9 38 48
9 40 40
9 40 41
9 40 30
9 40 62
9 40 70
9 40 63
9 64 95
9 66 86
9 66 46
9 66 47
9 66 55
9 66 67
9 66 76
9 66 87
9 66 88
9 66 37
9 66 78
9 69 -1
9 72 91
9 72 72
9 72 83
9 72 53
9 73 93
9 73 52
9 73 74
9 73 73
9 81 -1
9 99 99
10 8 6
10 8 8
10 8 18
10 8 29
10 11 -1
10 12 4
10 12 23
10 12 1
10 12 33
10 12 31
10 34 25
10 34 35
10 34 34
10 38 39
10 40 -1
10 64 95
10 64 65
10 64 74
10 64 76
10 64 83
10 64 53
10 64 84
10 66 -1
10 69 59
10 69 69
10 69 77
10 69 37
10 69 78
10 69 79
10 72 60
10 72 91
10 72 71
10 72 92
10 73 96
10 81 -1
10 99 98
11 8 -1
11 11 -1
11 12 4
11 12 1
11 12 21
11 34 -1
11 38 46
11 38 57
11 40 -1
11 64 76
11 66 -1
11 69 -1
11 72 80
11 72 72
11 72 92
11 73 -1
11 81 -1
11 99 99
11 99 79
--- Done ---
