0 57 66
0 57 67
0 57 76
0 57 77
0 57 78
0 57 86
0 57 87
1 57 0
1 57 9
1 57 13
1 57 15
1 57 24
1 57 27
1 57 28
1 57 29
1 57 33
1 57 43
1 57 55
1 57 56
1 57 59
1 57 67
1 57 78
1 57 88
1 57 99
1 85 22
1 85 23
1 85 31
1 85 42
1 85 54
1 85 60
1 85 76
1 85 77
1 85 84
1 85 86
1 85 87
1 85 89
1 85 91
2 21 0
2 21 3
2 21 11
2 21 20
2 21 21
2 21 22
2 21 30
2 27 5
2 27 8
2 27 18
2 27 19
2 27 27
2 27 28
2 27 37
2 52 40
2 52 50
2 52 52
2 52 54
2 52 60
2 52 61
2 52 62
2 52 63
2 52 70
2 52 80
2 57 36
2 57 47
2 57 58
2 57 66
2 57 88
2 69 39
2 69 69
2 69 78
2 69 79
2 69 99
2 85 74
2 85 76
2 85 77
2 85 82
2 85 84
2 85 85
2 85 86
2 85 87
2 94 81
2 94 92
2 94 95
3 5 3
3 5 5
3 5 6
3 5 14
3 5 16
3 18 17
3 18 18
3 18 19
3 18 28
3 21 0
3 21 2
3 21 10
3 21 21
3 21 22
3 21 31
3 27 25
3 27 26
3 27 27
3 27 38
3 33 1
3 33 32
3 33 43
3 33 44
3 33 45
3 52 41
3 52 51
3 52 54
3 52 63
3 57 36
3 57 46
3 57 49
3 57 56
3 57 66
3 57 67
3 57 88
3 69 78
3 70 40
3 70 60
3 70 70
3 70 71
3 70 80
3 70 90
3 72 62
3 72 72
3 72 73
3 72 82
3 85 64
3 85 75
3 85 76
3 85 77
3 85 84
3 85 86
3 85 87
3 85 97
3 85 98
3 94 83
3 94 91
3 94 94
3 94 95
4 5 3
4 5 4
4 5 5
4 5 6
4 5 14
4 5 15
4 5 16
4 18 7
4 18 8
4 18 9
4 18 18
4 18 19
4 18 28
4 18 48
4 21 0
4 21 2
4 21 10
4 21 12
4 21 21
4 21 22
4 21 31
4 27 27
4 27 37
4 27 38
4 27 55
4 33 23
4 33 24
4 33 32
4 33 33
4 33 34
4 33 43
4 33 44
4 33 45
4 52 41
4 52 42
4 52 51
4 52 52
4 52 53
4 52 63
4 57 36
4 57 46
4 57 47
4 57 49
4 57 57
4 57 58
4 57 66
4 57 67
4 69 59
4 69 68
4 69 69
4 69 78
4 69 79
4 69 99
4 70 40
4 70 50
4 70 61
4 70 71
4 70 80
4 70 90
4 72 73
4 72 82
4 85 74
4 85 75
4 85 76
4 85 77
4 85 85
4 85 86
4 85 87
4 94 83
4 94 91
4 94 93
4 94 94
4 94 95
5 5 4
5 5 5
5 5 6
5 5 14
5 5 15
5 5 16
5 18 7
5 18 8
5 18 9
5 18 17
5 18 18
5 18 19
5 18 28
5 18 39
5 21 0
5 21 2
5 21 10
5 21 11
5 21 12
5 21 13
5 21 21
5 21 22
5 21 30
5 21 31
5 27 25
5 27 26
5 27 27
5 27 35
5 27 37
5 33 23
5 33 32
5 33 33
5 33 34
5 33 43
5 33 45
5 52 41
5 52 42
5 52 53
5 57 36
5 57 46
5 57 49
5 57 56
5 57 58
5 57 66
5 57 67
5 57 88
5 69 59
5 69 68
5 69 78
5 69 79
5 69 89
5 70 50
5 70 60
5 70 61
5 70 70
5 70 80
5 70 81
5 70 90
5 72 62
5 72 73
5 85 64
5 85 65
5 85 74
5 85 75
5 85 76
5 85 77
5 85 85
5 85 86
5 85 87
5 85 96
5 85 97
5 85 98
5 94 91
5 94 92
5 94 93
5 94 94
6 5 3
6 5 4
6 5 5
6 5 6
6 5 14
6 5 15
6 18 7
6 18 8
6 18 9
6 18 17
6 18 18
6 18 19
6 18 28
6 18 29
6 18 39
6 18 48
6 21 0
6 21 10
6 21 11
6 21 13
6 21 20
6 21 21
6 21 22
6 21 31
6 27 25
6 27 35
6 27 37
6 27 38
6 27 55
6 33 1
6 33 23
6 33 24
6 33 32
6 33 33
6 33 34
6 33 44
6 33 45
6 52 41
6 52 42
6 52 51
6 52 52
6 52 54
6 52 63
6 57 36
6 57 47
6 57 49
6 57 56
6 57 58
6 57 66
6 57 67
6 57 88
6 69 59
6 69 68
6 69 69
6 69 79
6 69 89
6 69 99
6 70 40
6 70 50
6 70 70
6 70 71
6 70 80
6 70 90
6 72 73
6 72 82
6 85 65
6 85 74
6 85 75
6 85 76
6 85 77
6 85 84
6 85 85
6 85 86
6 85 87
6 85 96
6 85 97
6 85 98
6 94 83
6 94 91
6 94 92
6 94 93
6 94 94
6 94 95
7 5 4
7 5 5
7 5 6
7 5 14
7 5 16
7 18 7
7 18 8
7 18 9
7 18 17
7 18 19
7 18 28
7 18 29
7 18 39
7 18 48
7 21 0
7 21 10
7 21 11
7 21 12
7 21 13
7 21 20
7 21 21
7 21 30
7 21 31
7 27 25
7 27 26
7 27 27
7 27 37
7 27 38
7 27 55
7 33 1
7 33 23
7 33 24
7 33 32
7 33 34
7 33 43
7 33 45
7 52 42
7 52 51
7 52 52
7 52 53
7 52 54
7 52 63
7 57 36
7 57 46
7 57 56
7 57 57
7 57 58
7 57 66
7 57 88
7 69 69
7 69 78
7 69 79
7 69 99
7 70 50
7 70 60
7 70 61
7 70 70
7 70 71
7 70 80
7 70 81
7 70 90
7 72 73
7 85 76
7 85 77
7 85 84
7 85 87
7 85 97
7 85 98
7 94 83
7 94 92
7 94 93
7 94 95
8 5 3
8 5 4
8 5 5
8 5 6
8 5 15
8 18 7
8 18 8
8 18 17
8 18 18
8 18 19
8 18 48
8 21 11
8 21 12
8 21 13
8 21 20
8 21 22
8 27 25
8 27 26
8 27 35
8 27 37
8 33 1
8 33 24
8 33 32
8 33 34
8 33 44
8 33 45
8 52 41
8 52 51
8 52 52
8 52 53
8 57 36
8 57 46
8 57 47
8 57 49
8 57 57
8 57 58
8 57 66
8 57 88
8 69 59
8 69 79
8 69 99
8 70 40
8 70 61
8 70 70
8 70 71
8 70 80
8 70 81
8 70 90
8 72 72
8 72 73
8 85 64
8 85 77
8 85 86
8 85 87
8 85 96
8 94 83
8 94 92
8 94 94
8 94 95
9 5 16
9 18 9
9 18 19
9 18 28
9 18 48
9 21 0
9 21 10
9 21 12
9 21 22
9 21 30
9 27 27
9 27 37
9 27 55
9 33 44
9 52 41
9 52 42
9 52 52
9 52 53
9 52 63
9 57 46
9 57 47
9 57 67
9 57 88
9 69 78
9 69 99
9 70 40
9 70 70
9 72 62
9 72 72
9 72 73
9 85 74
9 85 76
9 85 86
9 85 87
9 94 83
9 94 91
9 94 93
9 94 95
10 5 4
10 5 6
10 18 8
10 18 18
10 18 29
10 18 39
10 21 31
10 27 25
10 27 35
10 27 37
10 33 1
10 33 23
10 33 33
10 33 34
10 52 53
10 69 59
10 69 69
10 69 78
10 69 79
10 70 60
10 70 71
10 85 65
10 85 74
10 85 76
10 85 77
10 85 84
10 85 96
10 85 98
10 94 83
10 94 91
10 94 92
10 94 95
11 5 4
11 21 21
11 33 1
11 57 46
11 57 57
11 69 79
11 69 99
11 70 80
11 72 72
11 85 76
11 94 92
--- Done ---
