0 56 87
0 57 66
0 57 67
0 57 76
0 57 77
0 57 78
0 57 86
1 56 0
1 56 13
1 56 15
1 56 22
1 56 23
1 56 24
1 56 31
1 56 33
1 56 42
1 56 43
1 56 54
1 56 55
1 56 56
1 56 60
1 56 76
1 56 84
1 56 86
1 56 91
1 57 9
1 57 27
1 57 28
1 57 29
1 57 59
1 57 67
1 57 77
1 57 78
1 57 87
1 57 88
1 57 89
1 57 99
2 56 0
2 56 3
2 56 5
2 56 11
2 56 20
2 56 21
2 56 22
2 56 30
2 56 36
2 56 40
2 56 50
2 56 52
2 56 54
2 56 60
2 56 61
2 56 62
2 56 63
2 56 66
2 56 70
2 56 74
2 56 76
2 56 80
2 56 81
2 56 82
2 56 84
2 56 85
2 56 86
2 56 92
2 56 95
2 57 8
2 57 18
2 57 19
2 57 27
2 57 28
2 57 37
2 57 39
2 57 47
2 57 58
2 57 69
2 57 77
2 57 78
2 57 79
2 57 87
2 57 88
2 57 99
3 56 0
3 56 1
3 56 2
3 56 3
3 56 5
3 56 6
3 56 10
3 56 14
3 56 16
3 56 21
3 56 22
3 56 25
3 56 26
3 56 31
3 56 32
3 56 36
3 56 40
3 56 41
3 56 43
3 56 44
3 56 45
3 56 46
3 56 51
3 56 54
3 56 56
3 56 60
3 56 62
3 56 63
3 56 64
3 56 66
3 56 70
3 56 71
3 56 72
3 56 73
3 56 75
3 56 76
3 56 80
3 56 82
3 56 83
3 56 84
3 56 86
3 56 90
3 56 91
3 56 94
3 56 95
3 57 17
3 57 18
3 57 19
3 57 27
3 57 28
3 57 38
3 57 49
3 57 67
3 57 77
3 57 78
3 57 87
3 57 88
3 57 97
3 57 98
4 56 0
4 56 2
4 56 3
4 56 4
4 56 5
4 56 6
4 56 10
4 56 12
4 56 14
4 56 15
4 56 16
4 56 21
4 56 22
4 56 23
4 56 24
4 56 31
4 56 32
4 56 33
4 56 34
4 56 36
4 56 40
4 56 41
4 56 42
4 56 43
4 56 44
4 56 45
4 56 46
4 56 50
4 56 51
4 56 52
4 56 53
4 56 55
4 56 61
4 56 63
4 56 66
4 56 71
4 56 73
4 56 74
4 56 75
4 56 76
4 56 80
4 56 82
4 56 83
4 56 85
4 56 86
4 56 90
4 56 91
4 56 93
4 56 94
4 56 95
4 57 7
4 57 8
4 57 9
4 57 18
4 57 19
4 57 27
4 57 28
4 57 37
4 57 38
4 57 47
4 57 48
4 57 49
4 57 57
4 57 58
4 57 59
4 57 67
4 57 68
4 57 69
4 57 77
4 57 78
4 57 79
4 57 87
4 57 99
5 56 0
5 56 2
5 56 4
5 56 5
5 56 6
5 56 10
5 56 11
5 56 12
5 56 13
5 56 14
5 56 15
5 56 16
5 56 21
5 56 22
5 56 23
5 56 25
5 56 26
5 56 30
5 56 31
5 56 32
5 56 33
5 56 34
5 56 35
5 56 36
5 56 41
5 56 42
5 56 43
5 56 45
5 56 46
5 56 50
5 56 53
5 56 56
5 56 60
5 56 61
5 56 62
5 56 64
5 56 65
5 56 66
5 56 70
5 56 73
5 56 74
5 56 75
5 56 76
5 56 80
5 56 81
5 56 85
5 56 86
5 56 90
5 56 91
5 56 92
5 56 93
5 56 94
5 56 96
5 57 7
5 57 8
5 57 9
5 57 17
5 57 18
5 57 19
5 57 27
5 57 28
5 57 37
5 57 39
5 57 49
5 57 58
5 57 59
5 57 67
5 57 68
5 57 77
5 57 78
5 57 79
5 57 87
5 57 88
5 57 89
5 57 97
5 57 98
6 56 0
6 56 1
6 56 3
6 56 4
6 56 5
6 56 6
6 56 10
6 56 11
6 56 13
6 56 14
6 56 15
6 56 20
6 56 21
6 56 22
6 56 23
6 56 24
6 56 25
6 56 31
6 56 32
6 56 33
6 56 34
6 56 35
6 56 36
6 56 40
6 56 41
6 56 42
6 56 44
6 56 45
6 56 50
6 56 51
6 56 52
6 56 54
6 56 55
6 56 56
6 56 63
6 56 65
6 56 66
6 56 70
6 56 71
6 56 73
6 56 74
6 56 75
6 56 76
6 56 80
6 56 82
6 56 83
6 56 84
6 56 85
6 56 86
6 56 90
6 56 91
6 56 92
6 56 93
6 56 94
6 56 95
6 56 96
6 57 7
6 57 8
6 57 9
6 57 17
6 57 18
6 57 19
6 57 28
6 57 29
6 57 37
6 57 38
6 57 39
6 57 47
6 57 48
6 57 49
6 57 58
6 57 59
6 57 67
6 57 68
6 57 69
6 57 77
6 57 79
6 57 87
6 57 88
6 57 89
6 57 97
6 57 98
6 57 99
7 56 0
7 56 1
7 56 4
7 56 5
7 56 6
7 56 10
7 56 11
7 56 12
7 56 13
7 56 14
7 56 16
7 56 20
7 56 21
7 56 23
7 56 24
7 56 25
7 56 26
7 56 30
7 56 31
7 56 32
7 56 34
7 56 36
7 56 42
7 56 43
7 56 45
7 56 46
7 56 50
7 56 51
7 56 52
7 56 53
7 56 54
7 56 55
7 56 56
7 56 60
7 56 61
7 56 63
7 56 66
7 56 70
7 56 71
7 56 73
7 56 76
7 56 80
7 56 81
7 56 83
7 56 84
7 56 90
7 56 92
7 56 93
7 56 95
7 57 7
7 57 8
7 57 9
7 57 17
7 57 19
7 57 27
7 57 28
7 57 29
7 57 37
7 57 38
7 57 39
7 57 48
7 57 57
7 57 58
7 57 69
7 57 77
7 57 78
7 57 79
7 57 87
7 57 88
7 57 97
7 57 98
7 57 99
8 56 1
8 56 3
8 56 4
8 56 5
8 56 6
8 56 11
8 56 12
8 56 13
8 56 15
8 56 20
8 56 22
8 56 24
8 56 25
8 56 26
8 56 32
8 56 34
8 56 35
8 56 36
8 56 40
8 56 41
8 56 44
8 56 45
8 56 46
8 56 51
8 56 52
8 56 53
8 56 61
8 56 64
8 56 66
8 56 70
8 56 71
8 56 72
8 56 73
8 56 80
8 56 81
8 56 83
8 56 86
8 56 90
8 56 92
8 56 94
8 56 95
8 56 96
8 57 7
8 57 8
8 57 17
8 57 18
8 57 19
8 57 37
8 57 47
8 57 48
8 57 49
8 57 57
8 57 58
8 57 59
8 57 77
8 57 79
8 57 87
8 57 88
8 57 99
9 56 0
9 56 10
9 56 12
9 56 16
9 56 22
9 56 30
9 56 40
9 56 41
9 56 42
9 56 44
9 56 46
9 56 52
9 56 53
9 56 55
9 56 62
9 56 63
9 56 70
9 56 72
9 56 73
9 56 74
9 56 76
9 56 83
9 56 86
9 56 91
9 56 93
9 56 95
9 57 9
9 57 19
9 57 27
9 57 28
9 57 37
9 57 47
9 57 48
9 57 67
9 57 78
9 57 87
9 57 88
9 57 99
10 56 1
10 56 4
10 56 6
10 56 23
10 56 25
10 56 31
10 56 33
10 56 34
10 56 35
10 56 53
10 56 60
10 56 65
10 56 71
10 56 74
10 56 76
10 56 83
10 56 84
10 56 91
10 56 92
10 56 95
10 56 96
10 57 8
10 57 18
10 57 29
10 57 37
10 57 39
10 57 59
10 57 69
10 57 77
10 57 78
10 57 79
10 57 98
11 56 1
11 56 4
11 56 21
11 56 46
11 56 72
11 56 76
11 56 80
11 56 92
11 57 57
11 57 79
11 57 99
--- Done ---
