0 57 66
0 57 67
0 57 76
0 57 77
0 57 78
0 57 86
0 57 87
1 16 -1
1 57 0
1 57 9
1 57 13
1 57 15
1 57 22
1 57 23
1 57 24
1 57 27
1 57 28
1 57 29
1 57 31
1 57 33
1 57 42
1 57 43
1 57 54
1 57 55
1 57 56
1 57 59
1 57 60
1 57 67
1 57 76
1 57 77
1 57 78
1 57 84
1 57 86
1 57 87
1 57 88
1 57 89
1 57 91
1 57 99
1 64 -1
2 16 0
2 16 3
2 16 5
2 16 8
2 16 18
2 16 19
2 16 27
2 16 28
2 16 37
2 33 -1
2 57 30
2 57 36
2 57 39
2 57 47
2 57 58
2 57 69
2 57 77
2 57 78
2 57 79
2 57 85
2 57 86
2 57 87
2 57 88
2 57 99
2 64 11
2 64 20
2 64 21
2 64 22
2 64 40
2 64 50
2 64 52
2 64 54
2 64 60
2 64 61
2 64 62
2 64 63
2 64 66
2 64 70
2 64 74
2 64 76
2 64 80
2 64 81
2 64 82
2 64 84
2 64 92
2 64 95
3 16 0
3 16 3
3 16 5
3 16 6
3 16 16
3 16 17
3 16 18
3 16 19
3 16 25
3 16 26
3 16 27
3 16 28
3 33 1
3 33 2
3 33 10
3 33 14
3 33 21
3 33 22
3 33 31
3 33 32
3 33 40
3 33 41
3 33 43
3 33 44
3 33 45
3 33 51
3 33 60
3 47 -1
3 57 36
3 57 38
3 57 46
3 57 49
3 57 56
3 57 67
3 57 77
3 57 78
3 57 86
3 57 87
3 57 88
3 64 54
3 64 62
3 64 63
3 64 64
3 64 66
3 64 70
3 64 71
3 64 72
3 64 73
3 64 75
3 64 76
3 64 80
3 64 82
3 64 83
3 64 84
3 64 90
3 64 91
3 64 94
3 64 95
3 64 97
3 64 98
4 16 0
4 16 3
4 16 4
4 16 5
4 16 6
4 16 7
4 16 8
4 16 9
4 16 15
4 16 16
4 16 18
4 16 24
4 16 27
4 33 2
4 33 10
4 33 12
4 33 14
4 33 21
4 33 22
4 33 23
4 33 31
4 33 32
4 33 33
4 33 34
4 33 40
4 33 41
4 33 42
4 33 43
4 33 44
4 33 51
4 33 52
4 33 93
4 47 19
4 47 28
4 47 36
4 47 37
4 47 38
4 47 45
4 47 47
4 47 48
4 47 58
4 47 59
4 47 85
4 47 87
4 57 46
4 57 49
4 57 57
4 57 67
4 57 68
4 57 69
4 57 77
4 57 78
4 57 79
4 57 86
4 57 99
4 64 50
4 64 53
4 64 55
4 64 61
4 64 63
4 64 66
4 64 71
4 64 73
4 64 74
4 64 75
4 64 76
4 64 80
4 64 82
4 64 83
4 64 90
4 64 91
4 64 94
4 64 95
4 65 -1
5 16 0
5 16 4
5 16 5
5 16 6
5 16 7
5 16 8
5 16 9
5 16 15
5 16 16
5 16 17
5 16 18
5 16 25
5 16 26
5 16 27
5 16 35
5 33 2
5 33 10
5 33 12
5 33 13
5 33 14
5 33 21
5 33 22
5 33 23
5 33 30
5 33 31
5 33 32
5 33 33
5 33 34
5 33 41
5 33 42
5 33 43
5 33 60
5 33 93
5 47 19
5 47 28
5 47 36
5 47 37
5 47 39
5 47 45
5 47 58
5 47 59
5 57 46
5 57 49
5 57 67
5 57 68
5 57 77
5 57 78
5 57 79
5 57 88
5 64 50
5 64 53
5 64 61
5 64 62
5 64 64
5 64 73
5 64 74
5 64 76
5 64 80
5 64 81
5 64 90
5 64 91
5 64 92
5 64 94
5 64 96
5 64 98
5 65 11
5 65 56
5 65 65
5 65 66
5 65 70
5 65 75
5 65 85
5 65 86
5 65 87
5 65 89
5 65 97
6 16 0
6 16 3
6 16 4
6 16 5
6 16 6
6 16 7
6 16 8
6 16 9
6 16 15
6 16 17
6 16 18
6 16 24
6 16 25
6 16 29
6 16 35
6 33 1
6 33 10
6 33 13
6 33 14
6 33 21
6 33 22
6 33 23
6 33 31
6 33 32
6 33 33
6 33 34
6 33 40
6 33 41
6 33 42
6 33 44
6 33 51
6 33 52
6 33 93
6 47 19
6 47 28
6 47 36
6 47 37
6 47 38
6 47 39
6 47 45
6 47 47
6 47 48
6 47 58
6 47 59
6 54 -1
6 57 49
6 57 67
6 57 68
6 57 69
6 57 77
6 57 79
6 57 88
6 57 99
6 64 20
6 64 50
6 64 54
6 64 63
6 64 71
6 64 73
6 64 74
6 64 76
6 64 80
6 64 82
6 64 83
6 64 90
6 64 91
6 64 92
6 64 94
6 64 95
6 64 96
6 64 98
6 65 11
6 65 55
6 65 56
6 65 65
6 65 66
6 65 70
6 65 75
6 65 84
6 65 85
6 65 86
6 65 87
6 65 89
6 65 97
7 16 0
7 16 4
7 16 5
7 16 6
7 16 7
7 16 8
7 16 9
7 16 16
7 16 17
7 16 24
7 16 25
7 16 26
7 16 27
7 16 29
7 33 1
7 33 10
7 33 12
7 33 13
7 33 14
7 33 21
7 33 23
7 33 30
7 33 31
7 33 32
7 33 34
7 33 42
7 33 43
7 33 60
7 33 93
7 47 19
7 47 28
7 47 36
7 47 37
7 47 38
7 47 39
7 47 48
7 47 58
7 54 45
7 54 50
7 54 51
7 54 52
7 54 53
7 54 54
7 57 46
7 57 57
7 57 69
7 57 77
7 57 78
7 57 79
7 57 88
7 57 99
7 64 20
7 64 61
7 64 63
7 64 71
7 64 73
7 64 76
7 64 80
7 64 81
7 64 83
7 64 90
7 64 92
7 64 95
7 64 98
7 65 11
7 65 55
7 65 56
7 65 66
7 65 70
7 65 84
7 65 87
7 65 97
8 16 3
8 16 4
8 16 5
8 16 6
8 16 7
8 16 8
8 16 15
8 16 17
8 16 18
8 16 24
8 16 25
8 16 26
8 16 35
8 33 1
8 33 12
8 33 13
8 33 22
8 33 32
8 33 34
8 33 40
8 33 41
8 47 19
8 47 36
8 47 37
8 47 47
8 47 48
8 47 58
8 47 59
8 54 44
8 54 45
8 54 51
8 54 52
8 54 53
8 57 46
8 57 49
8 57 57
8 57 77
8 57 79
8 57 88
8 57 99
8 64 20
8 64 61
8 64 64
8 64 71
8 64 72
8 64 73
8 64 80
8 64 81
8 64 83
8 64 90
8 64 92
8 64 94
8 64 95
8 64 96
8 65 11
8 65 66
8 65 70
8 65 86
8 65 87
9 16 0
9 16 9
9 16 16
9 16 27
9 33 10
9 33 12
9 33 22
9 33 30
9 33 40
9 33 41
9 33 42
9 33 93
9 47 19
9 47 28
9 47 37
9 47 47
9 47 48
9 54 44
9 54 52
9 54 53
9 54 62
9 54 91
9 57 46
9 57 67
9 57 78
9 57 88
9 57 99
9 64 63
9 64 72
9 64 73
9 64 74
9 64 76
9 64 83
9 64 95
9 65 55
9 65 70
9 65 86
9 65 87
10 16 4
10 16 6
10 16 8
10 16 18
10 16 25
10 16 29
10 16 35
10 33 1
10 33 23
10 33 31
10 33 33
10 33 34
10 33 60
10 47 37
10 47 39
10 47 59
10 54 53
10 54 91
10 57 69
10 57 77
10 57 78
10 57 79
10 64 71
10 64 74
10 64 76
10 64 83
10 64 92
10 64 95
10 64 96
10 64 98
10 65 65
10 65 84
11 16 4
11 33 1
11 33 21
11 47 -1
11 54 -1
11 57 46
11 57 57
11 57 79
11 57 99
11 64 72
11 64 76
11 64 80
11 64 92
11 65 -1
--- Done ---
