0 57 76
0 57 78
0 84 87
0 84 66
0 84 67
0 84 77
0 84 86
1 11 0
1 11 13
1 11 22
1 11 23
1 11 31
1 11 42
1 17 9
1 17 15
1 17 29
1 17 24
1 17 28
1 52 33
1 52 60
1 52 43
1 52 91
1 57 56
1 57 59
1 57 78
1 57 88
1 57 67
1 57 77
1 57 27
1 57 55
1 84 84
1 95 89
1 95 99
1 95 87
1 95 54
1 95 76
1 95 86
2 11 0
2 11 3
2 11 11
2 11 21
2 11 22
2 17 5
2 17 8
2 17 18
2 17 19
2 17 28
2 17 37
2 17 39
2 17 58
2 17 27
2 52 40
2 52 60
2 52 61
2 52 70
2 52 80
2 52 20
2 52 30
2 52 47
2 52 50
2 52 52
2 52 36
2 52 76
2 57 78
2 57 79
2 57 88
2 57 69
2 57 77
2 84 81
2 84 92
2 84 84
2 84 87
2 84 54
2 84 63
2 84 74
2 84 82
2 84 85
2 84 86
2 84 62
2 84 66
2 95 99
2 95 95
3 11 0
3 11 1
3 11 2
3 11 3
3 11 10
3 11 21
3 11 22
3 11 31
3 11 32
3 11 41
3 17 5
3 17 6
3 17 14
3 17 16
3 17 17
3 17 18
3 17 19
3 17 26
3 17 25
3 17 28
3 17 38
3 17 46
3 52 40
3 52 51
3 52 60
3 52 70
3 52 80
3 52 43
3 52 44
3 52 45
3 52 71
3 52 72
3 52 91
3 52 82
3 52 83
3 52 62
3 57 49
3 57 56
3 57 78
3 57 88
3 57 67
3 57 77
3 57 27
3 57 36
3 57 75
3 57 76
3 57 86
3 57 66
3 84 84
3 95 90
3 95 97
3 95 98
3 95 87
3 95 94
3 95 95
3 95 54
3 95 63
3 95 64
3 95 73
4 11 0
4 11 2
4 11 3
4 11 10
4 11 12
4 11 21
4 11 22
4 11 23
4 11 31
4 11 32
4 11 42
4 11 50
4 11 41
4 17 5
4 17 6
4 17 7
4 17 8
4 17 9
4 17 14
4 17 15
4 17 16
4 17 18
4 17 19
4 17 4
4 17 24
4 17 28
4 17 34
4 17 37
4 17 38
4 17 46
4 17 58
4 52 33
4 52 40
4 52 51
4 52 61
4 52 80
4 52 43
4 52 44
4 52 52
4 52 53
4 52 71
4 52 91
4 52 82
4 52 93
4 57 48
4 57 49
4 57 59
4 57 78
4 57 79
4 57 45
4 57 47
4 57 57
4 57 67
4 57 69
4 57 77
4 57 27
4 57 36
4 57 55
4 57 68
4 57 75
4 84 -1
4 95 90
4 95 99
4 95 87
4 95 94
4 95 95
4 95 63
4 95 73
4 95 74
4 95 76
4 95 85
4 95 86
4 95 66
4 95 83
5 11 0
5 11 2
5 11 10
5 11 11
5 11 12
5 11 13
5 11 21
5 11 22
5 11 23
5 11 30
5 11 31
5 11 32
5 11 42
5 11 50
5 11 41
5 11 62
5 17 5
5 17 6
5 17 7
5 17 8
5 17 9
5 17 14
5 17 15
5 17 16
5 17 17
5 17 18
5 17 19
5 17 26
5 17 4
5 17 25
5 17 28
5 17 34
5 17 37
5 17 39
5 17 58
5 17 36
5 52 33
5 52 60
5 52 61
5 52 70
5 52 80
5 52 43
5 52 53
5 52 91
5 52 64
5 52 65
5 52 66
5 52 93
5 57 49
5 57 56
5 57 59
5 57 78
5 57 79
5 57 88
5 57 45
5 57 46
5 57 67
5 57 77
5 57 27
5 57 35
5 84 81
5 84 92
5 84 85
5 95 89
5 95 90
5 95 97
5 95 98
5 95 87
5 95 94
5 95 96
5 95 68
5 95 74
5 95 75
5 95 76
5 95 86
5 95 73
6 11 0
6 11 1
6 11 3
6 11 10
6 11 11
6 11 13
6 11 21
6 11 22
6 11 20
6 11 23
6 11 31
6 11 32
6 11 42
6 11 50
6 11 41
6 17 5
6 17 6
6 17 7
6 17 8
6 17 9
6 17 14
6 17 15
6 17 17
6 17 18
6 17 19
6 17 29
6 17 4
6 17 24
6 17 25
6 17 28
6 17 34
6 17 37
6 17 38
6 17 39
6 17 58
6 17 35
6 52 33
6 52 40
6 52 51
6 52 70
6 52 80
6 52 44
6 52 52
6 52 71
6 52 91
6 52 83
6 52 93
6 57 48
6 57 49
6 57 56
6 57 59
6 57 79
6 57 88
6 57 45
6 57 47
6 57 67
6 57 69
6 57 77
6 57 36
6 57 55
6 57 76
6 57 85
6 57 86
6 57 65
6 57 66
6 84 92
6 84 84
6 95 89
6 95 90
6 95 97
6 95 98
6 95 99
6 95 87
6 95 94
6 95 95
6 95 96
6 95 54
6 95 63
6 95 68
6 95 73
6 95 74
6 95 75
6 95 82
7 11 0
7 11 1
7 11 10
7 11 11
7 11 12
7 11 13
7 11 21
7 11 20
7 11 23
7 11 30
7 11 31
7 11 32
7 11 42
7 11 50
7 17 5
7 17 6
7 17 7
7 17 8
7 17 9
7 17 14
7 17 16
7 17 17
7 17 19
7 17 26
7 17 29
7 17 4
7 17 24
7 17 25
7 17 28
7 17 34
7 17 37
7 17 38
7 17 39
7 17 46
7 17 58
7 17 27
7 52 51
7 52 60
7 52 61
7 52 70
7 52 80
7 52 43
7 52 45
7 52 52
7 52 53
7 52 71
7 52 36
7 52 54
7 52 55
7 52 63
7 52 73
7 52 76
7 52 83
7 52 93
7 52 66
7 57 48
7 57 56
7 57 78
7 57 79
7 57 88
7 57 57
7 57 69
7 57 77
7 84 81
7 84 92
7 84 84
7 95 90
7 95 97
7 95 98
7 95 99
7 95 87
7 95 95
8 11 1
8 11 3
8 11 11
8 11 12
8 11 13
8 11 22
8 11 20
8 11 32
8 17 5
8 17 6
8 17 7
8 17 8
8 17 15
8 17 17
8 17 18
8 17 19
8 17 26
8 17 4
8 17 24
8 17 25
8 17 34
8 17 37
8 17 46
8 17 58
8 17 35
8 17 36
8 52 40
8 52 51
8 52 61
8 52 70
8 52 80
8 52 44
8 52 52
8 52 53
8 52 71
8 52 72
8 52 41
8 52 64
8 52 73
8 52 83
8 52 66
8 57 48
8 57 49
8 57 59
8 57 79
8 57 88
8 57 45
8 57 47
8 57 57
8 57 77
8 57 86
8 84 81
8 84 92
8 84 87
8 84 94
8 84 96
8 95 90
8 95 99
8 95 95
9 11 0
9 11 10
9 11 12
9 11 22
9 11 30
9 11 42
9 17 9
9 17 16
9 17 19
9 52 40
9 52 70
9 52 44
9 52 52
9 52 53
9 52 72
9 52 91
9 52 41
9 52 55
9 52 63
9 52 73
9 52 76
9 52 83
9 52 93
9 52 62
9 57 48
9 57 78
9 57 88
9 57 28
9 57 37
9 57 46
9 57 47
9 57 67
9 57 27
9 57 74
9 57 86
9 84 -1
9 95 99
9 95 87
9 95 95
10 11 1
10 17 6
10 17 8
10 17 18
10 17 29
10 17 4
10 17 25
10 17 34
10 17 37
10 17 39
10 17 35
10 52 33
10 52 60
10 52 23
10 52 31
10 52 53
10 52 71
10 52 91
10 52 76
10 52 83
10 52 65
10 57 59
10 57 78
10 57 79
10 57 69
10 57 77
10 57 74
10 84 92
10 84 84
10 95 98
10 95 95
10 95 96
11 11 1
11 11 21
11 11 4
11 17 -1
11 52 80
11 52 72
11 57 79
11 57 46
11 57 57
11 57 76
11 84 92
11 95 99
--- Done ---
