0 57 66
0 57 67
0 57 76
0 57 77
0 57 78
0 57 86
0 57 87
1 54 0
1 54 15
1 54 22
1 54 23
1 54 24
1 54 31
1 54 33
1 54 42
1 54 43
1 54 54
1 54 55
1 54 60
1 54 76
1 54 84
1 54 86
1 54 87
1 54 89
1 54 91
1 57 9
1 57 13
1 57 27
1 57 28
1 57 29
1 57 56
1 57 59
1 57 67
1 57 77
1 57 78
1 57 88
1 57 99
2 3 0
2 3 3
2 3 5
2 3 11
2 3 20
2 3 30
2 29 8
2 29 18
2 29 19
2 29 27
2 29 28
2 29 39
2 34 21
2 34 22
2 34 37
2 34 50
2 34 80
2 54 52
2 54 54
2 54 60
2 54 61
2 54 62
2 54 66
2 57 36
2 57 47
2 57 58
2 57 69
2 57 78
2 57 79
2 57 88
2 84 40
2 84 63
2 84 70
2 84 74
2 84 81
2 84 82
2 84 84
2 84 85
2 84 92
2 86 76
2 86 77
2 86 86
2 86 87
2 86 95
2 86 99
3 3 0
3 3 2
3 3 3
3 13 1
3 13 5
3 13 6
3 13 10
3 13 14
3 13 21
3 13 22
3 29 17
3 29 18
3 29 19
3 29 26
3 29 27
3 29 28
3 29 38
3 29 49
3 34 16
3 34 25
3 34 31
3 34 32
3 34 43
3 54 44
3 54 45
3 54 54
3 54 62
3 54 64
3 54 66
3 57 36
3 57 46
3 57 56
3 57 67
3 71 40
3 71 41
3 71 51
3 71 60
3 71 70
3 71 71
3 71 72
3 71 73
3 71 80
3 71 82
3 71 90
3 71 91
3 84 63
3 84 83
3 84 84
3 84 94
3 86 75
3 86 76
3 86 77
3 86 86
3 86 95
3 97 78
3 97 87
3 97 88
3 97 97
3 97 98
4 3 0
4 3 2
4 3 3
4 13 4
4 13 5
4 13 6
4 13 10
4 13 12
4 13 14
4 13 21
4 13 22
4 13 23
4 13 24
4 29 7
4 29 8
4 29 9
4 29 18
4 29 19
4 29 27
4 29 28
4 29 38
4 29 48
4 29 49
4 34 15
4 34 16
4 34 31
4 34 32
4 34 33
4 34 34
4 34 37
4 34 42
4 34 43
4 54 44
4 54 45
4 54 52
4 54 53
4 54 55
4 54 66
4 57 36
4 57 46
4 57 47
4 57 57
4 57 58
4 57 59
4 57 67
4 57 68
4 57 69
4 57 79
4 71 40
4 71 41
4 71 50
4 71 51
4 71 61
4 71 71
4 71 73
4 71 80
4 71 82
4 71 90
4 71 91
4 84 63
4 84 74
4 84 83
4 84 85
4 84 93
4 84 94
4 86 75
4 86 76
4 86 77
4 86 86
4 86 95
4 97 78
4 97 87
4 97 99
5 3 0
5 3 2
5 3 11
5 13 4
5 13 5
5 13 6
5 13 10
5 13 12
5 13 13
5 13 14
5 13 21
5 13 22
5 13 23
5 13 30
5 29 7
5 29 8
5 29 9
5 29 17
5 29 18
5 29 19
5 29 26
5 29 27
5 29 28
5 29 39
5 29 49
5 34 15
5 34 16
5 34 25
5 34 31
5 34 32
5 34 33
5 34 34
5 34 35
5 34 37
5 34 42
5 34 43
5 54 45
5 54 53
5 54 62
5 54 64
5 54 65
5 54 66
5 57 36
5 57 46
5 57 56
5 57 58
5 57 59
5 57 67
5 57 68
5 57 79
5 71 41
5 71 50
5 71 60
5 71 61
5 71 70
5 71 73
5 71 80
5 71 81
5 71 90
5 71 91
5 71 92
5 84 74
5 84 85
5 84 93
5 84 94
5 86 75
5 86 76
5 86 77
5 86 86
5 97 78
5 97 87
5 97 88
5 97 89
5 97 96
5 97 97
5 97 98
6 3 0
6 3 3
6 3 11
6 3 20
6 13 1
6 13 4
6 13 5
6 13 6
6 13 10
6 13 13
6 13 14
6 13 21
6 13 22
6 13 23
6 13 24
6 29 7
6 29 8
6 29 9
6 29 17
6 29 18
6 29 19
6 29 28
6 29 29
6 29 38
6 29 39
6 29 48
6 29 49
6 34 15
6 34 25
6 34 31
6 34 32
6 34 33
6 34 34
6 34 35
6 34 37
6 34 42
6 54 44
6 54 45
6 54 52
6 54 54
6 54 55
6 54 65
6 54 66
6 57 36
6 57 47
6 57 56
6 57 58
6 57 59
6 57 67
6 57 68
6 57 69
6 57 79
6 71 40
6 71 41
6 71 50
6 71 51
6 71 70
6 71 71
6 71 73
6 71 80
6 71 82
6 71 90
6 71 91
6 71 92
6 84 63
6 84 74
6 84 83
6 84 84
6 84 85
6 84 93
6 84 94
6 86 75
6 86 76
6 86 77
6 86 86
6 86 95
6 97 87
6 97 88
6 97 89
6 97 96
6 97 97
6 97 98
6 97 99
7 3 0
7 3 11
7 3 20
7 13 1
7 13 4
7 13 5
7 13 6
7 13 10
7 13 12
7 13 13
7 13 14
7 13 21
7 13 23
7 13 24
7 13 30
7 29 7
7 29 8
7 29 9
7 29 17
7 29 19
7 29 26
7 29 27
7 29 28
7 29 29
7 29 38
7 29 39
7 29 48
7 34 16
7 34 25
7 34 31
7 34 32
7 34 34
7 34 37
7 34 42
7 34 43
7 54 45
7 54 52
7 54 53
7 54 54
7 54 55
7 54 66
7 57 36
7 57 46
7 57 56
7 57 57
7 57 58
7 57 69
7 57 79
7 71 50
7 71 51
7 71 60
7 71 61
7 71 70
7 71 71
7 71 73
7 71 80
7 71 81
7 71 90
7 71 92
7 84 63
7 84 83
7 84 84
7 84 93
7 86 76
7 86 77
7 86 95
7 97 78
7 97 87
7 97 88
7 97 97
7 97 98
7 97 99
8 3 3
8 3 11
8 3 20
8 13 1
8 13 4
8 13 5
8 13 6
8 13 12
8 13 13
8 13 22
8 13 24
8 29 7
8 29 8
8 29 17
8 29 18
8 29 19
8 29 26
8 29 48
8 29 49
8 34 15
8 34 25
8 34 32
8 34 34
8 34 35
8 34 37
8 54 44
8 54 45
8 54 52
8 54 53
8 54 64
8 54 66
8 57 36
8 57 46
8 57 47
8 57 57
8 57 58
8 57 59
8 57 79
8 71 40
8 71 41
8 71 51
8 71 61
8 71 70
8 71 71
8 71 72
8 71 73
8 71 80
8 71 81
8 71 90
8 71 92
8 84 83
8 84 94
8 86 77
8 86 86
8 86 95
8 97 87
8 97 88
8 97 96
8 97 99
9 3 0
9 13 10
9 13 12
9 13 22
9 13 30
9 29 9
9 29 19
9 29 27
9 29 28
9 29 48
9 34 16
9 34 37
9 34 42
9 54 44
9 54 52
9 54 53
9 54 55
9 54 62
9 57 46
9 57 47
9 57 67
9 71 40
9 71 41
9 71 70
9 71 72
9 71 73
9 71 91
9 84 63
9 84 74
9 84 83
9 84 93
9 86 76
9 86 86
9 86 95
9 97 78
9 97 87
9 97 88
9 97 99
10 13 1
10 13 4
10 13 6
10 13 23
10 29 8
10 29 18
10 29 29
10 29 39
10 34 25
10 34 31
10 34 33
10 34 34
10 34 35
10 34 37
10 54 53
10 54 65
10 57 59
10 57 69
10 57 79
10 71 60
10 71 71
10 71 91
10 71 92
10 84 74
10 84 83
10 84 84
10 86 76
10 86 77
10 86 95
10 97 78
10 97 96
10 97 98
11 13 1
11 13 4
11 13 21
11 57 46
11 57 57
11 57 79
11 71 72
11 71 80
11 71 92
11 86 76
11 97 99
--- Done ---
