0 57 67
0 57 78
0 85 86
0 85 87
0 85 66
0 85 76
0 85 77
1 10 0
1 14 15
1 14 23
1 14 13
1 14 22
1 14 33
1 18 9
1 18 28
1 18 29
1 24 24
1 43 42
1 43 54
1 43 31
1 43 43
1 57 55
1 57 56
1 57 88
1 57 27
1 57 67
1 57 78
1 69 59
1 69 89
1 69 99
1 70 60
1 70 91
1 85 86
1 85 87
1 85 84
1 85 76
1 85 77
2 10 0
2 10 20
2 10 30
2 10 11
2 10 21
2 10 22
2 14 3
2 14 5
2 18 8
2 18 18
2 18 19
2 18 28
2 18 39
2 18 27
2 18 36
2 18 58
2 18 37
2 24 -1
2 43 52
2 43 54
2 43 63
2 57 47
2 57 88
2 69 79
2 69 99
2 69 69
2 69 78
2 69 77
2 70 50
2 70 60
2 70 61
2 70 70
2 70 80
2 70 81
2 70 92
2 70 40
2 70 62
2 85 86
2 85 87
2 85 95
2 85 66
2 85 74
2 85 82
2 85 84
2 85 85
2 85 76
3 10 0
3 10 1
3 10 10
3 10 2
3 10 21
3 14 3
3 14 5
3 14 14
3 14 25
3 14 26
3 14 16
3 14 22
3 18 6
3 18 17
3 18 18
3 18 19
3 18 28
3 24 -1
3 43 32
3 43 51
3 43 54
3 43 63
3 43 31
3 43 40
3 43 41
3 43 43
3 43 44
3 43 62
3 43 82
3 43 84
3 43 72
3 57 38
3 57 46
3 57 49
3 57 56
3 57 88
3 57 27
3 57 36
3 57 66
3 57 75
3 57 67
3 57 76
3 57 77
3 57 78
3 57 45
3 69 -1
3 70 60
3 70 70
3 70 71
3 70 80
3 70 90
3 70 91
3 85 73
3 85 83
3 85 86
3 85 87
3 85 94
3 85 95
3 85 97
3 85 98
3 85 64
4 10 0
4 10 10
4 10 2
4 14 4
4 14 3
4 14 5
4 14 12
4 14 14
4 14 15
4 14 21
4 14 23
4 14 22
4 14 33
4 14 34
4 14 37
4 18 6
4 18 7
4 18 8
4 18 9
4 18 18
4 18 19
4 18 28
4 18 27
4 18 36
4 18 16
4 24 24
4 43 32
4 43 42
4 43 51
4 43 52
4 43 53
4 43 63
4 43 31
4 43 40
4 43 41
4 43 43
4 43 44
4 57 38
4 57 46
4 57 47
4 57 49
4 57 55
4 57 57
4 57 67
4 57 68
4 57 78
4 57 45
4 57 48
4 57 58
4 57 76
4 57 77
4 69 59
4 69 79
4 69 99
4 69 69
4 70 50
4 70 61
4 70 71
4 70 80
4 70 90
4 70 91
4 85 73
4 85 83
4 85 86
4 85 87
4 85 93
4 85 94
4 85 95
4 85 66
4 85 74
4 85 75
4 85 82
4 85 85
5 10 0
5 10 10
5 10 30
5 10 2
5 10 11
5 10 12
5 10 21
5 10 31
5 10 41
5 14 4
5 14 5
5 14 14
5 14 15
5 14 23
5 14 25
5 14 26
5 14 13
5 14 22
5 14 33
5 14 34
5 14 37
5 18 6
5 18 7
5 18 8
5 18 9
5 18 17
5 18 18
5 18 19
5 18 28
5 18 39
5 18 27
5 18 36
5 18 58
5 18 16
5 24 -1
5 43 32
5 43 42
5 43 53
5 43 35
5 43 43
5 43 45
5 57 46
5 57 49
5 57 56
5 57 88
5 57 67
5 57 68
5 57 85
5 57 76
5 57 77
5 57 78
5 69 59
5 69 79
5 69 89
5 70 50
5 70 60
5 70 61
5 70 70
5 70 80
5 70 81
5 70 90
5 70 91
5 70 92
5 70 62
5 85 73
5 85 86
5 85 87
5 85 93
5 85 94
5 85 96
5 85 97
5 85 98
5 85 64
5 85 65
5 85 66
5 85 74
5 85 75
6 10 0
6 10 1
6 10 10
6 10 20
6 10 11
6 14 4
6 14 3
6 14 5
6 14 14
6 14 15
6 14 21
6 14 23
6 14 25
6 14 13
6 14 22
6 18 6
6 18 7
6 18 8
6 18 9
6 18 17
6 18 18
6 18 19
6 18 28
6 18 29
6 18 39
6 18 36
6 18 48
6 18 58
6 24 24
6 43 32
6 43 42
6 43 51
6 43 52
6 43 54
6 43 63
6 43 31
6 43 35
6 43 40
6 43 41
6 43 44
6 43 33
6 43 34
6 43 45
6 43 37
6 57 38
6 57 47
6 57 49
6 57 55
6 57 56
6 57 88
6 57 67
6 57 68
6 69 59
6 69 79
6 69 89
6 69 99
6 69 69
6 70 50
6 70 70
6 70 71
6 70 80
6 70 90
6 70 91
6 70 92
6 85 73
6 85 83
6 85 86
6 85 87
6 85 93
6 85 94
6 85 95
6 85 96
6 85 97
6 85 98
6 85 65
6 85 66
6 85 74
6 85 75
6 85 82
6 85 84
6 85 85
6 85 76
6 85 77
7 10 0
7 10 1
7 10 10
7 10 20
7 10 30
7 10 11
7 10 12
7 10 21
7 10 31
7 10 13
7 14 4
7 14 5
7 14 14
7 14 23
7 14 25
7 14 26
7 18 6
7 18 7
7 18 8
7 18 9
7 18 17
7 18 19
7 18 28
7 18 29
7 18 39
7 18 27
7 18 36
7 18 16
7 18 48
7 18 58
7 18 37
7 24 24
7 43 32
7 43 42
7 43 51
7 43 52
7 43 53
7 43 54
7 43 63
7 43 43
7 43 34
7 43 45
7 57 38
7 57 46
7 57 55
7 57 56
7 57 57
7 57 88
7 57 78
7 69 79
7 69 99
7 69 69
7 70 50
7 70 60
7 70 61
7 70 70
7 70 71
7 70 80
7 70 81
7 70 90
7 70 92
7 85 73
7 85 83
7 85 87
7 85 93
7 85 95
7 85 97
7 85 98
7 85 66
7 85 84
7 85 76
7 85 77
8 10 1
8 10 20
8 14 4
8 14 3
8 14 5
8 14 11
8 14 12
8 14 15
8 14 25
8 14 26
8 14 13
8 14 22
8 14 34
8 14 37
8 18 6
8 18 7
8 18 8
8 18 17
8 18 18
8 18 19
8 18 36
8 18 48
8 18 58
8 24 24
8 43 32
8 43 51
8 43 52
8 43 53
8 43 35
8 43 41
8 43 44
8 43 45
8 57 46
8 57 47
8 57 49
8 57 57
8 57 88
8 69 59
8 69 79
8 69 99
8 70 61
8 70 70
8 70 71
8 70 80
8 70 81
8 70 90
8 70 92
8 70 40
8 70 72
8 85 73
8 85 83
8 85 86
8 85 87
8 85 94
8 85 95
8 85 96
8 85 64
8 85 66
8 85 77
9 10 0
9 10 10
9 10 30
9 10 12
9 10 22
9 14 -1
9 18 9
9 18 19
9 18 28
9 18 27
9 18 16
9 18 48
9 24 -1
9 43 42
9 43 52
9 43 53
9 43 63
9 43 40
9 43 41
9 43 44
9 43 62
9 43 72
9 43 37
9 57 46
9 57 47
9 57 55
9 57 88
9 57 67
9 57 78
9 69 99
9 70 70
9 70 91
9 85 73
9 85 83
9 85 86
9 85 87
9 85 93
9 85 95
9 85 74
9 85 76
10 10 1
10 10 31
10 14 4
10 14 23
10 14 25
10 14 33
10 14 34
10 18 6
10 18 8
10 18 18
10 18 29
10 18 39
10 18 37
10 24 -1
10 43 53
10 43 35
10 57 -1
10 69 59
10 69 79
10 69 69
10 69 78
10 70 60
10 70 71
10 70 91
10 70 92
10 85 83
10 85 95
10 85 96
10 85 98
10 85 65
10 85 74
10 85 84
10 85 76
10 85 77
11 10 1
11 10 21
11 14 4
11 18 -1
11 24 -1
11 43 -1
11 57 46
11 57 57
11 69 79
11 69 99
11 70 80
11 70 92
11 70 72
11 70 76
11 85 -1
--- Done ---
