0 57 66
0 57 67
0 57 76
0 57 77
0 57 78
0 57 86
0 57 87
1 15 0
1 15 9
1 15 15
1 15 22
1 15 23
1 15 24
1 53 31
1 53 33
1 53 60
1 53 84
1 53 87
1 53 91
1 57 13
1 57 27
1 57 28
1 57 29
1 57 42
1 57 43
1 57 54
1 57 55
1 57 56
1 57 59
1 57 67
1 57 76
1 57 77
1 57 78
1 57 86
1 57 88
1 57 89
1 57 99
2 15 3
2 15 5
2 15 8
2 15 11
2 15 19
2 15 21
2 15 30
2 53 0
2 53 20
2 53 22
2 53 40
2 53 50
2 53 52
2 53 60
2 53 61
2 53 62
2 53 70
2 53 81
2 53 82
2 53 84
2 53 92
2 53 95
2 57 18
2 57 27
2 57 28
2 57 36
2 57 37
2 57 39
2 57 47
2 57 54
2 57 58
2 57 63
2 57 66
2 57 69
2 57 74
2 57 76
2 57 77
2 57 78
2 57 79
2 57 85
2 57 86
2 57 87
2 57 88
2 57 99
2 94 80
3 15 1
3 15 2
3 15 3
3 15 5
3 15 6
3 15 16
3 15 17
3 15 18
3 15 19
3 15 21
3 15 22
3 15 25
3 15 26
3 15 27
3 15 38
3 15 45
3 15 63
3 53 0
3 53 10
3 53 14
3 53 31
3 53 32
3 53 36
3 53 40
3 53 41
3 53 43
3 53 44
3 53 46
3 53 51
3 53 56
3 53 60
3 53 62
3 53 64
3 53 66
3 53 70
3 53 71
3 53 72
3 53 73
3 53 75
3 53 76
3 53 82
3 53 83
3 53 84
3 53 88
3 53 91
3 53 95
3 57 28
3 57 49
3 57 54
3 57 67
3 57 77
3 57 78
3 57 86
3 57 87
3 94 80
3 94 90
3 94 94
3 94 97
3 94 98
4 15 2
4 15 3
4 15 5
4 15 6
4 15 8
4 15 9
4 15 14
4 15 15
4 15 16
4 15 19
4 15 21
4 15 22
4 15 23
4 15 24
4 15 28
4 15 32
4 15 36
4 15 37
4 15 38
4 15 43
4 15 47
4 15 48
4 15 58
4 15 63
4 53 0
4 53 4
4 53 7
4 53 10
4 53 12
4 53 31
4 53 33
4 53 40
4 53 41
4 53 44
4 53 45
4 53 46
4 53 50
4 53 51
4 53 52
4 53 53
4 53 55
4 53 61
4 53 66
4 53 73
4 53 75
4 53 85
4 57 18
4 57 27
4 57 34
4 57 42
4 57 49
4 57 57
4 57 59
4 57 67
4 57 68
4 57 69
4 57 77
4 57 79
4 57 86
4 57 87
4 57 99
4 94 71
4 94 74
4 94 76
4 94 78
4 94 80
4 94 82
4 94 83
4 94 90
4 94 91
4 94 93
4 94 94
4 94 95
5 15 2
5 15 5
5 15 7
5 15 8
5 15 9
5 15 11
5 15 14
5 15 15
5 15 19
5 15 21
5 15 22
5 15 23
5 15 27
5 15 30
5 15 34
5 15 42
5 53 0
5 53 4
5 53 10
5 53 12
5 53 16
5 53 26
5 53 31
5 53 32
5 53 33
5 53 37
5 53 43
5 53 50
5 53 53
5 53 56
5 53 60
5 53 61
5 53 65
5 53 66
5 53 68
5 53 77
5 53 81
5 53 88
5 53 91
5 57 6
5 57 13
5 57 17
5 57 18
5 57 25
5 57 28
5 57 35
5 57 36
5 57 39
5 57 45
5 57 46
5 57 49
5 57 58
5 57 59
5 57 67
5 57 74
5 57 75
5 57 79
5 57 86
5 57 87
5 57 89
5 57 96
5 94 41
5 94 62
5 94 64
5 94 70
5 94 73
5 94 76
5 94 78
5 94 80
5 94 85
5 94 90
5 94 92
5 94 93
5 94 94
5 94 97
5 94 98
6 15 1
6 15 3
6 15 4
6 15 5
6 15 6
6 15 7
6 15 8
6 15 9
6 15 11
6 15 14
6 15 15
6 15 17
6 15 19
6 15 20
6 15 21
6 15 22
6 15 23
6 15 24
6 15 25
6 15 28
6 15 32
6 15 34
6 15 36
6 15 37
6 15 44
6 15 45
6 15 48
6 15 52
6 15 54
6 15 56
6 15 58
6 15 59
6 53 0
6 53 10
6 53 31
6 53 40
6 53 50
6 53 51
6 53 55
6 53 68
6 53 76
6 53 77
6 53 84
6 53 91
6 57 13
6 57 18
6 57 29
6 57 35
6 57 38
6 57 39
6 57 42
6 57 47
6 57 49
6 57 63
6 57 67
6 57 69
6 57 75
6 57 79
6 57 83
6 57 85
6 57 86
6 57 87
6 57 88
6 57 89
6 57 96
6 57 99
6 94 33
6 94 41
6 94 65
6 94 66
6 94 70
6 94 71
6 94 73
6 94 74
6 94 80
6 94 82
6 94 90
6 94 92
6 94 93
6 94 94
6 94 95
6 94 97
6 94 98
7 15 1
7 15 4
7 15 5
7 15 8
7 15 9
7 15 11
7 15 14
7 15 19
7 15 21
7 15 24
7 15 30
7 15 52
7 53 0
7 53 7
7 53 10
7 53 12
7 53 20
7 53 23
7 53 31
7 53 32
7 53 50
7 53 51
7 53 53
7 53 61
7 53 71
7 53 95
7 57 6
7 57 13
7 57 16
7 57 17
7 57 25
7 57 26
7 57 27
7 57 28
7 57 29
7 57 34
7 57 36
7 57 37
7 57 38
7 57 39
7 57 42
7 57 43
7 57 45
7 57 46
7 57 48
7 57 54
7 57 55
7 57 56
7 57 57
7 57 58
7 57 63
7 57 66
7 57 69
7 57 76
7 57 77
7 57 78
7 57 79
7 57 83
7 57 87
7 57 88
7 57 99
7 94 60
7 94 70
7 94 73
7 94 80
7 94 81
7 94 84
7 94 90
7 94 92
7 94 93
7 94 97
7 94 98
8 15 1
8 15 3
8 15 4
8 15 5
8 15 7
8 15 8
8 15 11
8 15 15
8 15 19
8 15 20
8 15 22
8 15 24
8 15 52
8 15 72
8 53 12
8 53 32
8 53 40
8 53 51
8 53 53
8 53 61
8 53 73
8 57 6
8 57 13
8 57 17
8 57 18
8 57 25
8 57 26
8 57 34
8 57 35
8 57 36
8 57 37
8 57 44
8 57 45
8 57 46
8 57 48
8 57 49
8 57 57
8 57 58
8 57 59
8 57 64
8 57 66
8 57 77
8 57 79
8 57 83
8 57 86
8 57 87
8 57 88
8 57 96
8 57 99
8 94 41
8 94 47
8 94 70
8 94 71
8 94 80
8 94 81
8 94 90
8 94 92
8 94 94
8 94 95
9 15 9
9 15 19
9 15 22
9 15 30
9 15 52
9 15 72
9 53 0
9 53 10
9 53 12
9 53 40
9 53 53
9 53 62
9 53 70
9 53 73
9 53 91
9 53 95
9 57 16
9 57 27
9 57 28
9 57 37
9 57 42
9 57 44
9 57 46
9 57 47
9 57 48
9 57 55
9 57 63
9 57 67
9 57 74
9 57 76
9 57 78
9 57 83
9 57 86
9 57 87
9 57 88
9 57 99
9 94 41
9 94 93
10 15 1
10 15 4
10 15 8
10 15 23
10 15 33
10 15 65
10 15 79
10 53 31
10 53 53
10 53 60
10 53 84
10 53 91
10 53 92
10 53 95
10 57 6
10 57 18
10 57 25
10 57 29
10 57 34
10 57 35
10 57 37
10 57 39
10 57 59
10 57 69
10 57 74
10 57 76
10 57 77
10 57 78
10 57 83
10 57 96
10 94 71
10 94 98
11 15 1
11 15 4
11 15 21
11 53 72
11 53 92
11 57 46
11 57 57
11 57 76
11 57 79
11 57 99
11 94 80
--- Done ---
