0 57 78
0 75 86
0 75 87
0 75 66
0 75 67
0 75 76
0 75 77
1 3 -1
1 7 9
1 7 28
1 7 29
1 7 15
1 7 27
1 10 22
1 10 0
1 10 13
1 17 24
1 51 91
1 52 54
1 52 23
1 52 33
1 52 42
1 52 43
1 52 60
1 52 31
1 57 55
1 57 88
1 69 59
1 69 89
1 69 99
1 69 78
1 75 84
1 75 86
1 75 87
1 75 56
1 75 76
1 75 67
1 75 77
2 3 3
2 3 5
2 7 8
2 7 18
2 7 19
2 7 28
2 10 21
2 10 22
2 10 30
2 10 0
2 10 11
2 17 -1
2 51 40
2 51 70
2 51 81
2 51 50
2 51 60
2 51 61
2 51 62
2 51 63
2 51 20
2 52 54
2 52 80
2 52 82
2 52 52
2 57 36
2 57 47
2 57 88
2 57 27
2 57 58
2 57 78
2 57 85
2 59 39
2 69 99
2 69 79
2 69 37
2 69 69
2 75 87
2 75 66
2 75 74
2 75 76
2 75 84
2 75 86
2 75 95
2 75 77
2 94 92
3 3 3
3 3 14
3 3 5
3 7 6
3 7 19
3 10 10
3 10 21
3 10 22
3 10 0
3 10 1
3 10 2
3 17 17
3 37 25
3 37 36
3 37 45
3 37 46
3 37 16
3 37 18
3 37 26
3 37 28
3 37 56
3 37 27
3 37 38
3 37 67
3 51 40
3 51 70
3 51 32
3 51 43
3 51 44
3 51 51
3 51 60
3 51 62
3 51 63
3 51 71
3 51 41
3 51 91
3 51 31
3 52 54
3 52 80
3 52 64
3 52 72
3 52 82
3 57 66
3 59 49
3 69 -1
3 75 73
3 75 76
3 75 87
3 75 83
3 75 84
3 75 86
3 93 90
3 94 94
3 96 98
3 96 97
3 96 95
3 96 77
3 96 88
3 96 75
3 96 78
4 3 3
4 3 14
4 3 34
4 3 5
4 3 23
4 3 4
4 7 9
4 7 6
4 7 7
4 7 19
4 7 8
4 7 16
4 7 18
4 7 28
4 7 15
4 10 10
4 10 21
4 10 22
4 10 0
4 10 2
4 17 24
4 37 37
4 51 40
4 51 32
4 51 42
4 51 43
4 51 44
4 51 50
4 51 51
4 51 61
4 51 63
4 51 71
4 51 12
4 51 33
4 51 41
4 51 53
4 51 91
4 51 31
4 52 80
4 52 52
4 57 55
4 57 36
4 57 45
4 57 46
4 57 49
4 57 66
4 57 76
4 57 47
4 57 57
4 57 58
4 57 68
4 57 27
4 57 38
4 57 48
4 57 74
4 57 77
4 57 78
4 57 85
4 59 59
4 59 79
4 69 99
4 69 69
4 75 73
4 75 87
4 75 83
4 75 86
4 75 95
4 75 67
4 75 75
4 93 90
4 93 82
4 93 93
4 94 94
4 96 -1
5 3 14
5 3 34
5 3 5
5 3 23
5 3 4
5 7 9
5 7 6
5 7 7
5 7 19
5 10 10
5 10 21
5 10 22
5 10 30
5 10 0
5 10 2
5 10 11
5 10 13
5 17 17
5 37 25
5 37 36
5 37 39
5 37 45
5 37 46
5 37 8
5 37 16
5 37 18
5 37 26
5 37 28
5 37 35
5 37 15
5 37 27
5 37 37
5 37 67
5 51 70
5 51 32
5 51 42
5 51 43
5 51 50
5 51 60
5 51 61
5 51 62
5 51 81
5 51 12
5 51 33
5 51 41
5 51 53
5 51 91
5 51 31
5 52 80
5 57 -1
5 59 49
5 59 58
5 59 59
5 59 68
5 59 79
5 59 88
5 59 78
5 69 89
5 75 65
5 75 64
5 75 66
5 75 73
5 75 76
5 75 87
5 75 86
5 75 56
5 75 74
5 75 75
5 93 90
5 93 92
5 93 93
5 94 94
5 96 96
5 96 98
5 96 97
5 96 77
5 96 85
6 3 3
6 3 14
6 3 34
6 3 5
6 3 23
6 3 4
6 7 9
6 7 6
6 7 7
6 7 19
6 7 29
6 7 8
6 7 18
6 7 28
6 7 15
6 10 10
6 10 21
6 10 22
6 10 0
6 10 1
6 10 11
6 10 13
6 10 20
6 17 24
6 17 17
6 37 25
6 37 39
6 37 37
6 51 40
6 51 70
6 51 44
6 51 51
6 51 91
6 52 54
6 52 80
6 52 32
6 52 42
6 52 50
6 52 52
6 52 63
6 52 71
6 52 33
6 52 35
6 52 41
6 52 82
6 52 31
6 57 55
6 57 36
6 57 45
6 57 49
6 57 66
6 57 76
6 57 47
6 57 58
6 57 68
6 57 88
6 57 38
6 57 48
6 57 56
6 57 74
6 57 77
6 57 67
6 57 85
6 59 59
6 69 89
6 69 99
6 69 69
6 75 65
6 75 73
6 75 83
6 75 84
6 75 75
6 93 90
6 93 92
6 93 93
6 94 94
6 96 96
6 96 98
6 96 87
6 96 97
6 96 79
6 96 86
6 96 95
7 3 14
7 3 34
7 3 0
7 3 1
7 3 5
7 3 11
7 3 13
7 3 23
7 3 4
7 3 12
7 3 20
7 7 9
7 7 7
7 7 19
7 7 29
7 7 8
7 7 16
7 7 26
7 7 28
7 7 27
7 10 10
7 10 21
7 10 30
7 17 24
7 17 6
7 17 17
7 37 25
7 37 36
7 37 39
7 37 45
7 37 46
7 37 37
7 51 70
7 51 51
7 52 54
7 52 80
7 52 32
7 52 42
7 52 43
7 52 50
7 52 52
7 52 60
7 52 61
7 52 63
7 52 71
7 52 53
7 52 31
7 57 55
7 57 66
7 57 76
7 57 57
7 57 58
7 57 88
7 57 38
7 57 48
7 57 56
7 57 77
7 57 78
7 59 -1
7 69 99
7 69 69
7 69 79
7 75 73
7 75 87
7 75 95
7 93 90
7 93 81
7 93 92
7 93 83
7 93 84
7 93 93
7 94 -1
7 96 98
7 96 97
8 3 3
8 3 34
8 3 1
8 3 5
8 3 11
8 3 13
8 3 12
8 3 20
8 7 7
8 10 22
8 17 24
8 17 6
8 17 19
8 17 17
8 37 25
8 37 36
8 37 45
8 37 46
8 37 4
8 37 8
8 37 18
8 37 26
8 37 35
8 37 47
8 37 15
8 37 37
8 37 48
8 51 40
8 51 70
8 51 44
8 51 51
8 51 81
8 52 80
8 52 32
8 52 52
8 52 61
8 52 64
8 52 71
8 52 72
8 52 41
8 52 53
8 57 66
8 57 57
8 57 58
8 59 49
8 59 59
8 59 79
8 59 88
8 69 99
8 75 73
8 75 87
8 75 86
8 75 95
8 75 77
8 93 90
8 93 92
8 93 83
8 94 94
8 96 96
9 3 -1
9 7 9
9 7 19
9 7 16
9 7 28
9 7 27
9 10 10
9 10 22
9 10 30
9 10 0
9 17 -1
9 37 37
9 51 40
9 51 70
9 51 42
9 51 44
9 51 62
9 51 63
9 51 12
9 51 41
9 51 53
9 51 91
9 52 52
9 52 72
9 57 55
9 57 46
9 57 76
9 57 47
9 57 88
9 57 48
9 57 74
9 57 78
9 57 67
9 59 -1
9 69 99
9 75 73
9 75 87
9 75 83
9 75 86
9 75 95
9 93 93
9 94 -1
9 96 -1
10 3 34
10 3 1
10 3 23
10 3 4
10 7 6
10 7 29
10 7 8
10 7 18
10 10 -1
10 17 -1
10 37 25
10 37 39
10 37 35
10 37 37
10 51 60
10 51 71
10 51 33
10 51 53
10 51 91
10 51 31
10 52 -1
10 57 -1
10 59 59
10 69 69
10 75 65
10 75 76
10 75 83
10 75 84
10 75 95
10 75 74
10 75 77
10 93 92
10 94 -1
10 96 96
10 96 98
10 96 79
10 96 78
11 3 4
11 7 -1
11 10 21
11 10 1
11 17 -1
11 37 -1
11 51 -1
11 52 80
11 52 72
11 57 46
11 57 76
11 57 57
11 59 -1
11 69 99
11 69 79
11 75 -1
11 93 92
11 94 -1
11 96 -1
--- Done ---
