0 57 66
0 57 67
0 57 76
0 57 77
0 57 78
0 57 86
0 57 87
1 47 9
1 47 22
1 47 27
1 47 28
1 47 29
1 47 59
1 47 78
1 47 86
1 47 87
1 47 88
1 47 99
1 47 15
1 47 42
1 47 43
1 47 54
1 47 55
1 47 56
1 47 67
1 47 77
1 52 0
1 52 31
1 52 60
1 52 84
1 52 91
1 52 23
1 52 24
1 52 33
1 52 76
1 57 13
1 57 89
2 24 21
2 24 5
2 24 8
2 24 19
2 24 22
2 47 47
2 52 0
2 52 60
2 52 62
2 52 80
2 52 81
2 52 82
2 52 84
2 52 92
2 52 95
2 52 3
2 52 11
2 52 20
2 52 30
2 52 40
2 52 50
2 52 52
2 52 61
2 52 70
2 52 74
2 52 76
2 52 85
2 52 36
2 52 66
2 57 79
2 57 18
2 57 39
2 57 69
2 57 78
2 57 86
2 57 87
2 57 88
2 57 99
2 57 27
2 57 28
2 57 37
2 57 58
2 57 63
2 57 77
2 57 54
3 24 1
3 24 2
3 24 10
3 24 21
3 24 5
3 24 14
3 24 19
3 24 22
3 24 6
3 24 28
3 24 38
3 24 63
3 24 73
3 24 36
3 24 44
3 24 45
3 24 46
3 24 54
3 24 66
3 24 67
3 24 75
3 47 18
3 47 76
3 47 77
3 52 0
3 52 51
3 52 62
3 52 71
3 52 80
3 52 82
3 52 90
3 52 91
3 52 3
3 52 31
3 52 40
3 52 60
3 52 70
3 52 72
3 52 84
3 52 95
3 52 17
3 52 32
3 52 41
3 52 83
3 52 43
3 52 56
3 52 64
3 57 -1
3 67 94
3 67 98
3 67 97
3 67 49
3 67 78
3 67 86
3 67 87
3 67 88
3 67 16
3 67 26
3 67 27
3 67 25
4 24 2
4 24 10
4 24 21
4 24 5
4 24 8
4 24 14
4 24 19
4 24 22
4 24 6
4 24 68
4 24 24
4 24 53
4 24 73
4 24 27
4 24 28
4 24 36
4 24 37
4 24 38
4 24 44
4 24 45
4 24 46
4 24 55
4 24 58
4 47 9
4 47 7
4 47 18
4 47 49
4 47 59
4 47 69
4 47 78
4 47 86
4 47 47
4 47 48
4 47 66
4 47 75
4 52 0
4 52 51
4 52 71
4 52 80
4 52 82
4 52 90
4 52 91
4 52 93
4 52 3
4 52 12
4 52 31
4 52 40
4 52 61
4 52 95
4 52 4
4 52 23
4 52 32
4 52 33
4 52 41
4 52 50
4 52 52
4 52 74
4 52 83
4 52 15
4 57 57
4 57 87
4 57 99
4 57 34
4 57 42
4 57 43
4 57 63
4 57 76
4 57 77
4 57 85
4 57 16
4 67 94
4 67 79
4 67 67
5 24 2
5 24 10
5 24 21
5 24 5
5 24 8
5 24 14
5 24 19
5 24 22
5 24 6
5 24 13
5 24 68
5 24 15
5 24 34
5 24 42
5 24 43
5 24 53
5 24 73
5 24 25
5 47 9
5 47 18
5 47 85
5 47 87
5 47 88
5 47 16
5 47 26
5 47 27
5 47 36
5 52 0
5 52 62
5 52 80
5 52 81
5 52 90
5 52 91
5 52 92
5 52 93
5 52 11
5 52 12
5 52 30
5 52 31
5 52 60
5 52 61
5 52 70
5 52 4
5 52 17
5 52 23
5 52 32
5 52 33
5 52 41
5 52 50
5 52 74
5 57 28
5 57 35
5 57 37
5 57 45
5 57 46
5 57 58
5 57 65
5 57 66
5 57 67
5 57 75
5 67 94
5 67 98
5 67 7
5 67 79
5 67 89
5 67 96
5 67 97
5 67 39
5 67 49
5 67 59
5 67 56
5 67 64
5 67 76
5 67 77
5 67 78
5 67 86
6 24 1
6 24 10
6 24 21
6 24 5
6 24 8
6 24 14
6 24 19
6 24 22
6 24 6
6 24 13
6 24 15
6 24 24
6 24 42
6 24 73
6 24 25
6 24 28
6 24 35
6 24 36
6 24 37
6 24 38
6 24 44
6 24 45
6 47 9
6 47 18
6 47 83
6 47 69
6 47 76
6 47 77
6 47 85
6 47 86
6 47 87
6 47 88
6 47 99
6 47 47
6 47 48
6 47 54
6 47 55
6 47 58
6 47 65
6 47 66
6 47 67
6 47 75
6 52 0
6 52 51
6 52 71
6 52 80
6 52 82
6 52 90
6 52 91
6 52 92
6 52 93
6 52 3
6 52 11
6 52 20
6 52 31
6 52 40
6 52 70
6 52 84
6 52 95
6 52 4
6 52 17
6 52 23
6 52 32
6 52 33
6 52 52
6 57 -1
6 67 94
6 67 98
6 67 7
6 67 79
6 67 89
6 67 96
6 67 97
6 67 29
6 67 39
6 67 41
6 67 49
6 67 50
6 67 74
6 67 34
6 67 56
6 67 59
6 67 63
6 67 68
7 24 1
7 24 10
7 24 21
7 24 5
7 24 8
7 24 11
7 24 12
7 24 19
7 24 20
7 24 6
7 24 13
7 24 14
7 24 30
7 24 31
7 24 61
7 24 70
7 24 16
7 24 23
7 24 26
7 24 28
7 24 32
7 24 37
7 24 58
7 47 9
7 47 7
7 47 29
7 47 39
7 47 69
7 47 78
7 47 88
7 47 97
7 47 99
7 47 38
7 47 48
7 47 27
7 47 83
7 47 25
7 47 36
7 47 45
7 47 46
7 47 54
7 47 56
7 47 66
7 47 76
7 52 0
7 52 51
7 52 71
7 52 80
7 52 81
7 52 90
7 52 92
7 52 93
7 52 4
7 52 17
7 52 60
7 52 84
7 52 95
7 52 50
7 52 52
7 52 24
7 52 34
7 52 42
7 52 43
7 52 53
7 52 55
7 52 63
7 52 73
7 52 77
7 57 57
7 67 98
7 67 79
7 67 87
7 72 -1
8 24 1
8 24 3
8 24 5
8 24 8
8 24 11
8 24 12
8 24 19
8 24 20
8 24 6
8 24 13
8 24 22
8 24 24
8 47 18
8 47 7
8 47 49
8 47 59
8 47 86
8 47 88
8 47 99
8 47 26
8 47 37
8 47 48
8 47 58
8 47 87
8 47 47
8 47 73
8 47 25
8 47 45
8 47 46
8 47 66
8 52 51
8 52 71
8 52 80
8 52 81
8 52 90
8 52 92
8 52 4
8 52 17
8 52 40
8 52 41
8 52 61
8 52 70
8 52 95
8 52 15
8 52 32
8 52 52
8 52 77
8 52 83
8 52 34
8 52 35
8 52 44
8 52 53
8 52 64
8 52 36
8 57 57
8 67 79
8 67 94
8 67 96
8 72 72
9 24 10
9 24 12
9 24 19
9 24 22
9 47 9
9 47 78
9 47 86
9 47 88
9 47 99
9 47 16
9 47 28
9 47 37
9 47 48
9 47 87
9 47 27
9 47 47
9 52 0
9 52 62
9 52 91
9 52 93
9 52 30
9 52 40
9 52 41
9 52 70
9 52 95
9 52 52
9 52 74
9 52 83
9 52 42
9 52 44
9 52 53
9 52 55
9 52 63
9 52 73
9 52 76
9 52 46
9 57 -1
9 67 67
9 72 72
10 24 1
10 24 8
10 24 4
10 24 6
10 24 33
10 47 18
10 52 -1
10 57 -1
10 67 98
10 67 79
10 67 96
10 67 29
10 67 39
10 67 59
10 67 60
10 67 69
10 67 78
10 67 84
10 67 95
10 67 37
10 67 74
10 67 77
10 67 34
10 67 35
10 67 53
10 67 76
10 67 25
10 67 65
10 72 71
10 72 91
10 72 92
10 72 31
10 72 23
10 72 83
11 24 1
11 24 21
11 24 4
11 47 -1
11 52 -1
11 57 57
11 67 79
11 67 99
11 72 80
11 72 92
11 72 72
11 72 76
11 72 46
--- Done ---
