0 53 87
0 53 66
0 53 76
0 53 77
0 57 67
0 57 78
0 57 86
1 17 9
1 17 15
1 17 29
1 17 24
1 17 27
1 17 28
1 21 13
1 21 23
1 53 42
1 53 43
1 53 54
1 53 0
1 53 22
1 53 31
1 53 33
1 53 56
1 53 60
1 53 87
1 53 76
1 53 77
1 53 84
1 57 59
1 57 55
1 57 67
1 57 78
1 57 88
1 57 86
1 71 91
1 97 89
1 97 99
2 17 5
2 17 8
2 17 18
2 17 19
2 17 27
2 17 28
2 17 37
2 17 39
2 17 58
2 21 3
2 21 11
2 21 21
2 21 30
2 21 0
2 21 22
2 53 54
2 57 47
2 57 79
2 57 69
2 57 74
2 57 78
2 57 85
2 57 36
2 71 80
2 71 81
2 71 92
2 71 40
2 71 50
2 71 60
2 71 61
2 71 62
2 71 63
2 71 70
2 71 20
2 71 52
2 71 82
2 97 95
2 97 99
2 97 87
2 97 88
2 97 66
2 97 76
2 97 77
2 97 84
2 97 86
3 17 5
3 17 14
3 17 16
3 17 17
3 17 18
3 17 19
3 17 6
3 17 25
3 17 26
3 17 27
3 17 28
3 17 38
3 17 36
3 21 1
3 21 2
3 21 3
3 21 10
3 21 21
3 21 0
3 21 22
3 21 31
3 21 32
3 53 43
3 53 44
3 53 54
3 53 40
3 53 45
3 53 56
3 53 60
3 53 62
3 53 63
3 53 70
3 53 72
3 53 73
3 53 83
3 53 41
3 53 46
3 53 51
3 53 75
3 53 76
3 53 84
3 53 82
3 57 49
3 57 77
3 57 86
3 71 80
3 71 90
3 71 91
3 71 71
3 97 95
3 97 97
3 97 98
3 97 67
3 97 78
3 97 87
3 97 88
3 97 94
3 97 64
3 97 66
4 17 5
4 17 7
4 17 8
4 17 9
4 17 14
4 17 15
4 17 16
4 17 18
4 17 19
4 17 34
4 17 4
4 17 6
4 17 24
4 17 27
4 17 28
4 17 37
4 17 38
4 17 58
4 21 2
4 21 3
4 21 10
4 21 12
4 21 21
4 21 23
4 21 0
4 21 22
4 21 31
4 21 32
4 21 33
4 21 50
4 21 82
4 53 42
4 53 43
4 53 44
4 53 53
4 53 87
4 53 94
4 53 41
4 53 51
4 53 52
4 53 76
4 53 77
4 57 47
4 57 48
4 57 49
4 57 59
4 57 79
4 57 45
4 57 55
4 57 57
4 57 67
4 57 68
4 57 69
4 57 74
4 57 78
4 57 85
4 57 36
4 57 46
4 57 66
4 57 75
4 71 80
4 71 90
4 71 91
4 71 93
4 71 40
4 71 61
4 71 63
4 71 71
4 71 73
4 71 83
4 71 86
4 97 95
4 97 99
5 17 5
5 17 7
5 17 8
5 17 9
5 17 14
5 17 15
5 17 16
5 17 17
5 17 18
5 17 19
5 17 34
5 17 4
5 17 6
5 17 25
5 17 26
5 17 27
5 17 28
5 17 39
5 17 58
5 21 2
5 21 10
5 21 11
5 21 12
5 21 13
5 21 21
5 21 23
5 21 30
5 21 0
5 21 22
5 21 31
5 21 32
5 21 33
5 21 50
5 21 36
5 21 41
5 53 42
5 53 43
5 53 53
5 53 76
5 53 77
5 57 49
5 57 59
5 57 79
5 57 37
5 57 45
5 57 56
5 57 35
5 57 46
5 57 65
5 57 67
5 57 68
5 57 74
5 57 78
5 57 86
5 71 80
5 71 81
5 71 90
5 71 91
5 71 92
5 71 93
5 71 60
5 71 61
5 71 62
5 71 70
5 71 73
5 97 89
5 97 96
5 97 97
5 97 98
5 97 85
5 97 87
5 97 88
5 97 94
5 97 64
5 97 66
5 97 75
6 17 5
6 17 7
6 17 8
6 17 9
6 17 14
6 17 15
6 17 17
6 17 18
6 17 19
6 17 29
6 17 34
6 17 4
6 17 6
6 17 24
6 17 25
6 17 28
6 17 37
6 17 38
6 17 39
6 17 58
6 17 35
6 21 1
6 21 3
6 21 10
6 21 11
6 21 13
6 21 21
6 21 23
6 21 0
6 21 22
6 21 31
6 21 32
6 21 33
6 21 50
6 21 20
6 21 41
6 21 51
6 21 52
6 21 82
6 53 42
6 53 44
6 53 54
6 57 47
6 57 48
6 57 49
6 57 59
6 57 79
6 57 45
6 57 55
6 57 56
6 57 65
6 57 67
6 57 68
6 57 69
6 57 74
6 57 85
6 57 88
6 57 36
6 57 66
6 57 75
6 57 76
6 57 77
6 57 86
6 71 80
6 71 90
6 71 91
6 71 92
6 71 93
6 71 40
6 71 63
6 71 70
6 71 71
6 71 73
6 71 83
6 71 84
6 97 89
6 97 95
6 97 96
6 97 97
6 97 98
6 97 99
6 97 87
6 97 94
7 17 5
7 17 7
7 17 8
7 17 9
7 17 14
7 17 16
7 17 17
7 17 19
7 17 29
7 17 34
7 17 4
7 17 6
7 17 24
7 17 25
7 17 26
7 17 27
7 17 28
7 17 37
7 17 38
7 17 39
7 17 58
7 17 36
7 21 1
7 21 10
7 21 11
7 21 12
7 21 13
7 21 21
7 21 23
7 21 30
7 21 0
7 21 31
7 21 32
7 21 50
7 21 20
7 21 51
7 21 52
7 53 42
7 53 43
7 53 54
7 53 53
7 57 48
7 57 79
7 57 45
7 57 56
7 57 57
7 57 69
7 57 78
7 57 88
7 57 46
7 57 66
7 57 76
7 57 77
7 71 80
7 71 81
7 71 90
7 71 92
7 71 93
7 71 55
7 71 60
7 71 61
7 71 63
7 71 70
7 71 71
7 71 73
7 71 83
7 71 84
7 97 95
7 97 97
7 97 98
7 97 99
7 97 87
8 17 5
8 17 7
8 17 8
8 17 15
8 17 17
8 17 18
8 17 19
8 17 34
8 17 4
8 17 6
8 17 24
8 17 25
8 17 26
8 17 37
8 17 58
8 17 35
8 17 36
8 17 46
8 21 1
8 21 3
8 21 11
8 21 12
8 21 13
8 21 22
8 21 32
8 53 44
8 53 53
8 57 47
8 57 48
8 57 49
8 57 59
8 57 79
8 57 45
8 57 57
8 57 88
8 57 66
8 57 77
8 71 80
8 71 81
8 71 90
8 71 92
8 71 40
8 71 61
8 71 70
8 71 71
8 71 72
8 71 73
8 71 83
8 71 20
8 71 41
8 71 51
8 71 52
8 71 64
8 71 86
8 97 95
8 97 96
8 97 99
8 97 87
8 97 94
9 17 9
9 17 16
9 17 19
9 17 27
9 17 28
9 17 37
9 17 46
9 21 10
9 21 12
9 21 30
9 21 0
9 21 22
9 53 42
9 53 44
9 53 53
9 53 74
9 53 87
9 57 47
9 57 48
9 57 67
9 57 78
9 57 88
9 57 76
9 71 91
9 71 93
9 71 40
9 71 55
9 71 62
9 71 63
9 71 70
9 71 72
9 71 73
9 71 83
9 71 41
9 71 52
9 71 86
9 97 95
9 97 99
10 17 8
10 17 18
10 17 29
10 17 34
10 17 4
10 17 6
10 17 25
10 17 37
10 17 39
10 17 35
10 21 1
10 21 23
10 21 31
10 21 33
10 53 53
10 57 59
10 57 79
10 57 65
10 57 74
10 71 91
10 71 92
10 71 60
10 71 71
10 71 83
10 97 95
10 97 96
10 97 98
10 97 69
10 97 78
10 97 76
10 97 77
10 97 84
11 17 -1
11 21 1
11 21 21
11 21 4
11 53 -1
11 57 79
11 57 57
11 57 46
11 57 76
11 71 80
11 71 92
11 71 72
11 97 99
--- Done ---
