0 1 11
0 21 10
0 21 12
0 21 20
0 21 21
0 33 22
1 1 1
1 1 2
1 3 3
1 3 4
1 8 7
1 8 8
1 15 5
1 15 13
1 15 14
1 15 16
1 15 25
1 15 26
1 21 10
1 21 12
1 21 21
1 21 31
1 28 19
1 33 22
1 33 33
1 33 43
1 38 27
1 38 29
1 38 37
1 38 48
1 45 44
1 45 46
1 45 55
1 52 41
1 52 42
1 52 53
1 52 62
1 52 63
1 66 36
1 66 56
1 66 64
1 66 65
1 71 61
1 71 70
1 71 71
1 71 72
1 84 73
1 84 84
1 84 85
1 87 97
1 89 78
1 91 90
1 91 91
1 91 92
2 3 4
2 8 8
2 15 5
2 15 13
2 15 14
2 15 15
2 15 26
2 21 21
2 28 18
2 28 28
2 28 47
2 33 34
2 33 43
2 38 29
2 38 37
2 38 39
2 40 30
2 45 35
2 45 54
2 45 56
2 52 42
2 52 63
2 58 58
2 58 59
2 58 68
2 58 69
2 66 64
2 66 66
2 66 75
2 66 76
2 71 72
2 84 74
2 84 83
2 84 84
2 84 94
2 87 87
2 87 96
2 87 98
2 89 88
2 91 92
3 1 1
3 1 11
3 3 3
3 3 4
3 3 12
3 8 8
3 15 13
3 15 14
3 15 16
3 21 10
3 21 21
3 28 18
3 28 29
3 33 22
3 33 33
3 33 34
3 38 27
3 38 37
3 38 38
3 38 49
3 40 30
3 45 35
3 45 36
3 45 44
3 45 46
3 52 52
3 52 53
3 52 62
3 52 63
3 52 72
3 58 57
3 58 58
3 58 59
3 60 50
3 60 60
3 66 55
3 66 56
3 66 64
3 66 65
3 66 66
3 66 75
3 84 73
3 84 85
3 84 94
3 87 77
3 87 87
3 89 99
3 91 81
4 3 3
4 8 8
4 8 9
4 15 13
4 15 16
4 21 10
4 21 12
4 21 21
4 28 18
4 28 19
4 28 27
4 28 28
4 28 47
4 33 22
4 33 23
4 33 33
4 33 34
4 38 38
4 38 39
4 40 31
4 40 51
4 45 35
4 45 54
4 45 55
4 52 62
4 52 63
4 58 57
4 58 59
4 60 70
4 66 65
4 66 75
4 71 71
4 84 84
4 87 87
4 87 97
4 87 98
4 89 78
4 89 89
4 89 99
4 91 90
4 91 92
4 94 74
4 94 95
5 1 0
5 1 1
5 3 3
5 8 9
5 8 17
5 15 6
5 15 13
5 28 28
5 28 47
5 33 23
5 38 27
5 38 38
5 38 39
5 38 49
5 40 41
5 45 35
5 45 44
5 45 45
5 45 54
5 45 55
5 52 42
5 52 53
5 58 57
5 66 64
5 66 66
5 66 75
5 66 76
5 71 70
5 71 81
5 71 82
5 84 73
5 84 74
5 84 83
5 84 85
5 87 77
5 87 86
5 87 96
5 87 97
5 87 98
5 89 79
5 89 89
5 89 99
5 94 95
6 1 11
6 3 3
6 8 8
6 15 14
6 15 15
6 15 16
6 15 24
6 15 25
6 15 26
6 28 18
6 28 27
6 28 47
6 33 22
6 33 23
6 33 32
6 38 37
6 38 38
6 38 39
6 40 30
6 40 31
6 40 51
6 45 44
6 45 45
6 45 54
6 45 56
6 52 41
6 52 42
6 52 52
6 52 53
6 52 62
6 52 63
6 58 58
6 58 59
6 60 60
6 66 64
6 66 65
6 66 66
6 66 67
6 84 73
6 84 83
6 84 84
6 87 97
6 87 98
6 89 89
6 91 92
6 94 94
6 94 95
7 1 0
7 3 4
7 8 7
7 8 9
7 8 17
7 15 6
7 15 15
7 15 24
7 15 26
7 21 12
7 21 21
7 28 28
7 28 29
7 28 47
7 33 23
7 33 32
7 33 33
7 33 34
7 38 38
7 38 39
7 40 31
7 40 40
7 45 45
7 45 46
7 45 56
7 52 42
7 52 51
7 52 52
7 52 63
7 52 72
7 58 57
7 58 58
7 66 36
7 66 64
7 66 65
7 66 66
7 66 67
7 66 76
7 71 61
7 71 80
7 84 83
7 84 84
7 87 98
7 89 79
7 89 99
7 91 81
7 91 92
7 94 95
8 1 0
8 8 8
8 8 17
8 15 5
8 15 15
8 15 24
8 15 26
8 21 12
8 21 21
8 28 27
8 28 28
8 28 47
8 33 22
8 33 32
8 33 33
8 33 34
8 33 43
8 38 37
8 38 39
8 38 48
8 40 40
8 45 45
8 45 55
8 45 56
8 52 42
8 52 63
8 58 58
8 58 59
8 58 68
8 60 50
8 66 65
8 66 67
8 66 76
8 71 61
8 71 72
8 71 81
8 71 82
8 84 73
8 84 83
8 84 84
8 87 88
8 87 96
8 87 97
8 89 78
8 91 91
8 91 92
8 94 93
8 94 94
9 1 0
9 3 3
9 3 4
9 8 9
9 8 17
9 15 16
9 15 26
9 21 20
9 28 28
9 28 47
9 33 22
9 33 23
9 33 32
9 33 43
9 38 37
9 38 39
9 38 48
9 40 41
9 45 35
9 45 36
9 45 46
9 45 54
9 52 42
9 52 62
9 52 63
9 58 57
9 58 58
9 58 69
9 60 50
9 60 60
9 66 75
9 71 70
9 84 73
9 84 74
9 84 84
9 87 85
9 89 79
9 89 99
9 91 82
9 91 91
9 94 94
--- Done ---
