0 1 10
0 1 11
0 1 20
0 22 12
0 22 21
0 22 22
1 1 1
1 1 2
1 1 10
1 15 4
1 15 5
1 15 13
1 15 14
1 15 16
1 15 25
1 15 26
1 18 7
1 18 8
1 18 19
1 18 27
1 18 37
1 22 3
1 22 12
1 22 21
1 22 22
1 22 31
1 38 29
1 38 48
1 44 33
1 44 43
1 44 44
1 44 46
1 44 63
1 51 41
1 51 42
1 51 53
1 51 61
1 51 62
1 66 36
1 66 55
1 66 56
1 66 64
1 66 65
1 66 85
1 70 70
1 70 71
1 70 72
1 70 90
1 83 73
1 83 84
1 83 91
1 83 92
1 87 78
1 87 97
2 15 4
2 15 5
2 15 14
2 15 15
2 15 26
2 18 8
2 18 18
2 22 13
2 22 21
2 22 34
2 22 42
2 38 28
2 38 29
2 38 37
2 38 39
2 38 47
2 44 35
2 44 54
2 44 63
2 51 30
2 51 43
2 66 66
2 66 75
2 66 76
2 68 56
2 68 58
2 68 59
2 68 68
2 68 69
2 83 64
2 83 72
2 83 74
2 83 83
2 83 84
2 83 92
2 83 94
2 87 87
2 87 88
2 87 96
2 87 98
3 1 1
3 1 10
3 1 11
3 15 4
3 15 14
3 15 16
3 18 8
3 18 18
3 18 27
3 18 49
3 22 3
3 22 12
3 22 13
3 22 21
3 22 22
3 22 34
3 38 29
3 38 37
3 38 38
3 44 33
3 44 35
3 44 44
3 44 63
3 51 30
3 51 52
3 51 53
3 51 60
3 51 62
3 66 36
3 66 46
3 66 55
3 66 57
3 66 58
3 66 65
3 66 66
3 66 75
3 66 85
3 68 56
3 68 59
3 68 77
3 68 99
3 70 50
3 70 81
3 83 64
3 83 72
3 83 73
3 83 94
3 87 87
4 1 10
4 15 13
4 15 16
4 18 8
4 18 9
4 18 18
4 18 19
4 22 3
4 22 12
4 22 21
4 22 22
4 22 23
4 22 31
4 38 27
4 38 28
4 38 38
4 38 39
4 38 47
4 44 33
4 44 34
4 44 35
4 44 54
4 44 55
4 44 63
4 51 51
4 66 57
4 66 65
4 66 75
4 68 59
4 68 78
4 68 89
4 68 99
4 70 70
4 70 71
4 70 90
4 83 62
4 83 74
4 83 84
4 83 92
4 83 95
4 87 87
4 87 97
4 87 98
5 1 0
5 1 1
5 15 6
5 15 13
5 15 17
5 15 35
5 18 9
5 22 3
5 22 23
5 38 27
5 38 28
5 38 38
5 38 39
5 38 47
5 38 49
5 44 44
5 44 45
5 44 53
5 44 54
5 51 41
5 51 42
5 66 55
5 66 57
5 66 64
5 66 66
5 66 75
5 66 77
5 66 85
5 68 79
5 68 89
5 68 99
5 70 70
5 70 81
5 83 73
5 83 74
5 83 82
5 83 83
5 83 95
5 87 76
5 87 86
5 87 96
5 87 97
5 87 98
6 1 11
6 15 14
6 15 15
6 15 16
6 15 25
6 15 26
6 18 8
6 18 18
6 18 37
6 22 3
6 22 22
6 22 23
6 22 31
6 22 32
6 38 27
6 38 38
6 38 39
6 38 47
6 44 24
6 44 44
6 44 45
6 44 53
6 44 54
6 44 63
6 51 30
6 51 41
6 51 42
6 51 51
6 51 52
6 51 62
6 66 56
6 66 58
6 66 64
6 66 65
6 66 66
6 68 59
6 68 67
6 68 89
6 70 60
6 83 73
6 83 83
6 83 84
6 83 92
6 83 94
6 83 95
6 87 97
6 87 98
7 1 0
7 15 4
7 15 6
7 15 15
7 15 17
7 15 24
7 15 26
7 18 7
7 18 9
7 18 28
7 22 12
7 22 21
7 22 23
7 22 31
7 22 32
7 22 34
7 22 40
7 22 42
7 38 29
7 38 36
7 38 38
7 38 39
7 38 47
7 44 33
7 44 46
7 44 63
7 51 51
7 51 52
7 51 61
7 66 45
7 66 56
7 66 57
7 66 64
7 66 65
7 66 66
7 66 67
7 68 58
7 68 79
7 68 99
7 70 80
7 70 81
7 83 72
7 83 83
7 83 84
7 83 92
7 83 95
7 87 76
7 87 98
8 1 0
8 15 5
8 15 15
8 15 17
8 15 24
8 15 26
8 18 8
8 18 27
8 22 12
8 22 21
8 22 22
8 22 32
8 22 34
8 22 40
8 38 28
8 38 37
8 38 39
8 38 47
8 38 48
8 44 33
8 44 43
8 44 55
8 44 63
8 51 42
8 51 61
8 66 45
8 66 65
8 66 76
8 68 56
8 68 58
8 68 59
8 68 67
8 68 68
8 68 78
8 70 50
8 70 72
8 70 81
8 83 73
8 83 82
8 83 83
8 83 84
8 83 91
8 83 92
8 83 93
8 83 94
8 87 88
8 87 96
8 87 97
9 1 0
9 1 20
9 15 4
9 15 16
9 15 17
9 15 26
9 15 35
9 15 37
9 18 9
9 22 3
9 22 22
9 22 23
9 22 32
9 38 28
9 38 36
9 38 39
9 38 47
9 38 48
9 44 43
9 44 46
9 44 54
9 44 63
9 51 41
9 51 42
9 51 50
9 51 60
9 51 62
9 66 57
9 66 58
9 66 75
9 66 85
9 68 69
9 68 79
9 68 99
9 70 70
9 83 73
9 83 74
9 83 82
9 83 84
9 83 91
9 83 94
--- Done ---
