0 1 10
0 1 11
0 1 20
0 22 12
0 22 21
0 22 22
1 1 1
1 1 2
1 1 10
1 15 4
1 15 5
1 15 14
1 15 16
1 15 25
1 19 8
1 19 19
1 19 27
1 19 29
1 22 3
1 22 12
1 22 13
1 22 21
1 22 22
1 22 31
1 36 7
1 36 26
1 36 36
1 36 37
1 36 46
1 36 48
1 42 33
1 42 41
1 42 42
1 42 43
1 42 44
1 42 53
1 65 55
1 65 56
1 65 63
1 65 64
1 65 65
1 65 85
1 70 61
1 70 70
1 70 71
1 70 90
1 70 91
1 83 62
1 83 72
1 83 73
1 83 84
1 83 92
1 87 78
1 87 97
2 15 4
2 15 5
2 15 13
2 15 14
2 15 15
2 15 26
2 15 35
2 15 37
2 19 8
2 19 18
2 19 28
2 19 29
2 19 39
2 31 21
2 31 30
2 31 34
2 42 42
2 42 43
2 48 47
2 48 58
2 48 59
2 48 68
2 48 69
2 65 54
2 65 56
2 65 63
2 65 64
2 65 66
2 65 74
2 65 75
2 65 76
2 70 72
2 83 83
2 83 84
2 83 92
2 83 94
2 87 87
2 87 88
2 87 96
2 87 98
3 1 1
3 1 10
3 1 11
3 4 3
3 4 4
3 4 12
3 4 13
3 4 14
3 4 22
3 4 34
3 17 8
3 17 16
3 17 18
3 17 36
3 31 21
3 31 30
3 31 33
3 42 50
3 42 52
3 42 53
3 44 35
3 44 44
3 44 55
3 48 27
3 48 29
3 48 37
3 48 38
3 48 46
3 48 49
3 48 57
3 48 58
3 48 59
3 65 56
3 65 63
3 65 64
3 65 65
3 65 66
3 65 75
3 65 85
3 81 60
3 81 81
3 83 62
3 83 72
3 83 73
3 83 94
3 88 77
3 88 87
3 88 99
4 1 10
4 4 3
4 4 12
4 4 13
4 4 23
4 17 8
4 17 16
4 19 9
4 19 18
4 19 19
4 19 28
4 19 39
4 31 21
4 31 22
4 31 31
4 31 33
4 44 34
4 44 35
4 44 54
4 44 55
4 44 63
4 48 27
4 48 38
4 48 47
4 48 57
4 48 59
4 71 51
4 71 71
4 81 62
4 81 70
4 81 90
4 81 92
4 85 65
4 85 74
4 85 75
4 85 84
4 85 95
4 88 78
4 88 87
4 88 89
4 88 97
4 88 98
4 88 99
5 1 0
5 1 1
5 15 6
5 15 17
5 15 35
5 19 9
5 19 27
5 19 28
5 19 39
5 21 3
5 21 13
5 21 23
5 48 38
5 48 47
5 48 49
5 48 57
5 52 41
5 52 42
5 52 44
5 52 53
5 52 54
5 52 83
5 66 45
5 66 55
5 66 64
5 66 66
5 66 75
5 66 76
5 66 77
5 71 70
5 71 73
5 71 81
5 71 82
5 85 74
5 85 85
5 85 86
5 85 95
5 85 96
5 99 79
5 99 89
5 99 97
5 99 98
5 99 99
6 1 11
6 15 14
6 15 15
6 15 16
6 15 24
6 15 25
6 15 26
6 15 37
6 18 8
6 18 18
6 18 27
6 21 23
6 21 30
6 22 3
6 22 22
6 22 31
6 22 32
6 39 38
6 39 39
6 39 47
6 39 59
6 52 41
6 52 42
6 52 44
6 52 51
6 52 52
6 52 53
6 52 54
6 52 60
6 52 63
6 66 45
6 66 56
6 66 58
6 66 64
6 66 65
6 66 66
6 66 67
6 83 62
6 83 73
6 83 83
6 83 84
6 83 92
6 83 94
6 83 95
6 99 89
6 99 97
6 99 98
7 1 0
7 15 4
7 15 6
7 15 15
7 15 17
7 15 24
7 15 26
7 18 7
7 18 9
7 18 38
7 22 12
7 22 21
7 22 23
7 22 31
7 22 32
7 22 34
7 22 40
7 39 28
7 39 29
7 39 39
7 39 47
7 42 33
7 42 42
7 42 51
7 42 52
7 62 61
7 62 63
7 62 72
7 62 80
7 62 81
7 66 36
7 66 45
7 66 46
7 66 56
7 66 57
7 66 58
7 66 64
7 66 65
7 66 66
7 66 67
7 66 76
7 83 83
7 83 84
7 83 92
7 83 95
7 99 79
7 99 98
7 99 99
8 1 0
8 15 5
8 15 15
8 15 17
8 15 24
8 15 26
8 15 37
8 19 8
8 19 28
8 19 39
8 22 12
8 22 21
8 22 22
8 22 32
8 22 34
8 22 40
8 42 33
8 42 42
8 42 43
8 42 50
8 48 27
8 48 47
8 48 48
8 48 59
8 48 68
8 62 61
8 62 63
8 62 73
8 62 81
8 66 45
8 66 55
8 66 56
8 66 58
8 66 65
8 66 67
8 83 72
8 83 82
8 83 83
8 83 84
8 83 91
8 83 92
8 83 93
8 83 94
8 87 76
8 87 78
8 87 88
8 87 96
8 87 97
9 1 0
9 1 20
9 15 4
9 15 16
9 15 17
9 15 26
9 15 35
9 19 9
9 19 28
9 19 39
9 22 3
9 22 22
9 22 23
9 22 32
9 22 42
9 48 37
9 48 47
9 48 48
9 48 57
9 50 41
9 50 50
9 50 60
9 50 70
9 54 36
9 54 43
9 54 46
9 54 54
9 54 63
9 54 74
9 54 75
9 68 58
9 68 69
9 68 79
9 68 99
9 83 62
9 83 73
9 83 82
9 83 84
9 83 91
9 83 94
9 87 85
--- Done ---
