0 1 11
0 21 10
0 21 12
0 21 20
0 21 21
0 33 22
1 1 1
1 1 2
1 4 3
1 4 4
1 4 5
1 4 14
1 7 7
1 7 8
1 15 13
1 15 16
1 15 25
1 15 26
1 21 10
1 21 12
1 21 21
1 21 31
1 28 19
1 33 22
1 33 33
1 33 43
1 38 27
1 38 29
1 38 37
1 38 48
1 45 36
1 45 44
1 45 46
1 45 55
1 45 56
1 52 41
1 52 42
1 52 53
1 52 62
1 52 72
1 54 63
1 54 65
1 71 61
1 71 70
1 71 71
1 74 64
1 74 73
1 74 84
1 74 85
1 77 78
1 91 90
1 91 91
1 91 92
1 97 97
2 4 4
2 4 34
2 7 8
2 15 5
2 15 13
2 15 14
2 15 15
2 15 26
2 28 18
2 28 28
2 28 47
2 30 21
2 30 30
2 38 29
2 38 37
2 38 39
2 45 35
2 45 56
2 52 42
2 54 43
2 54 54
2 54 63
2 58 58
2 58 59
2 58 68
2 58 69
2 71 72
2 74 64
2 74 74
2 74 75
2 74 83
2 77 66
2 77 76
2 84 84
2 84 94
2 91 92
2 97 87
2 97 88
2 97 96
2 97 98
3 1 1
3 4 3
3 4 4
3 4 14
3 4 34
3 18 8
3 18 18
3 18 27
3 21 10
3 21 11
3 21 21
3 23 12
3 23 13
3 23 22
3 23 33
3 26 16
3 26 36
3 30 30
3 38 29
3 38 37
3 38 38
3 38 49
3 45 35
3 45 44
3 45 46
3 45 55
3 52 52
3 52 53
3 52 62
3 52 63
3 52 72
3 58 57
3 58 58
3 58 59
3 60 50
3 60 60
3 65 56
3 65 64
3 65 65
3 65 66
3 65 75
3 84 73
3 84 94
3 87 77
3 87 85
3 87 87
3 89 99
3 91 81
4 4 3
4 4 34
4 18 8
4 18 9
4 18 18
4 18 19
4 18 27
4 18 28
4 21 10
4 21 12
4 21 21
4 21 31
4 23 13
4 23 22
4 23 23
4 23 33
4 26 16
4 26 35
4 47 38
4 47 47
4 47 57
4 49 39
4 49 59
4 52 51
4 52 62
4 52 63
4 65 54
4 65 55
4 65 65
4 65 74
4 65 75
4 80 70
4 80 71
4 80 90
4 85 84
4 85 95
4 87 87
4 87 97
4 87 98
4 89 78
4 89 89
4 89 99
4 91 92
5 1 0
5 1 1
5 4 3
5 4 23
5 15 6
5 15 13
5 18 9
5 18 17
5 18 27
5 18 28
5 44 35
5 44 44
5 44 45
5 44 54
5 47 38
5 47 47
5 47 57
5 49 39
5 49 49
5 52 41
5 52 42
5 52 53
5 66 55
5 66 64
5 66 66
5 66 75
5 66 76
5 73 73
5 73 74
5 73 82
5 73 83
5 79 79
5 79 89
5 80 70
5 80 81
5 85 85
5 85 86
5 85 95
5 87 77
5 87 96
5 87 98
5 99 97
5 99 99
6 1 11
6 3 3
6 15 14
6 15 15
6 15 16
6 15 24
6 15 25
6 15 26
6 18 8
6 18 18
6 18 27
6 33 22
6 33 23
6 33 32
6 38 37
6 38 38
6 38 39
6 40 30
6 40 31
6 44 44
6 44 45
6 44 54
6 48 47
6 48 58
6 52 41
6 52 42
6 52 51
6 52 52
6 52 53
6 52 62
6 52 63
6 66 56
6 66 64
6 66 65
6 66 66
6 66 67
6 70 60
6 73 73
6 79 59
6 79 89
6 92 83
6 92 92
6 95 84
6 95 94
6 95 95
6 99 97
6 99 98
7 1 0
7 3 4
7 3 12
7 8 7
7 8 9
7 8 17
7 15 6
7 15 15
7 15 24
7 15 26
7 31 21
7 31 31
7 31 32
7 31 42
7 33 23
7 33 33
7 33 34
7 38 28
7 38 29
7 38 38
7 38 39
7 40 40
7 40 51
7 46 36
7 46 45
7 46 46
7 46 56
7 46 57
7 48 47
7 48 58
7 62 52
7 62 61
7 62 63
7 62 72
7 66 64
7 66 65
7 66 66
7 66 67
7 66 76
7 70 80
7 92 81
7 92 83
7 92 92
7 95 84
7 95 95
7 99 79
7 99 98
7 99 99
8 1 0
8 3 12
8 8 8
8 8 17
8 15 5
8 15 15
8 15 24
8 15 26
8 31 21
8 31 42
8 33 22
8 33 32
8 33 33
8 33 34
8 33 43
8 38 27
8 38 28
8 38 37
8 38 39
8 46 45
8 46 47
8 46 56
8 50 40
8 50 50
8 58 48
8 58 58
8 58 59
8 58 68
8 62 61
8 62 63
8 62 72
8 62 73
8 66 55
8 66 65
8 66 67
8 66 76
8 89 78
8 89 88
8 92 81
8 92 82
8 92 83
8 92 91
8 92 92
8 92 93
8 95 84
8 95 94
8 95 96
8 99 97
9 1 0
9 4 3
9 4 4
9 4 23
9 9 9
9 26 16
9 26 17
9 26 26
9 26 35
9 29 28
9 29 39
9 31 20
9 31 32
9 31 42
9 33 22
9 33 43
9 36 36
9 36 37
9 36 46
9 36 47
9 50 41
9 50 50
9 50 60
9 58 48
9 58 57
9 58 58
9 58 69
9 62 62
9 62 63
9 62 73
9 62 82
9 65 54
9 65 74
9 65 75
9 70 70
9 70 91
9 89 79
9 89 99
9 95 84
9 95 85
9 95 94
--- Done ---
