0 1 10
0 1 11
0 1 12
0 1 20
0 1 21
0 1 22
1 1 1
1 1 2
1 1 3
1 1 10
1 1 12
1 1 13
1 1 21
1 1 22
1 26 4
1 26 5
1 26 7
1 26 8
1 26 14
1 26 16
1 26 25
1 26 26
1 26 27
1 26 36
1 26 37
1 26 44
1 26 46
1 49 19
1 49 29
1 49 48
1 51 31
1 51 33
1 51 41
1 51 42
1 51 43
1 51 53
1 51 61
1 51 62
1 51 63
1 51 70
1 76 55
1 76 56
1 76 64
1 76 65
1 76 78
1 76 85
1 76 97
1 82 71
1 82 72
1 82 73
1 82 84
1 82 90
1 82 91
1 82 92
2 1 13
2 1 21
2 26 4
2 26 5
2 26 8
2 26 14
2 26 15
2 26 18
2 26 26
2 26 28
2 26 34
2 26 35
2 26 37
2 49 29
2 49 39
2 49 47
2 49 58
2 49 59
2 49 68
2 49 69
2 51 30
2 51 42
2 51 43
2 51 63
2 76 54
2 76 56
2 76 64
2 76 66
2 76 74
2 76 75
2 76 76
2 76 87
2 76 88
2 76 96
2 76 98
2 82 72
2 82 83
2 82 84
2 82 92
2 82 94
3 1 1
3 1 3
3 1 10
3 1 11
3 1 12
3 1 13
3 1 21
3 1 22
3 26 4
3 26 8
3 26 14
3 26 16
3 26 18
3 26 27
3 26 34
3 26 35
3 26 36
3 26 37
3 26 44
3 26 46
3 49 29
3 49 38
3 49 49
3 49 57
3 49 58
3 49 59
3 51 30
3 51 33
3 51 50
3 51 52
3 51 53
3 51 60
3 51 62
3 51 63
3 76 55
3 76 56
3 76 64
3 76 65
3 76 66
3 76 75
3 76 77
3 76 85
3 76 87
3 76 99
3 82 72
3 82 73
3 82 81
3 82 94
4 1 3
4 1 10
4 1 12
4 1 13
4 1 21
4 1 22
4 1 23
4 26 8
4 26 9
4 26 16
4 26 18
4 26 27
4 26 28
4 26 34
4 26 35
4 49 19
4 49 38
4 49 39
4 49 47
4 49 57
4 49 59
4 51 31
4 51 33
4 51 51
4 51 62
4 51 63
4 51 70
4 76 54
4 76 55
4 76 65
4 76 74
4 76 75
4 76 78
4 76 87
4 76 89
4 76 95
4 76 97
4 76 98
4 76 99
4 82 71
4 82 84
4 82 90
4 82 92
5 1 0
5 1 1
5 1 3
5 1 13
5 1 23
5 26 6
5 26 9
5 26 17
5 26 27
5 26 28
5 26 35
5 26 44
5 26 45
5 49 38
5 49 39
5 49 47
5 49 49
5 49 57
5 49 79
5 51 41
5 51 42
5 51 53
5 51 70
5 76 54
5 76 55
5 76 64
5 76 66
5 76 74
5 76 75
5 76 76
5 76 77
5 76 85
5 76 86
5 76 89
5 76 95
5 76 96
5 76 97
5 76 98
5 76 99
5 82 73
5 82 81
5 82 82
5 82 83
6 1 3
6 1 11
6 1 22
6 1 23
6 26 8
6 26 14
6 26 15
6 26 16
6 26 18
6 26 24
6 26 25
6 26 26
6 26 27
6 26 37
6 26 44
6 26 45
6 49 38
6 49 39
6 49 47
6 49 58
6 49 59
6 51 30
6 51 31
6 51 32
6 51 41
6 51 42
6 51 51
6 51 52
6 51 53
6 51 60
6 51 62
6 51 63
6 76 54
6 76 56
6 76 64
6 76 65
6 76 66
6 76 67
6 76 89
6 76 95
6 76 97
6 76 98
6 82 73
6 82 83
6 82 84
6 82 92
6 82 94
7 1 0
7 1 12
7 1 21
7 1 23
7 26 4
7 26 6
7 26 7
7 26 9
7 26 15
7 26 17
7 26 24
7 26 26
7 26 28
7 26 34
7 26 36
7 26 45
7 26 46
7 49 29
7 49 38
7 49 39
7 49 47
7 49 57
7 49 58
7 49 79
7 51 31
7 51 32
7 51 33
7 51 40
7 51 42
7 51 51
7 51 52
7 51 61
7 51 63
7 76 56
7 76 64
7 76 65
7 76 66
7 76 67
7 76 76
7 76 95
7 76 98
7 76 99
7 82 72
7 82 80
7 82 81
7 82 83
7 82 84
7 82 92
8 1 0
8 1 12
8 1 21
8 1 22
8 26 5
8 26 8
8 26 15
8 26 17
8 26 24
8 26 26
8 26 27
8 26 28
8 26 34
8 26 37
8 26 45
8 49 39
8 49 47
8 49 48
8 49 58
8 49 59
8 49 68
8 51 32
8 51 33
8 51 40
8 51 42
8 51 43
8 51 50
8 51 61
8 51 63
8 76 55
8 76 56
8 76 65
8 76 67
8 76 76
8 76 78
8 76 88
8 76 96
8 76 97
8 82 72
8 82 73
8 82 81
8 82 82
8 82 83
8 82 84
8 82 91
8 82 92
8 82 93
8 82 94
9 1 0
9 1 3
9 1 20
9 1 22
9 1 23
9 26 4
9 26 9
9 26 16
9 26 17
9 26 26
9 26 28
9 26 35
9 26 36
9 26 37
9 26 46
9 49 39
9 49 47
9 49 48
9 49 57
9 49 58
9 49 69
9 49 79
9 51 32
9 51 41
9 51 42
9 51 43
9 51 50
9 51 60
9 51 62
9 51 63
9 51 70
9 76 54
9 76 74
9 76 75
9 76 85
9 76 99
9 82 73
9 82 82
9 82 84
9 82 91
9 82 94
--- Done ---
