0 31 -1
0 72 61
0 72 62
0 72 63
0 72 71
0 72 72
1 2 2
1 2 3
1 2 14
1 17 8
1 17 15
1 31 0
1 31 30
1 31 51
1 31 52
1 55 43
1 55 47
1 55 62
1 55 63
1 55 68
1 72 60
1 72 61
1 72 71
1 72 72
1 72 80
1 72 81
1 72 83
1 72 92
1 72 93
1 79 46
1 79 58
1 79 69
1 79 78
1 79 87
1 79 89
1 79 98
1 79 99
1 86 77
2 2 2
2 2 3
2 2 4
2 2 12
2 17 25
2 17 39
2 31 10
2 31 20
2 31 21
2 31 22
2 31 32
2 31 33
2 31 34
2 31 42
2 31 44
2 31 52
2 55 45
2 55 47
2 55 54
2 55 55
2 55 57
2 55 62
2 55 65
2 72 61
2 72 63
2 72 70
2 72 72
2 72 73
2 72 80
2 72 81
2 72 82
2 72 83
2 72 85
2 72 91
2 72 92
2 79 49
2 79 58
2 79 67
2 79 68
2 79 78
2 79 79
2 79 98
2 86 66
2 86 75
2 86 77
2 86 86
2 86 87
2 86 94
2 86 96
2 86 97
3 2 1
3 2 3
3 2 12
3 2 14
3 17 6
3 17 8
3 17 9
3 17 15
3 17 17
3 17 18
3 17 25
3 17 27
3 17 29
3 31 0
3 31 13
3 31 20
3 31 22
3 31 23
3 31 24
3 31 30
3 31 31
3 31 32
3 31 33
3 31 40
3 31 44
3 31 51
3 31 52
3 55 43
3 55 55
3 55 56
3 55 62
3 55 64
3 55 75
3 57 37
3 57 45
3 57 46
3 57 47
3 57 48
3 57 57
3 57 58
3 57 65
3 57 67
3 57 78
3 72 61
3 72 70
3 72 71
3 72 72
3 72 80
3 72 81
3 72 82
3 72 84
3 72 90
3 72 91
3 72 93
3 79 79
3 79 89
3 79 98
3 86 76
3 86 77
3 86 85
3 86 86
3 86 94
3 86 95
3 86 97
4 2 1
4 2 2
4 2 3
4 2 11
4 2 25
4 17 4
4 17 5
4 17 7
4 17 8
4 17 9
4 17 15
4 17 17
4 17 18
4 17 26
4 17 28
4 17 29
4 17 36
4 17 39
4 31 10
4 31 13
4 31 20
4 31 23
4 31 24
4 31 32
4 31 33
4 31 34
4 31 40
4 31 41
4 31 42
4 31 44
4 31 50
4 31 51
4 31 52
4 55 43
4 55 46
4 55 53
4 55 55
4 55 62
4 55 63
4 55 74
4 57 35
4 57 38
4 57 47
4 57 48
4 57 56
4 57 57
4 57 59
4 57 67
4 72 61
4 72 70
4 72 71
4 72 72
4 72 80
4 72 81
4 72 90
4 72 91
4 72 93
4 79 69
4 79 78
4 79 79
4 79 89
4 79 98
4 86 75
4 86 77
4 86 84
4 86 86
4 86 87
4 86 88
4 86 94
4 86 95
4 86 96
5 2 2
5 2 3
5 2 12
5 2 14
5 2 21
5 2 24
5 2 25
5 17 6
5 17 7
5 17 9
5 17 17
5 17 18
5 17 19
5 17 26
5 17 27
5 17 28
5 17 29
5 17 36
5 17 39
5 31 0
5 31 10
5 31 13
5 31 20
5 31 22
5 31 23
5 31 30
5 31 31
5 31 32
5 31 33
5 31 34
5 31 40
5 31 41
5 31 42
5 31 44
5 31 50
5 31 51
5 31 52
5 55 43
5 55 62
5 55 63
5 55 64
5 55 65
5 57 45
5 57 47
5 57 48
5 57 54
5 57 56
5 57 57
5 57 58
5 57 66
5 57 76
5 57 78
5 72 60
5 72 61
5 72 71
5 72 72
5 72 73
5 72 80
5 72 81
5 72 82
5 72 90
5 72 92
5 72 93
5 79 46
5 79 67
5 79 68
5 79 69
5 79 79
5 79 89
5 86 75
5 86 77
5 86 84
5 86 85
5 86 86
5 86 87
5 86 88
5 86 95
5 86 98
5 86 99
6 2 1
6 2 2
6 2 3
6 2 4
6 2 11
6 2 12
6 2 14
6 2 25
6 17 5
6 17 6
6 17 9
6 17 15
6 17 16
6 17 17
6 17 18
6 17 19
6 17 26
6 17 28
6 17 29
6 17 39
6 31 0
6 31 10
6 31 13
6 31 20
6 31 21
6 31 22
6 31 24
6 31 30
6 31 31
6 31 33
6 31 34
6 31 41
6 31 42
6 31 50
6 31 51
6 31 52
6 55 27
6 55 36
6 55 37
6 55 38
6 55 43
6 55 44
6 55 45
6 55 53
6 55 54
6 55 56
6 55 62
6 55 63
6 55 64
6 55 68
6 57 47
6 57 48
6 57 59
6 57 67
6 57 78
6 72 60
6 72 61
6 72 70
6 72 71
6 72 72
6 72 80
6 72 81
6 72 82
6 72 84
6 72 85
6 72 90
6 72 91
6 72 92
6 72 93
6 79 49
6 79 69
6 79 79
6 79 87
6 86 66
6 86 77
6 86 86
6 86 88
6 86 94
6 86 95
6 86 96
6 86 97
6 86 98
7 2 1
7 2 2
7 2 3
7 2 11
7 2 12
7 2 14
7 2 25
7 17 4
7 17 6
7 17 7
7 17 9
7 17 15
7 17 16
7 17 17
7 17 18
7 17 19
7 17 27
7 17 28
7 17 29
7 17 39
7 31 0
7 31 20
7 31 21
7 31 22
7 31 23
7 31 24
7 31 30
7 31 31
7 31 32
7 31 33
7 31 34
7 31 41
7 31 44
7 31 50
7 31 51
7 55 36
7 55 43
7 55 45
7 55 46
7 55 47
7 55 53
7 55 54
7 55 55
7 55 63
7 55 74
7 55 75
7 57 35
7 57 37
7 57 38
7 57 48
7 57 56
7 57 57
7 57 65
7 57 68
7 72 60
7 72 61
7 72 62
7 72 70
7 72 71
7 72 73
7 72 80
7 72 81
7 72 83
7 72 84
7 72 85
7 72 90
7 72 91
7 79 49
7 79 58
7 79 59
7 79 67
7 79 69
7 79 89
7 79 98
7 86 76
7 86 77
7 86 87
7 86 95
7 86 96
7 86 97
7 86 99
8 2 1
8 2 2
8 2 3
8 2 4
8 2 11
8 2 12
8 2 25
8 17 5
8 17 7
8 17 8
8 17 9
8 17 15
8 17 16
8 17 17
8 17 19
8 17 26
8 17 28
8 17 29
8 17 36
8 17 39
8 31 0
8 31 13
8 31 20
8 31 21
8 31 22
8 31 23
8 31 24
8 31 30
8 31 31
8 31 32
8 31 40
8 31 41
8 31 44
8 31 52
8 55 27
8 55 37
8 55 43
8 55 45
8 55 46
8 55 47
8 55 53
8 55 55
8 55 56
8 55 62
8 55 66
8 55 74
8 57 35
8 57 48
8 57 57
8 57 59
8 57 67
8 72 61
8 72 70
8 72 71
8 72 72
8 72 73
8 72 80
8 72 81
8 72 83
8 72 85
8 72 90
8 72 91
8 72 92
8 72 93
8 79 49
8 79 69
8 79 78
8 79 88
8 86 76
8 86 77
8 86 86
8 86 98
8 86 99
9 2 1
9 2 4
9 2 12
9 17 16
9 17 17
9 17 18
9 17 19
9 17 26
9 17 29
9 17 39
9 31 0
9 31 13
9 31 21
9 31 22
9 31 24
9 31 31
9 31 33
9 31 40
9 31 41
9 31 42
9 31 51
9 31 52
9 55 38
9 55 43
9 55 45
9 55 46
9 55 53
9 55 55
9 55 56
9 55 62
9 55 64
9 55 74
9 57 35
9 57 58
9 57 67
9 72 70
9 72 72
9 72 82
9 72 83
9 72 85
9 72 90
9 72 91
9 72 93
9 79 88
9 86 77
9 86 86
9 86 87
9 86 95
9 86 96
9 86 98
9 86 99
10 2 1
10 2 3
10 2 12
10 17 5
10 17 6
10 17 9
10 17 16
10 17 18
10 17 26
10 17 27
10 17 28
10 17 29
10 17 36
10 31 0
10 31 21
10 31 22
10 31 30
10 31 31
10 31 34
10 31 40
10 31 42
10 31 50
10 31 51
10 55 56
10 55 66
10 57 37
10 57 45
10 57 48
10 57 54
10 57 58
10 57 59
10 57 68
10 72 53
10 72 62
10 72 70
10 72 71
10 72 73
10 72 90
10 72 91
10 72 92
10 72 93
10 79 49
10 86 76
10 86 77
10 86 94
10 86 97
10 86 99
11 2 4
11 2 25
11 17 6
11 17 7
11 17 8
11 17 16
11 17 19
11 31 0
11 31 20
11 31 31
11 31 32
11 31 44
11 31 52
11 55 45
11 55 47
11 55 63
11 55 64
11 55 68
11 57 48
11 57 57
11 57 67
11 72 61
11 72 72
11 72 81
11 72 82
11 72 83
11 72 90
11 72 92
11 79 69
11 79 88
11 79 89
11 86 84
11 86 86
11 86 94
11 86 96
--- Done ---
