0 13 -1
0 51 61
0 51 62
0 51 63
0 51 71
0 51 72
1 11 0
1 11 2
1 11 14
1 13 3
1 13 15
1 17 8
1 22 30
1 35 47
1 37 -1
1 51 51
1 51 52
1 51 60
1 51 61
1 51 62
1 51 71
1 51 72
1 51 81
1 51 63
1 51 43
1 75 77
1 75 83
1 79 68
1 79 69
1 79 89
1 79 98
1 79 99
1 79 58
1 79 78
1 79 87
1 79 46
1 91 80
1 91 92
1 91 93
2 11 10
2 11 20
2 11 21
2 11 2
2 11 4
2 11 12
2 13 3
2 17 -1
2 22 22
2 35 44
2 35 33
2 35 34
2 35 47
2 35 25
2 35 32
2 35 39
2 37 57
2 51 52
2 51 61
2 51 62
2 51 70
2 51 42
2 51 72
2 51 81
2 51 54
2 51 63
2 75 65
2 75 66
2 75 73
2 75 75
2 75 77
2 75 83
2 75 85
2 75 86
2 75 96
2 75 45
2 75 55
2 75 87
2 79 68
2 79 79
2 79 97
2 79 98
2 79 49
2 79 58
2 79 67
2 79 78
2 91 80
2 91 82
2 91 91
2 91 92
2 91 94
3 11 0
3 11 1
3 11 20
3 13 3
3 13 23
3 13 12
3 13 13
3 13 31
3 13 32
3 13 43
3 13 14
3 13 24
3 17 6
3 17 8
3 17 9
3 17 17
3 17 18
3 17 27
3 17 29
3 17 15
3 17 25
3 22 30
3 22 33
3 22 22
3 35 44
3 35 45
3 35 55
3 37 48
3 37 57
3 37 37
3 37 47
3 37 56
3 37 58
3 37 67
3 37 78
3 37 46
3 51 40
3 51 52
3 51 61
3 51 62
3 51 70
3 75 75
3 79 79
3 79 89
3 79 97
3 79 98
3 84 51
3 84 95
3 84 64
3 84 65
3 84 72
3 84 76
3 84 77
3 84 82
3 84 84
3 84 85
3 84 86
3 84 93
3 84 94
3 91 71
3 91 80
3 91 81
3 91 90
3 91 91
4 11 1
4 11 11
4 13 3
4 13 13
4 17 5
4 17 7
4 17 8
4 17 9
4 17 17
4 17 18
4 17 28
4 17 29
4 17 4
4 17 15
4 17 25
4 17 26
4 17 36
4 17 39
4 22 53
4 22 42
4 22 2
4 22 10
4 22 20
4 22 23
4 31 -1
4 35 35
4 35 44
4 35 47
4 35 55
4 35 33
4 35 34
4 35 43
4 35 32
4 35 24
4 37 38
4 37 48
4 37 57
4 37 56
4 51 61
4 51 62
4 51 70
4 51 40
4 51 41
4 51 50
4 51 52
4 51 71
4 51 81
4 75 96
4 75 74
4 75 75
4 75 77
4 79 69
4 79 79
4 79 88
4 79 89
4 79 98
4 79 59
4 79 67
4 79 78
4 79 87
4 79 46
4 84 95
4 84 51
4 84 72
4 84 84
4 84 86
4 84 93
4 84 94
4 84 63
4 91 80
4 91 90
4 91 91
5 11 0
5 11 2
5 11 12
5 11 14
5 13 3
5 13 43
5 13 13
5 17 6
5 17 7
5 17 9
5 17 19
5 17 17
5 17 18
5 17 27
5 17 28
5 17 29
5 17 25
5 17 26
5 17 36
5 17 39
5 22 30
5 22 22
5 31 41
5 31 44
5 31 50
5 31 52
5 31 42
5 31 51
5 31 10
5 31 20
5 31 21
5 31 23
5 31 33
5 31 34
5 31 31
5 31 32
5 31 24
5 35 -1
5 37 48
5 37 57
5 37 47
5 37 56
5 37 58
5 37 67
5 37 78
5 37 46
5 51 60
5 51 61
5 51 62
5 51 40
5 51 81
5 75 66
5 75 45
5 75 64
5 75 65
5 75 73
5 75 75
5 75 76
5 75 77
5 75 85
5 75 86
5 75 87
5 75 54
5 75 63
5 79 68
5 79 69
5 79 79
5 79 88
5 79 89
5 79 98
5 79 99
5 84 95
5 84 84
5 91 80
5 91 90
5 91 71
5 91 72
5 91 82
5 91 92
5 91 93
6 11 1
6 11 0
6 11 2
6 11 10
6 11 11
6 11 12
6 11 20
6 11 21
6 11 14
6 13 3
6 13 13
6 17 5
6 17 6
6 17 9
6 17 19
6 17 16
6 17 17
6 17 18
6 17 27
6 17 28
6 17 29
6 17 4
6 17 15
6 17 25
6 17 26
6 17 36
6 17 39
6 22 53
6 22 30
6 22 33
6 22 34
6 22 22
6 22 24
6 31 44
6 31 31
6 35 -1
6 37 38
6 37 48
6 37 37
6 37 47
6 37 56
6 51 60
6 51 61
6 51 62
6 51 70
6 51 41
6 51 50
6 51 52
6 51 71
6 51 81
6 51 42
6 51 51
6 51 72
6 51 43
6 51 54
6 51 63
6 75 66
6 75 96
6 75 45
6 75 64
6 75 77
6 75 85
6 75 86
6 79 68
6 79 69
6 79 79
6 79 88
6 79 97
6 79 98
6 79 49
6 79 59
6 79 67
6 79 78
6 79 87
6 84 95
6 84 84
6 91 80
6 91 90
6 91 91
6 91 82
6 91 92
6 91 93
6 91 94
7 11 1
7 11 0
7 11 2
7 11 11
7 11 12
7 11 20
7 11 21
7 11 14
7 13 3
7 17 6
7 17 7
7 17 9
7 17 19
7 17 16
7 17 17
7 17 18
7 17 27
7 17 28
7 17 29
7 17 4
7 17 15
7 22 53
7 22 30
7 22 23
7 22 22
7 31 31
7 35 35
7 35 44
7 35 45
7 35 55
7 35 33
7 35 34
7 35 32
7 37 38
7 37 48
7 37 57
7 37 37
7 37 47
7 37 56
7 37 58
7 37 59
7 37 67
7 37 25
7 37 36
7 37 39
7 37 46
7 37 24
7 51 60
7 51 61
7 51 62
7 51 70
7 51 41
7 51 50
7 51 71
7 51 81
7 51 51
7 51 43
7 75 96
7 75 75
7 79 68
7 79 69
7 79 89
7 79 97
7 79 98
7 79 99
7 79 49
7 79 87
7 84 95
7 84 65
7 84 73
7 84 74
7 84 76
7 84 77
7 84 83
7 84 84
7 84 85
7 84 54
7 84 63
7 91 80
7 91 90
7 91 91
8 11 1
8 11 0
8 11 2
8 11 11
8 11 12
8 11 20
8 11 21
8 13 3
8 13 23
8 13 13
8 17 5
8 17 7
8 17 8
8 17 9
8 17 19
8 17 16
8 17 17
8 17 27
8 17 28
8 17 29
8 17 4
8 17 15
8 17 25
8 17 26
8 17 36
8 17 39
8 22 53
8 22 30
8 22 22
8 31 31
8 35 35
8 35 44
8 35 45
8 35 47
8 35 55
8 35 32
8 35 24
8 37 48
8 37 57
8 37 37
8 37 56
8 51 61
8 51 62
8 51 70
8 51 40
8 51 41
8 51 52
8 51 71
8 51 81
8 51 72
8 51 43
8 75 66
8 75 73
8 75 74
8 75 76
8 75 77
8 75 83
8 75 85
8 75 86
8 79 69
8 79 88
8 79 98
8 79 99
8 79 49
8 79 59
8 79 67
8 79 78
8 79 46
8 84 -1
8 91 80
8 91 90
8 91 91
8 91 92
8 91 93
9 11 1
9 11 0
9 11 4
9 11 12
9 11 21
9 13 13
9 17 19
9 17 17
9 22 53
9 22 22
9 31 31
9 35 35
9 35 45
9 35 55
9 35 33
9 35 43
9 37 38
9 37 16
9 37 18
9 37 29
9 37 56
9 37 58
9 37 67
9 37 26
9 37 39
9 37 46
9 37 24
9 51 62
9 51 70
9 51 40
9 51 41
9 51 52
9 51 42
9 51 51
9 51 72
9 75 96
9 75 64
9 75 74
9 75 77
9 75 83
9 75 85
9 75 86
9 75 87
9 79 88
9 79 98
9 79 99
9 84 95
9 91 90
9 91 91
9 91 82
9 91 93
10 11 1
10 11 0
10 13 3
10 17 5
10 17 6
10 17 9
10 17 16
10 17 18
10 17 27
10 17 28
10 17 29
10 17 26
10 17 36
10 22 53
10 22 30
10 22 12
10 22 21
10 22 34
10 22 42
10 22 22
10 31 31
10 35 -1
10 37 48
10 37 37
10 37 56
10 51 62
10 51 70
10 51 40
10 51 50
10 51 71
10 51 51
10 51 54
10 75 66
10 75 45
10 75 73
10 75 76
10 75 77
10 79 68
10 79 97
10 79 99
10 79 49
10 79 58
10 79 59
10 84 -1
10 91 90
10 91 91
10 91 92
10 91 93
10 91 94
11 11 0
11 13 -1
11 17 6
11 17 7
11 17 8
11 17 19
11 17 16
11 17 4
11 17 25
11 22 -1
11 31 44
11 31 52
11 31 20
11 31 31
11 31 32
11 35 -1
11 37 48
11 37 57
11 37 47
11 51 61
11 51 81
11 75 96
11 75 45
11 75 64
11 75 83
11 75 86
11 75 63
11 79 68
11 79 69
11 79 88
11 79 89
11 79 67
11 84 84
11 91 90
11 91 82
11 91 92
11 91 94
11 91 72
--- Done ---
