0 13 61
0 13 62
0 13 63
0 13 71
0 13 72
0 63 -1
1 13 0
1 13 2
1 13 3
1 13 8
1 13 14
1 13 15
1 13 30
1 13 43
1 13 46
1 13 58
1 13 89
1 13 99
1 32 -1
1 38 -1
1 50 -1
1 63 47
1 63 51
1 63 52
1 63 60
1 63 61
1 63 62
1 63 63
1 63 68
1 63 69
1 63 71
1 63 72
1 63 77
1 63 78
1 63 80
1 63 81
1 63 83
1 63 87
1 63 92
1 63 93
1 63 98
1 78 -1
2 13 2
2 13 3
2 13 4
2 13 12
2 13 22
2 32 10
2 32 20
2 32 21
2 32 32
2 32 33
2 32 34
2 32 42
2 32 44
2 38 25
2 38 39
2 38 45
2 38 47
2 38 49
2 38 58
2 38 75
2 50 61
2 50 70
2 50 80
2 63 52
2 63 54
2 63 55
2 63 62
2 63 63
2 63 65
2 63 72
2 63 73
2 63 81
2 63 82
2 63 83
2 63 85
2 63 91
2 63 92
2 63 94
2 78 57
2 78 66
2 78 67
2 78 68
2 78 77
2 78 78
2 78 79
2 78 86
2 78 87
2 78 96
2 78 97
2 78 98
3 13 1
3 13 3
3 13 12
3 13 13
3 13 14
3 13 15
3 13 22
3 13 24
3 32 0
3 32 20
3 32 23
3 32 30
3 32 31
3 32 32
3 32 33
3 32 43
3 32 44
3 38 6
3 38 8
3 38 9
3 38 17
3 38 18
3 38 25
3 38 27
3 38 29
3 38 37
3 38 45
3 38 46
3 38 47
3 38 48
3 38 58
3 38 75
3 50 40
3 50 51
3 50 61
3 50 70
3 50 71
3 50 80
3 50 90
3 53 -1
3 63 52
3 63 55
3 63 62
3 63 64
3 63 65
3 63 72
3 63 81
3 63 82
3 63 84
3 63 85
3 63 91
3 63 93
3 63 94
3 63 95
3 75 -1
3 78 56
3 78 57
3 78 67
3 78 76
3 78 77
3 78 78
3 78 79
3 78 86
3 78 89
3 78 97
3 78 98
4 13 1
4 13 2
4 13 3
4 13 4
4 13 5
4 13 11
4 13 13
4 13 15
4 13 24
4 32 10
4 32 20
4 32 23
4 32 32
4 32 33
4 32 41
4 32 42
4 38 7
4 38 8
4 38 9
4 38 17
4 38 18
4 38 25
4 38 26
4 38 28
4 38 29
4 38 35
4 38 36
4 38 38
4 38 39
4 38 46
4 38 47
4 38 48
4 38 59
4 50 40
4 50 50
4 50 51
4 50 61
4 50 70
4 50 71
4 50 80
4 50 90
4 53 34
4 53 43
4 53 44
4 53 52
4 53 53
4 53 55
4 63 62
4 63 63
4 63 72
4 63 81
4 63 91
4 63 93
4 75 74
4 75 75
4 75 84
4 75 86
4 75 94
4 75 95
4 75 96
4 78 56
4 78 57
4 78 67
4 78 69
4 78 77
4 78 78
4 78 79
4 78 87
4 78 88
4 78 89
4 78 98
5 13 2
5 13 3
5 13 12
5 13 13
5 13 14
5 13 22
5 13 24
5 14 -1
5 32 0
5 32 10
5 32 20
5 32 21
5 32 23
5 32 30
5 32 31
5 32 32
5 32 33
5 32 41
5 32 42
5 33 -1
5 38 6
5 38 7
5 38 9
5 38 17
5 38 18
5 38 19
5 38 25
5 38 26
5 38 27
5 38 28
5 38 29
5 38 36
5 38 39
5 38 46
5 38 47
5 38 48
5 38 58
5 50 40
5 50 50
5 50 51
5 50 60
5 50 61
5 50 71
5 50 80
5 50 90
5 53 34
5 53 43
5 53 44
5 53 45
5 53 52
5 53 54
5 56 -1
5 63 62
5 63 63
5 63 64
5 63 72
5 63 73
5 63 81
5 63 82
5 63 92
5 63 93
5 73 -1
5 75 65
5 75 66
5 75 75
5 75 76
5 75 84
5 75 85
5 75 86
5 75 95
5 78 56
5 78 57
5 78 67
5 78 68
5 78 69
5 78 77
5 78 78
5 78 79
5 78 87
5 78 88
5 78 89
5 78 98
5 78 99
5 91 -1
6 13 1
6 13 2
6 13 3
6 13 11
6 13 12
6 13 13
6 13 22
6 13 24
6 14 4
6 14 5
6 14 6
6 14 14
6 14 15
6 14 25
6 32 0
6 32 10
6 32 20
6 32 30
6 32 31
6 32 41
6 32 42
6 33 21
6 33 26
6 33 33
6 33 34
6 33 43
6 33 44
6 38 9
6 38 16
6 38 17
6 38 18
6 38 19
6 38 27
6 38 28
6 38 29
6 38 36
6 38 38
6 38 39
6 38 47
6 38 48
6 38 49
6 38 59
6 50 50
6 50 51
6 50 60
6 50 61
6 50 70
6 53 52
6 53 53
6 53 54
6 56 37
6 56 45
6 56 56
6 63 62
6 63 63
6 63 64
6 73 71
6 73 72
6 75 66
6 75 84
6 75 85
6 75 86
6 75 95
6 75 96
6 78 67
6 78 68
6 78 69
6 78 77
6 78 78
6 78 79
6 78 87
6 78 88
6 78 97
6 78 98
6 91 80
6 91 81
6 91 82
6 91 90
6 91 91
6 91 92
6 91 93
6 91 94
7 13 1
7 13 2
7 13 3
7 13 11
7 13 12
7 13 22
7 13 24
7 14 4
7 14 6
7 14 7
7 14 14
7 14 15
7 14 25
7 14 35
7 32 0
7 32 20
7 32 23
7 32 30
7 32 31
7 32 32
7 32 41
7 33 21
7 33 33
7 33 34
7 33 43
7 33 44
7 38 9
7 38 16
7 38 17
7 38 18
7 38 19
7 38 27
7 38 28
7 38 29
7 38 36
7 38 38
7 38 39
7 38 47
7 38 48
7 38 49
7 38 59
7 50 50
7 50 51
7 50 60
7 50 61
7 50 70
7 53 53
7 53 54
7 56 37
7 56 45
7 56 46
7 56 55
7 56 56
7 56 57
7 56 58
7 63 62
7 63 63
7 73 71
7 73 73
7 73 83
7 75 65
7 75 74
7 75 75
7 75 76
7 75 84
7 75 85
7 75 95
7 75 96
7 78 67
7 78 68
7 78 69
7 78 77
7 78 87
7 78 89
7 78 97
7 78 98
7 78 99
7 91 80
7 91 81
7 91 90
7 91 91
8 13 1
8 13 2
8 13 3
8 13 11
8 13 12
8 13 13
8 13 22
8 13 24
8 14 4
8 14 5
8 14 7
8 14 15
8 14 25
8 14 35
8 32 0
8 32 20
8 32 23
8 32 30
8 32 31
8 32 32
8 32 41
8 33 21
8 33 26
8 33 43
8 33 44
8 38 8
8 38 9
8 38 16
8 38 17
8 38 19
8 38 27
8 38 28
8 38 29
8 38 36
8 38 39
8 38 47
8 38 48
8 38 49
8 38 59
8 50 40
8 50 61
8 50 70
8 53 52
8 53 53
8 56 37
8 56 45
8 56 46
8 56 55
8 56 56
8 56 57
8 63 62
8 73 71
8 73 72
8 73 73
8 73 83
8 75 66
8 75 74
8 75 76
8 75 85
8 75 86
8 78 67
8 78 69
8 78 77
8 78 78
8 78 88
8 78 98
8 78 99
8 91 80
8 91 81
8 91 90
8 91 91
8 91 92
8 91 93
9 13 1
9 13 12
9 13 13
9 13 22
9 13 24
9 14 4
9 14 35
9 32 0
9 32 31
9 32 41
9 32 42
9 33 21
9 33 26
9 33 33
9 33 43
9 38 16
9 38 17
9 38 18
9 38 19
9 38 29
9 38 38
9 38 39
9 50 40
9 50 51
9 50 70
9 53 52
9 53 53
9 56 45
9 56 46
9 56 55
9 56 56
9 56 58
9 63 62
9 63 64
9 73 72
9 73 83
9 75 74
9 75 85
9 75 86
9 75 95
9 75 96
9 78 67
9 78 77
9 78 87
9 78 88
9 78 98
9 78 99
9 91 82
9 91 90
9 91 91
9 91 93
10 13 1
10 13 3
10 13 12
10 13 22
10 14 5
10 14 6
10 32 0
10 32 30
10 32 31
10 32 42
10 33 21
10 33 26
10 33 34
10 38 9
10 38 16
10 38 18
10 38 27
10 38 28
10 38 29
10 38 36
10 38 48
10 38 49
10 38 59
10 50 40
10 50 50
10 50 51
10 50 70
10 53 53
10 53 54
10 56 37
10 56 45
10 56 56
10 56 58
10 63 62
10 73 71
10 73 73
10 75 66
10 75 76
10 78 68
10 78 77
10 78 97
10 78 99
10 91 90
10 91 91
10 91 92
10 91 93
10 91 94
11 13 -1
11 14 4
11 14 6
11 14 7
11 14 25
11 32 0
11 32 20
11 32 31
11 32 32
11 33 44
11 38 8
11 38 16
11 38 19
11 38 47
11 38 48
11 50 61
11 53 52
11 56 45
11 56 57
11 63 63
11 63 64
11 73 72
11 73 83
11 75 84
11 75 86
11 75 96
11 78 67
11 78 68
11 78 69
11 78 88
11 78 89
11 91 81
11 91 82
11 91 90
11 91 92
11 91 94
--- Done ---
