0 13 -1
0 42 61
0 42 62
0 42 63
0 42 71
0 42 72
1 13 3
1 13 14
1 13 15
1 13 2
1 29 8
1 29 47
1 42 0
1 42 30
1 66 46
1 66 83
1 72 60
1 72 80
1 72 81
1 72 92
1 72 93
1 72 52
1 72 61
1 72 62
1 72 71
1 72 51
1 72 63
1 72 43
1 75 69
1 97 89
1 97 99
1 97 78
1 97 98
1 97 68
1 97 87
1 97 58
1 97 72
1 97 77
2 13 3
2 13 4
2 13 10
2 29 49
2 29 39
2 29 47
2 42 20
2 42 25
2 42 2
2 42 12
2 42 21
2 42 22
2 42 32
2 42 33
2 42 34
2 42 44
2 42 45
2 42 52
2 42 61
2 42 42
2 42 55
2 42 77
2 66 57
2 66 78
2 66 98
2 66 66
2 66 67
2 66 68
2 66 86
2 66 87
2 66 96
2 66 58
2 66 79
2 72 80
2 72 81
2 72 82
2 72 91
2 72 92
2 72 62
2 72 70
2 72 73
2 72 63
2 72 65
2 72 83
2 72 54
2 72 85
2 72 72
2 75 94
2 75 75
2 97 97
3 13 1
3 13 3
3 13 14
3 13 15
3 13 13
3 13 22
3 13 23
3 13 31
3 13 32
3 13 33
3 29 6
3 29 8
3 29 9
3 29 17
3 29 18
3 29 27
3 29 29
3 29 48
3 29 47
3 42 0
3 42 20
3 42 25
3 42 30
3 42 40
3 42 12
3 42 44
3 42 45
3 42 52
3 42 61
3 42 70
3 42 71
3 42 24
3 42 51
3 42 43
3 42 55
3 42 37
3 42 72
3 42 77
3 66 46
3 66 57
3 66 64
3 66 65
3 66 78
3 66 84
3 66 98
3 66 67
3 66 76
3 66 85
3 66 86
3 66 95
3 66 56
3 66 58
3 66 79
3 72 80
3 72 81
3 72 82
3 72 90
3 72 91
3 72 93
3 72 62
3 75 75
3 97 89
3 97 94
3 97 97
4 13 1
4 13 3
4 13 4
4 13 5
4 13 10
4 13 11
4 13 15
4 13 2
4 13 13
4 13 23
4 13 32
4 13 33
4 13 34
4 29 7
4 29 8
4 29 9
4 29 17
4 29 18
4 29 28
4 29 29
4 29 38
4 29 59
4 29 26
4 29 36
4 29 39
4 29 48
4 29 47
4 29 79
4 42 20
4 42 25
4 42 40
4 42 50
4 42 44
4 42 62
4 42 70
4 42 71
4 42 24
4 42 42
4 42 51
4 66 46
4 66 57
4 72 80
4 72 81
4 72 90
4 72 91
4 72 93
4 72 41
4 72 52
4 72 61
4 72 63
4 72 43
4 72 53
4 72 74
4 72 84
4 72 72
4 72 95
4 75 35
4 75 69
4 75 55
4 75 75
4 97 89
4 97 78
4 97 88
4 97 94
4 97 98
4 97 67
4 97 77
4 97 86
4 97 87
4 97 96
4 97 56
5 13 3
5 13 10
5 13 14
5 13 13
5 13 42
5 13 43
5 13 56
5 29 6
5 29 7
5 29 9
5 29 17
5 29 18
5 29 19
5 29 27
5 29 28
5 29 29
5 29 26
5 29 36
5 29 39
5 29 48
5 29 47
5 29 58
5 29 79
5 42 0
5 42 20
5 42 25
5 42 30
5 42 40
5 42 50
5 42 2
5 42 12
5 42 21
5 42 22
5 42 23
5 42 31
5 42 32
5 42 33
5 42 34
5 42 41
5 42 44
5 42 45
5 42 52
5 42 24
5 66 46
5 66 57
5 66 78
5 66 88
5 66 98
5 66 66
5 72 60
5 72 80
5 72 61
5 72 62
5 75 69
5 75 73
5 75 51
5 75 54
5 75 67
5 75 68
5 75 72
5 75 77
5 75 75
5 94 81
5 94 82
5 94 90
5 94 92
5 94 93
5 94 71
5 94 63
5 94 64
5 94 65
5 94 84
5 94 76
5 94 85
5 94 86
5 94 87
5 94 95
5 97 89
5 97 99
6 13 1
6 13 3
6 13 4
6 13 5
6 13 10
6 13 11
6 13 14
6 13 15
6 13 2
6 13 12
6 13 13
6 13 22
6 13 31
6 13 33
6 13 34
6 13 24
6 13 43
6 13 53
6 13 56
6 29 6
6 29 9
6 29 17
6 29 18
6 29 19
6 29 27
6 29 28
6 29 29
6 29 38
6 29 49
6 29 59
6 29 26
6 29 36
6 29 39
6 29 48
6 29 16
6 29 47
6 29 37
6 29 79
6 42 0
6 42 20
6 42 25
6 42 30
6 42 50
6 42 21
6 42 41
6 42 44
6 42 45
6 42 52
6 42 61
6 42 62
6 42 70
6 42 42
6 42 51
6 42 71
6 42 54
6 42 63
6 42 77
6 66 78
6 66 88
6 66 98
6 66 67
6 66 68
6 66 66
6 66 86
6 66 87
6 66 96
6 72 60
6 72 80
6 72 81
6 72 82
6 72 90
6 72 91
6 72 92
6 72 93
6 72 64
6 72 72
6 72 84
6 72 85
6 72 95
6 75 69
6 94 94
6 97 97
7 13 1
7 13 3
7 13 4
7 13 11
7 13 14
7 13 15
7 13 2
7 13 12
7 13 22
7 13 23
7 13 31
7 13 32
7 13 33
7 13 34
7 13 16
7 13 24
7 13 43
7 13 53
7 13 56
7 29 6
7 29 7
7 29 9
7 29 17
7 29 18
7 29 19
7 29 27
7 29 28
7 29 29
7 29 38
7 29 49
7 29 59
7 29 36
7 29 39
7 29 48
7 29 47
7 29 58
7 42 0
7 42 20
7 42 25
7 42 30
7 42 50
7 42 21
7 42 41
7 42 44
7 42 45
7 42 61
7 42 62
7 42 70
7 42 51
7 42 71
7 42 54
7 42 55
7 42 63
7 42 77
7 42 37
7 66 46
7 66 57
7 66 98
7 66 67
7 66 68
7 66 65
7 66 74
7 66 76
7 66 83
7 66 84
7 66 87
7 66 96
7 66 85
7 66 95
7 72 60
7 72 80
7 72 73
7 72 81
7 72 90
7 72 91
7 75 35
7 75 69
7 75 75
7 94 -1
7 97 89
7 97 99
7 97 97
8 13 1
8 13 3
8 13 4
8 13 5
8 13 11
8 13 15
8 13 2
8 13 12
8 13 13
8 13 22
8 13 23
8 13 26
8 13 31
8 13 32
8 13 16
8 13 56
8 29 7
8 29 8
8 29 9
8 29 17
8 29 19
8 29 27
8 29 28
8 29 29
8 29 49
8 29 59
8 29 36
8 29 39
8 29 48
8 29 47
8 42 0
8 42 20
8 42 25
8 42 30
8 42 40
8 42 21
8 42 41
8 42 44
8 42 45
8 42 52
8 42 61
8 42 62
8 42 70
8 42 24
8 42 71
8 42 43
8 42 53
8 42 55
8 42 77
8 42 37
8 66 46
8 66 57
8 66 78
8 66 88
8 66 98
8 66 66
8 72 80
8 72 81
8 72 90
8 72 91
8 72 92
8 72 93
8 72 74
8 72 83
8 72 72
8 72 85
8 75 35
8 75 69
8 75 73
8 75 67
8 75 76
8 75 86
8 94 -1
8 97 99
9 13 1
9 13 4
9 13 12
9 13 13
9 13 22
9 13 26
9 13 31
9 13 33
9 13 16
9 13 24
9 13 43
9 13 53
9 13 56
9 29 17
9 29 18
9 29 19
9 29 29
9 29 38
9 29 39
9 29 58
9 42 0
9 42 40
9 42 21
9 42 41
9 42 45
9 42 52
9 42 62
9 42 70
9 42 42
9 42 51
9 42 55
9 42 77
9 66 46
9 66 88
9 66 98
9 66 67
9 66 86
9 66 87
9 66 96
9 72 82
9 72 90
9 72 91
9 72 93
9 72 64
9 72 74
9 72 83
9 72 72
9 72 85
9 72 95
9 75 35
9 94 -1
9 97 99
10 13 1
10 13 3
10 13 5
10 29 6
10 29 9
10 29 18
10 29 27
10 29 28
10 29 29
10 29 49
10 29 59
10 29 26
10 29 36
10 29 48
10 29 16
10 29 58
10 42 0
10 42 30
10 42 40
10 42 50
10 42 12
10 42 21
10 42 22
10 42 31
10 42 34
10 42 45
10 42 62
10 42 70
10 42 42
10 42 51
10 42 71
10 42 53
10 42 54
10 42 77
10 42 37
10 66 66
10 72 73
10 72 90
10 72 91
10 72 92
10 72 93
10 75 -1
10 94 94
10 97 99
10 97 68
10 97 97
10 97 56
10 97 76
11 13 4
11 29 6
11 29 7
11 29 8
11 29 19
11 29 48
11 29 16
11 29 47
11 42 0
11 42 20
11 42 25
11 42 31
11 42 32
11 42 44
11 42 45
11 42 52
11 42 61
11 42 63
11 66 57
11 66 88
11 66 67
11 66 68
11 66 64
11 66 83
11 66 84
11 66 86
11 66 96
11 72 81
11 72 82
11 72 90
11 72 92
11 72 72
11 75 69
11 94 94
11 97 89
--- Done ---
