0 31 63
0 31 72
0 61 61
0 61 62
0 61 71
1 31 0
1 31 2
1 31 3
1 31 14
1 31 30
1 31 52
1 31 72
1 31 78
1 31 80
1 31 83
1 47 8
1 47 15
1 47 46
1 47 47
1 47 58
1 47 62
1 47 63
1 47 68
1 47 69
1 47 89
1 61 60
1 61 61
1 61 93
1 84 43
1 84 51
1 84 71
1 84 77
1 84 81
1 84 87
1 84 92
1 84 98
1 84 99
2 31 2
2 31 3
2 31 10
2 31 12
2 31 20
2 31 21
2 31 22
2 31 25
2 31 32
2 31 33
2 31 34
2 31 44
2 31 52
2 31 54
2 31 63
2 31 70
2 31 72
2 31 78
2 31 80
2 31 83
2 47 39
2 47 47
2 47 49
2 47 55
2 47 57
2 47 58
2 47 65
2 47 66
2 47 68
2 47 77
2 47 79
2 47 97
2 47 98
2 61 45
2 61 61
2 61 81
2 61 82
2 61 91
2 61 92
2 84 4
2 84 42
2 84 62
2 84 67
2 84 73
2 84 75
2 84 85
2 84 86
2 84 87
2 84 94
2 84 96
3 31 0
3 31 1
3 31 3
3 31 12
3 31 13
3 31 14
3 31 20
3 31 22
3 31 23
3 31 25
3 31 30
3 31 31
3 31 32
3 31 33
3 31 40
3 31 43
3 31 44
3 31 51
3 31 52
3 31 64
3 31 70
3 31 78
3 31 80
3 47 6
3 47 8
3 47 9
3 47 15
3 47 17
3 47 18
3 47 24
3 47 27
3 47 29
3 47 37
3 47 45
3 47 46
3 47 47
3 47 48
3 47 55
3 47 56
3 47 57
3 47 58
3 47 65
3 47 67
3 47 77
3 47 79
3 47 85
3 47 89
3 47 97
3 47 98
3 61 61
3 61 71
3 61 72
3 61 75
3 61 76
3 61 81
3 61 82
3 61 93
3 61 95
3 84 62
3 84 84
3 84 86
3 84 90
3 84 91
3 84 94
4 31 2
4 31 3
4 31 10
4 31 11
4 31 13
4 31 20
4 31 23
4 31 24
4 31 25
4 31 33
4 31 34
4 31 40
4 31 42
4 31 44
4 31 50
4 31 51
4 31 53
4 31 70
4 31 72
4 31 80
4 47 5
4 47 7
4 47 8
4 47 9
4 47 15
4 47 17
4 47 18
4 47 47
4 47 69
4 47 79
4 47 89
4 47 98
4 61 1
4 61 32
4 61 35
4 61 41
4 61 43
4 61 52
4 61 55
4 61 61
4 61 63
4 61 71
4 61 75
4 68 26
4 68 28
4 68 29
4 68 36
4 68 38
4 68 39
4 68 46
4 68 48
4 68 56
4 68 57
4 68 59
4 68 74
4 68 77
4 68 86
4 68 87
4 68 88
4 68 96
4 84 4
4 84 62
4 84 67
4 84 78
4 84 81
4 84 84
4 84 90
4 84 91
4 84 93
4 84 94
4 84 95
5 31 0
5 31 2
5 31 3
5 31 10
5 31 12
5 31 13
5 31 20
5 31 21
5 31 22
5 31 23
5 31 24
5 31 25
5 31 31
5 31 40
5 31 41
5 31 42
5 31 51
5 47 6
5 47 7
5 47 9
5 47 17
5 47 18
5 47 27
5 47 28
5 47 29
5 47 36
5 47 45
5 47 47
5 47 52
5 47 63
5 47 69
5 47 79
5 47 85
5 47 89
5 47 98
5 61 14
5 61 26
5 61 30
5 61 32
5 61 34
5 61 50
5 61 54
5 61 60
5 61 61
5 61 65
5 61 72
5 61 73
5 61 75
5 61 80
5 61 90
5 61 93
5 68 19
5 68 33
5 68 39
5 68 43
5 68 44
5 68 46
5 68 48
5 68 56
5 68 57
5 68 58
5 68 64
5 68 66
5 68 67
5 68 68
5 68 76
5 68 77
5 68 78
5 68 86
5 68 87
5 68 88
5 68 95
5 68 99
5 84 62
5 84 71
5 84 81
5 84 82
5 84 84
5 84 92
6 31 0
6 31 1
6 31 2
6 31 3
6 31 10
6 31 11
6 31 12
6 31 13
6 31 14
6 31 20
6 31 21
6 31 22
6 31 25
6 31 31
6 31 41
6 31 50
6 31 53
6 31 63
6 31 80
6 47 5
6 47 6
6 47 9
6 47 17
6 47 18
6 47 24
6 47 27
6 47 28
6 47 36
6 47 38
6 47 39
6 47 47
6 47 49
6 47 56
6 47 69
6 47 79
6 47 88
6 47 97
6 47 98
6 61 4
6 61 26
6 61 30
6 61 34
6 61 42
6 61 45
6 61 51
6 61 52
6 61 54
6 61 60
6 61 61
6 61 62
6 61 64
6 61 67
6 61 70
6 61 71
6 61 72
6 61 81
6 61 90
6 61 91
6 61 92
6 68 15
6 68 16
6 68 19
6 68 29
6 68 33
6 68 37
6 68 43
6 68 44
6 68 48
6 68 59
6 68 68
6 68 78
6 68 95
6 68 96
6 84 66
6 84 77
6 84 82
6 84 84
6 84 85
6 84 86
6 84 87
6 84 93
6 84 94
7 31 0
7 31 1
7 31 2
7 31 3
7 31 11
7 31 12
7 31 14
7 31 16
7 31 20
7 31 21
7 31 23
7 31 24
7 31 30
7 31 31
7 31 33
7 31 35
7 31 41
7 31 43
7 31 50
7 31 51
7 31 54
7 31 62
7 31 63
7 31 70
7 31 80
7 31 83
7 47 6
7 47 7
7 47 9
7 47 17
7 47 18
7 47 22
7 47 27
7 47 28
7 47 29
7 47 34
7 47 36
7 47 37
7 47 38
7 47 39
7 47 46
7 47 47
7 47 48
7 47 49
7 47 57
7 47 58
7 47 59
7 47 69
7 47 89
7 47 98
7 61 32
7 61 45
7 61 53
7 61 55
7 61 60
7 61 61
7 61 65
7 61 67
7 61 75
7 61 76
7 68 15
7 68 19
7 68 68
7 84 4
7 84 25
7 84 44
7 84 56
7 84 71
7 84 73
7 84 74
7 84 77
7 84 81
7 84 84
7 84 85
7 84 87
7 84 90
7 84 91
7 84 95
7 84 96
7 84 97
7 84 99
8 31 0
8 31 1
8 31 2
8 31 3
8 31 11
8 31 12
8 31 13
8 31 16
8 31 20
8 31 21
8 31 22
8 31 23
8 31 24
8 31 30
8 31 31
8 31 32
8 31 35
8 31 40
8 31 41
8 31 43
8 31 53
8 31 70
8 31 72
8 31 78
8 31 80
8 31 83
8 47 5
8 47 7
8 47 8
8 47 9
8 47 15
8 47 17
8 47 25
8 47 26
8 47 27
8 47 28
8 47 29
8 47 36
8 47 39
8 47 44
8 47 46
8 47 47
8 47 49
8 47 52
8 47 59
8 47 62
8 47 69
8 47 88
8 61 45
8 61 61
8 68 19
8 68 37
8 84 4
8 84 48
8 84 55
8 84 56
8 84 57
8 84 66
8 84 67
8 84 71
8 84 73
8 84 74
8 84 76
8 84 77
8 84 81
8 84 85
8 84 86
8 84 90
8 84 91
8 84 92
8 84 93
8 84 98
8 84 99
9 31 0
9 31 1
9 31 12
9 31 13
9 31 16
9 31 21
9 31 22
9 31 24
9 31 31
9 31 35
9 31 40
9 31 42
9 31 43
9 31 51
9 31 52
9 31 53
9 31 62
9 31 64
9 31 70
9 31 72
9 31 83
9 47 17
9 47 18
9 47 45
9 47 46
9 47 55
9 47 56
9 47 58
9 47 67
9 47 98
9 61 4
9 61 41
9 61 82
9 61 90
9 61 91
9 68 19
9 68 26
9 68 29
9 68 33
9 68 38
9 68 39
9 68 74
9 68 77
9 68 87
9 68 88
9 68 93
9 68 95
9 68 96
9 68 99
9 84 85
9 84 86
10 31 0
10 31 1
10 31 3
10 31 12
10 31 16
10 31 21
10 31 22
10 31 30
10 31 31
10 31 34
10 31 40
10 31 42
10 31 50
10 31 54
10 47 5
10 47 6
10 47 9
10 47 18
10 47 26
10 47 27
10 47 28
10 47 29
10 47 36
10 47 37
10 47 45
10 47 49
10 47 53
10 47 62
10 47 66
10 61 70
10 61 92
10 61 93
10 68 48
10 68 56
10 68 58
10 68 59
10 68 68
10 68 76
10 68 77
10 68 97
10 68 99
10 84 51
10 84 71
10 84 73
10 84 90
10 84 91
10 84 94
11 31 0
11 31 16
11 31 20
11 31 25
11 31 31
11 31 32
11 31 44
11 31 52
11 31 63
11 31 64
11 31 72
11 31 83
11 47 6
11 47 7
11 47 8
11 47 45
11 47 47
11 47 48
11 47 57
11 47 67
11 47 69
11 47 88
11 47 89
11 61 4
11 61 61
11 61 81
11 61 82
11 68 19
11 68 68
11 68 86
11 68 96
11 84 84
11 84 90
11 84 92
11 84 94
--- Done ---
