0 53 34
0 53 35
0 53 44
0 53 45
0 53 46
0 53 54
0 53 55
1 27 3
1 27 9
1 27 18
1 27 19
1 27 24
1 27 25
1 27 35
1 27 38
1 27 54
1 27 55
1 27 59
1 27 4
1 27 23
1 40 0
1 40 1
1 40 11
1 40 70
1 40 82
1 40 50
1 40 51
1 40 52
1 40 63
1 40 81
1 40 42
1 40 44
1 40 45
1 40 34
1 53 94
1 53 53
1 53 36
1 53 46
1 53 57
1 69 99
2 27 6
2 27 8
2 27 9
2 27 18
2 27 26
2 27 17
2 27 29
2 27 38
2 27 49
2 27 55
2 27 59
2 27 74
2 40 0
2 40 1
2 40 11
2 40 20
2 40 82
2 40 2
2 40 81
2 40 90
2 53 83
2 53 93
2 53 94
2 53 95
2 53 14
2 53 15
2 53 22
2 53 24
2 53 25
2 53 30
2 53 37
2 53 43
2 53 50
2 53 53
2 53 60
2 53 62
2 53 63
2 53 72
2 53 73
2 53 23
2 53 44
2 53 45
2 53 57
2 53 64
2 69 96
2 69 99
2 69 79
2 69 88
2 69 46
2 69 56
2 69 75
2 69 77
2 69 85
2 69 33
3 27 3
3 27 5
3 27 7
3 27 16
3 27 18
3 27 19
3 27 28
3 27 15
3 27 26
3 27 27
3 27 37
3 27 14
3 27 25
3 27 35
3 27 54
3 27 55
3 27 58
3 27 74
3 27 77
3 40 1
3 40 92
3 40 2
3 40 10
3 40 20
3 40 22
3 40 70
3 40 72
3 40 82
3 40 90
3 40 12
3 40 21
3 40 30
3 40 40
3 40 43
3 40 50
3 40 51
3 40 61
3 40 62
3 40 63
3 40 32
3 40 42
3 52 91
3 53 93
3 53 94
3 53 83
3 53 23
3 53 44
3 53 45
3 53 64
3 53 81
3 69 68
3 69 69
3 69 78
3 69 87
3 69 89
3 69 98
3 69 99
3 69 17
3 69 59
3 69 79
3 69 88
3 69 97
3 69 48
3 69 56
3 69 34
3 69 65
3 69 85
4 27 3
4 27 5
4 27 6
4 27 7
4 27 8
4 27 16
4 27 18
4 27 26
4 27 27
4 27 29
4 27 38
4 27 79
4 27 86
4 27 14
4 27 35
4 27 47
4 27 32
4 27 44
4 27 45
4 27 54
4 27 56
4 27 58
4 40 0
4 40 1
4 40 11
4 40 92
4 40 2
4 40 10
4 40 20
4 40 22
4 40 70
4 40 80
4 40 82
4 40 4
4 40 12
4 40 30
4 40 31
4 40 40
4 40 41
4 40 51
4 52 91
4 52 55
4 53 93
4 53 94
4 53 95
4 53 76
4 53 83
4 53 84
4 53 43
4 53 50
4 53 53
4 53 60
4 53 62
4 53 73
4 53 81
4 53 64
4 53 74
4 53 77
4 53 34
4 53 36
4 53 46
4 53 57
4 53 65
4 53 85
4 69 69
4 69 78
4 69 87
4 69 89
4 69 96
4 69 98
4 69 99
4 69 17
4 69 66
5 27 6
5 27 7
5 27 8
5 27 9
5 27 16
5 27 18
5 27 19
5 27 28
5 27 15
5 27 26
5 27 27
5 27 37
5 27 54
5 27 55
5 27 67
5 27 74
5 40 0
5 40 92
5 40 20
5 40 80
5 40 82
5 40 31
5 40 40
5 40 41
5 40 50
5 40 51
5 40 60
5 40 61
5 40 62
5 40 63
5 40 71
5 40 73
5 40 23
5 40 32
5 40 42
5 40 44
5 40 45
5 40 33
5 52 52
5 52 36
5 52 46
5 52 57
5 52 75
5 52 34
5 52 56
5 52 81
5 53 94
5 53 95
5 53 10
5 53 22
5 53 72
5 53 76
5 53 83
5 53 84
5 53 90
5 53 4
5 53 12
5 53 13
5 53 14
5 53 21
5 53 24
5 53 25
5 53 30
5 53 35
5 69 68
5 69 69
5 69 78
5 69 87
5 69 96
5 69 98
5 69 99
5 69 17
5 69 29
5 69 38
5 69 39
5 69 49
5 69 59
5 69 66
5 69 79
5 69 97
5 69 48
5 69 77
5 69 58
6 27 3
6 27 5
6 27 7
6 27 8
6 27 9
6 27 16
6 27 18
6 27 19
6 27 28
6 27 17
6 27 26
6 27 29
6 27 37
6 27 38
6 27 49
6 27 59
6 27 79
6 27 86
6 27 88
6 27 4
6 27 14
6 27 24
6 40 1
6 40 11
6 40 92
6 40 20
6 40 70
6 40 80
6 40 82
6 40 40
6 40 41
6 40 42
6 40 43
6 40 45
6 40 50
6 40 53
6 40 60
6 40 61
6 40 62
6 40 63
6 40 64
6 40 71
6 40 73
6 52 91
6 52 52
6 52 81
6 53 93
6 53 94
6 53 2
6 53 10
6 53 22
6 53 72
6 53 76
6 53 83
6 53 84
6 53 90
6 53 97
6 53 12
6 53 21
6 53 25
6 53 35
6 53 54
6 53 74
6 53 77
6 53 23
6 53 30
6 53 32
6 53 44
6 69 68
6 69 69
6 69 78
6 69 89
6 69 96
6 69 98
6 69 99
6 69 66
6 69 36
6 69 46
6 69 57
6 69 65
6 69 33
6 69 34
6 69 56
6 69 75
6 69 85
7 27 3
7 27 5
7 27 7
7 27 8
7 27 9
7 27 16
7 27 18
7 27 15
7 27 17
7 27 27
7 27 39
7 27 49
7 27 86
7 27 13
7 27 14
7 27 25
7 27 35
7 27 55
7 40 0
7 40 11
7 40 92
7 40 2
7 40 22
7 40 70
7 40 72
7 40 80
7 40 90
7 40 12
7 40 21
7 40 30
7 40 31
7 40 40
7 40 41
7 40 43
7 40 50
7 40 51
7 40 23
7 40 44
7 40 45
7 40 56
7 40 61
7 40 63
7 40 64
7 52 91
7 52 83
7 52 84
7 52 54
7 52 74
7 52 36
7 52 46
7 52 57
7 52 62
7 52 73
7 52 81
7 52 33
7 52 34
7 52 75
7 52 85
7 53 -1
7 69 68
7 69 69
7 69 78
7 69 96
7 69 66
7 69 77
8 27 3
8 27 6
8 27 8
8 27 18
8 27 19
8 27 28
8 27 15
8 27 17
8 27 26
8 27 29
8 27 37
8 27 38
8 27 49
8 27 59
8 27 79
8 27 86
8 27 88
8 27 14
8 27 24
8 27 35
8 27 47
8 27 54
8 27 58
8 27 67
8 27 23
8 27 42
8 27 44
8 27 46
8 27 64
8 40 0
8 40 1
8 40 11
8 40 2
8 40 22
8 40 70
8 40 80
8 40 82
8 40 30
8 40 40
8 40 41
8 40 43
8 40 51
8 40 60
8 40 61
8 40 71
8 40 81
8 40 34
8 52 91
8 52 52
8 53 93
8 53 94
8 53 76
8 53 83
8 53 84
8 69 68
8 69 69
8 69 87
8 69 89
8 69 99
8 69 66
8 69 75
8 69 85
8 69 57
8 69 65
9 27 3
9 27 8
9 27 9
9 27 19
9 27 28
9 27 29
9 27 39
9 27 49
9 27 59
9 27 88
9 27 24
9 27 35
9 27 48
9 27 54
9 27 57
9 27 65
9 40 0
9 40 1
9 40 11
9 40 2
9 40 10
9 40 20
9 40 22
9 40 70
9 40 80
9 40 90
9 40 41
9 40 50
9 40 60
9 40 61
9 40 81
9 40 23
9 40 42
9 40 45
9 40 56
9 40 64
9 40 34
9 52 -1
9 53 94
9 53 95
9 53 76
9 53 83
9 53 97
9 69 68
9 69 69
9 69 89
9 69 98
10 27 3
10 27 6
10 27 28
10 27 17
10 27 39
10 27 49
10 27 88
10 27 24
10 27 25
10 27 47
10 27 48
10 27 54
10 27 67
10 27 77
10 27 36
10 27 46
10 27 56
10 27 64
10 27 33
10 40 0
10 40 92
10 40 10
10 40 70
10 40 72
10 40 80
10 40 41
10 40 43
10 40 50
10 40 63
10 40 71
10 52 -1
10 53 95
10 53 53
10 53 75
10 69 69
10 69 66
11 27 8
11 40 -1
11 52 -1
11 53 -1
11 69 -1
--- Done ---
