0 45 -1
0 73 34
0 73 35
0 73 44
0 73 45
0 73 46
0 73 54
0 73 55
1 11 -1
1 14 -1
1 28 -1
1 45 1
1 45 3
1 45 4
1 45 9
1 45 11
1 45 18
1 45 19
1 45 23
1 45 24
1 45 25
1 45 34
1 45 35
1 45 36
1 45 38
1 45 42
1 45 44
1 45 45
1 45 46
1 45 53
1 45 54
1 45 55
1 45 57
1 45 59
1 45 99
1 46 -1
1 50 -1
1 73 0
1 73 50
1 73 51
1 73 52
1 73 63
1 73 70
1 73 81
1 73 82
1 73 94
1 97 -1
2 11 0
2 11 1
2 11 11
2 11 20
2 11 22
2 11 30
2 14 2
2 14 6
2 14 14
2 14 15
2 14 23
2 14 24
2 14 25
2 20 -1
2 28 8
2 28 9
2 28 17
2 28 18
2 28 26
2 28 29
2 28 37
2 28 38
2 28 49
2 45 33
2 45 43
2 45 44
2 45 45
2 45 53
2 45 55
2 46 46
2 46 56
2 46 57
2 46 59
2 46 79
2 50 50
2 50 60
2 50 81
2 73 62
2 73 63
2 73 64
2 73 72
2 73 73
2 73 74
2 73 82
2 73 83
2 73 85
2 73 90
2 73 93
2 76 -1
2 93 -1
2 97 75
2 97 77
2 97 88
2 97 94
2 97 95
2 97 96
2 97 99
3 2 -1
3 3 -1
3 8 -1
3 11 1
3 11 10
3 11 12
3 11 21
3 11 22
3 11 32
3 11 42
3 14 3
3 14 5
3 14 14
3 14 15
3 14 16
3 14 23
3 14 25
3 20 2
3 20 20
3 20 30
3 24 -1
3 26 -1
3 28 7
3 28 17
3 28 18
3 28 19
3 28 26
3 28 27
3 28 28
3 28 37
3 28 48
3 28 69
3 29 -1
3 42 -1
3 43 -1
3 44 -1
3 45 34
3 45 43
3 45 44
3 45 45
3 45 54
3 45 55
3 46 35
3 46 56
3 46 58
3 46 59
3 46 65
3 46 89
3 50 40
3 50 50
3 50 51
3 50 61
3 50 70
3 57 -1
3 60 -1
3 64 -1
3 67 -1
3 68 -1
3 73 62
3 73 63
3 73 64
3 73 72
3 73 74
3 73 82
3 76 68
3 76 77
3 76 79
3 76 85
3 86 -1
3 91 -1
3 93 81
3 93 83
3 93 90
3 93 91
3 93 92
3 93 93
3 93 94
3 94 -1
3 97 78
3 97 87
3 97 88
3 97 97
3 97 98
3 97 99
4 2 2
4 2 12
4 3 3
4 8 7
4 8 8
4 11 1
4 11 10
4 11 11
4 11 22
4 14 4
4 14 6
4 14 14
4 20 0
4 20 20
4 20 30
4 20 31
4 24 -1
4 26 5
4 26 16
4 26 17
4 26 26
4 26 27
4 28 38
4 29 18
4 29 29
4 42 32
4 42 53
4 43 34
4 43 43
4 44 44
4 44 54
4 44 55
4 45 45
4 46 35
4 46 36
4 46 46
4 50 40
4 50 50
4 50 51
4 57 47
4 57 56
4 57 57
4 57 58
4 57 66
4 60 41
4 60 60
4 60 62
4 60 70
4 64 64
4 64 65
4 67 -1
4 68 69
4 68 78
4 68 79
4 68 89
4 73 73
4 73 74
4 73 82
4 76 76
4 76 77
4 76 85
4 86 86
4 86 87
4 86 96
4 91 80
4 91 81
4 91 91
4 93 83
4 93 92
4 93 93
4 94 84
4 94 94
4 94 95
4 97 98
4 97 99
5 2 12
5 3 -1
5 8 7
5 8 8
5 8 9
5 11 10
5 11 21
5 11 22
5 14 4
5 14 6
5 14 14
5 20 0
5 20 20
5 20 30
5 20 31
5 24 13
5 24 15
5 24 23
5 24 24
5 26 16
5 26 17
5 26 25
5 26 26
5 26 27
5 28 19
5 28 28
5 28 37
5 28 38
5 28 39
5 29 18
5 29 29
5 29 49
5 42 32
5 42 42
5 42 52
5 43 34
5 44 33
5 44 44
5 44 54
5 44 55
5 45 45
5 46 35
5 46 36
5 46 46
5 46 59
5 50 40
5 50 50
5 50 51
5 57 48
5 57 56
5 57 57
5 57 58
5 57 66
5 60 41
5 60 60
5 60 61
5 60 62
5 60 71
5 64 63
5 67 67
5 68 68
5 68 69
5 68 78
5 68 79
5 73 72
5 73 73
5 73 74
5 73 82
5 76 75
5 76 76
5 76 77
5 86 87
5 86 96
5 91 80
5 91 81
5 91 90
5 93 83
5 93 92
5 94 84
5 94 94
5 94 95
5 97 97
5 97 98
5 97 99
6 2 2
6 2 12
6 3 3
6 8 7
6 8 8
6 8 9
6 11 1
6 11 10
6 11 11
6 11 21
6 11 22
6 14 4
6 14 14
6 20 20
6 20 30
6 24 23
6 24 24
6 26 5
6 26 16
6 26 17
6 26 25
6 26 26
6 28 19
6 28 28
6 28 37
6 28 38
6 29 18
6 29 29
6 29 49
6 42 32
6 42 42
6 42 52
6 42 53
6 43 34
6 43 43
6 44 33
6 44 44
6 44 54
6 45 45
6 46 35
6 46 36
6 46 46
6 46 59
6 50 40
6 50 50
6 57 56
6 57 57
6 57 66
6 60 41
6 60 60
6 60 61
6 60 62
6 60 70
6 60 71
6 64 63
6 64 64
6 64 65
6 67 -1
6 68 68
6 68 69
6 68 78
6 68 79
6 68 89
6 73 72
6 73 73
6 73 74
6 73 82
6 76 75
6 76 76
6 76 77
6 76 85
6 86 86
6 86 96
6 91 80
6 91 81
6 91 90
6 91 91
6 93 83
6 93 92
6 93 93
6 94 84
6 94 94
6 97 88
6 97 97
6 97 98
6 97 99
7 2 2
7 2 12
7 3 3
7 8 7
7 8 8
7 8 9
7 11 11
7 11 21
7 11 22
7 14 14
7 20 0
7 20 30
7 20 31
7 24 13
7 24 15
7 24 23
7 26 5
7 26 16
7 26 17
7 26 25
7 26 27
7 28 39
7 29 18
7 29 49
7 42 -1
7 43 34
7 43 43
7 44 33
7 44 44
7 44 54
7 44 55
7 45 45
7 46 35
7 46 36
7 46 46
7 50 40
7 50 50
7 50 51
7 57 56
7 57 57
7 57 66
7 60 41
7 60 61
7 60 62
7 60 70
7 64 63
7 64 64
7 67 -1
7 68 68
7 68 69
7 68 78
7 73 72
7 73 73
7 73 74
7 76 75
7 76 77
7 76 85
7 86 86
7 86 96
7 91 80
7 91 81
7 91 90
7 91 91
7 93 83
7 93 92
7 94 84
7 97 -1
8 2 2
8 3 3
8 8 8
8 11 1
8 11 11
8 11 22
8 14 6
8 14 14
8 20 0
8 20 30
8 24 15
8 24 23
8 24 24
8 26 17
8 26 26
8 28 19
8 28 28
8 28 37
8 28 38
8 29 18
8 29 29
8 29 49
8 42 42
8 42 52
8 43 34
8 43 43
8 44 44
8 44 54
8 45 -1
8 46 35
8 46 46
8 46 59
8 50 40
8 50 51
8 57 47
8 57 57
8 57 58
8 57 66
8 60 41
8 60 60
8 60 61
8 60 70
8 60 71
8 64 64
8 64 65
8 67 67
8 68 68
8 68 69
8 68 79
8 68 89
8 73 82
8 76 75
8 76 76
8 76 85
8 86 86
8 86 87
8 91 80
8 91 81
8 91 91
8 93 83
8 93 93
8 94 84
8 94 94
8 97 88
8 97 99
9 2 2
9 3 3
9 8 8
9 8 9
9 11 1
9 11 10
9 11 11
9 11 22
9 14 -1
9 20 0
9 20 20
9 24 23
9 24 24
9 26 -1
9 28 19
9 28 28
9 28 39
9 29 29
9 29 49
9 42 42
9 43 34
9 44 54
9 45 45
9 46 35
9 46 59
9 50 50
9 57 48
9 57 56
9 57 57
9 60 41
9 60 60
9 60 61
9 60 70
9 64 64
9 64 65
9 67 -1
9 68 68
9 68 69
9 68 89
9 73 -1
9 76 76
9 86 -1
9 91 80
9 91 81
9 91 90
9 93 83
9 94 94
9 94 95
9 97 88
9 97 97
9 97 98
10 2 -1
10 3 3
10 8 -1
10 11 10
10 14 6
10 20 0
10 24 24
10 26 17
10 26 25
10 28 28
10 28 39
10 29 49
10 42 53
10 43 43
10 44 33
10 44 54
10 45 -1
10 46 36
10 46 46
10 50 50
10 57 47
10 57 48
10 57 56
10 57 66
10 60 41
10 60 70
10 60 71
10 64 63
10 64 64
10 67 67
10 68 69
10 73 72
10 76 75
10 76 77
10 86 -1
10 91 80
10 93 92
10 94 95
10 97 88
11 2 -1
11 3 -1
11 8 8
11 11 -1
11 14 -1
11 20 -1
11 24 -1
11 26 -1
11 28 -1
11 29 -1
11 42 -1
11 43 -1
11 44 -1
11 45 -1
11 46 -1
11 50 -1
11 57 -1
11 60 -1
11 64 -1
11 67 -1
11 68 -1
11 73 -1
11 76 -1
11 86 -1
11 91 -1
11 93 -1
11 94 -1
11 97 -1
--- Done ---
