0 27 46
0 53 34
0 53 35
0 53 44
0 53 45
0 53 55
0 77 56
1 10 1
1 10 3
1 10 10
1 10 12
1 10 13
1 10 20
1 10 21
1 10 40
1 27 6
1 27 9
1 27 14
1 27 15
1 27 17
1 27 27
1 27 28
1 27 29
1 27 47
1 27 48
1 27 58
1 53 22
1 53 23
1 53 30
1 53 33
1 53 42
1 53 45
1 53 60
1 53 63
1 53 64
1 53 66
1 53 71
1 53 76
1 53 90
1 53 93
1 77 67
1 77 68
1 77 77
1 77 79
1 77 85
1 77 87
1 77 88
1 77 95
2 10 1
2 10 2
2 10 13
2 10 21
2 10 40
2 27 4
2 27 8
2 27 14
2 27 15
2 27 16
2 27 17
2 27 18
2 27 26
2 27 29
2 27 39
2 27 46
2 27 49
2 27 58
2 53 22
2 53 24
2 53 31
2 53 32
2 53 34
2 53 41
2 53 44
2 53 53
2 53 55
2 53 61
2 53 63
2 53 65
2 53 71
2 53 73
2 53 75
2 53 81
2 53 83
2 53 84
2 77 68
2 77 86
2 77 88
2 77 89
2 77 96
2 82 82
3 10 0
3 10 2
3 10 10
3 10 13
3 10 20
3 27 7
3 27 16
3 27 26
3 27 27
3 27 28
3 27 39
3 27 46
3 27 48
3 53 25
3 53 32
3 53 33
3 53 36
3 53 37
3 53 61
3 53 62
3 53 63
3 53 64
3 53 65
3 53 66
3 53 71
3 53 72
3 53 76
3 53 84
3 77 57
3 77 59
3 77 68
3 77 69
3 77 77
3 77 78
3 77 97
3 77 98
3 82 82
3 82 94
3 82 95
4 10 11
4 10 13
4 10 20
4 10 40
4 27 5
4 27 6
4 27 7
4 27 8
4 27 18
4 27 26
4 27 28
4 27 29
4 27 38
4 27 39
4 27 46
4 27 47
4 27 48
4 27 57
4 53 24
4 53 32
4 53 33
4 53 34
4 53 35
4 53 36
4 53 37
4 53 41
4 53 42
4 53 43
4 53 45
4 53 53
4 53 54
4 53 55
4 53 60
4 53 63
4 53 73
4 53 75
4 53 81
4 53 93
4 77 56
4 77 67
4 77 77
4 77 78
4 77 95
4 77 97
4 82 80
4 82 82
4 82 94
5 10 3
5 10 10
5 10 11
5 10 13
5 27 4
5 27 5
5 27 14
5 27 15
5 27 16
5 27 18
5 27 27
5 27 29
5 27 39
5 27 46
5 27 48
5 53 23
5 53 32
5 53 34
5 53 35
5 53 36
5 53 41
5 53 42
5 53 43
5 53 44
5 53 45
5 53 52
5 53 55
5 53 63
5 53 64
5 53 65
5 53 81
5 53 90
5 53 93
5 77 56
5 77 67
5 77 68
5 77 79
5 77 87
5 77 88
5 77 96
5 82 60
5 82 82
5 82 85
5 82 92
5 82 94
6 10 3
6 10 10
6 10 11
6 10 13
6 10 20
6 10 21
6 10 40
6 27 8
6 27 9
6 27 28
6 27 46
6 27 47
6 53 22
6 53 23
6 53 25
6 53 31
6 53 32
6 53 37
6 53 42
6 53 43
6 53 44
6 53 45
6 53 51
6 53 52
6 53 54
6 53 55
6 53 61
6 53 62
6 53 63
6 53 72
6 53 73
6 53 75
6 53 76
6 53 81
6 53 83
6 53 93
6 77 56
6 77 67
6 77 77
6 77 78
6 77 87
6 77 89
6 77 94
6 77 97
6 82 70
6 82 82
6 82 85
7 10 21
7 27 4
7 27 6
7 27 7
7 27 8
7 27 9
7 27 19
7 27 26
7 27 28
7 27 29
7 27 38
7 27 47
7 27 57
7 53 22
7 53 24
7 53 25
7 53 32
7 53 33
7 53 41
7 53 42
7 53 43
7 53 45
7 53 50
7 53 51
7 53 53
7 53 54
7 53 63
7 53 66
7 53 74
7 53 75
7 53 76
7 53 93
7 77 59
7 77 67
7 77 68
7 77 69
7 77 78
7 77 79
7 77 86
7 77 97
7 77 99
7 82 80
7 82 91
7 82 92
8 10 2
8 10 3
8 10 11
8 10 12
8 10 13
8 10 20
8 10 40
8 10 50
8 27 4
8 27 5
8 27 8
8 27 15
8 27 17
8 27 27
8 27 29
8 27 38
8 27 39
8 27 48
8 27 49
8 27 57
8 27 58
8 53 22
8 53 25
8 53 33
8 53 34
8 53 41
8 53 51
8 53 53
8 53 55
8 53 62
8 53 66
8 53 71
8 53 72
8 53 73
8 53 81
8 53 83
8 53 84
8 53 93
8 77 59
8 77 68
8 77 78
8 77 79
8 77 86
8 77 89
8 77 96
8 77 98
8 82 82
8 82 92
8 82 94
8 82 95
9 10 11
9 10 13
9 10 20
9 10 21
9 27 4
9 27 5
9 27 7
9 27 14
9 27 15
9 27 17
9 27 18
9 27 28
9 27 46
9 27 49
9 27 57
9 53 22
9 53 30
9 53 33
9 53 34
9 53 36
9 53 37
9 53 41
9 53 44
9 53 45
9 53 51
9 53 53
9 53 54
9 53 62
9 53 63
9 53 64
9 53 72
9 53 73
9 53 74
9 53 75
9 53 83
9 53 84
9 53 90
9 53 93
9 77 56
9 77 67
9 77 86
9 77 96
9 77 99
9 82 70
9 82 80
9 82 91
--- Done ---
