0 53 34
0 53 35
0 53 44
0 53 45
0 53 46
0 53 54
0 53 55
0 66 -1
1 2 -1
1 38 -1
1 41 -1
1 53 0
1 53 3
1 53 4
1 53 9
1 53 11
1 53 19
1 53 23
1 53 24
1 53 25
1 53 34
1 53 35
1 53 36
1 53 42
1 53 44
1 53 45
1 53 50
1 53 51
1 53 52
1 53 53
1 53 54
1 53 63
1 53 70
1 53 81
1 66 1
1 66 18
1 66 38
1 66 46
1 66 55
1 66 57
1 66 59
1 66 82
1 66 94
1 66 99
2 2 0
2 2 1
2 2 2
2 2 6
2 2 11
2 2 14
2 2 15
2 2 22
2 15 -1
2 38 8
2 38 9
2 38 17
2 38 18
2 38 25
2 38 29
2 38 37
2 38 38
2 38 45
2 38 46
2 38 49
2 38 59
2 41 20
2 41 23
2 41 30
2 41 50
2 53 24
2 53 33
2 53 43
2 53 44
2 53 53
2 53 60
2 53 62
2 53 63
2 53 64
2 53 72
2 53 73
2 53 81
2 53 83
2 53 90
2 53 93
2 53 95
2 66 26
2 66 55
2 66 56
2 66 57
2 66 74
2 66 75
2 66 77
2 66 79
2 66 82
2 66 85
2 66 88
2 66 94
2 66 96
2 66 99
2 73 -1
3 2 1
3 2 2
3 2 3
3 2 10
3 2 12
3 2 14
3 2 22
3 15 5
3 15 7
3 15 15
3 15 16
3 15 17
3 15 23
3 15 25
3 15 26
3 15 34
3 15 35
3 38 18
3 38 19
3 38 27
3 38 28
3 38 37
3 38 45
3 38 48
3 38 58
3 38 59
3 38 69
3 41 20
3 41 21
3 41 30
3 41 32
3 41 40
3 41 42
3 41 50
3 41 51
3 41 70
3 53 43
3 53 44
3 53 54
3 53 61
3 53 63
3 53 81
3 53 90
3 53 97
3 66 55
3 66 56
3 66 65
3 66 68
3 66 77
3 66 78
3 66 79
3 66 85
3 66 87
3 66 88
3 66 89
3 66 94
3 66 98
3 66 99
3 67 -1
3 73 62
3 73 64
3 73 72
3 73 74
3 73 82
3 73 83
3 73 91
3 73 92
3 73 93
4 2 0
4 2 1
4 2 2
4 2 3
4 2 10
4 2 11
4 2 12
4 2 14
4 2 22
4 15 4
4 15 5
4 15 6
4 15 7
4 15 16
4 15 17
4 15 26
4 15 34
4 15 35
4 38 8
4 38 18
4 38 27
4 38 29
4 38 36
4 38 38
4 38 45
4 38 46
4 41 20
4 41 30
4 41 31
4 41 32
4 41 40
4 41 41
4 41 50
4 41 51
4 41 70
4 53 43
4 53 44
4 53 53
4 53 54
4 53 81
4 66 55
4 66 65
4 66 66
4 66 76
4 66 79
4 66 85
4 66 86
4 66 87
4 66 94
4 66 96
4 66 98
4 66 99
4 67 47
4 67 56
4 67 57
4 67 58
4 67 69
4 67 77
4 67 78
4 67 89
4 67 95
4 73 60
4 73 62
4 73 64
4 73 73
4 73 74
4 73 80
4 73 82
4 73 83
4 73 84
4 73 91
4 73 92
4 73 93
5 2 0
5 2 10
5 2 12
5 2 13
5 2 14
5 2 22
5 15 4
5 15 6
5 15 7
5 15 15
5 15 16
5 15 17
5 15 23
5 15 24
5 15 25
5 15 26
5 15 34
5 15 35
5 38 8
5 38 9
5 38 18
5 38 19
5 38 27
5 38 28
5 38 29
5 38 36
5 38 38
5 38 39
5 38 45
5 38 46
5 38 48
5 38 49
5 38 59
5 41 20
5 41 21
5 41 30
5 41 31
5 41 32
5 41 40
5 41 41
5 41 42
5 41 50
5 41 51
5 53 33
5 53 44
5 53 52
5 53 54
5 53 61
5 53 63
5 53 71
5 53 81
5 53 90
5 66 55
5 66 66
5 66 75
5 66 76
5 66 79
5 66 87
5 66 94
5 66 96
5 66 98
5 66 99
5 67 37
5 67 56
5 67 57
5 67 58
5 67 67
5 67 68
5 67 69
5 67 77
5 67 78
5 67 95
5 67 97
5 73 60
5 73 62
5 73 72
5 73 73
5 73 74
5 73 80
5 73 82
5 73 83
5 73 84
5 73 92
6 2 1
6 2 2
6 2 3
6 2 10
6 2 11
6 2 12
6 2 14
6 2 22
6 15 4
6 15 5
6 15 7
6 15 16
6 15 17
6 15 23
6 15 24
6 15 25
6 15 26
6 15 34
6 15 35
6 38 8
6 38 9
6 38 18
6 38 19
6 38 28
6 38 29
6 38 36
6 38 38
6 38 45
6 38 46
6 38 49
6 38 59
6 41 20
6 41 21
6 41 30
6 41 32
6 41 40
6 41 41
6 41 42
6 41 50
6 41 70
6 53 33
6 53 43
6 53 44
6 53 52
6 53 53
6 53 54
6 53 61
6 53 63
6 53 71
6 53 81
6 53 90
6 66 65
6 66 66
6 66 75
6 66 76
6 66 79
6 66 85
6 66 86
6 66 94
6 66 96
6 66 98
6 66 99
6 67 37
6 67 56
6 67 57
6 67 68
6 67 69
6 67 77
6 67 78
6 67 88
6 67 89
6 67 97
6 73 60
6 73 62
6 73 64
6 73 72
6 73 73
6 73 74
6 73 80
6 73 82
6 73 83
6 73 84
6 73 91
6 73 92
6 73 93
7 2 0
7 2 2
7 2 3
7 2 11
7 2 12
7 2 13
7 2 14
7 2 22
7 15 5
7 15 7
7 15 15
7 15 16
7 15 17
7 15 23
7 15 25
7 15 34
7 15 35
7 38 8
7 38 9
7 38 18
7 38 27
7 38 36
7 38 39
7 38 45
7 38 46
7 38 49
7 41 21
7 41 30
7 41 31
7 41 40
7 41 41
7 41 50
7 41 51
7 41 70
7 53 33
7 53 43
7 53 44
7 53 54
7 53 61
7 53 63
7 53 81
7 53 90
7 66 55
7 66 66
7 66 75
7 66 85
7 66 86
7 66 96
7 67 56
7 67 57
7 67 68
7 67 69
7 67 77
7 67 78
7 73 62
7 73 64
7 73 72
7 73 73
7 73 74
7 73 80
7 73 83
7 73 84
7 73 91
7 73 92
8 2 0
8 2 1
8 2 2
8 2 3
8 2 11
8 2 14
8 2 22
8 15 6
8 15 15
8 15 17
8 15 23
8 15 24
8 15 26
8 15 34
8 15 35
8 38 8
8 38 18
8 38 19
8 38 28
8 38 29
8 38 38
8 38 46
8 38 49
8 38 59
8 41 30
8 41 40
8 41 41
8 41 42
8 41 51
8 41 70
8 53 43
8 53 44
8 53 52
8 53 54
8 53 61
8 53 71
8 53 81
8 66 65
8 66 66
8 66 75
8 66 76
8 66 79
8 66 85
8 66 86
8 66 87
8 66 94
8 66 99
8 67 37
8 67 47
8 67 57
8 67 58
8 67 67
8 67 68
8 67 69
8 67 88
8 67 89
8 73 60
8 73 64
8 73 80
8 73 82
8 73 83
8 73 84
8 73 91
8 73 93
9 2 0
9 2 1
9 2 2
9 2 3
9 2 10
9 2 11
9 2 22
9 15 23
9 15 24
9 15 34
9 15 35
9 38 8
9 38 9
9 38 19
9 38 28
9 38 29
9 38 39
9 38 45
9 38 48
9 38 49
9 38 59
9 41 20
9 41 41
9 41 42
9 41 50
9 41 70
9 53 54
9 53 61
9 53 81
9 53 90
9 66 65
9 66 76
9 66 94
9 66 98
9 67 56
9 67 57
9 67 68
9 67 69
9 67 88
9 67 89
9 67 95
9 67 97
9 73 60
9 73 64
9 73 80
9 73 83
10 2 0
10 2 3
10 2 10
10 15 6
10 15 17
10 15 24
10 15 25
10 38 28
10 38 36
10 38 39
10 38 46
10 38 48
10 38 49
10 41 41
10 41 50
10 41 70
10 53 33
10 53 43
10 53 53
10 53 54
10 53 63
10 53 71
10 66 66
10 66 75
10 67 47
10 67 56
10 67 67
10 67 69
10 67 77
10 67 88
10 67 95
10 73 64
10 73 72
10 73 80
10 73 92
11 2 -1
11 15 -1
11 38 8
11 41 -1
11 53 -1
11 66 -1
11 67 -1
11 73 -1
--- Done ---
