0 53 34
0 53 35
0 53 44
0 53 45
0 53 46
0 53 54
0 53 55
1 12 -1
1 53 0
1 53 1
1 53 3
1 53 4
1 53 9
1 53 11
1 53 18
1 53 19
1 53 23
1 53 24
1 53 25
1 53 34
1 53 35
1 53 36
1 53 38
1 53 42
1 53 44
1 53 45
1 53 46
1 53 50
1 53 51
1 53 52
1 53 53
1 53 54
1 53 55
1 53 57
1 53 59
1 53 63
1 53 70
1 53 81
1 53 82
1 53 94
1 53 99
1 57 -1
1 90 -1
2 12 0
2 12 1
2 12 2
2 12 6
2 12 11
2 12 14
2 12 15
2 12 20
2 12 22
2 12 23
2 12 25
2 12 30
2 53 24
2 53 33
2 53 43
2 53 44
2 53 45
2 53 50
2 53 53
2 53 62
2 53 63
2 53 64
2 53 72
2 53 73
2 53 83
2 57 8
2 57 9
2 57 17
2 57 18
2 57 26
2 57 29
2 57 37
2 57 38
2 57 46
2 57 49
2 57 55
2 57 56
2 57 57
2 57 59
2 57 74
2 57 75
2 57 77
2 57 79
2 57 88
2 57 96
2 57 99
2 90 60
2 90 81
2 90 82
2 90 85
2 90 90
2 90 93
2 90 94
2 90 95
3 12 1
3 12 2
3 12 3
3 12 5
3 12 10
3 12 12
3 12 14
3 12 15
3 12 20
3 12 21
3 12 22
3 12 23
3 12 25
3 12 30
3 12 32
3 12 34
3 47 -1
3 53 7
3 53 35
3 53 40
3 53 42
3 53 43
3 53 44
3 53 45
3 53 50
3 53 51
3 53 54
3 53 61
3 53 62
3 53 63
3 53 64
3 53 65
3 53 72
3 53 83
3 53 97
3 57 16
3 57 17
3 57 18
3 57 19
3 57 26
3 57 27
3 57 28
3 57 37
3 57 48
3 57 55
3 57 56
3 57 58
3 57 59
3 57 68
3 57 69
3 57 74
3 57 77
3 57 78
3 57 79
3 57 87
3 57 88
3 57 89
3 57 98
3 57 99
3 90 70
3 90 81
3 90 82
3 90 85
3 90 90
3 90 91
3 90 92
3 90 93
3 90 94
3 98 -1
4 12 0
4 12 1
4 12 2
4 12 3
4 12 4
4 12 10
4 12 11
4 12 12
4 12 14
4 12 20
4 12 22
4 12 30
4 12 31
4 12 32
4 12 34
4 47 5
4 47 6
4 47 7
4 47 16
4 47 26
4 47 29
4 47 35
4 47 36
4 47 45
4 47 46
4 47 47
4 47 55
4 47 69
4 53 40
4 53 41
4 53 43
4 53 44
4 53 50
4 53 51
4 53 53
4 53 54
4 53 62
4 53 64
4 53 65
4 53 73
4 53 83
4 53 84
4 57 8
4 57 17
4 57 18
4 57 27
4 57 38
4 57 56
4 57 57
4 57 58
4 57 66
4 57 74
4 57 76
4 57 77
4 57 78
4 90 60
4 90 70
4 90 80
4 90 81
4 90 82
4 90 85
4 90 91
4 90 92
4 90 93
4 90 94
4 98 79
4 98 86
4 98 87
4 98 89
4 98 95
4 98 96
4 98 98
4 98 99
5 12 0
5 12 4
5 12 10
5 12 12
5 12 13
5 12 14
5 12 20
5 12 21
5 12 22
5 12 23
5 12 30
5 12 31
5 12 32
5 12 34
5 47 6
5 47 7
5 47 15
5 47 16
5 47 19
5 47 25
5 47 26
5 47 29
5 47 35
5 47 36
5 47 37
5 47 39
5 47 45
5 47 46
5 47 48
5 47 55
5 47 59
5 47 69
5 53 24
5 53 33
5 53 40
5 53 41
5 53 42
5 53 44
5 53 50
5 53 51
5 53 52
5 53 54
5 53 61
5 53 62
5 53 63
5 53 71
5 53 72
5 53 73
5 53 83
5 53 84
5 57 8
5 57 9
5 57 17
5 57 18
5 57 27
5 57 28
5 57 38
5 57 49
5 57 56
5 57 57
5 57 58
5 57 66
5 57 67
5 57 68
5 57 74
5 57 75
5 57 76
5 57 77
5 57 78
5 90 60
5 90 80
5 90 81
5 90 82
5 90 90
5 90 92
5 90 94
5 98 79
5 98 87
5 98 95
5 98 96
5 98 97
5 98 98
5 98 99
6 12 1
6 12 2
6 12 3
6 12 4
6 12 10
6 12 11
6 12 12
6 12 14
6 12 20
6 12 21
6 12 22
6 12 23
6 12 30
6 12 32
6 12 34
6 47 5
6 47 7
6 47 16
6 47 19
6 47 25
6 47 26
6 47 29
6 47 35
6 47 36
6 47 37
6 47 45
6 47 46
6 47 59
6 47 69
6 53 24
6 53 33
6 53 40
6 53 41
6 53 42
6 53 43
6 53 44
6 53 50
6 53 52
6 53 53
6 53 54
6 53 61
6 53 62
6 53 63
6 53 64
6 53 65
6 53 71
6 53 72
6 53 73
6 53 83
6 53 84
6 57 8
6 57 9
6 57 17
6 57 18
6 57 28
6 57 38
6 57 49
6 57 56
6 57 57
6 57 66
6 57 68
6 57 74
6 57 75
6 57 76
6 57 77
6 57 78
6 90 60
6 90 70
6 90 80
6 90 81
6 90 82
6 90 85
6 90 90
6 90 91
6 90 92
6 90 93
6 90 94
6 98 79
6 98 86
6 98 88
6 98 89
6 98 96
6 98 97
6 98 98
6 98 99
7 12 0
7 12 2
7 12 3
7 12 11
7 12 12
7 12 13
7 12 14
7 12 21
7 12 22
7 12 23
7 12 30
7 12 31
7 12 34
7 47 5
7 47 7
7 47 15
7 47 16
7 47 25
7 47 35
7 47 36
7 47 39
7 47 45
7 47 46
7 47 55
7 47 69
7 53 33
7 53 40
7 53 41
7 53 43
7 53 44
7 53 50
7 53 51
7 53 54
7 53 61
7 53 62
7 53 63
7 53 64
7 53 72
7 53 73
7 53 83
7 53 84
7 57 8
7 57 9
7 57 17
7 57 18
7 57 27
7 57 49
7 57 56
7 57 57
7 57 66
7 57 68
7 57 74
7 57 75
7 57 77
7 57 78
7 90 70
7 90 80
7 90 81
7 90 85
7 90 90
7 90 91
7 90 92
7 98 86
7 98 96
8 12 0
8 12 1
8 12 2
8 12 3
8 12 11
8 12 14
8 12 22
8 12 23
8 12 30
8 12 34
8 47 6
8 47 15
8 47 19
8 47 26
8 47 29
8 47 35
8 47 37
8 47 46
8 47 47
8 47 59
8 47 69
8 53 24
8 53 40
8 53 41
8 53 42
8 53 43
8 53 44
8 53 51
8 53 52
8 53 54
8 53 61
8 53 64
8 53 65
8 53 71
8 53 83
8 53 84
8 57 8
8 57 17
8 57 18
8 57 28
8 57 38
8 57 49
8 57 57
8 57 58
8 57 66
8 57 67
8 57 68
8 57 75
8 57 76
8 90 60
8 90 70
8 90 80
8 90 81
8 90 82
8 90 85
8 90 91
8 90 93
8 90 94
8 98 79
8 98 86
8 98 87
8 98 88
8 98 89
8 98 99
9 12 0
9 12 1
9 12 2
9 12 3
9 12 10
9 12 11
9 12 20
9 12 22
9 12 23
9 12 34
9 47 19
9 47 29
9 47 35
9 47 39
9 47 45
9 47 48
9 47 59
9 47 69
9 53 24
9 53 41
9 53 42
9 53 50
9 53 54
9 53 61
9 53 64
9 53 65
9 53 83
9 57 8
9 57 9
9 57 28
9 57 49
9 57 56
9 57 57
9 57 68
9 57 76
9 90 60
9 90 70
9 90 80
9 90 81
9 90 90
9 90 94
9 98 88
9 98 89
9 98 95
9 98 97
9 98 98
10 12 0
10 12 3
10 12 10
10 47 6
10 47 25
10 47 36
10 47 39
10 47 46
10 47 47
10 47 48
10 47 69
10 53 24
10 53 33
10 53 41
10 53 43
10 53 50
10 53 53
10 53 54
10 53 63
10 53 64
10 53 71
10 53 72
10 57 17
10 57 28
10 57 49
10 57 56
10 57 66
10 57 67
10 57 75
10 57 77
10 90 70
10 90 80
10 90 92
10 98 88
10 98 95
11 12 -1
11 47 -1
11 53 -1
11 57 8
11 90 -1
11 98 -1
--- Done ---
