0 53 34
0 53 35
0 53 44
0 53 45
0 76 46
0 76 55
0 76 56
1 11 1
1 11 3
1 11 12
1 11 13
1 11 20
1 11 21
1 11 40
1 11 60
1 27 6
1 27 9
1 27 14
1 27 15
1 27 17
1 27 27
1 27 28
1 27 29
1 27 47
1 27 48
1 53 10
1 53 22
1 53 23
1 53 30
1 53 33
1 53 42
1 53 45
1 53 63
1 53 64
1 53 66
1 53 71
1 53 90
1 53 93
1 76 58
1 76 67
1 76 68
1 76 76
1 76 77
1 76 79
1 76 85
1 76 87
1 76 88
1 76 95
2 11 1
2 11 2
2 11 4
2 11 13
2 11 21
2 11 40
2 11 61
2 27 8
2 27 14
2 27 15
2 27 16
2 27 17
2 27 18
2 27 26
2 27 29
2 27 39
2 27 49
2 27 58
2 53 22
2 53 24
2 53 31
2 53 32
2 53 34
2 53 41
2 53 44
2 53 53
2 53 55
2 53 63
2 53 65
2 53 71
2 53 73
2 53 75
2 53 81
2 53 83
2 76 46
2 76 68
2 76 82
2 76 84
2 76 86
2 76 88
2 76 89
2 76 96
3 23 0
3 23 2
3 23 13
3 23 20
3 23 32
3 23 64
3 28 7
3 28 16
3 28 26
3 28 27
3 28 28
3 28 37
3 28 39
3 28 59
3 28 69
3 53 10
3 53 25
3 53 33
3 53 36
3 53 61
3 53 62
3 53 65
3 53 66
3 53 71
3 53 72
3 53 84
3 76 46
3 76 48
3 76 57
3 76 63
3 76 68
3 76 76
3 76 77
3 76 78
3 76 82
3 76 94
3 76 95
3 76 97
3 76 98
4 23 5
4 23 6
4 23 11
4 23 13
4 23 20
4 28 7
4 28 8
4 28 18
4 28 26
4 28 28
4 28 29
4 28 37
4 28 38
4 28 39
4 28 47
4 53 24
4 53 32
4 53 33
4 53 34
4 53 35
4 53 36
4 53 41
4 53 42
4 53 43
4 53 45
4 53 53
4 53 54
4 53 60
4 53 63
4 53 81
4 73 40
4 73 55
4 73 73
4 73 80
4 73 93
4 73 94
4 73 95
4 76 46
4 76 48
4 76 56
4 76 57
4 76 67
4 76 75
4 76 77
4 76 78
4 76 82
4 76 97
5 11 3
5 11 4
5 11 11
5 11 13
5 27 5
5 27 14
5 27 15
5 27 16
5 27 18
5 27 27
5 27 29
5 27 39
5 27 45
5 53 10
5 53 23
5 53 32
5 53 34
5 53 35
5 53 36
5 53 42
5 53 43
5 53 44
5 53 52
5 53 60
5 53 64
5 53 65
5 53 81
5 53 90
5 53 93
5 73 41
5 73 56
5 73 82
5 73 85
5 73 92
5 76 46
5 76 48
5 76 55
5 76 63
5 76 67
5 76 68
5 76 79
5 76 87
5 76 88
5 76 94
5 76 96
6 11 3
6 11 11
6 11 13
6 11 20
6 11 32
6 11 40
6 11 61
6 27 8
6 27 9
6 27 28
6 27 45
6 27 46
6 27 47
6 53 10
6 53 22
6 53 23
6 53 25
6 53 31
6 53 37
6 53 42
6 53 43
6 53 44
6 53 51
6 53 52
6 53 54
6 53 55
6 53 62
6 53 63
6 53 72
6 53 73
6 53 75
6 53 81
6 53 83
6 53 93
6 76 56
6 76 67
6 76 76
6 76 77
6 76 78
6 76 82
6 76 85
6 76 87
6 76 89
6 76 94
6 76 97
6 91 21
6 91 70
7 27 4
7 27 6
7 27 7
7 27 8
7 27 9
7 27 19
7 27 26
7 27 28
7 27 29
7 27 38
7 27 47
7 53 22
7 53 24
7 53 25
7 53 32
7 53 33
7 53 41
7 53 42
7 53 43
7 53 45
7 53 50
7 53 51
7 53 53
7 53 54
7 53 63
7 53 66
7 53 74
7 53 75
7 53 76
7 53 93
7 77 57
7 77 59
7 77 67
7 77 68
7 77 69
7 77 78
7 77 79
7 77 86
7 77 97
7 77 99
7 91 21
7 91 80
7 91 91
7 91 92
8 11 2
8 11 3
8 11 11
8 11 12
8 11 13
8 11 20
8 27 4
8 27 5
8 27 8
8 27 15
8 27 17
8 27 27
8 27 29
8 27 38
8 27 39
8 27 48
8 27 49
8 53 22
8 53 25
8 53 33
8 53 34
8 53 41
8 53 50
8 53 51
8 53 53
8 53 62
8 53 66
8 53 72
8 53 81
8 53 83
8 53 84
8 53 93
8 73 40
8 73 71
8 73 73
8 73 82
8 73 92
8 73 95
8 77 55
8 77 57
8 77 58
8 77 59
8 77 68
8 77 78
8 77 79
8 77 86
8 77 89
8 77 94
8 77 96
8 77 98
9 5 5
9 5 7
9 5 14
9 5 15
9 5 17
9 5 18
9 11 4
9 11 11
9 11 13
9 11 20
9 11 21
9 53 22
9 53 30
9 53 33
9 53 34
9 53 36
9 53 37
9 53 41
9 53 44
9 53 53
9 53 54
9 53 62
9 53 63
9 53 72
9 53 74
9 53 75
9 53 83
9 53 84
9 53 90
9 66 28
9 66 46
9 66 49
9 66 56
9 66 57
9 66 67
9 66 86
9 66 96
9 66 99
9 73 45
9 73 51
9 73 64
9 73 70
9 73 73
9 73 80
9 73 91
9 73 93
--- Done ---
