0 53 34
0 53 35
0 53 44
0 53 45
0 53 54
0 53 55
0 66 46
1 12 0
1 12 1
1 12 3
1 12 11
1 12 4
1 12 34
1 12 42
1 12 52
1 28 9
1 28 18
1 28 19
1 28 59
1 28 38
1 28 57
1 28 54
1 53 35
1 53 50
1 53 63
1 53 44
1 53 45
1 53 51
1 53 55
1 53 81
1 53 23
1 53 24
1 53 25
1 53 36
1 53 53
1 66 46
1 66 94
1 66 99
1 90 70
1 90 82
2 12 0
2 12 1
2 12 2
2 12 6
2 12 11
2 12 14
2 12 20
2 12 22
2 12 30
2 12 33
2 12 23
2 12 24
2 12 25
2 28 8
2 28 9
2 28 17
2 28 18
2 28 29
2 28 59
2 28 44
2 53 43
2 53 50
2 53 63
2 53 73
2 53 55
2 53 60
2 53 62
2 53 64
2 53 72
2 53 75
2 53 81
2 66 46
2 66 77
2 66 79
2 66 85
2 66 88
2 66 94
2 66 96
2 66 99
2 66 26
2 66 38
2 66 45
2 66 49
2 66 56
2 66 57
2 66 74
2 66 37
2 66 53
2 66 82
2 66 83
2 66 15
2 90 95
2 90 90
2 90 93
3 12 1
3 12 2
3 12 3
3 12 5
3 12 12
3 12 14
3 12 20
3 12 10
3 12 21
3 12 22
3 12 30
3 12 23
3 12 25
3 12 34
3 12 42
3 28 7
3 28 16
3 28 17
3 28 18
3 28 19
3 28 58
3 28 59
3 28 28
3 28 44
3 53 50
3 64 40
3 64 97
3 64 35
3 64 43
3 64 63
3 64 55
3 64 61
3 64 64
3 64 72
3 64 32
3 64 54
3 64 83
3 66 68
3 66 77
3 66 78
3 66 79
3 66 87
3 66 88
3 66 98
3 66 99
3 66 26
3 66 27
3 66 48
3 66 69
3 66 85
3 66 89
3 66 94
3 66 15
3 66 37
3 66 45
3 66 56
3 66 62
3 66 65
3 66 74
3 66 82
3 90 70
3 90 91
3 90 92
3 90 51
3 90 81
3 90 90
3 90 93
4 12 0
4 12 1
4 12 2
4 12 3
4 12 5
4 12 6
4 12 11
4 12 12
4 12 14
4 12 20
4 12 4
4 12 10
4 12 22
4 12 30
4 12 31
4 12 34
4 28 7
4 28 8
4 28 16
4 28 17
4 28 18
4 28 29
4 28 58
4 28 26
4 28 27
4 28 38
4 28 47
4 28 57
4 28 69
4 28 89
4 28 44
4 53 41
4 53 50
4 53 53
4 64 40
4 64 35
4 64 43
4 64 46
4 64 73
4 64 85
4 64 86
4 64 94
4 64 45
4 64 60
4 64 64
4 64 74
4 64 76
4 64 82
4 64 84
4 64 32
4 64 36
4 64 54
4 66 77
4 66 78
4 66 79
4 66 87
4 66 96
4 66 98
4 66 99
4 66 55
4 66 56
4 66 62
4 66 65
4 66 66
4 90 70
4 90 80
4 90 91
4 90 92
4 90 95
4 90 51
4 90 81
4 90 93
4 90 83
5 12 6
5 12 0
5 12 12
5 12 13
5 12 14
5 12 10
5 12 21
5 12 22
5 12 23
5 12 30
5 12 31
5 12 34
5 12 42
5 12 52
5 12 32
5 12 33
5 20 20
5 20 41
5 20 50
5 28 7
5 28 8
5 28 9
5 28 16
5 28 17
5 28 18
5 28 19
5 28 29
5 28 39
5 28 58
5 28 59
5 28 26
5 28 27
5 28 28
5 28 38
5 28 48
5 28 49
5 28 57
5 28 69
5 28 4
5 28 15
5 28 24
5 28 25
5 53 84
5 64 97
5 64 35
5 64 40
5 64 63
5 64 73
5 64 44
5 64 45
5 64 55
5 64 66
5 64 74
5 64 75
5 64 76
5 64 82
5 66 68
5 66 77
5 66 78
5 66 79
5 66 87
5 66 96
5 66 98
5 66 99
5 66 46
5 66 94
5 66 37
5 66 56
5 66 67
5 66 36
5 66 54
5 66 62
5 90 80
5 90 92
5 90 95
5 90 51
5 90 81
5 90 90
5 90 71
5 90 72
5 90 83
5 90 60
5 90 61
6 12 3
6 12 5
6 12 1
6 12 2
6 12 11
6 12 12
6 12 14
6 12 10
6 12 21
6 12 22
6 12 30
6 12 34
6 12 42
6 12 52
6 12 23
6 12 33
6 20 20
6 20 41
6 20 50
6 28 7
6 28 8
6 28 9
6 28 16
6 28 17
6 28 18
6 28 19
6 28 29
6 28 59
6 28 26
6 28 28
6 28 38
6 28 49
6 28 57
6 28 69
6 28 89
6 28 4
6 28 24
6 28 25
6 28 37
6 28 44
6 28 56
6 28 54
6 53 53
6 64 97
6 64 35
6 64 40
6 64 43
6 64 63
6 64 73
6 64 64
6 64 71
6 64 72
6 64 36
6 64 60
6 64 61
6 66 68
6 66 77
6 66 78
6 66 79
6 66 88
6 66 96
6 66 98
6 66 99
6 66 46
6 66 85
6 66 86
6 66 94
6 66 45
6 66 62
6 66 65
6 66 66
6 66 74
6 66 75
6 66 76
6 66 82
6 66 84
6 66 83
6 66 32
6 90 70
6 90 80
6 90 91
6 90 92
6 90 81
6 90 90
6 90 93
7 12 3
7 12 5
7 12 0
7 12 2
7 12 11
7 12 12
7 12 13
7 12 14
7 12 21
7 12 22
7 12 25
7 12 30
7 12 31
7 12 34
7 12 23
7 12 33
7 20 40
7 20 41
7 20 50
7 28 7
7 28 8
7 28 9
7 28 16
7 28 17
7 28 18
7 28 39
7 28 27
7 28 49
7 28 57
7 28 69
7 28 44
7 28 54
7 53 35
7 53 43
7 53 63
7 53 73
7 53 75
7 53 84
7 64 64
7 66 68
7 66 77
7 66 78
7 66 96
7 66 46
7 66 85
7 66 86
7 66 15
7 66 45
7 66 55
7 66 56
7 66 62
7 66 66
7 66 74
7 66 36
7 90 70
7 90 80
7 90 91
7 90 92
7 90 51
7 90 81
7 90 90
7 90 72
7 90 83
7 90 61
8 12 3
8 12 6
8 12 0
8 12 1
8 12 2
8 12 11
8 12 14
8 20 40
8 28 8
8 28 17
8 28 18
8 28 19
8 28 29
8 28 58
8 28 59
8 28 26
8 28 28
8 28 38
8 28 47
8 28 49
8 28 57
8 28 69
8 28 89
8 28 15
8 28 24
8 28 37
8 28 44
8 28 67
8 28 23
8 28 54
8 53 35
8 53 41
8 53 43
8 53 51
8 53 81
8 53 93
8 53 22
8 53 30
8 53 34
8 53 42
8 53 52
8 53 65
8 53 71
8 53 75
8 53 76
8 53 84
8 53 60
8 53 61
8 53 83
8 64 64
8 66 68
8 66 79
8 66 87
8 66 88
8 66 99
8 66 46
8 66 85
8 66 86
8 66 94
8 66 66
8 66 82
8 90 70
8 90 80
8 90 91
9 12 3
9 12 0
9 12 1
9 12 2
9 12 11
9 12 10
9 12 22
9 12 34
9 12 42
9 20 20
9 20 41
9 20 50
9 28 8
9 28 9
9 28 19
9 28 29
9 28 39
9 28 59
9 28 28
9 28 48
9 28 49
9 28 57
9 28 69
9 28 89
9 28 24
9 28 56
9 28 23
9 28 54
9 53 -1
9 64 97
9 64 35
9 64 64
9 66 68
9 66 88
9 66 98
9 66 94
9 66 45
9 66 65
9 66 76
9 66 83
9 90 70
9 90 80
9 90 95
9 90 81
9 90 90
9 90 60
9 90 61
10 12 3
10 12 6
10 12 0
10 12 10
10 12 24
10 12 25
10 12 33
10 20 41
10 28 17
10 28 39
10 28 28
10 53 43
10 53 50
10 53 63
10 53 53
10 64 64
10 66 77
10 66 88
10 66 46
10 66 47
10 66 48
10 66 49
10 66 69
10 66 56
10 66 66
10 66 67
10 66 75
10 66 36
10 66 54
10 90 70
10 90 80
10 90 92
10 90 95
10 90 71
10 90 72
11 12 -1
11 20 -1
11 28 8
11 53 -1
11 64 -1
11 66 -1
11 90 -1
--- Done ---
