0 47 46
0 47 55
0 47 56
0 53 34
0 53 35
0 53 44
0 53 45
1 17 9
1 17 15
1 17 17
1 17 27
1 17 28
1 17 29
1 22 1
1 22 3
1 22 10
1 22 12
1 22 22
1 31 13
1 31 14
1 31 20
1 31 21
1 31 23
1 31 30
1 31 40
1 31 60
1 47 6
1 47 47
1 47 48
1 47 58
1 47 66
1 47 68
1 53 33
1 53 42
1 53 45
1 53 63
1 53 64
1 53 71
1 87 67
1 87 76
1 87 77
1 87 79
1 87 85
1 87 87
1 87 88
1 87 95
1 93 90
1 93 93
2 17 8
2 17 15
2 17 16
2 17 17
2 17 18
2 17 29
2 17 46
2 22 1
2 22 2
2 22 4
2 22 13
2 22 22
2 22 24
2 22 32
2 31 14
2 31 21
2 31 31
2 31 40
2 47 26
2 47 39
2 47 49
2 47 55
2 47 58
2 47 68
2 53 34
2 53 41
2 53 44
2 53 53
2 53 61
2 53 63
2 53 65
2 53 71
2 53 73
2 53 81
2 53 83
2 87 86
2 87 88
2 87 89
2 87 96
2 93 75
2 93 82
2 93 84
3 11 0
3 11 2
3 11 10
3 11 13
3 11 20
3 11 32
3 37 7
3 37 16
3 37 25
3 37 26
3 37 27
3 37 28
3 37 37
3 37 39
3 37 46
3 37 48
3 53 33
3 53 36
3 53 61
3 53 62
3 53 63
3 53 64
3 53 65
3 53 71
3 53 72
3 77 57
3 77 59
3 77 66
3 77 68
3 77 76
3 77 77
3 77 78
3 77 95
3 77 97
3 87 69
3 87 98
3 93 82
3 93 84
3 93 94
4 11 11
4 11 20
4 24 5
4 24 13
4 24 24
4 24 32
4 37 6
4 37 7
4 37 8
4 37 18
4 37 26
4 37 28
4 37 29
4 37 37
4 37 38
4 37 39
4 37 46
4 37 47
4 37 48
4 37 55
4 53 33
4 53 34
4 53 35
4 53 36
4 53 41
4 53 42
4 53 43
4 53 45
4 53 53
4 53 54
4 53 63
4 53 73
4 53 81
4 70 40
4 70 60
4 70 80
4 70 82
4 77 56
4 77 57
4 77 67
4 77 77
4 77 78
4 77 95
4 84 75
4 84 93
4 84 94
4 84 97
5 12 10
5 12 11
5 12 14
5 12 23
5 12 32
5 24 3
5 24 4
5 24 5
5 24 13
5 24 15
5 24 27
5 24 46
5 37 16
5 37 18
5 37 29
5 37 39
5 37 48
5 37 55
5 53 34
5 53 35
5 53 36
5 53 41
5 53 42
5 53 43
5 53 44
5 53 45
5 53 52
5 53 63
5 53 64
5 53 65
5 53 81
5 70 60
5 70 82
5 70 90
5 70 92
5 77 56
5 77 67
5 77 68
5 77 79
5 77 87
5 77 96
5 84 85
5 84 88
5 84 93
5 84 94
6 12 3
6 12 10
6 12 11
6 12 13
6 12 20
6 12 21
6 12 22
6 12 23
6 12 31
6 12 32
6 17 8
6 17 9
6 17 28
6 17 37
6 17 46
6 17 47
6 53 42
6 53 43
6 53 44
6 53 45
6 53 51
6 53 52
6 53 54
6 53 61
6 53 62
6 53 63
6 53 72
6 53 73
6 53 81
6 53 83
6 68 25
6 68 56
6 68 67
6 68 77
6 68 78
6 68 89
6 68 97
6 70 40
6 70 70
6 76 55
6 76 76
6 76 85
6 76 87
6 76 94
6 93 75
6 93 82
6 93 93
7 13 4
7 13 21
7 13 22
7 13 24
7 13 25
7 13 32
7 17 6
7 17 7
7 17 8
7 17 9
7 17 19
7 17 26
7 17 28
7 17 29
7 17 38
7 17 47
7 53 33
7 53 41
7 53 42
7 53 43
7 53 45
7 53 51
7 53 53
7 53 54
7 53 63
7 68 57
7 68 59
7 68 67
7 68 68
7 68 69
7 68 78
7 70 50
7 70 80
7 70 92
7 76 66
7 76 74
7 76 76
7 76 79
7 76 86
7 76 97
7 76 99
7 93 75
7 93 91
7 93 93
8 13 2
8 13 3
8 13 4
8 13 5
8 13 11
8 13 12
8 13 13
8 13 15
8 13 22
8 13 25
8 13 55
8 28 8
8 28 17
8 28 27
8 28 29
8 28 38
8 28 39
8 28 48
8 28 49
8 30 20
8 30 40
8 30 50
8 53 33
8 53 34
8 53 41
8 53 51
8 53 53
8 53 62
8 53 71
8 53 72
8 53 73
8 53 81
8 53 83
8 68 58
8 68 68
8 68 78
8 68 79
8 68 89
8 77 57
8 77 59
8 77 66
8 77 86
8 77 95
8 77 96
8 77 98
8 93 82
8 93 84
8 93 92
8 93 93
8 93 94
9 24 4
9 24 5
9 24 7
9 24 13
9 24 14
9 24 15
9 24 22
9 24 37
9 24 46
9 28 17
9 28 18
9 28 28
9 28 49
9 30 11
9 30 20
9 30 21
9 30 30
9 53 33
9 53 34
9 53 36
9 53 41
9 53 44
9 53 45
9 53 51
9 53 53
9 53 54
9 53 62
9 53 63
9 53 64
9 53 72
9 53 73
9 53 83
9 76 67
9 76 74
9 76 75
9 76 84
9 76 99
9 77 56
9 77 57
9 77 86
9 77 96
9 90 70
9 90 80
9 90 90
9 90 91
9 90 93
--- Done ---
