0 47 46
0 47 55
0 47 34
0 47 35
0 47 45
0 47 54
0 53 44
1 13 4
1 13 24
1 13 1
1 13 3
1 13 11
1 13 23
1 13 25
1 13 44
1 17 9
1 17 18
1 17 19
1 17 38
1 21 0
1 47 57
1 47 59
1 47 35
1 47 45
1 47 46
1 47 55
1 47 34
1 47 36
1 47 54
1 53 52
1 53 53
1 61 70
1 61 50
1 61 51
1 61 63
1 61 82
1 61 42
1 61 81
1 87 99
1 93 94
2 13 2
2 13 14
2 13 24
2 13 25
2 13 33
2 13 44
2 13 55
2 17 8
2 17 9
2 17 17
2 17 18
2 17 29
2 17 38
2 17 6
2 17 26
2 17 15
2 17 37
2 21 0
2 21 20
2 21 1
2 21 11
2 21 22
2 21 23
2 21 30
2 21 50
2 47 49
2 47 59
2 53 43
2 53 64
2 53 53
2 53 63
2 53 72
2 53 73
2 53 83
2 53 62
2 53 81
2 61 60
2 66 74
2 66 56
2 66 57
2 66 75
2 66 77
2 66 85
2 66 88
2 66 45
2 66 46
2 66 82
2 87 79
2 87 95
2 87 96
2 87 99
2 93 90
2 93 93
2 93 94
3 13 2
3 13 14
3 13 25
3 17 7
3 17 16
3 17 17
3 17 18
3 17 19
3 17 27
3 17 28
3 17 5
3 17 26
3 17 15
3 17 37
3 21 10
3 21 20
3 21 1
3 21 3
3 21 12
3 21 21
3 21 22
3 21 23
3 21 30
3 21 32
3 21 50
3 47 58
3 47 59
3 47 48
3 47 56
3 47 68
3 47 55
3 53 43
3 53 64
3 53 35
3 53 44
3 53 51
3 53 63
3 53 65
3 53 72
3 53 83
3 53 34
3 53 42
3 53 45
3 53 54
3 53 62
3 53 81
3 61 40
3 61 70
3 61 61
3 66 74
3 87 69
3 87 79
3 87 89
3 87 97
3 87 99
3 87 77
3 87 78
3 87 85
3 87 87
3 87 88
3 87 98
3 93 90
3 93 91
3 93 92
3 93 93
3 93 94
3 93 82
4 13 2
4 13 4
4 13 14
4 13 1
4 13 3
4 13 11
4 13 12
4 13 22
4 13 30
4 13 32
4 13 44
4 13 34
4 17 7
4 17 8
4 17 16
4 17 17
4 17 18
4 17 27
4 17 29
4 17 38
4 17 5
4 17 6
4 17 26
4 17 36
4 17 46
4 21 0
4 21 10
4 21 20
4 47 58
4 47 47
4 53 43
4 53 64
4 53 35
4 53 41
4 53 53
4 53 65
4 53 73
4 53 83
4 53 45
4 53 54
4 53 62
4 53 81
4 61 40
4 61 60
4 61 70
4 61 80
4 61 31
4 61 50
4 61 51
4 66 74
4 66 56
4 66 57
4 66 66
4 66 55
4 66 82
4 87 69
4 87 79
4 87 89
4 87 95
4 87 96
4 87 99
4 87 76
4 87 77
4 87 78
4 87 85
4 87 86
4 87 87
4 87 98
4 93 84
4 93 91
4 93 92
4 93 93
4 93 94
5 13 4
5 13 14
5 13 24
5 13 12
5 13 13
5 13 22
5 13 23
5 13 25
5 13 30
5 13 32
5 13 33
5 13 44
5 13 15
5 13 34
5 17 7
5 17 8
5 17 9
5 17 16
5 17 17
5 17 18
5 17 19
5 17 27
5 17 28
5 17 29
5 17 38
5 17 6
5 17 26
5 17 46
5 21 0
5 21 10
5 21 20
5 21 21
5 21 31
5 21 41
5 21 50
5 21 42
5 47 39
5 47 49
5 47 58
5 47 59
5 47 35
5 47 48
5 47 56
5 47 57
5 47 68
5 47 36
5 47 37
5 47 45
5 47 54
5 53 52
5 61 40
5 61 60
5 61 80
5 61 51
5 61 61
5 61 63
5 61 71
5 61 72
5 61 62
5 61 81
5 66 74
5 66 66
5 66 55
5 66 82
5 87 69
5 87 79
5 87 95
5 87 96
5 87 97
5 87 99
5 87 67
5 87 76
5 87 77
5 87 78
5 87 87
5 87 98
5 93 84
5 93 90
5 93 92
5 93 94
5 93 73
5 93 75
5 93 83
6 13 2
6 13 4
6 13 14
6 13 24
6 13 1
6 13 3
6 13 11
6 13 12
6 13 22
6 13 23
6 13 25
6 13 30
6 13 32
6 13 33
6 13 44
6 13 34
6 17 7
6 17 8
6 17 9
6 17 16
6 17 17
6 17 18
6 17 19
6 17 28
6 17 29
6 17 38
6 17 5
6 17 26
6 17 37
6 17 46
6 21 10
6 21 20
6 21 21
6 47 49
6 47 59
6 47 56
6 47 57
6 47 68
6 53 43
6 53 52
6 53 64
6 53 35
6 53 41
6 53 53
6 53 63
6 53 65
6 53 71
6 53 72
6 53 73
6 53 83
6 53 36
6 53 42
6 53 45
6 53 54
6 53 62
6 53 81
6 61 40
6 61 60
6 61 70
6 61 80
6 61 50
6 61 61
6 66 74
6 66 66
6 87 69
6 87 79
6 87 89
6 87 96
6 87 97
6 87 99
6 87 76
6 87 77
6 87 78
6 87 85
6 87 86
6 87 88
6 87 98
6 93 84
6 93 90
6 93 91
6 93 92
6 93 93
6 93 94
6 93 75
6 93 82
7 13 2
7 13 14
7 13 3
7 13 11
7 13 12
7 13 13
7 13 22
7 13 23
7 13 25
7 13 30
7 13 33
7 13 44
7 13 15
7 13 34
7 17 7
7 17 8
7 17 9
7 17 16
7 17 17
7 17 18
7 17 27
7 17 5
7 17 36
7 21 0
7 21 21
7 21 31
7 21 41
7 21 50
7 47 39
7 47 49
7 53 43
7 53 64
7 53 35
7 61 40
7 61 70
7 61 80
7 61 51
7 61 61
7 61 63
7 61 72
7 66 74
7 66 56
7 66 57
7 66 66
7 66 68
7 66 75
7 66 77
7 66 78
7 66 85
7 66 86
7 66 45
7 66 46
7 66 55
7 87 69
7 87 96
7 93 84
7 93 90
7 93 91
7 93 92
7 93 73
7 93 83
7 93 54
7 93 62
7 93 81
8 13 2
8 13 14
8 13 24
8 13 1
8 13 3
8 13 11
8 13 22
8 13 23
8 13 30
8 13 44
8 17 8
8 17 17
8 17 18
8 17 19
8 17 28
8 17 29
8 17 38
8 17 6
8 17 26
8 17 15
8 17 37
8 17 46
8 21 0
8 47 49
8 47 58
8 47 59
8 47 57
8 47 68
8 47 47
8 53 43
8 53 52
8 53 64
8 53 35
8 53 41
8 53 51
8 53 65
8 53 71
8 53 83
8 53 34
8 53 42
8 53 54
8 53 81
8 61 40
8 61 60
8 61 70
8 61 80
8 61 61
8 66 66
8 87 69
8 87 79
8 87 89
8 87 99
8 87 67
8 87 76
8 87 85
8 87 86
8 87 87
8 87 88
8 93 84
8 93 91
8 93 93
8 93 94
8 93 75
8 93 82
9 13 2
9 13 24
9 17 8
9 17 9
9 17 19
9 17 28
9 17 29
9 21 0
9 21 10
9 21 20
9 21 1
9 21 3
9 21 11
9 21 22
9 21 23
9 21 41
9 21 50
9 21 42
9 47 39
9 47 49
9 47 59
9 47 35
9 47 48
9 47 56
9 47 57
9 47 68
9 47 34
9 47 45
9 47 54
9 53 64
9 53 65
9 53 83
9 61 60
9 61 70
9 61 80
9 61 61
9 61 81
9 66 -1
9 87 69
9 87 89
9 87 95
9 87 97
9 87 76
9 87 88
9 87 98
9 93 90
9 93 94
10 13 24
10 17 17
10 17 28
10 17 6
10 21 0
10 21 10
10 21 3
10 21 41
10 21 50
10 47 39
10 47 49
10 47 25
10 47 48
10 47 56
10 47 46
10 47 47
10 53 43
10 53 64
10 53 33
10 53 53
10 53 63
10 53 71
10 53 72
10 53 36
10 53 54
10 61 70
10 61 80
10 66 66
10 66 75
10 87 69
10 87 95
10 87 67
10 87 77
10 87 88
10 93 92
11 13 -1
11 17 8
11 21 -1
11 47 -1
11 53 -1
11 61 -1
11 66 -1
11 87 -1
11 93 -1
--- Done ---
