0 53 34
0 53 35
0 53 44
0 53 45
0 53 46
0 53 54
0 53 55
1 53 0
1 53 1
1 53 3
1 53 4
1 53 9
1 53 11
1 53 18
1 53 19
1 53 23
1 53 24
1 53 25
1 53 34
1 53 35
1 53 36
1 53 38
1 53 42
1 53 44
1 53 45
1 53 46
1 53 50
1 53 51
1 53 52
1 53 53
1 53 54
1 53 57
1 53 59
1 53 63
1 53 70
1 53 81
2 53 0
2 53 1
2 53 2
2 53 6
2 53 8
2 53 9
2 53 11
2 53 14
2 53 15
2 53 17
2 53 18
2 53 20
2 53 22
2 53 23
2 53 24
2 53 25
2 53 26
2 53 29
2 53 30
2 53 33
2 53 37
2 53 38
2 53 43
2 53 44
2 53 45
2 53 49
2 53 53
3 53 1
3 53 2
3 53 3
3 53 5
3 53 7
3 53 10
3 53 12
3 53 14
3 53 15
3 53 16
3 53 17
3 53 18
3 53 19
3 53 20
3 53 21
3 53 22
3 53 23
3 53 25
3 53 26
3 53 27
3 53 28
3 53 30
3 53 32
3 53 34
3 53 35
3 53 37
3 53 40
3 53 42
4 53 0
4 53 1
4 53 2
4 53 3
4 53 4
4 53 5
4 53 6
4 53 7
4 53 8
4 53 10
4 53 11
4 53 12
4 53 14
4 53 16
4 53 17
4 53 18
4 53 20
4 53 22
4 53 26
4 53 29
5 53 0
5 53 4
5 53 6
5 53 7
5 53 8
5 53 9
5 53 10
5 53 12
5 53 13
5 53 14
5 53 15
5 53 16
5 53 17
5 53 18
5 53 19
5 53 20
5 53 21
5 53 22
5 53 23
6 53 1
6 53 2
6 53 3
6 53 4
6 53 5
6 53 7
6 53 8
6 53 9
6 53 10
6 53 11
6 53 12
6 53 14
6 53 16
6 53 17
6 53 18
6 53 19
6 53 20
6 53 21
6 53 22
6 53 23
6 53 24
6 53 25
7 53 0
7 53 2
7 53 3
7 53 5
7 53 7
7 53 8
7 53 9
7 53 11
7 53 12
7 53 13
7 53 14
7 53 15
7 53 16
7 53 17
7 53 18
7 53 21
7 53 22
7 53 23
7 53 25
8 53 0
8 53 1
8 53 2
8 53 3
8 53 6
8 53 8
8 53 11
8 53 14
8 53 15
8 53 17
8 53 18
8 53 19
8 53 22
8 53 23
8 53 24
8 53 26
8 53 28
8 53 29
8 53 30
8 53 34
8 53 35
8 53 37
8 53 38
8 53 40
8 53 41
8 53 42
8 53 44
9 53 0
9 53 1
9 53 2
9 53 3
9 53 8
9 53 9
9 53 10
9 53 11
9 53 19
9 53 20
9 53 22
9 53 23
9 53 24
9 53 28
9 53 29
9 53 34
9 53 35
9 53 39
9 53 41
9 53 42
9 53 45
9 53 48
9 53 49
9 53 50
9 53 54
9 53 56
9 53 57
9 53 59
10 53 0
10 53 3
10 53 6
10 53 10
10 53 17
10 53 24
10 53 25
10 53 28
10 53 33
10 53 36
10 53 39
10 53 41
10 53 43
10 53 46
10 53 47
10 53 48
10 53 49
10 53 50
10 53 53
10 53 54
10 53 56
10 53 63
10 53 64
10 53 66
10 53 67
10 53 69
10 53 70
10 53 71
10 53 72
10 53 75
10 53 77
10 53 80
10 53 88
10 53 92
10 53 95
11 53 8
--- Done ---
