0 35 35
0 35 56
0 53 34
0 53 44
0 53 45
0 53 46
0 53 55
1 35 1
1 35 3
1 35 6
1 35 9
1 35 20
1 35 27
1 35 28
1 35 58
1 35 68
1 53 10
1 53 12
1 53 13
1 53 14
1 53 15
1 53 21
1 53 22
1 53 23
1 53 30
1 53 33
1 53 40
1 53 42
1 53 45
1 53 47
1 53 48
1 53 60
1 53 63
1 53 64
1 53 66
1 53 67
1 53 71
1 53 76
1 53 77
1 53 85
1 53 90
1 53 93
1 53 95
1 57 17
1 57 29
1 57 79
1 57 87
1 57 88
2 35 1
2 35 8
2 35 16
2 35 17
2 35 18
2 35 26
2 35 39
2 35 58
2 35 86
2 53 2
2 53 4
2 53 13
2 53 14
2 53 15
2 53 21
2 53 22
2 53 24
2 53 31
2 53 32
2 53 34
2 53 40
2 53 41
2 53 44
2 53 46
2 53 53
2 53 55
2 53 61
2 53 63
2 53 65
2 53 71
2 53 73
2 53 75
2 53 81
2 53 83
2 53 84
2 57 29
2 57 49
2 57 68
2 57 88
2 57 89
2 74 82
2 74 96
3 35 7
3 35 16
3 35 20
3 35 59
3 35 98
3 53 2
3 53 10
3 53 13
3 53 25
3 53 32
3 53 33
3 53 36
3 53 37
3 53 46
3 53 48
3 53 61
3 53 62
3 53 63
3 53 64
3 53 65
3 53 66
3 53 71
3 53 72
3 53 76
3 53 77
3 53 84
3 53 94
3 53 95
3 53 97
3 57 28
3 57 39
3 57 57
3 57 68
3 57 69
3 57 78
3 74 0
3 74 26
3 74 27
3 74 82
4 35 5
4 35 6
4 35 7
4 35 8
4 35 11
4 35 20
4 35 26
4 35 28
4 35 35
4 35 38
4 35 39
4 35 56
4 53 13
4 53 24
4 53 32
4 53 33
4 53 34
4 53 36
4 53 37
4 53 40
4 53 41
4 53 42
4 53 43
4 53 45
4 53 47
4 53 48
4 53 53
4 53 54
4 53 55
4 53 60
4 53 63
4 53 67
4 53 73
4 53 75
4 53 77
4 53 81
4 53 93
4 53 94
4 53 95
4 53 97
4 57 18
4 57 29
4 57 46
4 57 57
4 57 78
4 74 80
4 74 82
5 35 3
5 35 5
5 35 11
5 35 16
5 35 35
5 35 39
5 35 68
5 53 4
5 53 10
5 53 13
5 53 14
5 53 15
5 53 23
5 53 32
5 53 34
5 53 36
5 53 41
5 53 42
5 53 43
5 53 44
5 53 45
5 53 46
5 53 48
5 53 52
5 53 55
5 53 60
5 53 63
5 53 64
5 53 65
5 53 67
5 53 81
5 53 85
5 53 90
5 53 93
5 53 94
5 57 18
5 57 27
5 57 29
5 57 56
5 57 79
5 57 88
5 57 96
5 74 82
5 74 87
5 74 92
6 35 3
6 35 9
6 35 11
6 35 20
6 35 28
6 35 56
6 53 10
6 53 13
6 53 21
6 53 22
6 53 23
6 53 25
6 53 31
6 53 32
6 53 37
6 53 40
6 53 42
6 53 43
6 53 44
6 53 45
6 53 46
6 53 47
6 53 51
6 53 52
6 53 54
6 53 55
6 53 61
6 53 62
6 53 63
6 53 67
6 53 72
6 53 73
6 53 75
6 53 76
6 53 77
6 53 81
6 53 83
6 53 85
6 53 93
6 53 94
6 53 97
6 57 8
6 57 78
6 57 89
6 74 70
6 74 82
6 74 87
7 35 6
7 35 7
7 35 9
7 35 28
7 35 38
7 35 59
7 53 4
7 53 21
7 53 22
7 53 24
7 53 25
7 53 32
7 53 33
7 53 41
7 53 42
7 53 43
7 53 45
7 53 47
7 53 50
7 53 51
7 53 53
7 53 54
7 53 63
7 53 66
7 53 67
7 53 75
7 53 76
7 53 93
7 53 97
7 57 8
7 57 19
7 57 26
7 57 29
7 57 57
7 57 69
7 57 78
7 57 79
7 57 99
7 74 68
7 74 74
7 74 80
7 74 86
7 74 91
7 74 92
8 35 3
8 35 5
8 35 11
8 35 17
8 35 20
8 35 27
8 35 39
8 35 58
8 35 59
8 35 98
8 53 2
8 53 4
8 53 12
8 53 13
8 53 15
8 53 22
8 53 25
8 53 33
8 53 34
8 53 40
8 53 41
8 53 48
8 53 50
8 53 51
8 53 53
8 53 55
8 53 62
8 53 66
8 53 71
8 53 72
8 53 73
8 53 81
8 53 83
8 53 84
8 53 93
8 53 94
8 53 95
8 57 8
8 57 29
8 57 38
8 57 49
8 57 57
8 57 78
8 57 79
8 57 89
8 74 68
8 74 82
8 74 86
8 74 92
8 74 96
9 35 5
9 35 7
9 35 11
9 35 17
9 35 20
9 35 28
9 35 56
9 35 86
9 53 4
9 53 13
9 53 14
9 53 15
9 53 21
9 53 22
9 53 30
9 53 33
9 53 34
9 53 36
9 53 37
9 53 41
9 53 44
9 53 45
9 53 46
9 53 51
9 53 53
9 53 54
9 53 62
9 53 63
9 53 64
9 53 67
9 53 72
9 53 73
9 53 75
9 53 83
9 53 84
9 53 90
9 53 93
9 57 18
9 57 49
9 57 57
9 57 99
9 74 70
9 74 74
9 74 80
9 74 91
9 74 96
--- Done ---
