0 63 34
0 63 35
0 63 46
0 63 44
0 63 45
0 63 54
0 63 55
0 73 -1
1 16 3
1 16 36
1 16 18
1 16 19
1 16 38
1 16 46
1 32 0
1 32 1
1 32 23
1 32 50
1 32 4
1 32 11
1 32 24
1 32 25
1 32 70
1 32 45
1 39 9
1 63 55
1 63 81
1 63 82
1 63 34
1 63 35
1 63 42
1 63 44
1 63 51
1 63 52
1 63 53
1 63 54
1 63 63
1 63 94
1 73 -1
1 78 57
1 78 99
1 78 59
2 16 6
2 16 8
2 16 15
2 16 26
2 16 17
2 16 18
2 16 37
2 16 38
2 32 0
2 32 1
2 32 2
2 32 23
2 32 20
2 32 22
2 32 24
2 32 25
2 32 30
2 32 33
2 32 50
2 32 11
2 32 14
2 32 43
2 32 73
2 39 9
2 39 29
2 40 90
2 40 62
2 40 72
2 40 82
2 63 63
2 73 95
2 73 55
2 73 60
2 73 81
2 73 83
2 73 93
2 73 44
2 73 53
2 73 64
2 78 57
2 78 77
2 78 88
2 78 96
2 78 99
2 78 49
2 78 59
2 78 79
2 78 74
2 78 75
2 78 85
2 78 94
2 78 56
2 78 46
2 78 45
3 16 3
3 16 5
3 16 7
3 16 15
3 16 16
3 16 26
3 16 17
3 16 18
3 16 19
3 16 27
3 16 28
3 16 37
3 16 48
3 32 1
3 32 2
3 32 23
3 32 10
3 32 20
3 32 21
3 32 22
3 32 25
3 32 30
3 32 50
3 32 12
3 32 14
3 32 32
3 32 34
3 32 35
3 32 43
3 32 42
3 32 51
3 32 45
3 39 58
3 40 90
3 40 72
3 40 82
3 40 40
3 63 63
3 73 91
3 73 55
3 73 61
3 73 65
3 73 81
3 73 83
3 73 92
3 73 93
3 73 44
3 73 54
3 73 62
3 73 64
3 73 70
3 78 69
3 78 77
3 78 78
3 78 88
3 78 89
3 78 97
3 78 98
3 78 99
3 78 59
3 78 79
3 78 87
3 78 68
3 78 74
3 78 85
3 78 94
3 78 56
4 16 3
4 16 5
4 16 6
4 16 7
4 16 8
4 16 16
4 16 26
4 16 36
4 16 4
4 16 17
4 16 18
4 16 27
4 16 38
4 16 12
4 16 14
4 16 35
4 16 56
4 16 45
4 16 46
4 32 0
4 32 1
4 32 2
4 32 10
4 32 20
4 32 22
4 32 30
4 32 50
4 32 11
4 32 31
4 32 32
4 32 34
4 32 43
4 32 44
4 32 53
4 32 64
4 32 70
4 32 73
4 32 41
4 32 51
4 39 29
4 39 47
4 39 58
4 40 40
4 63 93
4 63 62
4 63 82
4 73 80
4 73 86
4 73 91
4 73 95
4 73 55
4 73 60
4 73 65
4 73 76
4 73 81
4 73 83
4 73 84
4 73 92
4 73 54
4 78 57
4 78 69
4 78 77
4 78 78
4 78 89
4 78 96
4 78 98
4 78 99
4 78 66
4 78 79
4 78 87
4 78 74
4 78 85
4 78 94
5 16 6
5 16 7
5 16 8
5 16 15
5 16 16
5 16 26
5 16 36
5 16 4
5 16 17
5 16 18
5 16 19
5 16 24
5 16 25
5 16 27
5 16 28
5 16 37
5 16 38
5 16 48
5 16 12
5 16 14
5 16 35
5 16 68
5 32 0
5 32 13
5 32 23
5 32 10
5 32 20
5 32 21
5 32 22
5 32 30
5 32 33
5 32 50
5 32 31
5 32 32
5 32 34
5 32 73
5 32 41
5 32 42
5 32 51
5 32 52
5 39 9
5 39 29
5 39 39
5 39 58
5 39 45
5 40 90
5 40 72
5 40 82
5 40 40
5 63 94
5 63 63
5 73 80
5 73 95
5 73 55
5 73 60
5 73 61
5 73 81
5 73 83
5 73 84
5 73 92
5 73 44
5 73 54
5 73 62
5 73 56
5 73 71
5 78 57
5 78 69
5 78 77
5 78 78
5 78 96
5 78 97
5 78 98
5 78 99
5 78 49
5 78 59
5 78 66
5 78 67
5 78 76
5 78 79
5 78 87
5 78 46
5 78 74
5 78 75
6 16 3
6 16 5
6 16 7
6 16 8
6 16 16
6 16 26
6 16 36
6 16 4
6 16 17
6 16 18
6 16 19
6 16 24
6 16 25
6 16 28
6 16 37
6 16 38
6 16 12
6 16 14
6 16 35
6 32 1
6 32 2
6 32 23
6 32 10
6 32 20
6 32 21
6 32 22
6 32 30
6 32 33
6 32 50
6 32 11
6 32 32
6 32 34
6 32 43
6 32 44
6 32 53
6 32 54
6 32 64
6 32 70
6 32 52
6 39 9
6 39 29
6 40 90
6 40 40
6 63 63
6 73 80
6 73 86
6 73 91
6 73 60
6 73 61
6 73 65
6 73 81
6 73 83
6 73 84
6 73 92
6 73 93
6 73 62
6 73 71
6 73 72
6 73 73
6 73 82
6 73 94
6 73 41
6 73 42
6 73 56
6 73 45
6 78 57
6 78 69
6 78 77
6 78 78
6 78 88
6 78 89
6 78 96
6 78 97
6 78 98
6 78 99
6 78 49
6 78 59
6 78 66
6 78 76
6 78 79
6 78 68
6 78 74
6 78 75
6 78 85
6 78 46
7 16 3
7 16 5
7 16 7
7 16 8
7 16 15
7 16 16
7 16 36
7 16 17
7 16 18
7 16 25
7 16 27
7 16 12
7 16 14
7 16 35
7 16 68
7 16 46
7 16 56
7 16 45
7 32 0
7 32 2
7 32 13
7 32 23
7 32 21
7 32 22
7 32 30
7 32 33
7 32 50
7 32 11
7 32 31
7 32 34
7 32 43
7 32 44
7 32 54
7 32 64
7 32 70
7 32 41
7 39 9
7 39 39
7 40 90
7 40 40
7 63 63
7 73 80
7 73 86
7 73 91
7 73 55
7 73 61
7 73 81
7 73 83
7 73 84
7 73 92
7 73 62
7 73 72
7 73 73
7 73 74
7 73 75
7 73 85
7 73 51
7 78 57
7 78 69
7 78 77
7 78 78
7 78 96
7 78 49
7 78 66
8 16 3
8 16 6
8 16 8
8 16 15
8 16 26
8 16 17
8 16 18
8 16 19
8 16 24
8 16 28
8 16 37
8 16 38
8 16 14
8 16 35
8 16 68
8 16 46
8 32 0
8 32 1
8 32 2
8 32 23
8 32 22
8 32 30
8 32 11
8 32 34
8 32 43
8 39 29
8 39 47
8 39 58
8 40 40
8 63 -1
8 73 80
8 73 86
8 73 91
8 73 60
8 73 61
8 73 65
8 73 81
8 73 83
8 73 84
8 73 93
8 73 44
8 73 54
8 73 64
8 73 70
8 73 71
8 73 75
8 73 82
8 73 85
8 73 94
8 73 41
8 73 42
8 73 51
8 73 52
8 78 57
8 78 69
8 78 88
8 78 89
8 78 99
8 78 49
8 78 59
8 78 66
8 78 67
8 78 76
8 78 79
8 78 87
9 16 3
9 16 8
9 32 0
9 32 1
9 32 2
9 32 23
9 32 10
9 32 20
9 32 22
9 32 24
9 32 50
9 32 11
9 32 34
9 32 35
9 32 54
9 32 64
9 32 70
9 32 41
9 32 42
9 32 45
9 39 9
9 39 29
9 39 39
9 39 19
9 39 28
9 39 48
9 39 49
9 39 59
9 40 90
9 63 -1
9 73 80
9 73 95
9 73 60
9 73 61
9 73 65
9 73 81
9 73 83
9 78 57
9 78 69
9 78 88
9 78 89
9 78 97
9 78 98
9 78 76
9 78 68
9 78 94
9 78 56
10 16 3
10 16 6
10 16 36
10 16 17
10 16 24
10 16 25
10 16 28
10 16 48
10 16 46
10 16 56
10 32 0
10 32 10
10 32 33
10 32 50
10 32 43
10 32 53
10 32 54
10 32 64
10 32 70
10 32 41
10 39 39
10 39 47
10 40 -1
10 63 63
10 73 80
10 73 95
10 73 92
10 73 71
10 73 72
10 73 75
10 78 69
10 78 77
10 78 88
10 78 49
10 78 66
10 78 67
11 16 8
11 32 -1
11 39 -1
11 40 -1
11 63 -1
11 73 -1
11 78 -1
--- Done ---
