0 53 34
0 53 35
0 53 44
0 53 45
0 53 46
0 53 54
0 53 55
1 13 0
1 13 1
1 13 3
1 13 11
1 13 4
1 13 23
1 13 25
1 13 34
1 13 35
1 13 36
1 13 42
1 13 45
1 13 46
1 13 52
1 53 50
1 53 53
1 57 9
1 57 18
1 57 19
1 57 38
1 57 59
1 57 99
1 57 55
1 57 57
1 57 24
1 57 44
1 57 63
1 93 70
1 93 82
1 93 51
1 93 81
1 93 94
1 93 54
2 13 0
2 13 1
2 13 6
2 13 11
2 13 20
2 13 2
2 13 14
2 13 22
2 13 23
2 13 26
2 13 30
2 13 43
2 13 24
2 13 44
2 13 63
2 53 50
2 53 60
2 53 53
2 53 72
2 53 81
2 53 83
2 53 90
2 53 94
2 53 95
2 53 55
2 53 62
2 57 9
2 57 18
2 57 29
2 57 38
2 57 49
2 57 59
2 57 79
2 57 88
2 57 99
2 57 8
2 57 17
2 57 37
2 57 56
2 57 77
2 57 96
2 57 15
2 57 25
2 57 33
2 57 45
2 57 46
2 57 57
2 57 64
2 57 73
2 57 74
2 57 75
2 57 85
2 93 82
2 93 93
3 13 1
3 13 3
3 13 5
3 13 7
3 13 20
3 13 2
3 13 12
3 13 14
3 13 21
3 13 22
3 13 23
3 13 30
3 13 32
3 13 55
3 13 44
3 13 63
3 53 40
3 53 50
3 53 64
3 53 74
3 53 65
3 57 18
3 57 19
3 57 28
3 57 58
3 57 59
3 57 69
3 57 78
3 57 79
3 57 88
3 57 99
3 57 16
3 57 17
3 57 26
3 57 27
3 57 37
3 57 48
3 57 56
3 57 68
3 57 77
3 57 87
3 57 89
3 57 15
3 57 25
3 57 34
3 57 35
3 57 45
3 57 85
3 93 70
3 93 82
3 93 91
3 93 92
3 93 98
3 93 51
3 93 61
3 93 72
3 93 81
3 93 83
3 93 90
3 93 93
3 93 94
3 93 97
3 93 10
3 93 42
3 93 43
3 93 54
3 93 62
4 13 0
4 13 3
4 13 5
4 13 6
4 13 7
4 13 1
4 13 4
4 13 11
4 13 20
4 13 22
4 13 26
4 13 27
4 13 2
4 13 12
4 13 14
4 13 30
4 13 31
4 13 32
4 13 35
4 13 66
4 51 40
4 51 50
4 51 60
4 51 70
4 51 82
4 51 91
4 51 92
4 51 41
4 51 51
4 51 10
4 51 43
4 51 83
4 51 95
4 53 53
4 53 55
4 53 85
4 53 44
4 53 54
4 53 57
4 53 62
4 53 65
4 53 73
4 53 74
4 53 81
4 57 18
4 57 29
4 57 38
4 57 58
4 57 69
4 57 78
4 57 79
4 57 99
4 57 8
4 57 16
4 57 17
4 57 47
4 57 77
4 57 87
4 57 89
4 57 96
4 57 36
4 57 45
4 57 46
4 57 56
4 57 64
4 57 34
4 57 76
4 93 80
4 93 86
4 93 98
4 93 84
4 93 94
4 93 93
5 13 0
5 13 6
5 13 7
5 13 4
5 13 13
5 13 20
5 13 22
5 13 15
5 13 25
5 13 35
5 13 36
5 13 45
5 13 46
5 13 66
5 13 12
5 13 14
5 51 40
5 51 50
5 51 60
5 51 37
5 51 21
5 51 23
5 51 30
5 51 31
5 51 32
5 51 33
5 51 34
5 51 41
5 51 10
5 51 42
5 51 44
5 51 51
5 51 52
5 51 54
5 51 61
5 51 62
5 53 55
5 53 90
5 53 95
5 57 9
5 57 18
5 57 19
5 57 28
5 57 29
5 57 38
5 57 39
5 57 49
5 57 58
5 57 59
5 57 69
5 57 78
5 57 79
5 57 99
5 57 8
5 57 16
5 57 17
5 57 26
5 57 27
5 57 48
5 57 67
5 57 77
5 57 87
5 93 80
5 93 98
5 93 68
5 93 82
5 93 84
5 93 96
5 93 56
5 93 75
5 93 76
5 93 92
5 93 94
5 93 97
5 93 24
5 93 57
5 93 63
5 93 71
5 93 72
5 93 73
5 93 74
5 93 81
5 93 83
6 13 3
6 13 5
6 13 7
6 13 1
6 13 4
6 13 11
6 13 20
6 13 22
6 13 2
6 13 12
6 13 14
6 13 21
6 13 23
6 13 35
6 13 36
6 13 45
6 13 46
6 13 66
6 13 24
6 13 32
6 51 40
6 51 50
6 51 60
6 51 70
6 51 82
6 51 91
6 51 92
6 51 37
6 51 56
6 51 30
6 51 33
6 51 34
6 51 41
6 51 10
6 51 42
6 51 43
6 51 44
6 51 52
6 51 54
6 51 57
6 51 61
6 51 62
6 51 63
6 51 65
6 53 53
6 57 9
6 57 18
6 57 19
6 57 28
6 57 29
6 57 38
6 57 49
6 57 59
6 57 69
6 57 78
6 57 79
6 57 88
6 57 99
6 57 8
6 57 16
6 57 17
6 57 26
6 57 68
6 57 77
6 57 89
6 57 96
6 57 25
6 93 80
6 93 86
6 93 98
6 93 84
6 93 94
6 93 97
6 93 64
6 93 75
6 93 76
6 93 85
6 93 71
6 93 72
6 93 73
6 93 74
6 93 81
6 93 83
6 93 90
6 93 93
7 13 0
7 13 3
7 13 5
7 13 7
7 13 11
7 13 13
7 13 16
7 13 17
7 13 22
7 13 27
7 13 2
7 13 12
7 13 14
7 13 15
7 13 21
7 13 23
7 13 25
7 13 30
7 13 31
7 13 35
7 13 36
7 13 41
7 51 40
7 51 50
7 51 51
7 51 73
7 51 74
7 53 -1
7 57 9
7 57 18
7 57 39
7 57 49
7 57 69
7 57 78
7 57 8
7 57 68
7 57 77
7 57 45
7 57 46
7 57 66
7 57 33
7 57 34
7 57 55
7 57 56
7 57 64
7 57 75
7 57 85
7 57 44
7 57 57
7 93 80
7 93 86
7 93 70
7 93 84
7 93 91
7 93 92
7 93 96
7 93 43
7 93 61
7 93 72
7 93 81
7 93 83
7 93 90
7 93 54
7 93 62
7 93 63
8 13 0
8 13 3
8 13 6
8 13 1
8 13 11
8 13 22
8 13 2
8 13 14
8 13 23
8 13 30
8 13 41
8 13 34
8 51 40
8 51 60
8 51 51
8 53 -1
8 57 18
8 57 19
8 57 28
8 57 29
8 57 38
8 57 49
8 57 58
8 57 59
8 57 69
8 57 79
8 57 88
8 57 99
8 57 8
8 57 17
8 57 26
8 57 47
8 57 67
8 57 68
8 57 87
8 57 89
8 57 15
8 57 35
8 57 37
8 57 46
8 57 64
8 57 66
8 93 80
8 93 86
8 93 70
8 93 82
8 93 84
8 93 91
8 93 94
8 93 61
8 93 75
8 93 76
8 93 85
8 93 24
8 93 54
8 93 57
8 93 71
8 93 81
8 93 83
8 93 93
8 93 42
8 93 43
8 93 44
8 93 52
8 93 65
9 13 0
9 13 3
9 13 1
9 13 11
9 13 20
9 13 22
9 13 2
9 13 23
9 13 41
9 13 10
9 13 42
9 51 50
9 51 60
9 51 70
9 53 -1
9 57 9
9 57 19
9 57 28
9 57 29
9 57 39
9 57 49
9 57 59
9 57 69
9 57 88
9 57 8
9 57 48
9 57 68
9 57 89
9 57 35
9 57 45
9 57 56
9 57 64
9 57 76
9 57 24
9 57 34
9 57 54
9 57 57
9 57 65
9 93 80
9 93 98
9 93 94
9 93 97
9 93 61
9 93 81
9 93 83
9 93 90
9 93 95
10 13 0
10 13 3
10 13 6
10 13 41
10 51 50
10 53 53
10 57 28
10 57 39
10 57 49
10 57 69
10 57 88
10 57 17
10 57 47
10 57 48
10 57 67
10 57 77
10 57 25
10 57 36
10 57 46
10 57 56
10 57 64
10 57 66
10 57 75
10 57 24
10 57 33
10 57 54
10 57 63
10 93 80
10 93 70
10 93 92
10 93 71
10 93 72
10 93 95
10 93 10
10 93 43
11 13 -1
11 51 -1
11 53 -1
11 57 8
11 93 -1
--- Done ---
