0 27 35
0 27 46
0 53 34
0 53 44
0 53 45
0 53 55
0 68 56
1 10 1
1 10 3
1 10 10
1 10 12
1 10 13
1 10 20
1 10 21
1 10 22
1 10 30
1 10 40
1 27 6
1 27 9
1 27 14
1 27 15
1 27 17
1 27 27
1 27 28
1 27 29
1 27 47
1 53 23
1 53 33
1 53 42
1 53 45
1 53 60
1 53 63
1 53 64
1 53 71
1 68 48
1 68 58
1 68 66
1 68 67
1 68 68
1 68 76
1 68 77
1 68 79
1 68 87
1 68 88
1 93 85
1 93 90
1 93 93
1 93 95
2 10 1
2 10 2
2 10 13
2 10 21
2 10 22
2 10 31
2 10 40
2 27 4
2 27 8
2 27 14
2 27 15
2 27 16
2 27 17
2 27 18
2 27 24
2 27 26
2 27 29
2 27 39
2 27 46
2 53 32
2 53 34
2 53 41
2 53 44
2 53 53
2 53 55
2 53 61
2 53 63
2 53 65
2 53 71
2 53 73
2 53 75
2 68 49
2 68 58
2 68 68
2 68 86
2 68 88
2 68 89
2 93 81
2 93 82
2 93 83
2 93 84
2 93 96
3 10 0
3 10 2
3 10 10
3 10 13
3 10 20
3 27 7
3 27 16
3 27 25
3 27 26
3 27 27
3 27 28
3 27 36
3 27 37
3 27 39
3 27 46
3 53 32
3 53 33
3 53 61
3 53 62
3 53 63
3 53 64
3 53 65
3 53 71
3 53 72
3 68 48
3 68 57
3 68 59
3 68 66
3 68 68
3 68 69
3 68 76
3 68 77
3 68 78
3 68 97
3 68 98
3 93 82
3 93 84
3 93 94
3 93 95
4 10 11
4 10 13
4 10 20
4 10 40
4 27 5
4 27 6
4 27 7
4 27 8
4 27 18
4 27 24
4 27 26
4 27 28
4 27 29
4 27 35
4 27 36
4 27 37
4 27 38
4 27 39
4 27 46
4 27 47
4 53 32
4 53 33
4 53 34
4 53 41
4 53 42
4 53 43
4 53 45
4 53 53
4 53 54
4 53 55
4 53 60
4 53 63
4 53 73
4 53 75
4 68 48
4 68 56
4 68 57
4 68 67
4 68 77
4 68 78
4 68 97
4 93 80
4 93 81
4 93 82
4 93 93
4 93 94
4 93 95
5 10 3
5 10 10
5 10 11
5 10 13
5 27 4
5 27 5
5 27 14
5 27 15
5 27 16
5 27 18
5 27 27
5 27 29
5 27 35
5 27 36
5 27 39
5 27 46
5 53 23
5 53 32
5 53 34
5 53 41
5 53 42
5 53 43
5 53 44
5 53 45
5 53 52
5 53 55
5 53 60
5 53 63
5 53 64
5 53 65
5 68 48
5 68 56
5 68 67
5 68 68
5 68 79
5 68 87
5 68 88
5 93 81
5 93 82
5 93 85
5 93 90
5 93 92
5 93 93
5 93 94
5 93 96
6 10 3
6 10 10
6 10 11
6 10 13
6 10 20
6 10 21
6 10 22
6 10 31
6 10 40
6 27 8
6 27 9
6 27 25
6 27 28
6 27 37
6 27 46
6 27 47
6 53 23
6 53 32
6 53 42
6 53 43
6 53 44
6 53 45
6 53 51
6 53 52
6 53 54
6 53 55
6 53 61
6 53 62
6 53 63
6 53 70
6 53 72
6 53 73
6 53 75
6 68 56
6 68 67
6 68 76
6 68 77
6 68 78
6 68 87
6 68 89
6 68 97
6 93 81
6 93 82
6 93 83
6 93 85
6 93 93
6 93 94
7 10 21
7 10 22
7 27 4
7 27 6
7 27 7
7 27 8
7 27 9
7 27 19
7 27 24
7 27 25
7 27 26
7 27 28
7 27 29
7 27 38
7 27 47
7 53 32
7 53 33
7 53 41
7 53 42
7 53 43
7 53 45
7 53 50
7 53 51
7 53 53
7 53 54
7 53 63
7 53 74
7 53 75
7 68 57
7 68 59
7 68 66
7 68 67
7 68 68
7 68 69
7 68 76
7 68 78
7 68 79
7 68 86
7 68 97
7 68 99
7 93 80
7 93 91
7 93 92
7 93 93
8 10 2
8 10 3
8 10 11
8 10 12
8 10 13
8 10 20
8 10 22
8 10 40
8 27 4
8 27 5
8 27 8
8 27 15
8 27 17
8 27 25
8 27 27
8 27 29
8 27 38
8 27 39
8 53 33
8 53 34
8 53 41
8 53 50
8 53 51
8 53 53
8 53 55
8 53 62
8 53 71
8 53 72
8 53 73
8 68 48
8 68 49
8 68 57
8 68 58
8 68 59
8 68 66
8 68 68
8 68 78
8 68 79
8 68 86
8 68 89
8 68 98
8 93 81
8 93 82
8 93 83
8 93 84
8 93 92
8 93 93
8 93 94
8 93 95
8 93 96
9 10 11
9 10 13
9 10 20
9 10 21
9 10 22
9 10 30
9 27 4
9 27 5
9 27 7
9 27 14
9 27 15
9 27 17
9 27 18
9 27 28
9 27 36
9 27 37
9 27 46
9 53 33
9 53 34
9 53 41
9 53 44
9 53 45
9 53 51
9 53 53
9 53 54
9 53 62
9 53 63
9 53 64
9 53 70
9 53 72
9 53 73
9 53 74
9 53 75
9 68 49
9 68 56
9 68 57
9 68 67
9 68 86
9 68 99
9 93 80
9 93 83
9 93 84
9 93 90
9 93 91
9 93 93
9 93 96
--- Done ---
