0 45 45
0 45 46
0 45 55
0 53 34
0 53 35
0 53 44
0 53 54
1 45 1
1 45 4
1 45 11
1 45 18
1 45 19
1 45 23
1 45 24
1 45 25
1 45 34
1 45 35
1 45 36
1 45 38
1 45 44
1 45 45
1 45 46
1 45 57
1 45 59
1 45 70
1 45 94
1 45 99
1 53 0
1 53 3
1 53 9
1 53 42
1 53 50
1 53 51
1 53 52
1 53 53
1 53 54
1 53 55
1 53 63
1 53 81
1 53 82
2 45 1
2 45 6
2 45 8
2 45 11
2 45 14
2 45 15
2 45 17
2 45 18
2 45 20
2 45 23
2 45 24
2 45 25
2 45 26
2 45 29
2 45 33
2 45 37
2 45 38
2 45 44
2 45 45
2 45 46
2 45 49
2 45 56
2 45 57
2 45 59
2 45 72
2 53 0
2 53 2
2 53 9
2 53 22
2 53 30
2 53 43
2 53 50
2 53 53
2 53 55
2 53 64
3 45 1
3 45 5
3 45 14
3 45 15
3 45 17
3 45 18
3 45 19
3 45 20
3 45 21
3 45 23
3 45 25
3 45 26
3 45 27
3 45 28
3 45 34
3 45 35
3 45 37
3 45 44
3 45 45
3 45 48
3 45 56
3 45 58
3 45 59
3 45 61
3 45 62
3 53 2
3 53 3
3 53 7
3 53 10
3 53 12
3 53 16
3 53 22
3 53 30
3 53 32
3 53 40
3 53 42
3 53 43
3 53 50
3 53 51
3 53 54
3 53 55
4 45 1
4 45 4
4 45 5
4 45 6
4 45 8
4 45 11
4 45 14
4 45 17
4 45 18
4 45 20
4 45 26
4 45 27
4 45 29
4 45 34
4 45 35
4 45 36
4 45 38
4 45 44
4 45 45
4 53 0
4 53 2
4 53 3
4 53 7
4 53 10
4 53 12
4 53 16
4 53 22
4 53 30
4 53 31
4 53 32
4 53 40
4 53 41
4 53 43
4 53 46
4 53 47
4 53 50
5 45 4
5 45 6
5 45 8
5 45 14
5 45 15
5 45 17
5 45 18
5 45 19
5 45 20
5 45 21
5 45 23
5 45 24
5 45 25
5 45 26
5 45 27
5 45 28
5 45 29
5 45 33
5 45 34
5 45 35
5 45 36
5 45 37
5 45 38
5 45 44
5 53 0
5 53 7
5 53 9
5 53 10
5 53 12
5 53 13
5 53 16
5 53 22
5 53 30
5 53 31
5 53 32
5 53 39
5 53 40
5 53 41
5 53 42
5 53 49
6 45 1
6 45 4
6 45 5
6 45 8
6 45 11
6 45 14
6 45 17
6 45 18
6 45 19
6 45 20
6 45 21
6 45 23
6 45 24
6 45 25
6 45 26
6 45 28
6 45 29
6 45 33
6 45 34
6 45 35
6 45 36
6 45 37
6 53 2
6 53 3
6 53 7
6 53 9
6 53 10
6 53 12
6 53 16
6 53 22
6 53 30
6 53 32
6 53 38
6 53 40
6 53 41
6 53 42
6 53 43
6 53 44
6 53 45
6 53 46
6 53 49
7 45 5
7 45 8
7 45 11
7 45 14
7 45 15
7 45 17
7 45 18
7 45 21
7 45 23
7 45 25
7 45 27
7 45 33
7 45 34
7 45 35
7 45 36
7 45 39
7 45 44
7 45 45
7 45 46
7 45 49
7 45 55
7 53 0
7 53 2
7 53 3
7 53 7
7 53 9
7 53 12
7 53 13
7 53 16
7 53 22
7 53 30
7 53 31
7 53 40
7 53 41
7 53 43
7 53 50
7 53 51
7 53 54
7 53 56
7 53 57
7 53 61
7 53 63
7 53 64
8 45 1
8 45 6
8 45 8
8 45 11
8 45 14
8 45 15
8 45 17
8 45 18
8 45 19
8 45 23
8 45 24
8 45 26
8 45 28
8 45 29
8 45 34
8 45 35
8 45 37
8 45 38
8 45 44
8 45 46
8 45 47
8 45 49
8 45 57
8 45 58
8 45 59
8 45 66
8 45 67
8 53 0
8 53 2
8 53 3
8 53 22
8 53 30
8 53 40
8 53 41
8 53 42
8 53 43
8 53 51
8 53 52
8 53 54
8 53 60
8 53 61
8 53 64
8 53 65
8 53 68
8 53 69
8 53 70
8 53 71
8 53 75
8 53 76
8 53 79
8 53 80
9 45 1
9 45 8
9 45 11
9 45 19
9 45 20
9 45 23
9 45 24
9 45 28
9 45 29
9 45 34
9 45 35
9 45 39
9 45 45
9 45 48
9 45 49
9 45 56
9 45 57
9 45 59
9 45 68
9 45 88
9 45 94
9 45 98
9 53 0
9 53 2
9 53 3
9 53 9
9 53 10
9 53 22
9 53 41
9 53 42
9 53 50
9 53 54
9 53 60
9 53 61
9 53 64
9 53 65
9 53 69
9 53 70
9 53 76
9 53 80
9 53 81
9 53 83
9 53 89
9 53 90
9 53 95
9 53 97
10 45 6
10 45 17
10 45 24
10 45 25
10 45 28
10 45 33
10 45 36
10 45 39
10 45 46
10 45 47
10 45 48
10 45 49
10 45 56
10 45 66
10 45 67
10 45 77
10 45 88
10 53 0
10 53 3
10 53 10
10 53 41
10 53 43
10 53 50
10 53 53
10 53 54
10 53 63
10 53 64
10 53 69
10 53 70
10 53 71
10 53 72
10 53 75
10 53 80
10 53 92
10 53 95
11 45 8
11 53 -1
--- Done ---
