0 37 46
0 37 55
0 37 35
0 53 34
0 53 44
0 53 45
0 53 54
1 13 24
1 21 0
1 21 50
1 21 1
1 21 3
1 21 11
1 21 23
1 28 9
1 28 19
1 28 4
1 28 18
1 28 38
1 28 25
1 37 46
1 37 55
1 53 45
1 53 52
1 53 53
1 53 54
1 53 34
1 53 35
1 53 42
1 53 44
1 53 51
1 53 63
1 53 36
1 76 99
1 77 57
1 77 59
1 77 94
1 81 70
1 81 81
1 81 82
2 13 2
2 13 14
2 13 24
2 21 0
2 21 20
2 21 50
2 21 1
2 21 11
2 21 22
2 21 23
2 21 30
2 28 9
2 28 49
2 37 6
2 37 46
2 37 8
2 37 15
2 37 17
2 37 18
2 37 26
2 37 29
2 37 37
2 37 38
2 37 25
2 53 43
2 53 45
2 53 53
2 53 62
2 53 33
2 53 44
2 53 63
2 53 72
2 76 74
2 76 75
2 76 99
2 76 55
2 76 64
2 76 73
2 76 83
2 77 56
2 77 57
2 77 59
2 77 95
2 77 96
2 77 77
2 77 79
2 77 85
2 77 88
2 77 94
2 81 60
2 81 90
2 81 93
2 81 81
2 81 82
3 13 2
3 13 5
3 13 14
3 13 1
3 13 3
3 13 12
3 13 15
3 13 23
3 13 32
3 13 34
3 13 44
3 13 22
3 13 25
3 13 55
3 21 21
3 28 19
3 28 28
3 30 40
3 30 10
3 30 20
3 30 50
3 30 30
3 37 7
3 37 16
3 37 17
3 37 18
3 37 26
3 37 27
3 37 37
3 37 48
3 53 43
3 53 45
3 53 54
3 53 62
3 53 35
3 53 61
3 53 63
3 53 72
3 53 42
3 53 51
3 53 64
3 53 65
3 53 83
3 58 69
3 58 58
3 76 74
3 76 99
3 77 56
3 77 89
3 77 98
3 77 59
3 77 85
3 77 87
3 77 94
3 77 97
3 77 77
3 77 78
3 77 79
3 77 88
3 77 68
3 81 70
3 81 90
3 81 91
3 81 92
3 81 93
3 81 81
3 81 82
4 13 2
4 13 5
4 13 14
4 13 1
4 13 3
4 13 4
4 13 12
4 13 32
4 13 34
4 13 44
4 13 11
4 13 22
4 21 0
4 28 -1
4 30 40
4 30 10
4 30 20
4 30 31
4 30 50
4 30 30
4 30 41
4 30 51
4 37 6
4 37 7
4 37 16
4 37 46
4 37 8
4 37 17
4 37 18
4 37 26
4 37 27
4 37 29
4 37 35
4 37 47
4 37 36
4 37 38
4 53 43
4 53 45
4 53 53
4 53 54
4 53 62
4 58 69
4 58 58
4 76 74
4 76 84
4 76 99
4 76 76
4 76 55
4 76 64
4 76 65
4 76 66
4 76 73
4 76 78
4 76 79
4 77 56
4 77 89
4 77 95
4 77 96
4 77 98
4 77 57
4 77 85
4 77 86
4 77 87
4 77 94
4 77 77
4 77 83
4 81 60
4 81 70
4 81 80
4 81 91
4 81 92
4 81 93
4 81 81
4 81 82
5 13 14
5 13 24
5 13 4
5 13 12
5 13 13
5 13 23
5 13 32
5 13 33
5 13 34
5 13 44
5 13 22
5 21 0
5 21 21
5 28 9
5 28 19
5 28 28
5 28 49
5 30 40
5 30 10
5 30 20
5 30 31
5 30 50
5 30 30
5 37 6
5 37 7
5 37 16
5 37 46
5 37 8
5 37 15
5 37 17
5 37 18
5 37 26
5 37 27
5 37 29
5 37 35
5 37 39
5 37 25
5 37 36
5 37 37
5 37 38
5 37 48
5 37 68
5 53 45
5 53 52
5 53 54
5 53 62
5 53 61
5 53 63
5 53 71
5 53 72
5 53 41
5 53 42
5 53 51
5 58 69
5 58 58
5 76 74
5 76 75
5 76 84
5 76 99
5 76 76
5 76 55
5 76 66
5 76 73
5 76 78
5 76 79
5 76 67
5 76 83
5 77 56
5 77 95
5 77 96
5 77 98
5 77 57
5 77 59
5 77 87
5 77 94
5 77 97
5 77 77
5 81 60
5 81 80
5 81 90
5 81 92
5 81 81
5 81 82
6 13 2
6 13 5
6 13 14
6 13 24
6 13 1
6 13 3
6 13 4
6 13 12
6 13 23
6 13 32
6 13 33
6 13 34
6 13 44
6 13 11
6 13 22
6 13 25
6 21 21
6 28 9
6 28 19
6 28 28
6 28 49
6 30 40
6 30 10
6 30 20
6 30 50
6 30 30
6 37 7
6 37 16
6 37 46
6 37 8
6 37 17
6 37 18
6 37 26
6 37 29
6 37 37
6 37 38
6 53 43
6 53 45
6 53 52
6 53 53
6 53 54
6 53 62
6 53 35
6 53 61
6 53 63
6 53 71
6 53 72
6 53 36
6 53 41
6 53 42
6 53 64
6 53 65
6 53 73
6 53 83
6 58 69
6 76 74
6 76 75
6 76 84
6 76 99
6 76 76
6 77 56
6 77 89
6 77 96
6 77 98
6 77 57
6 77 59
6 77 85
6 77 86
6 77 94
6 77 97
6 77 66
6 77 77
6 77 78
6 77 79
6 77 88
6 77 68
6 81 60
6 81 70
6 81 80
6 81 90
6 81 91
6 81 92
6 81 93
6 81 81
6 81 82
7 13 2
7 13 5
7 13 14
7 13 3
7 13 12
7 13 13
7 13 15
7 13 23
7 13 33
7 13 34
7 13 44
7 13 11
7 13 22
7 13 25
7 13 55
7 21 0
7 21 31
7 21 50
7 21 21
7 28 9
7 28 49
7 30 40
7 30 30
7 37 7
7 37 16
7 37 46
7 37 8
7 37 17
7 37 18
7 37 27
7 37 35
7 37 39
7 37 36
7 37 68
7 53 43
7 53 45
7 53 54
7 53 62
7 53 61
7 53 63
7 53 72
7 53 41
7 53 51
7 53 64
7 53 73
7 53 83
7 58 69
7 76 74
7 76 75
7 76 84
7 76 85
7 76 86
7 76 66
7 76 78
7 77 56
7 77 96
7 77 57
7 77 77
7 81 70
7 81 80
7 81 90
7 81 91
7 81 92
7 81 81
8 13 2
8 13 14
8 13 24
8 13 1
8 13 3
8 13 15
8 13 23
8 13 34
8 13 44
8 13 11
8 13 22
8 21 0
8 28 19
8 28 28
8 28 49
8 30 40
8 30 30
8 37 6
8 37 46
8 37 8
8 37 17
8 37 18
8 37 26
8 37 29
8 37 35
8 37 47
8 37 37
8 37 38
8 53 43
8 53 52
8 53 54
8 53 41
8 53 42
8 58 69
8 58 58
8 76 75
8 76 84
8 76 99
8 76 76
8 76 85
8 76 86
8 76 87
8 76 94
8 76 64
8 76 65
8 76 66
8 76 79
8 76 88
8 76 67
8 76 68
8 76 83
8 77 89
8 77 57
8 77 59
8 81 60
8 81 70
8 81 80
8 81 91
8 81 93
8 81 61
8 81 71
8 81 81
8 81 82
8 81 51
9 13 2
9 13 24
9 13 1
9 13 3
9 13 23
9 13 34
9 13 11
9 13 22
9 21 0
9 21 10
9 21 20
9 21 50
9 21 41
9 21 42
9 28 9
9 28 19
9 28 8
9 28 28
9 28 29
9 28 39
9 28 49
9 28 48
9 30 -1
9 37 -1
9 53 45
9 53 54
9 53 35
9 58 69
9 76 76
9 77 56
9 77 89
9 77 95
9 77 98
9 77 57
9 77 59
9 77 94
9 77 97
9 77 64
9 77 65
9 77 88
9 77 68
9 77 83
9 81 60
9 81 70
9 81 80
9 81 90
9 81 61
9 81 81
10 13 24
10 13 3
10 21 0
10 21 10
10 21 50
10 28 28
10 30 -1
10 37 6
10 37 46
10 37 17
10 37 39
10 37 47
10 37 25
10 37 48
10 53 43
10 53 53
10 53 54
10 53 33
10 53 63
10 53 71
10 53 72
10 53 36
10 53 41
10 53 64
10 58 69
10 58 49
10 76 75
10 77 56
10 77 95
10 77 66
10 77 77
10 77 88
10 77 67
10 81 70
10 81 80
10 81 92
11 13 -1
11 21 -1
11 28 8
11 30 -1
11 37 -1
11 53 -1
11 58 -1
11 76 -1
11 77 -1
11 81 -1
--- Done ---
