0 47 46
0 47 55
0 47 56
0 53 34
0 53 35
0 53 44
0 53 45
1 13 1
1 13 3
1 13 12
1 13 13
1 13 14
1 13 22
1 13 23
1 17 9
1 17 17
1 17 27
1 17 28
1 17 29
1 20 10
1 20 20
1 20 21
1 20 30
1 20 40
1 47 6
1 47 15
1 47 47
1 47 48
1 47 58
1 47 66
1 47 68
1 53 33
1 53 42
1 53 45
1 53 63
1 53 64
1 53 71
1 81 60
1 81 90
1 81 93
1 87 67
1 87 76
1 87 77
1 87 79
1 87 85
1 87 87
1 87 88
1 87 95
2 13 1
2 13 2
2 13 4
2 13 13
2 13 14
2 13 15
2 13 22
2 13 24
2 13 32
2 13 55
2 17 8
2 17 16
2 17 17
2 17 18
2 17 26
2 17 29
2 20 21
2 20 31
2 20 40
2 47 39
2 47 46
2 47 49
2 47 58
2 47 68
2 53 34
2 53 41
2 53 44
2 53 53
2 53 61
2 53 63
2 53 65
2 53 71
2 53 73
2 53 83
2 74 75
2 74 82
2 74 84
2 81 81
2 87 86
2 87 88
2 87 89
2 87 96
3 13 13
3 13 32
3 17 7
3 17 16
3 17 27
3 17 28
3 20 0
3 20 2
3 20 10
3 20 20
3 47 25
3 47 26
3 47 37
3 47 39
3 47 46
3 47 48
3 47 57
3 47 59
3 47 68
3 53 33
3 53 36
3 53 61
3 53 62
3 53 63
3 53 64
3 53 65
3 53 71
3 53 72
3 74 66
3 74 76
3 74 77
3 74 82
3 74 84
3 74 94
3 87 69
3 87 78
3 87 95
3 87 97
3 87 98
4 13 5
4 13 11
4 13 13
4 13 24
4 13 32
4 13 55
4 17 6
4 17 7
4 17 8
4 17 18
4 17 26
4 17 28
4 17 29
4 17 37
4 17 38
4 17 46
4 20 20
4 20 40
4 47 39
4 47 47
4 47 48
4 47 57
4 53 33
4 53 34
4 53 35
4 53 36
4 53 41
4 53 42
4 53 43
4 53 45
4 53 53
4 53 54
4 53 63
4 53 73
4 74 56
4 74 75
4 74 77
4 74 82
4 74 94
4 81 60
4 81 80
4 81 81
4 81 93
4 87 67
4 87 78
4 87 95
4 87 97
5 13 3
5 13 4
5 13 5
5 13 11
5 13 13
5 13 14
5 13 15
5 13 23
5 13 32
5 13 55
5 17 16
5 17 18
5 17 27
5 17 29
5 17 46
5 20 10
5 47 39
5 47 48
5 47 56
5 47 68
5 53 34
5 53 35
5 53 36
5 53 41
5 53 42
5 53 43
5 53 44
5 53 45
5 53 52
5 53 63
5 53 64
5 53 65
5 74 82
5 74 85
5 74 94
5 81 60
5 81 81
5 81 90
5 81 92
5 81 93
5 87 67
5 87 79
5 87 87
5 87 88
5 87 96
6 13 3
6 13 13
6 13 23
6 13 25
6 13 32
6 17 8
6 17 9
6 17 28
6 20 10
6 20 11
6 20 20
6 20 21
6 20 22
6 20 31
6 20 40
6 47 37
6 47 46
6 47 47
6 53 42
6 53 43
6 53 44
6 53 45
6 53 51
6 53 52
6 53 54
6 53 61
6 53 62
6 53 63
6 53 72
6 53 73
6 74 55
6 74 56
6 74 75
6 74 76
6 74 77
6 74 82
6 74 83
6 74 85
6 74 94
6 81 70
6 81 81
6 81 93
6 87 67
6 87 78
6 87 87
6 87 89
6 87 97
7 13 4
7 13 22
7 13 24
7 13 25
7 13 32
7 17 6
7 17 7
7 17 8
7 17 9
7 17 19
7 17 26
7 17 28
7 17 29
7 17 38
7 20 21
7 47 47
7 47 57
7 47 59
7 47 68
7 53 33
7 53 41
7 53 42
7 53 43
7 53 45
7 53 51
7 53 53
7 53 54
7 53 63
7 74 50
7 74 66
7 74 74
7 74 75
7 74 76
7 81 80
7 81 91
7 81 92
7 81 93
7 87 67
7 87 69
7 87 78
7 87 79
7 87 86
7 87 97
7 87 99
8 13 2
8 13 3
8 13 4
8 13 5
8 13 11
8 13 12
8 13 13
8 13 15
8 13 22
8 13 25
8 17 8
8 17 17
8 17 27
8 17 29
8 17 38
8 20 20
8 20 40
8 47 39
8 47 48
8 47 49
8 47 55
8 47 57
8 47 58
8 47 59
8 47 66
8 47 68
8 53 33
8 53 34
8 53 41
8 53 51
8 53 53
8 53 62
8 53 71
8 53 72
8 53 73
8 53 83
8 74 50
8 74 84
8 74 94
8 81 81
8 81 82
8 81 92
8 81 93
8 87 78
8 87 79
8 87 86
8 87 89
8 87 95
8 87 96
8 87 98
9 13 4
9 13 11
9 13 13
9 13 14
9 13 22
9 13 30
9 17 5
9 17 7
9 17 15
9 17 17
9 17 18
9 17 28
9 17 37
9 17 46
9 20 20
9 20 21
9 47 49
9 47 57
9 53 33
9 53 34
9 53 36
9 53 41
9 53 44
9 53 45
9 53 51
9 53 53
9 53 54
9 53 62
9 53 63
9 53 64
9 53 72
9 53 73
9 53 83
9 74 56
9 74 74
9 74 75
9 74 84
9 81 70
9 81 80
9 81 90
9 81 91
9 81 93
9 87 67
9 87 86
9 87 96
9 87 99
--- Done ---
