0 34 -1
0 76 66
0 76 67
0 76 76
0 76 77
0 76 86
0 76 87
1 3 1
1 3 3
1 3 5
1 3 14
1 3 22
1 34 -1
1 37 18
1 37 46
1 37 49
1 37 59
1 37 25
1 37 35
1 37 36
1 51 40
1 51 50
1 51 60
1 76 67
1 76 75
1 76 76
1 76 77
1 76 85
1 76 86
1 76 96
1 76 94
1 76 56
1 82 82
1 82 90
1 82 91
1 82 92
2 3 4
2 3 0
2 3 6
2 3 12
2 3 14
2 3 24
2 3 23
2 17 7
2 17 29
2 17 18
2 17 28
2 17 46
2 17 25
2 17 27
2 20 10
2 20 32
2 34 34
2 37 47
2 37 59
2 37 37
2 51 52
2 51 60
2 51 70
2 51 33
2 51 61
2 51 53
2 76 75
2 76 76
2 76 86
2 76 66
2 76 67
2 76 68
2 76 83
2 76 87
2 76 94
2 76 56
2 82 55
2 82 71
2 82 90
2 82 92
2 89 77
3 3 1
3 3 5
3 3 13
3 3 14
3 3 15
3 3 24
3 3 22
3 3 23
3 17 7
3 17 8
3 17 6
3 17 19
3 17 29
3 17 25
3 17 28
3 17 35
3 17 38
3 17 39
3 20 10
3 20 30
3 20 11
3 34 44
3 37 -1
3 48 58
3 48 47
3 48 57
3 51 40
3 51 51
3 51 52
3 51 54
3 51 31
3 51 33
3 51 43
3 51 42
3 76 65
3 76 76
3 76 86
3 76 95
3 76 66
3 76 74
3 76 94
3 76 56
3 82 73
3 82 80
3 82 81
3 82 90
3 82 91
3 82 92
3 82 93
3 82 61
3 82 72
3 89 79
3 89 97
3 89 99
3 89 69
3 89 77
3 89 78
3 89 85
3 89 87
3 89 96
4 3 1
4 3 2
4 3 3
4 3 5
4 3 6
4 3 11
4 3 12
4 3 14
4 3 15
4 3 22
4 3 23
4 17 9
4 17 17
4 17 18
4 17 19
4 17 29
4 17 16
4 17 35
4 17 39
4 17 46
4 17 26
4 17 27
4 17 36
4 20 10
4 20 30
4 20 0
4 20 20
4 34 34
4 37 37
4 48 58
4 48 47
4 48 48
4 48 49
4 48 59
4 51 40
4 51 41
4 51 50
4 51 51
4 51 52
4 51 60
4 51 70
4 51 31
4 51 33
4 51 43
4 51 61
4 51 62
4 51 63
4 51 72
4 51 42
4 51 53
4 76 64
4 76 65
4 76 75
4 76 76
4 76 86
4 76 95
4 76 66
4 76 77
4 76 87
4 82 73
4 82 80
4 82 81
4 82 82
4 82 84
4 82 90
4 82 91
4 82 92
4 82 93
4 82 55
4 89 79
4 89 89
4 89 99
4 89 96
4 89 98
4 89 67
4 89 68
5 3 1
5 3 4
5 3 5
5 3 13
5 3 14
5 3 15
5 3 24
5 3 22
5 17 7
5 17 8
5 17 9
5 17 6
5 17 17
5 17 18
5 17 19
5 17 29
5 17 16
5 17 25
5 17 35
5 20 10
5 20 30
5 20 0
5 20 11
5 20 20
5 20 32
5 34 34
5 34 44
5 34 45
5 37 37
5 48 48
5 48 49
5 48 57
5 48 59
5 48 69
5 48 67
5 48 68
5 48 88
5 48 39
5 48 46
5 48 56
5 48 26
5 48 27
5 51 40
5 51 41
5 51 51
5 51 52
5 51 54
5 51 60
5 51 31
5 51 33
5 51 43
5 51 61
5 51 62
5 51 63
5 51 72
5 51 42
5 51 53
5 76 64
5 76 65
5 76 75
5 76 76
5 76 86
5 76 95
5 76 77
5 76 78
5 76 83
5 76 85
5 76 87
5 76 94
5 82 80
5 82 81
5 82 82
5 82 91
5 82 92
5 82 93
5 82 55
5 82 74
5 89 79
5 89 89
5 89 97
5 89 99
5 89 98
6 3 3
6 17 7
6 17 8
6 17 9
6 17 6
6 17 17
6 17 18
6 17 19
6 17 29
6 17 38
6 17 39
6 17 46
6 17 26
6 17 27
6 17 36
6 20 10
6 20 30
6 20 0
6 20 11
6 20 20
6 34 34
6 34 5
6 34 13
6 34 14
6 34 24
6 34 32
6 34 44
6 34 45
6 34 22
6 34 23
6 34 25
6 37 37
6 48 58
6 48 47
6 48 48
6 48 49
6 48 57
6 48 59
6 48 69
6 51 40
6 51 41
6 51 50
6 51 51
6 51 52
6 51 60
6 51 70
6 51 31
6 51 33
6 51 43
6 51 62
6 51 63
6 51 72
6 51 42
6 76 64
6 76 65
6 76 75
6 76 76
6 76 86
6 76 95
6 76 66
6 76 77
6 76 85
6 76 87
6 76 96
6 76 98
6 76 68
6 82 73
6 82 80
6 82 91
6 82 92
6 82 93
6 82 55
6 82 74
6 82 83
6 82 94
6 89 79
6 89 97
6 89 99
7 3 1
7 3 2
7 3 3
7 3 0
7 3 5
7 3 6
7 3 11
7 3 12
7 3 24
7 3 23
7 17 7
7 17 8
7 17 9
7 17 17
7 17 18
7 17 19
7 17 16
7 17 25
7 17 38
7 17 39
7 17 26
7 17 27
7 20 10
7 20 30
7 34 44
7 37 37
7 48 58
7 48 47
7 48 48
7 48 59
7 48 69
7 51 40
7 51 51
7 51 52
7 51 60
7 51 70
7 51 33
7 51 43
7 51 42
7 76 75
7 76 86
7 76 66
7 76 77
7 76 87
7 76 98
7 76 67
7 76 88
7 76 56
7 82 71
7 82 73
7 82 84
7 82 90
7 82 91
7 82 92
7 82 93
7 82 55
7 82 61
7 82 62
7 82 74
7 82 94
7 82 53
7 89 89
7 89 97
8 3 1
8 3 2
8 3 3
8 3 4
8 3 0
8 3 5
8 3 6
8 3 11
8 3 12
8 3 13
8 3 21
8 3 24
8 3 23
8 17 8
8 17 17
8 17 18
8 17 19
8 17 29
8 17 16
8 17 28
8 17 35
8 17 39
8 17 26
8 17 27
8 17 36
8 20 10
8 20 32
8 34 -1
8 37 -1
8 48 48
8 48 49
8 48 59
8 51 52
8 51 54
8 51 33
8 51 43
8 51 42
8 76 65
8 76 75
8 76 76
8 76 86
8 76 66
8 76 77
8 76 78
8 76 96
8 76 67
8 76 88
8 76 56
8 82 81
8 82 84
8 82 90
8 82 91
8 82 55
8 82 61
8 82 62
8 82 83
8 89 79
8 89 89
8 89 99
8 89 69
9 3 3
9 3 4
9 3 0
9 3 5
9 3 21
9 3 22
9 3 23
9 17 8
9 17 17
9 17 18
9 17 29
9 17 16
9 17 25
9 17 38
9 17 46
9 17 36
9 20 20
9 34 34
9 37 -1
9 48 48
9 48 57
9 51 40
9 51 41
9 51 54
9 76 95
9 76 66
9 76 87
9 76 98
9 76 67
9 76 68
9 76 88
9 76 56
9 82 71
9 82 82
9 82 90
9 82 93
9 82 61
9 82 62
9 82 72
9 82 74
9 82 94
9 82 53
9 89 89
9 89 97
10 3 1
10 3 12
10 3 21
10 3 24
10 3 22
10 17 9
10 17 16
10 17 25
10 17 35
10 20 30
10 20 31
10 34 -1
10 37 37
10 48 47
10 48 59
10 48 69
10 48 38
10 48 46
10 51 -1
10 76 77
10 76 87
10 76 98
10 82 81
10 82 90
10 82 93
10 82 55
10 82 61
10 82 63
10 89 -1
11 3 12
11 3 23
11 17 8
11 17 16
11 17 28
11 20 10
11 34 -1
11 37 -1
11 48 59
11 51 50
11 51 72
11 76 64
11 82 -1
11 89 -1
--- Done ---
