0 63 66
0 63 67
0 63 77
0 63 86
0 63 87
0 63 76
0 91 -1
1 37 1
1 37 5
1 37 18
1 37 22
1 37 25
1 37 49
1 37 56
1 37 59
1 37 14
1 37 35
1 37 36
1 37 46
1 37 67
1 63 3
1 63 50
1 63 86
1 63 96
1 63 40
1 63 60
1 63 76
1 63 77
1 63 82
1 63 90
1 63 92
1 63 75
1 63 85
1 91 94
1 91 91
2 22 0
2 22 10
2 22 12
2 22 23
2 22 32
2 22 52
2 22 86
2 22 60
2 22 61
2 22 71
2 22 92
2 37 7
2 37 27
2 37 29
2 37 37
2 37 59
2 37 6
2 37 18
2 37 25
2 37 46
2 37 47
2 37 56
2 37 66
2 37 67
2 37 68
2 37 4
2 37 14
2 37 24
2 37 28
2 37 33
2 37 34
2 37 55
2 37 75
2 37 53
2 63 87
2 63 70
2 63 76
2 63 77
2 63 90
2 91 94
2 91 83
3 22 10
3 22 11
3 22 30
3 22 1
3 22 5
3 22 13
3 22 19
3 22 22
3 22 23
3 22 31
3 22 51
3 22 61
3 22 72
3 22 86
3 22 24
3 22 28
3 22 33
3 22 35
3 22 40
3 22 42
3 22 44
3 22 54
3 22 81
3 22 92
3 22 43
3 37 29
3 37 85
3 37 65
3 56 79
3 56 97
3 56 99
3 56 7
3 56 8
3 56 38
3 56 39
3 56 57
3 56 58
3 56 69
3 56 74
3 56 78
3 56 80
3 56 87
3 56 94
3 56 96
3 56 6
3 56 15
3 56 25
3 56 47
3 56 52
3 56 56
3 56 73
3 63 95
3 63 90
3 63 93
3 63 66
3 63 76
3 63 77
3 63 14
3 91 91
4 22 0
4 22 2
4 22 10
4 22 11
4 22 30
4 22 1
4 22 3
4 22 5
4 22 12
4 22 18
4 22 19
4 22 20
4 22 22
4 22 23
4 22 31
4 22 41
4 22 50
4 22 6
4 22 15
4 22 16
4 22 61
4 37 27
4 37 29
4 37 37
4 37 84
4 37 77
4 37 65
4 37 75
4 56 79
4 56 89
4 56 98
4 56 99
4 56 9
4 56 39
4 56 48
4 56 49
4 56 58
4 56 59
4 56 80
4 56 87
4 56 96
4 56 17
4 56 26
4 56 46
4 56 47
4 56 52
4 56 86
4 56 14
4 56 33
4 56 34
4 56 35
4 56 36
4 56 40
4 56 43
4 63 95
4 63 82
4 63 90
4 63 93
4 63 51
4 63 60
4 63 63
4 63 72
4 63 81
4 63 92
4 63 42
4 63 55
4 63 62
4 63 66
4 63 67
4 63 68
4 63 70
4 63 73
4 63 53
4 63 64
4 91 91
4 91 76
5 22 0
5 22 10
5 22 11
5 22 30
5 22 1
5 22 5
5 22 13
5 22 18
5 22 19
5 22 20
5 22 22
5 22 31
5 22 32
5 22 41
5 22 4
5 22 25
5 22 26
5 22 52
5 22 56
5 22 14
5 37 27
5 37 29
5 37 37
5 37 77
5 37 44
5 37 45
5 37 54
5 37 63
5 37 43
5 37 64
5 56 79
5 56 88
5 56 89
5 56 97
5 56 98
5 56 99
5 56 7
5 56 8
5 56 9
5 56 39
5 56 48
5 56 49
5 56 57
5 56 59
5 56 69
5 56 74
5 56 78
5 56 80
5 56 87
5 56 94
5 56 6
5 56 15
5 56 16
5 56 17
5 63 95
5 63 82
5 63 93
5 63 46
5 63 67
5 63 68
5 63 76
5 63 83
5 63 86
5 63 24
5 63 33
5 63 34
5 63 35
5 63 40
5 63 42
5 63 51
5 63 55
5 91 91
5 91 60
5 91 61
5 91 62
5 91 72
5 91 81
5 91 92
5 91 53
5 91 65
5 91 75
5 91 85
6 22 0
6 22 10
6 22 11
6 22 30
6 22 3
6 22 5
6 22 13
6 22 18
6 22 19
6 22 20
6 22 22
6 22 23
6 22 31
6 22 32
6 22 41
6 22 50
6 22 25
6 22 26
6 22 52
6 22 86
6 22 14
6 22 24
6 37 27
6 37 29
6 37 37
6 37 46
6 37 47
6 37 66
6 37 68
6 37 77
6 37 33
6 37 34
6 37 36
6 37 44
6 37 45
6 37 55
6 56 79
6 56 97
6 56 98
6 56 99
6 56 7
6 56 8
6 56 9
6 56 38
6 56 39
6 56 48
6 56 49
6 56 57
6 56 58
6 56 59
6 56 69
6 56 74
6 56 80
6 56 87
6 56 94
6 56 96
6 56 6
6 56 17
6 63 95
6 63 93
6 63 70
6 63 73
6 63 76
6 63 83
6 63 40
6 63 42
6 63 51
6 63 60
6 63 62
6 63 63
6 63 72
6 63 92
6 63 43
6 63 64
6 63 65
6 63 75
6 63 85
6 91 91
7 22 0
7 22 2
7 22 10
7 22 11
7 22 30
7 22 1
7 22 3
7 22 5
7 22 12
7 22 18
7 22 19
7 22 23
7 22 51
7 22 60
7 22 61
7 22 86
7 22 24
7 22 33
7 22 40
7 22 42
7 22 44
7 22 55
7 22 71
7 22 92
7 37 27
7 37 37
7 37 84
7 37 66
7 37 77
7 56 88
7 56 89
7 56 97
7 56 98
7 56 7
7 56 8
7 56 9
7 56 38
7 56 39
7 56 48
7 56 58
7 56 59
7 56 69
7 56 74
7 56 87
7 56 94
7 56 6
7 56 16
7 56 17
7 56 25
7 56 26
7 56 47
7 56 52
7 56 56
7 56 67
7 63 90
7 91 91
7 91 93
7 91 70
7 91 73
7 91 62
7 91 75
7 91 43
7 91 53
8 22 0
8 22 2
8 22 10
8 22 11
8 22 1
8 22 3
8 22 5
8 22 12
8 22 13
8 22 18
8 22 19
8 22 23
8 22 32
8 22 4
8 22 6
8 22 16
8 22 17
8 22 21
8 22 26
8 22 52
8 22 61
8 22 81
8 22 86
8 22 24
8 22 28
8 22 33
8 22 35
8 37 27
8 37 29
8 37 84
8 56 79
8 56 88
8 56 89
8 56 99
8 56 8
8 56 39
8 56 48
8 56 49
8 56 59
8 56 69
8 56 78
8 56 96
8 56 56
8 56 66
8 56 67
8 56 76
8 56 77
8 56 83
8 56 36
8 56 42
8 56 54
8 56 55
8 56 62
8 56 43
8 56 65
8 56 75
8 63 90
8 91 91
9 22 0
9 22 3
9 22 5
9 22 18
9 22 20
9 22 22
9 22 23
9 22 41
9 22 4
9 22 21
9 22 61
9 22 71
9 22 72
9 37 29
9 56 88
9 56 89
9 56 97
9 56 98
9 56 8
9 56 38
9 56 48
9 56 57
9 56 74
9 56 87
9 56 94
9 56 16
9 56 17
9 56 25
9 56 46
9 56 56
9 56 66
9 56 67
9 56 68
9 56 34
9 56 36
9 56 40
9 56 54
9 56 62
9 56 53
9 63 95
9 63 82
9 63 90
9 63 93
9 91 -1
10 22 30
10 22 1
10 22 12
10 22 22
10 22 31
10 22 21
10 22 61
10 22 81
10 37 37
10 56 98
10 56 9
10 56 38
10 56 59
10 56 69
10 56 87
10 56 16
10 56 25
10 56 46
10 56 47
10 56 77
10 56 24
10 56 35
10 56 55
10 63 90
10 63 93
10 63 63
10 91 -1
11 22 10
11 22 12
11 22 23
11 22 50
11 22 16
11 22 72
11 22 28
11 37 8
11 37 59
11 37 64
11 56 -1
11 63 -1
11 91 -1
--- Done ---
