0 34 -1
0 75 67
0 75 76
0 75 77
0 75 86
0 75 87
0 75 66
1 11 1
1 11 3
1 28 18
1 28 49
1 34 14
1 34 25
1 34 36
1 34 22
1 34 46
1 34 5
1 34 35
1 60 40
1 60 50
1 60 90
1 60 91
1 60 92
1 60 60
1 75 67
1 75 75
1 75 76
1 75 77
1 75 85
1 75 86
1 75 94
1 75 96
1 75 56
1 75 59
1 75 82
2 11 0
2 11 4
2 11 10
2 28 6
2 28 18
2 28 28
2 28 29
2 28 37
2 34 7
2 34 14
2 34 25
2 34 33
2 34 34
2 34 12
2 34 27
2 34 46
2 34 53
2 34 32
2 60 70
2 60 90
2 60 92
2 60 60
2 60 61
2 60 71
2 75 94
2 75 67
2 75 68
2 75 75
2 75 76
2 75 83
2 75 86
2 75 87
2 75 23
2 75 24
2 75 52
2 75 55
2 75 56
2 75 59
2 75 66
2 78 77
2 78 47
3 11 1
3 11 10
3 11 11
3 11 30
3 28 6
3 28 8
3 28 19
3 28 28
3 28 29
3 28 39
3 28 57
3 28 58
3 28 69
3 34 7
3 34 14
3 34 25
3 34 33
3 34 13
3 34 15
3 34 22
3 34 38
3 34 43
3 34 44
3 34 54
3 34 23
3 34 24
3 34 56
3 34 66
3 34 5
3 34 31
3 34 35
3 34 47
3 34 65
3 60 40
3 60 51
3 60 80
3 60 81
3 60 90
3 60 91
3 60 92
3 60 42
3 60 61
3 60 72
3 60 73
3 60 74
3 60 93
3 60 52
3 75 94
3 75 95
3 75 96
3 75 76
3 75 77
3 75 79
3 75 85
3 75 86
3 75 87
3 78 99
3 78 78
3 78 97
4 11 0
4 11 1
4 11 3
4 11 10
4 11 11
4 11 20
4 11 30
4 11 2
4 11 12
4 11 22
4 11 43
4 11 61
4 11 23
4 11 65
4 28 6
4 28 9
4 28 17
4 28 18
4 28 19
4 28 29
4 28 37
4 28 39
4 28 49
4 28 15
4 28 16
4 28 26
4 28 27
4 28 46
4 28 58
4 28 59
4 28 5
4 28 35
4 28 47
4 28 48
4 34 14
4 34 33
4 34 34
4 34 36
4 34 41
4 34 53
4 34 66
4 60 40
4 60 50
4 60 51
4 60 70
4 60 80
4 60 81
4 60 90
4 60 91
4 60 92
4 60 42
4 60 60
4 60 63
4 60 72
4 60 73
4 60 82
4 60 93
4 60 52
4 60 55
4 60 62
4 60 31
4 60 64
4 75 95
4 75 96
4 75 67
4 75 68
4 75 75
4 75 76
4 75 77
4 75 79
4 78 99
4 78 84
4 78 86
4 78 87
4 78 89
4 78 98
5 11 0
5 11 1
5 11 4
5 11 10
5 11 11
5 11 20
5 11 30
5 11 13
5 11 22
5 11 43
5 11 61
5 11 65
5 28 6
5 28 8
5 28 9
5 28 17
5 28 18
5 28 19
5 28 29
5 28 37
5 28 39
5 28 49
5 28 15
5 28 16
5 28 26
5 28 27
5 28 46
5 28 57
5 28 69
5 28 24
5 28 59
5 28 5
5 28 35
5 28 48
5 34 7
5 34 14
5 34 25
5 34 33
5 34 34
5 34 41
5 34 44
5 34 45
5 34 53
5 34 54
5 34 56
5 60 40
5 60 51
5 60 80
5 60 81
5 60 91
5 60 92
5 60 42
5 60 60
5 60 63
5 60 72
5 60 74
5 60 82
5 60 93
5 60 52
5 60 55
5 60 62
5 60 31
5 60 32
5 60 64
5 75 94
5 75 95
5 75 67
5 75 68
5 75 75
5 75 76
5 75 77
5 75 79
5 75 83
5 78 88
5 78 99
5 78 78
5 78 85
5 78 86
5 78 87
5 78 89
5 78 97
5 78 98
6 11 0
6 11 3
6 11 10
6 11 11
6 11 20
6 11 30
6 28 6
6 28 8
6 28 9
6 28 17
6 28 18
6 28 19
6 28 29
6 28 37
6 28 39
6 28 49
6 28 26
6 28 27
6 28 38
6 28 46
6 28 57
6 28 58
6 28 69
6 28 5
6 28 24
6 28 48
6 34 7
6 34 14
6 34 25
6 34 33
6 34 34
6 34 36
6 34 41
6 34 13
6 34 22
6 34 42
6 34 43
6 34 44
6 34 45
6 34 23
6 34 47
6 34 66
6 34 65
6 60 40
6 60 50
6 60 51
6 60 70
6 60 80
6 60 91
6 60 92
6 60 60
6 60 63
6 60 72
6 60 73
6 60 74
6 60 83
6 60 93
6 60 31
6 60 32
6 60 52
6 60 55
6 60 62
6 60 64
6 75 94
6 75 95
6 75 96
6 75 68
6 75 75
6 75 76
6 75 77
6 75 79
6 75 85
6 75 86
6 75 87
6 75 97
6 75 98
6 75 59
6 78 99
7 11 0
7 11 1
7 11 3
7 11 10
7 11 11
7 11 30
7 11 2
7 11 12
7 11 43
7 11 61
7 11 23
7 28 6
7 28 8
7 28 9
7 28 17
7 28 18
7 28 19
7 28 37
7 28 39
7 28 16
7 28 26
7 28 27
7 28 38
7 28 58
7 28 69
7 28 5
7 28 24
7 28 47
7 28 48
7 28 59
7 34 7
7 34 25
7 34 33
7 34 44
7 34 53
7 60 40
7 60 51
7 60 70
7 60 90
7 60 91
7 60 92
7 60 42
7 60 60
7 60 71
7 60 73
7 60 74
7 60 93
7 60 52
7 60 55
7 60 62
7 75 94
7 75 75
7 78 88
7 78 67
7 78 77
7 78 84
7 78 86
7 78 87
7 78 89
7 78 97
7 78 98
7 78 56
7 78 66
8 11 0
8 11 1
8 11 3
8 11 4
8 11 10
8 11 11
8 11 2
8 11 12
8 11 13
8 11 21
8 11 43
8 11 61
8 11 23
8 11 32
8 11 65
8 28 6
8 28 8
8 28 17
8 28 18
8 28 19
8 28 28
8 28 29
8 28 39
8 28 49
8 28 16
8 28 26
8 28 27
8 28 69
8 28 5
8 28 24
8 28 35
8 28 48
8 28 59
8 34 33
8 34 36
8 34 54
8 60 81
8 60 90
8 60 91
8 60 42
8 60 83
8 60 52
8 60 55
8 60 62
8 75 96
8 75 75
8 78 88
8 78 99
8 78 67
8 78 76
8 78 77
8 78 78
8 78 79
8 78 84
8 78 86
8 78 89
8 78 56
8 78 66
9 11 0
9 11 3
9 11 4
9 11 20
9 11 21
9 11 61
9 28 8
9 28 17
9 28 18
9 28 29
9 28 57
9 34 25
9 34 34
9 34 36
9 34 41
9 34 16
9 34 22
9 34 38
9 34 46
9 34 53
9 34 54
9 34 5
9 34 48
9 60 40
9 60 90
9 75 94
9 75 95
9 75 67
9 75 68
9 75 71
9 75 72
9 75 74
9 75 82
9 75 87
9 75 89
9 75 93
9 75 97
9 75 98
9 75 23
9 75 56
9 75 62
9 75 66
9 78 88
10 11 1
10 11 30
10 11 12
10 11 21
10 11 22
10 11 61
10 11 31
10 28 9
10 28 37
10 28 16
10 28 38
10 28 46
10 28 69
10 28 24
10 28 35
10 28 47
10 28 59
10 34 25
10 60 81
10 60 90
10 60 63
10 60 93
10 60 55
10 75 -1
10 78 77
10 78 87
10 78 98
11 11 10
11 11 12
11 11 23
11 11 64
11 28 8
11 28 28
11 28 16
11 28 59
11 34 -1
11 60 50
11 60 72
11 75 -1
11 78 -1
--- Done ---
