0 34 77
0 34 66
0 34 67
0 34 76
0 34 86
0 73 87
1 34 3
1 34 40
1 37 1
1 37 18
1 37 59
1 37 5
1 37 14
1 37 22
1 37 35
1 37 36
1 37 46
1 37 49
1 37 77
1 37 85
1 37 25
1 37 56
1 37 67
1 37 75
1 73 50
1 73 60
1 73 82
1 73 90
1 73 91
1 73 92
1 73 94
1 73 96
1 73 76
1 73 86
2 0 0
2 0 10
2 0 12
2 0 23
2 0 14
2 0 24
2 34 34
2 34 66
2 34 67
2 34 75
2 34 32
2 34 52
2 37 18
2 37 28
2 37 29
2 37 59
2 37 6
2 37 7
2 37 27
2 37 37
2 37 46
2 37 47
2 37 68
2 37 77
2 37 4
2 73 70
2 73 87
2 73 90
2 73 92
2 73 94
2 73 60
2 73 61
2 73 71
2 73 76
2 73 83
2 73 86
2 73 25
2 73 33
2 73 53
2 73 55
2 73 56
3 0 11
3 0 1
3 0 10
3 0 40
3 0 5
3 0 22
3 0 24
3 34 31
3 34 77
3 34 44
3 34 56
3 34 65
3 34 66
3 37 8
3 47 99
3 47 28
3 47 29
3 47 39
3 47 57
3 47 69
3 47 78
3 47 79
3 47 6
3 47 7
3 47 13
3 47 19
3 47 23
3 47 35
3 47 38
3 47 47
3 47 76
3 47 86
3 47 14
3 47 15
3 47 25
3 47 33
3 73 80
3 73 81
3 73 87
3 73 90
3 73 91
3 73 92
3 73 93
3 73 94
3 73 95
3 73 97
3 73 30
3 73 42
3 73 51
3 73 61
3 73 73
3 73 96
3 73 43
3 73 52
3 73 58
3 73 72
3 73 74
3 73 85
3 73 54
4 0 0
4 0 11
4 0 1
4 0 3
4 0 10
4 0 40
4 0 2
4 0 52
4 0 12
4 0 23
4 34 31
4 34 34
4 34 43
4 34 6
4 34 9
4 34 16
4 34 19
4 34 26
4 34 27
4 34 33
4 34 35
4 34 36
4 34 46
4 34 47
4 34 48
4 34 49
4 34 53
4 34 55
4 34 65
4 34 66
4 34 67
4 34 68
4 34 5
4 34 14
4 34 22
4 37 37
4 37 75
4 37 77
4 37 15
4 37 64
4 47 98
4 47 99
4 47 18
4 47 29
4 47 39
4 47 59
4 47 96
4 47 17
4 47 58
4 47 63
4 47 72
4 47 76
4 47 79
4 47 84
4 47 86
4 73 50
4 73 70
4 73 80
4 73 81
4 73 82
4 73 87
4 73 89
4 73 90
4 73 91
4 73 92
4 73 93
4 73 95
4 73 20
4 73 30
4 73 41
4 73 42
4 73 51
4 73 60
4 73 61
4 73 62
4 73 73
5 0 0
5 0 11
5 10 31
5 10 10
5 10 40
5 10 60
5 10 61
5 10 4
5 10 22
5 10 24
5 10 52
5 34 34
5 34 72
5 34 74
5 34 76
5 34 83
5 34 86
5 34 33
5 34 44
5 34 45
5 34 53
5 34 54
5 34 55
5 34 56
5 34 67
5 34 75
5 34 5
5 34 15
5 37 8
5 37 18
5 37 29
5 37 39
5 37 57
5 37 59
5 37 69
5 37 78
5 37 1
5 37 6
5 37 7
5 37 9
5 37 16
5 37 19
5 37 27
5 37 35
5 37 37
5 37 43
5 37 46
5 37 48
5 37 49
5 37 63
5 37 26
5 47 98
5 47 99
5 47 79
5 47 85
5 47 68
5 47 77
5 47 25
5 47 64
5 47 65
5 47 13
5 47 14
5 47 32
5 73 81
5 73 82
5 73 87
5 73 89
5 73 91
5 73 92
5 73 93
5 73 94
5 73 95
5 73 97
5 73 42
5 73 62
5 73 80
5 73 88
5 73 17
5 73 20
5 73 30
5 73 41
5 73 51
6 0 0
6 0 11
6 0 3
6 0 40
6 0 5
6 0 14
6 0 24
6 10 31
6 10 10
6 34 34
6 34 74
6 34 76
6 34 77
6 34 86
6 34 26
6 34 33
6 34 44
6 34 45
6 34 55
6 34 66
6 34 75
6 34 83
6 34 13
6 34 23
6 34 25
6 34 32
6 34 36
6 34 52
6 34 64
6 34 65
6 34 22
6 37 8
6 37 37
6 47 98
6 47 99
6 47 18
6 47 29
6 47 39
6 47 57
6 47 59
6 47 69
6 47 79
6 47 6
6 47 7
6 47 9
6 47 19
6 47 27
6 47 38
6 47 46
6 47 47
6 47 48
6 47 49
6 47 63
6 47 68
6 73 87
6 73 91
6 73 92
6 73 93
6 73 94
6 73 95
6 73 97
6 73 42
6 73 50
6 73 62
6 73 70
6 73 73
6 73 80
6 73 96
6 73 17
6 73 20
6 73 30
6 73 41
6 73 43
6 73 51
6 73 58
6 73 60
6 73 72
6 73 85
7 0 0
7 0 11
7 0 1
7 0 3
7 0 40
7 0 2
7 0 5
7 0 24
7 0 52
7 10 10
7 34 -1
7 37 8
7 37 37
7 37 66
7 37 67
7 37 25
7 47 98
7 47 18
7 47 39
7 47 59
7 47 69
7 47 6
7 47 7
7 47 9
7 47 16
7 47 19
7 47 27
7 47 38
7 47 47
7 47 48
7 47 77
7 47 12
7 47 23
7 47 26
7 47 33
7 47 44
7 47 55
7 47 56
7 47 75
7 73 87
7 73 89
7 73 90
7 73 91
7 73 92
7 73 93
7 73 94
7 73 97
7 73 42
7 73 62
7 73 70
7 73 73
7 73 88
7 73 17
7 73 30
7 73 43
7 73 51
7 73 58
7 73 60
7 73 61
7 73 71
7 73 74
7 73 84
7 73 86
7 73 53
8 0 0
8 0 11
8 0 1
8 0 3
8 0 4
8 0 5
8 0 24
8 10 10
8 10 36
8 34 -1
8 37 8
8 47 99
8 47 18
8 47 28
8 47 29
8 47 39
8 47 59
8 47 69
8 47 78
8 47 79
8 47 88
8 47 96
8 47 6
8 47 16
8 47 17
8 47 19
8 47 27
8 47 35
8 47 48
8 47 49
8 47 76
8 47 77
8 47 84
8 47 86
8 47 12
8 47 13
8 47 23
8 47 26
8 47 33
8 73 81
8 73 89
8 73 90
8 73 91
8 73 42
8 73 62
8 73 43
8 73 61
8 73 83
8 73 2
8 73 54
8 73 55
8 73 56
8 73 66
8 73 67
8 73 75
8 73 32
8 73 52
8 73 65
8 73 21
9 0 0
9 0 3
9 0 40
9 0 23
9 10 -1
9 34 34
9 37 8
9 37 18
9 37 29
9 37 57
9 37 16
9 37 38
9 37 46
9 37 48
9 37 68
9 37 4
9 37 5
9 37 22
9 37 36
9 47 98
9 73 82
9 73 87
9 73 89
9 73 90
9 73 93
9 73 94
9 73 95
9 73 97
9 73 62
9 73 88
9 73 17
9 73 20
9 73 41
9 73 61
9 73 71
9 73 72
9 73 74
9 73 53
9 73 54
9 73 56
9 73 66
9 73 67
9 73 25
9 73 21
10 0 -1
10 10 31
10 10 1
10 10 22
10 10 24
10 34 -1
10 37 37
10 47 98
10 47 59
10 47 69
10 47 9
10 47 16
10 47 35
10 47 38
10 47 46
10 47 47
10 47 63
10 47 77
10 47 12
10 47 55
10 47 25
10 47 21
10 73 81
10 73 87
10 73 90
10 73 93
10 73 30
10 73 61
11 0 -1
11 10 10
11 10 12
11 10 23
11 34 -1
11 37 8
11 37 28
11 37 59
11 37 16
11 37 64
11 47 -1
11 73 50
11 73 72
--- Done ---
