0 91 -1
0 95 66
0 95 67
0 95 76
0 95 77
0 95 86
0 95 87
1 21 1
1 21 3
1 21 22
1 21 50
1 21 40
1 27 5
1 27 14
1 27 59
1 27 18
1 27 25
1 27 35
1 27 36
1 27 46
1 27 49
1 27 56
1 45 -1
1 91 82
1 91 90
1 91 92
1 91 60
1 91 91
1 95 75
1 95 76
1 95 77
1 95 85
1 95 86
1 95 96
1 95 67
1 95 94
2 21 0
2 21 10
2 21 23
2 21 52
2 27 4
2 27 6
2 27 7
2 27 14
2 27 29
2 27 59
2 27 12
2 27 18
2 27 27
2 27 28
2 27 37
2 27 24
2 45 68
2 45 34
2 45 55
2 54 61
2 54 77
2 54 25
2 54 32
2 54 33
2 54 46
2 54 47
2 54 56
2 54 66
2 54 67
2 91 70
2 91 71
2 91 90
2 91 92
2 91 53
2 91 60
2 95 86
2 95 75
2 95 76
2 95 87
2 95 94
2 95 83
3 18 8
3 18 6
3 18 7
3 18 14
3 18 19
3 18 29
3 18 39
3 18 28
3 18 38
3 21 1
3 21 10
3 21 11
3 21 30
3 21 31
3 21 42
3 21 13
3 21 22
3 21 23
3 21 40
3 21 52
3 21 73
3 21 24
3 21 33
3 21 43
3 21 51
3 27 -1
3 45 -1
3 54 61
3 54 5
3 54 35
3 54 44
3 54 54
3 54 74
3 54 77
3 54 85
3 54 97
3 54 15
3 54 25
3 54 56
3 54 57
3 78 58
3 78 69
3 78 78
3 78 79
3 78 99
3 78 86
3 78 76
3 78 87
3 78 65
3 78 66
3 78 47
3 91 80
3 91 81
3 91 90
3 91 92
3 91 72
3 91 91
3 91 93
3 91 94
3 95 95
3 95 96
4 18 6
4 18 9
4 18 14
4 18 17
4 18 19
4 18 29
4 18 39
4 18 16
4 18 18
4 18 37
4 18 49
4 21 0
4 21 1
4 21 3
4 21 10
4 21 11
4 21 20
4 21 30
4 21 31
4 21 42
4 21 50
4 21 2
4 21 12
4 21 22
4 21 23
4 21 40
4 21 41
4 21 52
4 21 73
4 21 33
4 21 43
4 21 51
4 27 27
4 45 -1
4 54 61
4 54 5
4 54 34
4 54 55
4 54 63
4 54 35
4 54 36
4 54 46
4 54 64
4 54 77
4 54 15
4 54 26
4 54 66
4 54 47
4 78 58
4 78 79
4 78 89
4 78 99
4 78 59
4 78 68
4 78 84
4 78 86
4 78 98
4 78 75
4 78 76
4 78 87
4 78 48
4 78 65
4 78 67
4 91 70
4 91 80
4 91 81
4 91 90
4 91 92
4 91 53
4 91 60
4 91 62
4 91 72
4 91 82
4 91 91
4 91 93
4 95 95
4 95 96
5 18 8
5 18 18
5 21 0
5 21 1
5 21 10
5 21 11
5 21 20
5 21 30
5 21 31
5 21 42
5 21 13
5 21 22
5 21 40
5 21 41
5 21 52
5 21 24
5 21 32
5 21 33
5 21 43
5 21 51
5 27 4
5 27 5
5 27 6
5 27 7
5 27 9
5 27 14
5 27 17
5 27 19
5 27 29
5 27 39
5 27 59
5 27 16
5 27 27
5 27 35
5 27 37
5 27 44
5 27 46
5 27 49
5 27 15
5 27 25
5 27 26
5 45 45
5 54 61
5 54 34
5 54 55
5 54 63
5 54 54
5 54 64
5 54 74
5 54 77
5 54 65
5 54 67
5 78 69
5 78 78
5 78 79
5 78 89
5 78 99
5 78 68
5 78 86
5 78 88
5 78 98
5 78 75
5 78 76
5 78 85
5 78 87
5 78 97
5 78 48
5 78 56
5 78 57
5 91 80
5 91 81
5 91 92
5 91 53
5 91 60
5 91 62
5 91 72
5 91 82
5 91 91
5 91 93
5 91 94
5 91 83
5 95 95
6 18 8
6 18 6
6 18 7
6 18 9
6 18 14
6 18 17
6 18 19
6 18 29
6 18 39
6 18 18
6 18 37
6 18 38
6 18 49
6 18 25
6 18 26
6 18 48
6 18 47
6 21 0
6 21 3
6 21 10
6 21 11
6 21 20
6 21 30
6 21 31
6 21 42
6 21 50
6 21 13
6 21 22
6 21 23
6 21 40
6 21 41
6 21 52
6 21 73
6 21 24
6 21 32
6 21 33
6 21 51
6 27 5
6 27 27
6 45 34
6 45 55
6 45 63
6 45 68
6 45 36
6 45 43
6 45 44
6 45 45
6 45 46
6 45 64
6 45 74
6 45 83
6 45 87
6 45 57
6 45 65
6 45 66
6 54 -1
6 78 58
6 78 69
6 78 79
6 78 99
6 78 59
6 78 86
6 78 98
6 78 75
6 78 76
6 78 77
6 78 85
6 78 97
6 91 70
6 91 80
6 91 92
6 91 60
6 91 62
6 91 72
6 91 91
6 91 93
6 91 94
6 95 95
6 95 96
7 18 8
7 18 6
7 18 7
7 18 9
7 18 17
7 18 19
7 18 39
7 18 16
7 18 18
7 18 37
7 18 38
7 18 25
7 18 26
7 18 48
7 21 0
7 21 1
7 21 3
7 21 10
7 21 11
7 21 30
7 21 42
7 21 2
7 21 12
7 21 23
7 21 40
7 21 52
7 21 73
7 21 24
7 21 33
7 21 43
7 21 51
7 27 27
7 45 -1
7 54 61
7 54 5
7 54 55
7 54 44
7 54 74
7 78 58
7 78 69
7 78 89
7 78 59
7 78 84
7 78 86
7 78 88
7 78 98
7 78 75
7 78 77
7 78 87
7 78 97
7 78 56
7 78 66
7 78 67
7 78 47
7 91 70
7 91 71
7 91 90
7 91 92
7 91 53
7 91 60
7 91 62
7 91 91
7 91 93
7 91 94
7 95 -1
8 18 8
8 18 18
8 21 0
8 21 1
8 21 3
8 21 10
8 21 11
8 21 21
8 21 42
8 21 2
8 21 12
8 21 13
8 21 23
8 21 52
8 21 24
8 21 32
8 21 33
8 21 43
8 27 4
8 27 5
8 27 6
8 27 17
8 27 19
8 27 29
8 27 39
8 27 59
8 27 16
8 27 27
8 27 28
8 27 35
8 27 36
8 27 49
8 27 26
8 27 48
8 27 56
8 45 -1
8 54 61
8 54 55
8 54 62
8 54 54
8 78 69
8 78 78
8 78 79
8 78 89
8 78 99
8 78 84
8 78 86
8 78 88
8 78 75
8 78 76
8 78 77
8 78 65
8 78 66
8 78 67
8 91 81
8 91 90
8 91 91
8 91 83
8 95 96
9 18 8
9 18 18
9 21 0
9 21 3
9 21 20
9 21 21
9 21 22
9 21 23
9 21 40
9 21 41
9 27 4
9 27 5
9 27 17
9 27 29
9 27 16
9 27 36
9 27 38
9 27 46
9 27 25
9 27 48
9 27 56
9 27 57
9 45 -1
9 54 61
9 54 34
9 54 88
9 54 54
9 54 74
9 54 97
9 54 66
9 54 67
9 78 89
9 78 68
9 78 98
9 78 87
9 91 71
9 91 90
9 91 53
9 91 62
9 91 72
9 91 82
9 91 93
9 91 94
9 95 95
10 18 9
10 18 16
10 18 37
10 18 38
10 21 1
10 21 21
10 21 30
10 21 31
10 21 12
10 21 22
10 21 24
10 27 -1
10 45 -1
10 54 61
10 54 55
10 54 63
10 54 35
10 54 46
10 54 77
10 54 25
10 54 47
10 78 69
10 78 59
10 78 98
10 78 87
10 91 81
10 91 90
10 91 93
10 95 -1
11 18 8
11 18 16
11 18 28
11 21 10
11 21 50
11 21 12
11 21 23
11 27 59
11 45 -1
11 54 72
11 54 64
11 78 -1
11 91 -1
11 95 -1
--- Done ---
