0 34 -1
0 76 66
0 76 67
0 76 76
0 76 77
0 76 86
0 76 87
1 34 1
1 34 3
1 34 5
1 34 14
1 34 22
1 34 25
1 34 35
1 34 36
1 34 40
1 34 46
1 34 49
1 34 50
1 34 90
1 34 91
1 34 92
1 76 18
1 76 56
1 76 59
1 76 60
1 76 67
1 76 75
1 76 76
1 76 77
1 76 82
1 76 85
1 76 86
1 76 94
1 76 96
2 34 0
2 34 4
2 34 6
2 34 7
2 34 10
2 34 12
2 34 14
2 34 23
2 34 24
2 34 25
2 34 27
2 34 28
2 34 32
2 34 33
2 34 34
2 34 37
2 34 46
2 34 47
2 34 52
2 34 53
2 34 70
2 34 71
2 34 86
2 34 90
2 34 92
2 76 18
2 76 29
2 76 55
2 76 56
2 76 59
2 76 60
2 76 61
2 76 66
2 76 67
2 76 68
2 76 75
2 76 76
2 76 83
2 76 87
2 76 94
3 34 1
3 34 5
3 34 6
3 34 7
3 34 10
3 34 11
3 34 13
3 34 14
3 34 15
3 34 19
3 34 22
3 34 23
3 34 24
3 34 25
3 34 28
3 34 30
3 34 31
3 34 33
3 34 35
3 34 40
3 34 42
3 34 43
3 34 44
3 34 47
3 34 51
3 76 8
3 76 29
3 76 38
3 76 39
3 76 52
3 76 54
3 76 56
3 76 57
3 76 58
3 76 61
3 76 65
3 76 66
3 76 69
3 76 72
3 76 73
3 76 74
3 76 76
3 76 78
4 34 0
4 34 1
4 34 2
4 34 3
4 34 5
4 34 6
4 34 9
4 34 10
4 34 11
4 34 12
4 34 14
4 34 15
4 34 16
4 34 19
4 34 20
4 34 22
4 34 23
4 34 26
4 34 27
4 34 30
4 34 31
4 76 17
4 76 18
4 76 29
4 76 33
4 76 34
4 76 35
4 76 36
4 76 37
4 76 39
4 76 40
4 76 41
4 76 42
4 76 43
4 76 46
4 76 47
4 76 48
4 76 49
4 76 50
4 76 51
4 76 52
4 76 53
4 76 55
4 76 58
4 76 59
4 76 60
5 34 0
5 34 1
5 34 4
5 34 5
5 34 6
5 34 7
5 34 9
5 34 10
5 34 11
5 34 13
5 34 14
5 34 15
5 34 16
5 34 19
5 34 20
5 34 22
5 34 24
5 34 25
5 34 26
5 34 27
5 34 30
5 34 32
5 76 8
5 76 17
5 76 18
5 76 29
5 76 31
5 76 33
5 76 34
5 76 35
5 76 37
5 76 39
5 76 40
5 76 41
5 76 42
5 76 43
5 76 44
5 76 45
5 76 48
6 34 0
6 34 3
6 34 5
6 34 6
6 34 7
6 34 9
6 34 10
6 34 11
6 34 13
6 34 14
6 34 19
6 34 20
6 34 22
6 34 23
6 34 24
6 34 25
6 34 26
6 34 27
6 34 30
6 34 31
6 34 32
6 76 8
6 76 17
6 76 18
6 76 29
6 76 33
6 76 34
6 76 36
6 76 37
6 76 38
6 76 39
6 76 40
6 76 41
6 76 42
6 76 43
6 76 44
6 76 45
6 76 48
7 34 0
7 34 1
7 34 2
7 34 3
7 34 5
7 34 6
7 34 7
7 34 9
7 34 10
7 34 11
7 34 12
7 34 16
7 34 19
7 34 23
7 34 24
7 34 25
7 34 26
7 34 27
7 34 30
7 34 33
7 34 37
7 76 8
7 76 17
7 76 18
7 76 38
7 76 39
7 76 40
7 76 42
7 76 43
7 76 44
7 76 47
7 76 48
7 76 51
7 76 52
7 76 53
7 76 55
7 76 56
7 76 58
7 76 59
7 76 60
7 76 61
7 76 62
7 76 66
8 34 0
8 34 1
8 34 2
8 34 3
8 34 4
8 34 5
8 34 6
8 34 10
8 34 11
8 34 12
8 34 13
8 34 16
8 34 19
8 34 21
8 34 23
8 34 24
8 34 26
8 34 27
8 34 28
8 34 32
8 34 33
8 34 35
8 34 36
8 34 42
8 34 43
8 34 48
8 76 8
8 76 17
8 76 18
8 76 29
8 76 39
8 76 49
8 76 52
8 76 54
8 76 55
8 76 56
8 76 59
8 76 61
8 76 62
8 76 65
8 76 66
8 76 67
8 76 69
8 76 75
8 76 76
8 76 77
8 76 78
8 76 79
8 76 81
8 76 83
8 76 84
8 76 86
8 76 88
8 76 89
8 76 90
8 76 91
9 34 0
9 34 3
9 34 4
9 34 5
9 34 16
9 34 20
9 34 21
9 34 22
9 34 23
9 34 25
9 34 34
9 34 36
9 34 40
9 34 41
9 34 46
9 34 48
9 34 53
9 34 54
9 34 62
9 34 71
9 34 72
9 34 90
9 76 8
9 76 17
9 76 18
9 76 29
9 76 38
9 76 56
9 76 57
9 76 61
9 76 66
9 76 67
9 76 68
9 76 74
9 76 82
9 76 87
9 76 88
9 76 89
9 76 93
9 76 94
9 76 95
9 76 97
9 76 98
10 34 1
10 34 9
10 34 12
10 34 16
10 34 21
10 34 22
10 34 24
10 34 25
10 34 30
10 34 31
10 34 35
10 34 37
10 34 46
10 34 47
10 34 90
10 76 38
10 76 55
10 76 59
10 76 61
10 76 63
10 76 69
10 76 77
10 76 81
10 76 87
10 76 93
10 76 98
11 34 10
11 34 12
11 34 16
11 34 23
11 34 28
11 34 50
11 34 72
11 76 8
11 76 59
11 76 64
--- Done ---
