0 34 66
0 34 67
0 34 76
0 34 77
0 34 86
0 64 87
1 34 3
1 34 5
1 34 14
1 34 18
1 34 22
1 34 25
1 34 35
1 34 36
1 34 40
1 34 46
1 34 49
1 34 56
1 34 67
1 34 90
1 64 1
1 64 50
1 64 59
1 64 60
1 64 75
1 64 76
1 64 77
1 64 82
1 64 85
1 64 86
1 64 91
1 64 92
1 64 94
1 64 96
2 34 0
2 34 4
2 34 6
2 34 7
2 34 10
2 34 12
2 34 14
2 34 18
2 34 23
2 34 24
2 34 25
2 34 27
2 34 28
2 34 32
2 34 33
2 34 34
2 34 37
2 34 46
2 34 47
2 34 56
2 34 67
2 34 71
2 34 86
2 34 90
2 64 29
2 64 52
2 64 53
2 64 55
2 64 59
2 64 60
2 64 61
2 64 66
2 64 68
2 64 70
2 64 75
2 64 76
2 64 83
2 64 87
2 64 92
2 64 94
3 34 5
3 34 6
3 34 7
3 34 10
3 34 13
3 34 14
3 34 15
3 34 19
3 34 22
3 34 23
3 34 24
3 34 25
3 34 28
3 34 30
3 34 31
3 34 33
3 34 35
3 34 38
3 34 40
3 34 43
3 34 44
3 34 47
3 34 56
3 34 79
3 64 1
3 64 8
3 64 11
3 64 29
3 64 39
3 64 42
3 64 51
3 64 52
3 64 54
3 64 57
3 64 58
3 64 61
3 64 65
3 64 66
3 64 69
3 64 72
3 64 73
3 64 74
3 64 78
3 64 80
3 64 81
3 64 85
4 34 0
4 34 2
4 34 3
4 34 5
4 34 6
4 34 9
4 34 10
4 34 12
4 34 14
4 34 15
4 34 16
4 34 17
4 34 18
4 34 19
4 34 22
4 34 23
4 34 26
4 34 27
4 34 30
4 34 31
4 34 33
4 34 34
4 64 1
4 64 11
4 64 20
4 64 29
4 64 35
4 64 36
4 64 37
4 64 39
4 64 40
4 64 41
4 64 42
4 64 43
4 64 46
4 64 47
4 64 48
4 64 49
4 64 50
4 64 51
4 64 52
4 64 53
4 64 55
4 64 58
4 64 59
4 64 60
5 34 0
5 34 4
5 34 5
5 34 6
5 34 7
5 34 9
5 34 10
5 34 13
5 34 14
5 34 15
5 34 16
5 34 17
5 34 18
5 34 19
5 34 22
5 34 24
5 34 25
5 34 26
5 34 27
5 34 30
5 34 31
5 64 1
5 64 8
5 64 11
5 64 20
5 64 29
5 64 32
5 64 33
5 64 34
5 64 35
5 64 37
5 64 39
5 64 40
5 64 41
5 64 42
5 64 43
5 64 44
5 64 45
5 64 48
6 34 0
6 34 3
6 34 5
6 34 6
6 34 7
6 34 9
6 34 10
6 34 13
6 34 14
6 34 17
6 34 18
6 34 19
6 34 22
6 34 23
6 34 24
6 34 25
6 34 26
6 34 27
6 34 30
6 34 31
6 34 36
6 64 8
6 64 11
6 64 20
6 64 29
6 64 32
6 64 33
6 64 34
6 64 37
6 64 38
6 64 39
6 64 40
6 64 41
6 64 42
6 64 43
6 64 44
6 64 45
6 64 48
7 34 0
7 34 2
7 34 3
7 34 5
7 34 6
7 34 7
7 34 9
7 34 10
7 34 12
7 34 16
7 34 17
7 34 18
7 34 19
7 34 23
7 34 24
7 34 25
7 34 26
7 34 27
7 34 30
7 34 33
7 34 37
7 34 38
7 34 48
7 64 1
7 64 8
7 64 11
7 64 39
7 64 40
7 64 42
7 64 43
7 64 44
7 64 47
7 64 51
7 64 52
7 64 53
7 64 55
7 64 56
7 64 58
7 64 59
7 64 60
7 64 61
7 64 62
7 64 66
8 34 0
8 34 2
8 34 3
8 34 4
8 34 5
8 34 6
8 34 10
8 34 12
8 34 13
8 34 16
8 34 17
8 34 18
8 34 19
8 34 21
8 34 23
8 34 24
8 34 26
8 34 27
8 34 28
8 34 32
8 34 33
8 34 35
8 34 36
8 34 43
8 34 48
8 64 1
8 64 8
8 64 11
8 64 29
8 64 39
8 64 42
8 64 49
8 64 52
8 64 54
8 64 55
8 64 56
8 64 59
8 64 61
8 64 62
8 64 65
8 64 66
8 64 67
8 64 69
8 64 75
8 64 76
8 64 77
8 64 78
8 64 79
8 64 81
8 64 83
8 64 84
8 64 86
8 64 88
8 64 89
8 64 90
8 64 91
9 34 0
9 34 3
9 34 4
9 34 5
9 34 16
9 34 17
9 34 18
9 34 21
9 34 22
9 34 23
9 34 25
9 34 34
9 34 36
9 34 38
9 34 40
9 34 41
9 34 46
9 34 48
9 34 56
9 34 67
9 34 71
9 34 90
9 34 93
9 34 97
9 64 8
9 64 20
9 64 29
9 64 53
9 64 54
9 64 57
9 64 61
9 64 62
9 64 66
9 64 68
9 64 72
9 64 74
9 64 82
9 64 87
9 64 88
9 64 89
9 64 94
9 64 95
9 64 98
10 34 9
10 34 12
10 34 16
10 34 21
10 34 22
10 34 24
10 34 25
10 34 30
10 34 31
10 34 35
10 34 37
10 34 38
10 34 46
10 34 47
10 34 69
10 34 90
10 34 93
10 64 1
10 64 55
10 64 59
10 64 61
10 64 63
10 64 77
10 64 81
10 64 87
10 64 98
11 34 10
11 34 12
11 34 16
11 34 23
11 34 28
11 64 8
11 64 50
11 64 59
11 64 64
11 64 72
--- Done ---
