0 55 66
0 55 76
0 55 86
0 55 67
0 89 77
0 89 87
0 91 -1
1 13 3
1 13 5
1 13 14
1 13 1
1 13 22
1 13 25
1 30 40
1 30 50
1 37 18
1 37 49
1 37 59
1 55 76
1 55 86
1 55 35
1 55 36
1 55 56
1 55 67
1 55 75
1 55 85
1 55 46
1 63 60
1 63 82
1 89 77
1 89 96
1 91 90
1 91 91
1 91 92
1 91 94
2 11 0
2 11 10
2 13 14
2 13 23
2 13 24
2 13 33
2 13 4
2 13 12
2 13 25
2 13 32
2 17 6
2 17 7
2 17 29
2 17 18
2 17 28
2 30 -1
2 37 59
2 37 47
2 37 37
2 45 -1
2 55 76
2 55 86
2 55 34
2 55 53
2 55 55
2 55 56
2 55 66
2 55 67
2 55 75
2 55 27
2 55 46
2 63 -1
2 72 70
2 72 60
2 72 61
2 72 71
2 72 90
2 72 92
2 72 52
2 72 83
2 89 77
2 89 87
2 89 68
2 91 94
3 11 10
3 11 11
3 13 5
3 13 14
3 13 23
3 13 24
3 13 33
3 13 13
3 13 15
3 13 1
3 13 22
3 13 31
3 13 25
3 17 6
3 17 7
3 17 8
3 17 29
3 17 19
3 17 39
3 17 28
3 17 38
3 17 35
3 30 30
3 30 40
3 37 47
3 37 57
3 37 66
3 45 -1
3 55 -1
3 63 42
3 63 43
3 63 61
3 63 73
3 63 44
3 63 51
3 63 52
3 63 54
3 63 74
3 63 81
3 66 58
3 66 65
3 66 76
3 66 77
3 66 78
3 66 86
3 66 87
3 66 85
3 66 56
3 71 95
3 72 72
3 89 69
3 89 79
3 89 96
3 89 97
3 89 99
3 91 93
3 91 94
3 91 80
3 91 90
3 91 91
3 91 92
4 11 0
4 11 10
4 11 11
4 11 20
4 13 5
4 13 14
4 13 23
4 13 33
4 13 2
4 13 3
4 13 12
4 13 15
4 13 1
4 13 22
4 13 31
4 13 34
4 17 6
4 17 9
4 17 29
4 17 16
4 17 17
4 17 18
4 17 19
4 17 39
4 17 26
4 17 27
4 17 35
4 17 36
4 30 30
4 30 40
4 30 50
4 30 41
4 37 49
4 37 59
4 37 47
4 37 48
4 37 37
4 45 -1
4 55 55
4 63 42
4 63 43
4 63 84
4 63 64
4 63 75
4 63 63
4 66 58
4 66 65
4 66 76
4 66 77
4 66 86
4 66 87
4 66 68
4 66 66
4 66 67
4 66 46
4 71 95
4 71 70
4 71 80
4 71 60
4 71 61
4 71 73
4 71 82
4 71 90
4 71 92
4 71 51
4 71 52
4 71 81
4 71 53
4 71 62
4 72 72
4 89 79
4 89 89
4 89 96
4 89 98
4 89 99
4 91 93
4 91 91
5 11 0
5 11 10
5 11 11
5 13 5
5 13 14
5 13 24
5 13 33
5 13 4
5 13 13
5 13 15
5 13 1
5 13 22
5 13 31
5 13 34
5 13 25
5 13 32
5 17 6
5 17 7
5 17 8
5 17 9
5 17 29
5 17 16
5 17 17
5 17 18
5 17 19
5 17 39
5 17 26
5 17 27
5 17 35
5 30 30
5 30 40
5 30 20
5 30 41
5 30 51
5 30 52
5 37 49
5 37 59
5 37 48
5 37 37
5 45 45
5 55 65
5 55 76
5 55 86
5 55 43
5 55 85
5 55 44
5 55 55
5 55 56
5 55 57
5 55 64
5 55 74
5 55 75
5 55 53
5 55 54
5 55 46
5 63 42
5 63 60
5 63 61
5 63 82
5 63 83
5 63 63
5 66 -1
5 71 95
5 72 72
5 89 69
5 89 79
5 89 89
5 89 97
5 89 98
5 89 99
5 89 77
5 89 78
5 89 87
5 89 88
5 89 68
5 89 67
5 91 93
5 91 94
5 91 80
5 91 91
5 91 92
5 91 81
5 91 62
6 11 0
6 11 10
6 11 11
6 13 5
6 13 14
6 13 23
6 13 24
6 13 33
6 13 3
6 13 13
6 13 22
6 13 31
6 13 34
6 13 32
6 17 6
6 17 7
6 17 8
6 17 9
6 17 29
6 17 17
6 17 18
6 17 19
6 17 39
6 17 26
6 17 38
6 17 25
6 17 27
6 17 36
6 17 46
6 30 30
6 30 40
6 30 50
6 30 20
6 30 41
6 30 51
6 30 52
6 37 49
6 37 59
6 37 47
6 37 48
6 37 37
6 37 57
6 45 45
6 55 55
6 63 42
6 63 43
6 63 60
6 63 73
6 63 83
6 63 44
6 63 64
6 63 74
6 63 75
6 63 62
6 63 63
6 66 58
6 66 65
6 66 76
6 66 86
6 66 66
6 71 95
6 71 70
6 72 72
6 89 69
6 89 79
6 89 96
6 89 97
6 89 98
6 89 99
6 89 77
6 89 87
6 89 68
6 89 85
6 91 93
6 91 94
6 91 80
6 91 91
6 91 92
7 11 0
7 11 10
7 11 11
7 13 5
7 13 23
7 13 24
7 13 33
7 13 2
7 13 3
7 13 12
7 13 1
7 17 6
7 17 7
7 17 8
7 17 9
7 17 16
7 17 17
7 17 18
7 17 19
7 17 39
7 17 26
7 17 38
7 17 25
7 17 27
7 30 30
7 30 40
7 37 59
7 37 47
7 37 48
7 37 37
7 37 44
7 37 56
7 45 -1
7 55 55
7 63 42
7 63 43
7 63 60
7 63 61
7 63 73
7 63 84
7 63 51
7 63 52
7 63 74
7 63 75
7 63 53
7 63 62
7 66 58
7 66 86
7 66 66
7 71 70
7 71 71
7 72 -1
7 89 69
7 89 89
7 89 97
7 89 98
7 89 77
7 89 87
7 89 88
7 89 67
7 91 93
7 91 94
7 91 90
7 91 91
7 91 92
8 11 0
8 11 10
8 11 11
8 13 5
8 13 23
8 13 24
8 13 33
8 13 2
8 13 3
8 13 4
8 13 12
8 13 13
8 13 1
8 13 21
8 13 32
8 17 6
8 17 8
8 17 29
8 17 16
8 17 17
8 17 18
8 17 19
8 17 39
8 17 26
8 17 28
8 17 27
8 17 35
8 17 36
8 30 -1
8 37 49
8 37 59
8 37 48
8 45 -1
8 55 65
8 55 76
8 55 86
8 55 43
8 55 84
8 55 55
8 55 56
8 55 75
8 55 54
8 63 42
8 63 61
8 63 83
8 63 52
8 63 81
8 63 62
8 66 66
8 71 90
8 72 -1
8 89 69
8 89 79
8 89 89
8 89 96
8 89 99
8 89 77
8 89 78
8 89 88
8 89 67
8 91 91
9 11 0
9 11 20
9 13 5
9 13 23
9 13 3
9 13 4
9 13 21
9 13 22
9 13 34
9 13 25
9 17 8
9 17 29
9 17 16
9 17 17
9 17 18
9 17 38
9 17 36
9 17 46
9 30 40
9 30 41
9 30 54
9 37 48
9 37 56
9 37 57
9 45 -1
9 55 -1
9 63 -1
9 66 66
9 71 95
9 71 61
9 71 71
9 71 82
9 71 90
9 71 53
9 71 62
9 72 72
9 72 74
9 89 89
9 89 97
9 89 98
9 89 87
9 89 88
9 89 68
9 89 67
9 91 93
9 91 94
10 11 -1
10 13 24
10 13 12
10 13 1
10 13 21
10 13 22
10 13 31
10 13 25
10 17 9
10 30 30
10 37 59
10 37 16
10 37 47
10 37 37
10 37 38
10 37 35
10 37 46
10 45 -1
10 55 55
10 63 61
10 63 63
10 66 -1
10 71 -1
10 72 -1
10 89 69
10 89 98
10 89 77
10 89 87
10 91 93
10 91 90
10 91 81
11 11 10
11 11 12
11 13 23
11 17 8
11 17 16
11 17 28
11 30 50
11 37 59
11 45 64
11 55 -1
11 63 -1
11 66 -1
11 71 -1
11 72 72
11 89 -1
11 91 -1
--- Done ---
