0 34 -1
0 66 66
0 66 67
0 66 76
0 66 77
0 66 86
0 66 87
1 34 1
1 34 3
1 34 5
1 34 14
1 34 22
1 34 25
1 34 35
1 34 36
1 34 49
1 34 50
1 34 60
1 34 90
1 34 91
1 66 18
1 66 40
1 66 46
1 66 56
1 66 59
1 66 67
1 66 75
1 66 76
1 66 77
1 66 82
1 66 85
1 66 86
1 66 92
1 66 94
1 66 96
2 34 0
2 34 4
2 34 6
2 34 7
2 34 10
2 34 12
2 34 14
2 34 23
2 34 24
2 34 25
2 34 27
2 34 28
2 34 32
2 34 33
2 34 34
2 34 37
2 34 47
2 34 52
2 34 53
2 34 60
2 34 61
2 34 70
2 34 71
2 34 90
2 34 94
2 66 18
2 66 29
2 66 46
2 66 55
2 66 56
2 66 59
2 66 66
2 66 67
2 66 68
2 66 75
2 66 76
2 66 83
2 66 86
2 66 87
2 66 92
3 34 1
3 34 5
3 34 6
3 34 7
3 34 10
3 34 11
3 34 13
3 34 14
3 34 15
3 34 19
3 34 22
3 34 23
3 34 24
3 34 25
3 34 28
3 34 31
3 34 33
3 34 35
3 34 38
3 34 42
3 34 43
3 34 44
3 34 47
3 34 51
3 34 52
3 34 61
3 34 72
3 66 8
3 66 29
3 66 30
3 66 39
3 66 40
3 66 54
3 66 56
3 66 57
3 66 58
3 66 65
3 66 66
3 66 69
3 66 73
3 66 74
3 66 76
3 66 78
4 34 0
4 34 1
4 34 2
4 34 3
4 34 5
4 34 6
4 34 9
4 34 10
4 34 11
4 34 12
4 34 14
4 34 15
4 34 16
4 34 19
4 34 20
4 34 22
4 34 23
4 34 26
4 34 27
4 34 31
4 34 33
4 34 34
4 66 17
4 66 18
4 66 29
4 66 30
4 66 35
4 66 36
4 66 37
4 66 39
4 66 40
4 66 41
4 66 42
4 66 43
4 66 46
4 66 47
4 66 48
4 66 49
4 66 50
4 66 51
4 66 52
4 66 53
4 66 55
4 66 58
4 66 59
4 66 60
5 34 0
5 34 1
5 34 4
5 34 5
5 34 6
5 34 7
5 34 9
5 34 10
5 34 11
5 34 13
5 34 14
5 34 15
5 34 16
5 34 19
5 34 20
5 34 22
5 34 24
5 34 25
5 34 26
5 34 27
5 34 31
5 34 32
5 34 33
5 34 35
5 66 8
5 66 17
5 66 18
5 66 29
5 66 30
5 66 34
5 66 37
5 66 39
5 66 40
5 66 41
5 66 42
5 66 43
5 66 44
5 66 45
5 66 48
6 34 0
6 34 3
6 34 5
6 34 6
6 34 7
6 34 9
6 34 10
6 34 11
6 34 13
6 34 14
6 34 19
6 34 20
6 34 22
6 34 23
6 34 24
6 34 25
6 34 26
6 34 27
6 34 31
6 34 32
6 34 36
6 66 8
6 66 17
6 66 18
6 66 29
6 66 30
6 66 33
6 66 34
6 66 37
6 66 38
6 66 39
6 66 40
6 66 41
6 66 42
6 66 43
6 66 44
6 66 45
6 66 48
7 34 0
7 34 1
7 34 2
7 34 3
7 34 5
7 34 6
7 34 7
7 34 9
7 34 10
7 34 11
7 34 12
7 34 16
7 34 19
7 34 23
7 34 24
7 34 25
7 34 26
7 34 27
7 34 33
7 34 37
7 34 38
7 66 8
7 66 17
7 66 18
7 66 30
7 66 39
7 66 40
7 66 42
7 66 43
7 66 44
7 66 47
7 66 48
7 66 51
7 66 52
7 66 53
7 66 55
7 66 56
7 66 58
7 66 59
7 66 60
7 66 61
7 66 62
7 66 66
8 34 0
8 34 1
8 34 2
8 34 3
8 34 4
8 34 5
8 34 6
8 34 10
8 34 11
8 34 12
8 34 13
8 34 16
8 34 19
8 34 21
8 34 23
8 34 24
8 34 26
8 34 27
8 34 28
8 34 32
8 34 33
8 34 35
8 34 36
8 34 42
8 34 43
8 34 48
8 66 8
8 66 17
8 66 18
8 66 29
8 66 39
8 66 49
8 66 52
8 66 54
8 66 55
8 66 56
8 66 59
8 66 61
8 66 62
8 66 65
8 66 66
8 66 67
8 66 69
8 66 75
8 66 76
8 66 77
8 66 78
8 66 79
8 66 81
8 66 83
8 66 84
8 66 86
8 66 88
8 66 89
8 66 90
8 66 91
9 34 0
9 34 3
9 34 4
9 34 5
9 34 16
9 34 20
9 34 21
9 34 22
9 34 23
9 34 25
9 34 34
9 34 36
9 34 38
9 34 41
9 34 48
9 34 53
9 34 61
9 34 71
9 34 72
9 34 90
9 66 8
9 66 17
9 66 18
9 66 29
9 66 40
9 66 46
9 66 54
9 66 56
9 66 57
9 66 62
9 66 66
9 66 67
9 66 68
9 66 74
9 66 82
9 66 87
9 66 88
9 66 89
9 66 93
9 66 94
9 66 95
9 66 97
9 66 98
10 34 1
10 34 9
10 34 12
10 34 16
10 34 21
10 34 22
10 34 24
10 34 25
10 34 31
10 34 35
10 34 37
10 34 38
10 34 47
10 34 61
10 34 90
10 66 30
10 66 46
10 66 55
10 66 59
10 66 63
10 66 69
10 66 77
10 66 81
10 66 87
10 66 93
10 66 98
11 34 10
11 34 12
11 34 16
11 34 23
11 34 28
11 34 50
11 34 72
11 66 8
11 66 59
11 66 64
--- Done ---
