0 91 -1
0 95 66
0 95 67
0 95 76
0 95 77
0 95 86
0 95 87
1 21 40
1 21 50
1 24 5
1 24 14
1 24 25
1 24 1
1 24 3
1 24 22
1 24 35
1 24 36
1 24 46
1 58 18
1 58 49
1 58 56
1 58 59
1 91 60
1 91 82
1 91 90
1 91 91
1 91 92
1 95 75
1 95 85
1 95 86
1 95 67
1 95 76
1 95 77
1 95 94
1 95 96
2 21 10
2 24 4
2 24 6
2 24 14
2 24 55
2 24 0
2 24 25
2 24 27
2 24 34
2 24 12
2 24 23
2 24 24
2 24 32
2 42 7
2 42 61
2 42 52
2 58 18
2 58 28
2 58 29
2 58 47
2 58 56
2 58 59
2 58 68
2 58 67
2 58 76
2 58 37
2 58 46
2 58 33
2 91 60
2 91 70
2 91 90
2 91 92
2 91 53
2 91 71
2 95 75
2 95 86
2 95 87
2 95 77
2 95 83
2 95 94
2 95 66
3 21 10
3 21 73
3 21 30
3 21 40
3 21 52
3 21 11
3 21 13
3 21 22
3 21 23
3 21 31
3 21 43
3 21 51
3 21 54
3 24 5
3 24 6
3 24 8
3 24 14
3 24 15
3 24 1
3 24 24
3 24 25
3 24 44
3 42 7
3 42 61
3 42 42
3 48 19
3 58 78
3 58 99
3 58 28
3 58 29
3 58 38
3 58 39
3 58 47
3 58 56
3 58 58
3 58 69
3 58 79
3 58 96
3 58 57
3 58 65
3 58 76
3 58 33
3 58 35
3 58 66
3 91 80
3 91 81
3 91 90
3 91 91
3 91 92
3 91 72
3 95 74
3 95 85
3 95 86
3 95 87
3 95 95
3 95 97
3 95 93
3 95 94
3 95 77
4 21 10
4 21 73
4 21 20
4 21 30
4 21 40
4 21 50
4 21 52
4 21 33
4 24 5
4 24 6
4 24 14
4 24 15
4 24 0
4 24 1
4 24 3
4 24 16
4 24 26
4 24 34
4 24 55
4 24 63
4 24 2
4 24 11
4 24 12
4 24 17
4 24 22
4 24 23
4 24 27
4 24 31
4 24 36
4 24 41
4 24 43
4 24 62
4 24 64
4 24 65
4 42 61
4 42 42
4 48 9
4 48 19
4 48 29
4 48 39
4 48 47
4 48 49
4 48 59
4 48 68
4 48 79
4 48 89
4 48 48
4 48 35
4 48 37
4 48 46
4 48 66
4 48 67
4 48 77
4 58 18
4 58 99
4 58 58
4 91 60
4 91 70
4 91 80
4 91 81
4 91 82
4 91 90
4 91 91
4 91 92
4 91 53
4 91 72
4 91 93
4 91 51
4 95 75
4 95 84
4 95 86
4 95 87
4 95 95
4 95 98
4 95 96
4 95 76
5 21 10
5 21 20
5 21 30
5 21 40
5 21 52
5 21 41
5 21 43
5 21 54
5 24 4
5 24 5
5 24 6
5 24 8
5 24 14
5 24 15
5 24 0
5 24 1
5 24 16
5 24 26
5 24 34
5 24 55
5 24 63
5 24 11
5 24 13
5 24 17
5 24 22
5 24 24
5 24 25
5 24 27
5 24 31
5 24 32
5 42 7
5 42 61
5 42 42
5 42 44
5 48 9
5 48 19
5 48 48
5 58 18
5 58 78
5 58 99
5 58 29
5 58 39
5 58 49
5 58 56
5 58 59
5 58 68
5 58 69
5 58 79
5 58 88
5 58 89
5 58 45
5 58 65
5 58 33
5 58 35
5 58 37
5 58 46
5 58 57
5 91 60
5 91 80
5 91 81
5 91 82
5 91 91
5 91 92
5 91 53
5 91 72
5 91 83
5 91 93
5 91 94
5 91 62
5 91 51
5 95 74
5 95 75
5 95 85
5 95 86
5 95 87
5 95 95
5 95 97
5 95 98
5 95 64
5 95 67
5 95 76
5 95 77
6 21 10
6 21 73
6 21 20
6 21 30
6 21 40
6 21 50
6 21 52
6 21 31
6 21 32
6 21 41
6 21 43
6 21 33
6 21 51
6 24 5
6 24 6
6 24 8
6 24 14
6 24 0
6 24 3
6 24 26
6 24 34
6 24 55
6 24 63
6 24 11
6 24 13
6 24 17
6 24 22
6 24 23
6 24 24
6 24 25
6 24 27
6 24 36
6 42 7
6 42 42
6 48 9
6 48 19
6 48 29
6 48 38
6 48 39
6 48 47
6 48 49
6 48 59
6 48 68
6 48 69
6 48 79
6 48 44
6 48 48
6 48 37
6 48 46
6 48 57
6 48 66
6 48 76
6 48 77
6 58 18
6 58 99
6 58 58
6 58 45
6 91 60
6 91 70
6 91 80
6 91 91
6 91 92
6 91 72
6 91 62
6 95 74
6 95 75
6 95 85
6 95 86
6 95 87
6 95 95
6 95 97
6 95 98
6 95 83
6 95 93
6 95 94
6 95 96
6 95 64
6 95 65
7 21 10
7 21 73
7 21 30
7 21 40
7 21 52
7 24 5
7 24 6
7 24 8
7 24 0
7 24 1
7 24 3
7 24 16
7 24 26
7 24 55
7 24 2
7 24 11
7 24 12
7 24 17
7 24 23
7 24 24
7 24 25
7 24 27
7 24 43
7 24 44
7 24 62
7 24 33
7 42 7
7 42 61
7 42 42
7 48 9
7 48 19
7 48 38
7 48 39
7 48 47
7 48 56
7 48 59
7 48 69
7 48 88
7 48 89
7 48 48
7 48 67
7 48 77
7 48 37
7 48 66
7 58 18
7 58 58
7 91 60
7 91 70
7 91 90
7 91 91
7 91 92
7 91 53
7 91 71
7 91 93
7 91 94
7 91 51
7 95 74
7 95 75
7 95 84
7 95 86
7 95 87
7 95 97
7 95 98
8 21 10
8 21 21
8 21 52
8 24 4
8 24 5
8 24 6
8 24 8
8 24 0
8 24 1
8 24 3
8 24 16
8 24 26
8 24 55
8 24 2
8 24 11
8 24 12
8 24 13
8 24 17
8 24 23
8 24 24
8 24 27
8 24 32
8 24 36
8 24 43
8 24 62
8 24 65
8 24 33
8 24 35
8 24 54
8 42 61
8 42 42
8 48 19
8 48 48
8 58 18
8 58 78
8 58 99
8 58 28
8 58 29
8 58 39
8 58 49
8 58 56
8 58 59
8 58 69
8 58 79
8 58 88
8 58 89
8 58 96
8 58 67
8 58 76
8 58 77
8 58 66
8 91 81
8 91 90
8 91 91
8 91 83
8 95 75
8 95 84
8 95 86
9 21 21
9 24 4
9 24 5
9 24 8
9 24 0
9 24 3
9 24 16
9 24 34
9 24 17
9 24 22
9 24 23
9 24 25
9 24 36
9 24 41
9 24 62
9 24 46
9 24 66
9 24 54
9 42 61
9 42 20
9 42 40
9 48 48
9 58 18
9 58 29
9 58 38
9 58 56
9 58 68
9 58 88
9 58 89
9 58 57
9 58 67
9 91 82
9 91 90
9 91 53
9 91 71
9 91 72
9 91 93
9 91 94
9 95 74
9 95 87
9 95 95
9 95 97
9 95 98
10 21 1
10 21 21
10 21 30
10 21 12
10 21 22
10 21 31
10 24 24
10 42 61
10 42 63
10 48 9
10 48 16
10 48 38
10 48 47
10 48 55
10 48 59
10 48 69
10 48 25
10 48 77
10 48 35
10 48 37
10 48 46
10 58 -1
10 91 81
10 91 90
10 91 93
10 95 87
10 95 98
11 21 10
11 21 50
11 21 12
11 21 23
11 24 8
11 24 16
11 24 64
11 42 72
11 48 28
11 48 59
11 58 -1
11 91 -1
11 95 -1
--- Done ---
