0 25 -1
0 66 -1
0 91 66
0 91 67
0 91 76
0 91 77
0 91 86
0 91 87
1 14 -1
1 25 1
1 25 3
1 25 5
1 25 14
1 25 18
1 25 22
1 25 25
1 25 35
1 25 36
1 39 -1
1 51 -1
1 66 46
1 66 49
1 66 50
1 66 56
1 66 59
1 66 67
1 66 75
1 66 76
1 66 77
1 66 85
1 66 86
1 66 96
1 79 -1
1 84 -1
1 91 40
1 91 60
1 91 82
1 91 90
1 91 91
1 91 92
1 91 94
2 1 -1
2 14 4
2 14 10
2 14 12
2 14 14
2 14 23
2 14 24
2 14 32
2 14 33
2 14 34
2 25 6
2 25 7
2 25 25
2 25 27
2 28 -1
2 39 18
2 39 28
2 39 29
2 39 37
2 39 47
2 51 0
2 51 52
2 51 53
2 51 60
2 51 61
2 51 70
2 66 46
2 66 55
2 66 56
2 66 66
2 66 67
2 66 75
2 66 76
2 66 77
2 66 86
2 66 87
2 68 -1
2 70 -1
2 79 59
2 79 68
2 84 83
2 84 94
2 91 71
2 91 90
2 91 92
3 1 1
3 1 10
3 1 11
3 1 22
3 2 -1
3 8 -1
3 10 -1
3 12 -1
3 14 5
3 14 13
3 14 14
3 14 23
3 14 24
3 14 30
3 14 33
3 18 -1
3 19 -1
3 24 -1
3 25 7
3 25 15
3 25 25
3 25 35
3 25 44
3 28 6
3 28 8
3 28 19
3 28 28
3 28 38
3 35 -1
3 36 -1
3 39 29
3 39 39
3 41 -1
3 51 31
3 51 40
3 51 42
3 51 43
3 51 51
3 51 52
3 51 61
3 51 72
3 54 -1
3 56 -1
3 58 -1
3 59 -1
3 61 -1
3 64 -1
3 66 56
3 66 57
3 66 65
3 66 66
3 66 76
3 66 86
3 66 87
3 68 47
3 68 58
3 68 69
3 68 77
3 68 78
3 70 80
3 75 -1
3 77 -1
3 79 79
3 79 99
3 82 -1
3 83 -1
3 84 54
3 84 73
3 84 74
3 84 85
3 84 94
3 84 95
3 84 96
3 84 97
3 85 -1
3 86 -1
3 91 81
3 91 90
3 91 91
3 91 92
3 91 93
3 92 -1
4 1 1
4 1 11
4 2 2
4 8 9
4 10 0
4 10 10
4 10 20
4 12 3
4 12 12
4 12 22
4 14 5
4 14 14
4 18 17
4 18 18
4 19 19
4 19 29
4 24 23
4 24 33
4 25 15
4 25 16
4 28 6
4 35 34
4 35 35
4 36 26
4 36 27
4 36 36
4 36 37
4 36 46
4 36 47
4 39 39
4 39 49
4 41 30
4 41 31
4 41 40
4 41 41
4 41 42
4 51 50
4 51 51
4 51 52
4 54 43
4 54 53
4 56 55
4 58 58
4 59 48
4 59 59
4 61 61
4 61 62
4 64 63
4 64 64
4 64 65
4 66 66
4 66 67
4 66 76
4 68 68
4 70 60
4 70 70
4 70 80
4 75 75
4 77 77
4 77 87
4 79 79
4 79 89
4 79 98
4 79 99
4 82 72
4 82 81
4 82 82
4 83 73
4 84 84
4 85 96
4 86 86
4 86 95
4 91 90
4 91 91
4 91 93
4 92 92
5 1 1
5 1 11
5 2 -1
5 8 8
5 8 9
5 10 0
5 10 10
5 10 20
5 12 22
5 14 4
5 14 5
5 14 13
5 14 14
5 18 7
5 18 17
5 18 18
5 19 19
5 19 29
5 24 24
5 24 33
5 25 15
5 25 16
5 25 25
5 28 6
5 35 34
5 35 35
5 35 45
5 36 26
5 36 27
5 36 37
5 36 46
5 39 39
5 39 49
5 41 30
5 41 31
5 41 32
5 41 40
5 41 41
5 41 42
5 51 51
5 51 52
5 54 43
5 54 44
5 54 53
5 54 54
5 56 55
5 56 56
5 58 57
5 58 69
5 59 48
5 59 59
5 61 61
5 61 62
5 64 63
5 64 64
5 64 65
5 66 67
5 66 76
5 68 68
5 68 78
5 70 60
5 70 80
5 75 75
5 77 77
5 77 87
5 79 79
5 79 88
5 79 89
5 79 98
5 79 99
5 82 72
5 82 81
5 82 82
5 83 74
5 83 83
5 84 94
5 85 85
5 86 86
5 86 95
5 86 97
5 91 91
5 91 93
5 92 92
6 1 11
6 2 -1
6 8 8
6 8 9
6 10 0
6 10 10
6 10 20
6 12 3
6 12 22
6 14 5
6 14 13
6 14 14
6 18 7
6 18 17
6 18 18
6 19 19
6 19 29
6 24 23
6 24 24
6 24 33
6 25 25
6 28 6
6 28 38
6 35 34
6 35 45
6 36 26
6 36 27
6 36 36
6 36 37
6 36 46
6 36 47
6 39 39
6 39 49
6 41 30
6 41 31
6 41 32
6 41 40
6 41 41
6 41 42
6 51 50
6 51 51
6 51 52
6 54 43
6 54 44
6 56 55
6 58 57
6 58 58
6 58 69
6 59 48
6 59 59
6 61 62
6 64 63
6 64 64
6 64 65
6 66 66
6 66 76
6 68 68
6 70 60
6 70 70
6 70 80
6 75 75
6 77 77
6 77 87
6 79 79
6 79 98
6 79 99
6 82 72
6 83 73
6 83 74
6 83 83
6 84 94
6 85 85
6 85 96
6 86 86
6 86 95
6 86 97
6 91 91
6 91 93
6 92 92
7 1 1
7 1 11
7 2 2
7 8 8
7 8 9
7 10 0
7 10 10
7 12 3
7 12 12
7 14 5
7 18 7
7 18 17
7 18 18
7 19 19
7 24 23
7 24 24
7 24 33
7 25 16
7 25 25
7 28 6
7 28 38
7 35 -1
7 36 26
7 36 27
7 36 37
7 36 47
7 39 39
7 41 30
7 41 40
7 41 42
7 51 51
7 51 52
7 54 43
7 54 44
7 54 53
7 56 55
7 56 56
7 58 58
7 58 69
7 59 48
7 59 59
7 61 61
7 61 62
7 61 71
7 64 -1
7 66 66
7 66 67
7 68 -1
7 70 60
7 70 70
7 75 75
7 77 77
7 77 87
7 79 88
7 79 89
7 79 98
7 82 -1
7 83 73
7 83 74
7 84 84
7 84 94
7 85 -1
7 86 86
7 86 97
7 91 90
7 91 91
7 91 93
7 92 92
8 1 1
8 1 11
8 2 2
8 8 8
8 10 0
8 10 10
8 12 3
8 12 12
8 12 21
8 14 4
8 14 5
8 14 13
8 18 17
8 18 18
8 19 19
8 19 29
8 24 23
8 24 24
8 24 33
8 25 16
8 28 6
8 28 28
8 35 35
8 36 26
8 36 27
8 36 36
8 39 39
8 39 49
8 41 32
8 41 42
8 51 52
8 54 43
8 54 54
8 56 55
8 56 56
8 58 69
8 59 48
8 59 59
8 61 61
8 61 62
8 64 65
8 66 66
8 66 67
8 66 76
8 68 78
8 70 -1
8 75 75
8 77 77
8 79 79
8 79 88
8 79 89
8 79 99
8 82 81
8 83 83
8 84 84
8 85 96
8 86 86
8 91 90
8 91 91
8 92 -1
9 1 -1
9 2 -1
9 8 8
9 10 0
9 10 20
9 12 3
9 12 21
9 12 22
9 14 4
9 14 5
9 18 17
9 18 18
9 19 29
9 24 23
9 25 16
9 25 25
9 28 38
9 35 34
9 36 36
9 36 46
9 39 -1
9 41 40
9 41 41
9 51 -1
9 54 53
9 54 54
9 56 56
9 58 57
9 59 48
9 61 61
9 61 62
9 61 71
9 64 -1
9 66 66
9 66 67
9 68 68
9 70 -1
9 75 -1
9 77 87
9 79 88
9 79 89
9 79 98
9 82 72
9 82 82
9 83 74
9 84 94
9 85 -1
9 86 95
9 86 97
9 91 90
9 91 93
9 92 -1
10 1 1
10 2 -1
10 8 9
10 10 -1
10 12 12
10 12 21
10 12 22
10 14 -1
10 18 -1
10 19 -1
10 24 24
10 25 16
10 25 25
10 28 38
10 35 35
10 36 37
10 36 46
10 36 47
10 39 -1
10 41 30
10 41 31
10 51 -1
10 54 -1
10 56 55
10 58 69
10 59 59
10 61 61
10 64 63
10 66 -1
10 68 -1
10 70 -1
10 75 -1
10 77 77
10 77 87
10 79 98
10 82 81
10 83 -1
10 84 -1
10 85 -1
10 86 -1
10 91 90
10 91 93
10 92 -1
11 1 -1
11 2 -1
11 8 8
11 10 10
11 12 12
11 14 -1
11 18 -1
11 19 -1
11 24 23
11 25 16
11 28 28
11 35 -1
11 36 -1
11 39 -1
11 41 -1
11 51 50
11 54 -1
11 56 -1
11 58 -1
11 59 59
11 61 -1
11 64 64
11 66 -1
11 68 -1
11 70 -1
11 75 -1
11 77 -1
11 79 -1
11 82 72
11 83 -1
11 84 -1
11 85 -1
11 86 -1
11 91 -1
11 92 -1
--- Done ---
