0 55 66
0 55 76
0 55 86
0 55 67
0 89 77
0 89 87
0 91 -1
1 15 3
1 15 5
1 15 14
1 15 18
1 15 25
1 15 22
1 30 1
1 30 40
1 30 50
1 48 49
1 48 59
1 55 75
1 55 76
1 55 86
1 55 35
1 55 46
1 55 56
1 55 85
1 55 36
1 55 67
1 71 60
1 71 82
1 71 90
1 71 92
1 89 77
1 89 96
1 91 94
1 91 91
2 15 4
2 15 14
2 15 23
2 15 24
2 15 6
2 15 12
2 15 18
2 15 25
2 17 7
2 21 0
2 21 10
2 21 32
2 30 -1
2 48 47
2 48 59
2 48 28
2 48 29
2 48 37
2 51 33
2 51 60
2 51 61
2 51 70
2 51 52
2 55 66
2 55 75
2 55 76
2 55 86
2 55 34
2 55 55
2 55 56
2 55 46
2 55 53
2 55 67
2 55 27
2 71 71
2 89 77
2 89 87
2 89 68
2 91 83
2 91 94
2 91 90
2 91 92
3 15 5
3 15 13
3 15 14
3 15 23
3 15 24
3 15 6
3 15 15
3 15 25
3 15 22
3 17 7
3 17 8
3 17 19
3 21 10
3 21 11
3 21 1
3 21 42
3 21 31
3 21 40
3 30 30
3 48 47
3 48 58
3 48 28
3 48 29
3 48 38
3 48 39
3 51 33
3 51 51
3 55 44
3 55 65
3 55 66
3 55 74
3 55 76
3 55 86
3 55 43
3 55 56
3 55 57
3 55 35
3 55 54
3 71 73
3 71 95
3 71 61
3 71 80
3 71 81
3 71 90
3 71 92
3 71 72
3 71 52
3 89 77
3 89 78
3 89 79
3 89 87
3 89 96
3 89 97
3 89 99
3 89 69
3 89 85
3 91 93
3 91 94
3 91 91
4 15 3
4 15 5
4 15 14
4 15 23
4 15 6
4 15 15
4 15 16
4 15 18
4 15 26
4 15 36
4 17 9
4 17 19
4 17 17
4 17 29
4 17 37
4 17 39
4 21 0
4 21 2
4 21 10
4 21 11
4 21 1
4 21 12
4 21 42
4 21 20
4 21 22
4 21 31
4 21 40
4 21 50
4 21 41
4 21 52
4 30 30
4 48 47
4 48 48
4 48 49
4 48 58
4 48 59
4 51 33
4 51 51
4 55 64
4 55 65
4 55 66
4 55 75
4 55 76
4 55 84
4 55 86
4 55 34
4 55 43
4 55 55
4 55 35
4 55 46
4 55 53
4 55 63
4 55 67
4 55 27
4 71 73
4 71 82
4 71 95
4 71 60
4 71 61
4 71 70
4 71 80
4 71 81
4 71 90
4 71 92
4 71 72
4 71 62
4 89 77
4 89 79
4 89 87
4 89 89
4 89 96
4 89 98
4 89 99
4 89 68
4 91 93
4 91 91
5 15 4
5 15 5
5 15 13
5 15 14
5 15 24
5 15 6
5 15 15
5 15 16
5 15 18
5 15 25
5 15 22
5 15 26
5 15 27
5 17 7
5 17 8
5 17 9
5 17 19
5 17 17
5 17 29
5 17 37
5 17 39
5 21 0
5 21 10
5 21 11
5 21 1
5 21 32
5 21 42
5 21 20
5 21 31
5 21 40
5 21 54
5 30 30
5 48 48
5 48 49
5 48 59
5 48 88
5 51 33
5 51 51
5 55 44
5 55 45
5 55 64
5 55 65
5 55 74
5 55 75
5 55 76
5 55 86
5 55 34
5 55 43
5 55 55
5 55 56
5 55 57
5 55 35
5 55 46
5 55 53
5 55 67
5 71 82
5 71 95
5 71 60
5 71 61
5 71 80
5 71 81
5 71 92
5 71 63
5 71 72
5 71 41
5 71 52
5 71 62
5 89 77
5 89 78
5 89 79
5 89 87
5 89 89
5 89 97
5 89 98
5 89 99
5 89 68
5 89 69
5 89 85
5 91 83
5 91 93
5 91 94
5 91 91
6 15 3
6 15 5
6 15 13
6 15 14
6 15 23
6 15 24
6 15 6
6 15 18
6 15 25
6 15 34
6 15 22
6 15 26
6 17 7
6 17 8
6 17 9
6 17 19
6 17 17
6 17 29
6 17 37
6 17 38
6 17 39
6 21 0
6 21 10
6 21 11
6 21 32
6 21 42
6 21 20
6 21 31
6 21 40
6 21 50
6 21 41
6 21 52
6 30 30
6 48 47
6 48 48
6 48 49
6 48 58
6 48 59
6 51 33
6 51 60
6 51 70
6 51 51
6 55 44
6 55 45
6 55 64
6 55 65
6 55 66
6 55 74
6 55 75
6 55 76
6 55 86
6 55 43
6 55 55
6 55 57
6 55 85
6 55 46
6 55 63
6 55 27
6 55 36
6 71 73
6 71 95
6 89 77
6 89 79
6 89 87
6 89 96
6 89 97
6 89 98
6 89 99
6 89 68
6 89 69
6 91 83
6 91 93
6 91 94
6 91 80
6 91 91
6 91 92
6 91 72
6 91 62
7 15 3
7 15 5
7 15 23
7 15 24
7 17 7
7 17 8
7 17 9
7 17 19
7 17 6
7 17 16
7 17 17
7 17 18
7 17 25
7 17 37
7 17 38
7 17 39
7 17 26
7 17 27
7 21 0
7 21 2
7 21 10
7 21 11
7 21 1
7 21 12
7 21 42
7 21 40
7 21 52
7 30 30
7 48 47
7 48 48
7 48 58
7 48 59
7 51 33
7 51 60
7 51 61
7 51 70
7 51 51
7 55 44
7 55 66
7 55 74
7 55 75
7 55 84
7 55 86
7 55 43
7 55 55
7 55 56
7 55 53
7 55 67
7 71 73
7 71 71
7 89 77
7 89 87
7 89 89
7 89 97
7 89 98
7 89 69
7 89 88
7 91 93
7 91 94
7 91 90
7 91 91
7 91 92
7 91 62
8 15 3
8 15 4
8 15 5
8 15 13
8 15 23
8 15 24
8 15 6
8 15 12
8 15 16
8 15 18
8 15 26
8 15 35
8 15 27
8 15 36
8 17 8
8 17 19
8 17 17
8 17 28
8 17 29
8 17 39
8 21 0
8 21 2
8 21 10
8 21 11
8 21 1
8 21 21
8 21 32
8 21 42
8 21 52
8 21 54
8 30 -1
8 48 48
8 48 49
8 48 59
8 51 33
8 51 61
8 55 65
8 55 66
8 55 75
8 55 76
8 55 84
8 55 86
8 55 43
8 55 55
8 55 56
8 71 -1
8 89 77
8 89 78
8 89 79
8 89 89
8 89 96
8 89 99
8 89 69
8 89 88
8 89 67
8 91 83
8 91 81
8 91 90
8 91 91
8 91 62
9 15 3
9 15 4
9 15 5
9 15 23
9 15 16
9 15 18
9 15 25
9 15 34
9 15 22
9 15 36
9 17 8
9 17 17
9 17 29
9 17 38
9 21 0
9 21 21
9 21 20
9 21 40
9 30 -1
9 48 48
9 51 -1
9 55 66
9 55 74
9 55 56
9 55 57
9 55 46
9 55 54
9 71 82
9 71 95
9 71 61
9 71 71
9 71 90
9 71 53
9 71 72
9 71 41
9 71 62
9 89 87
9 89 89
9 89 97
9 89 98
9 89 68
9 89 88
9 89 67
9 91 93
9 91 94
10 15 24
10 15 12
10 15 16
10 15 25
10 15 22
10 15 35
10 17 9
10 21 1
10 21 21
10 21 31
10 30 30
10 48 47
10 48 59
10 48 37
10 48 38
10 48 69
10 48 46
10 51 61
10 51 63
10 55 55
10 71 -1
10 89 77
10 89 87
10 89 98
10 91 93
10 91 81
10 91 90
11 15 23
11 15 12
11 15 16
11 17 8
11 17 28
11 21 10
11 21 50
11 30 -1
11 48 59
11 51 72
11 55 64
11 71 -1
11 89 -1
11 91 -1
--- Done ---
