0 27 -1
0 53 43
0 53 53
0 53 33
0 53 34
0 53 54
1 21 0
1 21 4
1 21 3
1 21 40
1 21 43
1 21 51
1 21 23
1 21 32
1 21 34
1 27 15
1 27 19
1 53 53
1 53 58
1 53 76
1 53 12
1 53 33
1 53 45
1 53 54
1 85 89
1 85 96
1 85 97
1 85 99
1 85 44
1 85 81
1 85 94
1 85 36
2 0 0
2 0 1
2 21 21
2 27 9
2 27 16
2 27 26
2 27 27
2 27 28
2 27 29
2 27 38
2 27 48
2 27 67
2 27 68
2 27 78
2 27 14
2 27 20
2 27 56
2 27 58
2 27 65
2 27 23
2 27 42
2 27 54
2 27 63
2 27 33
2 27 45
2 53 62
2 53 80
2 53 43
2 53 44
2 53 64
2 53 81
2 53 82
2 53 86
2 53 91
2 53 93
2 53 2
2 53 10
2 53 22
2 53 34
2 53 40
2 53 53
2 85 88
2 85 89
2 85 90
2 85 96
2 85 97
2 85 72
2 85 74
2 85 83
3 0 -1
3 21 4
3 21 1
3 21 11
3 21 43
3 21 2
3 21 14
3 21 20
3 21 22
3 21 30
3 21 40
3 21 41
3 21 50
3 21 74
3 21 75
3 21 32
3 21 54
3 21 13
3 21 21
3 21 23
3 21 31
3 21 33
3 21 42
3 21 45
3 27 6
3 27 8
3 27 9
3 27 16
3 27 28
3 27 29
3 27 48
3 27 49
3 27 79
3 27 18
3 27 37
3 27 5
3 53 62
3 53 53
3 53 76
3 85 89
3 85 92
3 85 99
3 85 44
3 85 60
3 85 61
3 85 67
3 85 68
3 85 70
3 85 77
3 85 78
3 85 81
3 85 82
3 85 84
3 85 86
3 85 87
3 85 91
3 85 93
3 85 95
3 85 36
3 85 47
3 85 52
3 85 56
3 85 58
3 85 72
4 0 -1
4 21 4
4 21 1
4 21 43
4 21 51
4 21 2
4 21 22
4 21 21
4 21 23
4 21 31
4 21 40
4 21 42
4 21 50
4 21 52
4 21 54
4 21 71
4 21 74
4 27 6
4 27 7
4 27 8
4 27 9
4 27 16
4 27 19
4 27 26
4 27 28
4 27 29
4 27 38
4 27 39
4 27 48
4 27 79
4 27 15
4 27 18
4 27 57
4 27 68
4 27 69
4 27 78
4 27 95
4 27 20
4 27 25
4 27 34
4 27 35
4 53 53
4 53 63
4 53 83
4 53 12
4 53 32
4 53 33
4 53 45
4 85 88
4 85 89
4 85 90
4 85 92
4 85 96
4 85 98
4 85 99
4 85 44
4 85 60
4 85 61
4 85 82
4 85 84
4 85 86
4 85 87
4 85 91
4 85 93
4 85 94
4 85 47
4 85 56
4 85 65
4 85 66
4 85 76
4 85 85
4 85 55
5 0 2
5 0 3
5 0 11
5 21 25
5 21 21
5 21 23
5 21 30
5 21 31
5 21 32
5 21 33
5 21 40
5 21 41
5 21 42
5 21 50
5 27 6
5 27 7
5 27 16
5 27 19
5 27 26
5 27 27
5 27 29
5 27 39
5 27 48
5 27 49
5 27 79
5 27 17
5 27 18
5 27 28
5 27 37
5 27 57
5 27 59
5 27 68
5 27 69
5 27 78
5 27 5
5 27 14
5 27 15
5 52 62
5 52 46
5 52 20
5 52 24
5 52 34
5 52 35
5 52 43
5 52 60
5 52 65
5 52 66
5 52 70
5 52 73
5 52 81
5 52 82
5 52 84
5 52 85
5 52 52
5 52 54
5 52 71
5 53 53
5 53 72
5 53 74
5 53 75
5 53 10
5 53 12
5 53 13
5 53 22
5 85 88
5 85 89
5 85 92
5 85 96
5 85 98
5 85 99
5 85 77
5 85 86
5 85 87
5 85 91
5 85 93
5 85 94
5 85 36
5 85 56
5 85 58
5 85 76
5 85 44
5 85 55
5 85 61
6 0 0
6 0 1
6 0 11
6 0 15
6 0 20
6 0 13
6 0 23
6 0 30
6 0 31
6 0 32
6 0 33
6 0 41
6 0 45
6 21 21
6 27 6
6 27 8
6 27 9
6 27 16
6 27 19
6 27 26
6 27 38
6 27 39
6 27 48
6 27 49
6 27 79
6 27 17
6 27 18
6 27 28
6 27 57
6 27 67
6 27 78
6 27 95
6 27 5
6 27 14
6 27 25
6 27 46
6 52 52
6 53 80
6 53 62
6 53 2
6 53 3
6 53 43
6 53 24
6 53 51
6 53 66
6 53 70
6 53 82
6 53 84
6 53 85
6 53 53
6 53 54
6 53 71
6 53 72
6 53 74
6 53 75
6 53 10
6 53 12
6 53 22
6 85 88
6 85 89
6 85 90
6 85 92
6 85 96
6 85 98
6 85 99
6 85 77
6 85 86
6 85 87
6 85 91
6 85 93
6 85 94
6 85 44
6 85 56
6 85 58
6 85 76
6 85 47
6 85 60
6 85 61
6 85 64
6 85 65
6 85 81
7 0 -1
7 21 4
7 21 11
7 21 20
7 21 21
7 27 7
7 27 8
7 27 9
7 27 19
7 27 26
7 27 27
7 27 29
7 27 38
7 27 39
7 27 49
7 27 79
7 27 18
7 27 28
7 27 37
7 27 57
7 27 67
7 27 69
7 27 78
7 27 95
7 27 14
7 27 15
7 27 25
7 27 36
7 27 56
7 27 58
7 52 52
7 53 80
7 53 62
7 53 3
7 53 43
7 53 51
7 53 24
7 53 10
7 53 13
7 53 22
7 53 23
7 53 40
7 53 41
7 53 42
7 53 50
7 53 71
7 53 74
7 53 75
7 53 12
7 53 32
7 53 33
7 53 45
7 85 89
7 85 90
7 85 92
7 85 96
7 85 97
7 85 99
7 85 77
7 85 93
7 85 44
7 85 55
7 85 76
7 85 61
7 85 64
7 85 65
7 85 66
7 85 70
7 85 82
7 85 84
7 85 85
7 85 63
8 0 0
8 0 2
8 0 3
8 0 11
8 0 10
8 0 22
8 0 40
8 0 42
8 0 50
8 21 4
8 21 21
8 27 7
8 27 8
8 27 9
8 27 16
8 27 19
8 27 26
8 27 27
8 27 29
8 27 39
8 27 49
8 27 79
8 27 18
8 27 28
8 27 37
8 27 59
8 27 67
8 27 68
8 27 5
8 27 14
8 27 36
8 27 56
8 27 58
8 27 76
8 27 20
8 27 24
8 27 34
8 27 47
8 52 -1
8 53 80
8 53 43
8 53 35
8 85 88
8 85 90
8 85 92
8 85 98
8 85 99
8 85 77
8 85 86
8 85 91
8 85 93
8 85 94
8 85 44
8 85 61
8 85 70
8 85 73
8 85 82
8 85 84
8 85 65
8 85 66
8 85 85
8 85 45
9 0 0
9 0 2
9 0 11
9 0 30
9 0 40
9 0 41
9 0 50
9 21 -1
9 27 7
9 27 8
9 27 9
9 27 16
9 27 19
9 27 26
9 27 27
9 27 29
9 27 39
9 27 28
9 27 57
9 27 67
9 27 5
9 27 14
9 27 76
9 27 24
9 27 35
9 27 47
9 27 65
9 27 66
9 27 31
9 27 42
9 27 54
9 27 12
9 27 45
9 52 62
9 52 43
9 52 52
9 53 53
9 85 88
9 85 89
9 85 96
9 85 97
9 85 87
9 85 91
9 85 94
9 85 44
9 85 55
9 85 61
9 85 81
9 85 82
9 85 71
9 85 72
9 85 32
10 0 -1
10 21 4
10 21 10
10 21 40
10 21 50
10 27 38
10 27 39
10 27 48
10 27 37
10 27 59
10 27 14
10 27 25
10 27 24
10 27 35
10 27 31
10 27 42
10 52 52
10 53 -1
10 85 88
10 85 89
10 85 90
10 85 97
10 85 98
10 85 57
10 85 69
10 85 87
10 85 60
10 85 61
10 85 81
10 85 47
10 85 71
10 85 72
10 85 85
10 85 54
11 0 -1
11 21 -1
11 27 59
11 27 68
11 52 -1
11 53 91
11 53 60
11 53 75
11 53 63
11 85 -1
--- Done ---
