0 27 -1
0 53 33
0 53 34
0 53 43
0 53 53
0 53 54
1 13 3
1 13 4
1 13 12
1 13 15
1 27 36
1 30 0
1 30 40
1 39 19
1 39 58
1 53 33
1 53 43
1 53 44
1 53 45
1 53 53
1 53 54
1 53 34
1 53 51
1 53 23
1 53 32
1 79 76
1 79 89
1 92 81
1 92 94
1 97 96
1 97 97
1 97 99
2 13 1
2 13 2
2 13 14
2 27 16
2 27 26
2 27 27
2 27 9
2 27 28
2 27 29
2 27 38
2 27 48
2 30 0
2 30 10
2 30 20
2 30 40
2 30 21
2 30 23
2 39 67
2 39 58
2 39 78
2 53 33
2 53 43
2 53 44
2 53 45
2 53 53
2 53 54
2 53 56
2 53 62
2 53 64
2 53 65
2 53 22
2 53 34
2 53 42
2 53 63
2 53 82
2 53 83
2 79 -1
2 92 72
2 92 80
2 92 81
2 92 90
2 92 91
2 92 93
2 97 74
2 97 86
2 97 96
2 97 68
2 97 88
2 97 89
2 97 97
3 13 1
3 13 2
3 13 4
3 13 5
3 13 6
3 13 11
3 13 14
3 13 22
3 13 23
3 13 13
3 13 21
3 13 32
3 27 8
3 27 16
3 27 18
3 27 36
3 27 37
3 27 9
3 27 28
3 27 29
3 27 48
3 27 49
3 30 42
3 30 30
3 39 67
3 40 52
3 40 60
3 40 61
3 40 62
3 40 20
3 40 31
3 40 40
3 40 41
3 40 50
3 53 33
3 53 43
3 53 44
3 53 45
3 53 47
3 53 53
3 53 54
3 53 56
3 79 76
3 79 79
3 79 58
3 79 78
3 92 70
3 92 72
3 92 81
3 92 82
3 92 91
3 92 92
3 92 93
3 97 74
3 97 75
3 97 84
3 97 86
3 97 95
3 97 68
3 97 77
3 97 87
3 97 89
3 97 99
4 11 33
4 11 35
4 11 55
4 11 42
4 13 6
4 13 15
4 13 1
4 13 2
4 13 4
4 13 12
4 13 22
4 13 23
4 27 7
4 27 8
4 27 16
4 27 18
4 27 25
4 27 26
4 27 9
4 27 28
4 27 29
4 27 38
4 27 48
4 30 -1
4 39 19
4 39 39
4 39 57
4 39 66
4 39 78
4 40 60
4 40 52
4 40 61
4 40 40
4 40 50
4 40 51
4 40 63
4 40 20
4 40 31
4 40 32
4 40 21
4 53 43
4 53 44
4 53 45
4 53 47
4 53 53
4 53 54
4 53 56
4 53 65
4 53 34
4 79 69
4 79 76
4 79 79
4 92 71
4 92 90
4 92 91
4 92 92
4 92 93
4 92 82
4 92 83
4 97 74
4 97 84
4 97 85
4 97 86
4 97 95
4 97 96
4 97 68
4 97 87
4 97 88
4 97 89
4 97 94
4 97 98
4 97 99
5 11 10
5 11 11
5 11 55
5 11 20
5 11 41
5 13 3
5 13 5
5 13 6
5 13 14
5 13 15
5 13 2
5 13 12
5 13 34
5 13 22
5 13 23
5 13 32
5 13 13
5 13 21
5 27 7
5 27 16
5 27 17
5 27 18
5 27 25
5 27 26
5 27 27
5 27 36
5 27 37
5 27 24
5 27 28
5 27 29
5 27 46
5 27 48
5 27 49
5 30 30
5 39 19
5 39 39
5 39 57
5 39 66
5 39 58
5 39 59
5 39 78
5 40 40
5 53 44
5 53 56
5 53 35
5 53 43
5 53 53
5 53 70
5 62 54
5 62 60
5 62 65
5 62 73
5 62 33
5 62 52
5 62 61
5 62 62
5 62 71
5 62 72
5 62 74
5 62 81
5 62 82
5 62 42
5 62 50
5 62 31
5 79 69
5 79 76
5 79 79
5 92 91
5 92 92
5 92 93
5 97 75
5 97 84
5 97 85
5 97 86
5 97 96
5 97 68
5 97 77
5 97 87
5 97 88
5 97 89
5 97 94
5 97 98
5 97 99
6 11 0
6 11 10
6 11 11
6 11 20
6 11 31
6 13 3
6 13 5
6 13 6
6 13 14
6 13 15
6 13 1
6 13 2
6 13 12
6 13 24
6 13 22
6 13 13
6 13 21
6 27 8
6 27 16
6 27 17
6 27 18
6 27 25
6 27 26
6 27 9
6 27 28
6 27 38
6 27 46
6 27 48
6 27 49
6 30 30
6 39 19
6 39 39
6 39 57
6 39 66
6 39 67
6 39 58
6 39 78
6 40 -1
6 53 44
6 53 45
6 53 47
6 53 56
6 53 43
6 53 53
6 53 54
6 53 64
6 53 65
6 53 70
6 53 33
6 53 52
6 53 61
6 53 82
6 53 23
6 53 32
6 53 41
6 53 51
6 62 60
6 62 62
6 79 76
6 79 79
6 92 80
6 92 90
6 92 91
6 92 92
6 92 93
6 92 71
6 92 72
6 92 81
6 97 75
6 97 84
6 97 85
6 97 86
6 97 95
6 97 96
6 97 74
6 97 77
6 97 87
6 97 88
6 97 89
6 97 94
6 97 98
6 97 99
7 11 10
7 11 11
7 13 3
7 13 14
7 13 15
7 13 4
7 13 12
7 13 13
7 13 21
7 27 7
7 27 8
7 27 18
7 27 25
7 27 26
7 27 27
7 27 36
7 27 37
7 27 9
7 27 24
7 27 28
7 27 29
7 27 38
7 27 49
7 30 -1
7 39 19
7 39 39
7 39 57
7 39 66
7 39 67
7 39 58
7 39 78
7 40 40
7 40 20
7 40 50
7 53 44
7 53 45
7 53 56
7 53 43
7 53 55
7 53 64
7 53 65
7 53 70
7 53 22
7 53 33
7 53 52
7 53 61
7 53 82
7 53 23
7 53 32
7 53 41
7 53 42
7 53 51
7 53 63
7 62 62
7 79 69
7 79 76
7 79 79
7 92 80
7 92 90
7 92 92
7 92 93
7 92 71
7 97 75
7 97 84
7 97 85
7 97 95
7 97 96
7 97 74
7 97 77
7 97 89
7 97 97
7 97 99
8 11 0
8 11 10
8 11 11
8 11 35
8 11 20
8 11 22
8 11 21
8 11 42
8 13 3
8 13 5
8 13 14
8 13 2
8 13 4
8 13 34
8 27 7
8 27 8
8 27 16
8 27 18
8 27 26
8 27 27
8 27 36
8 27 37
8 27 9
8 27 24
8 27 28
8 27 29
8 27 49
8 30 -1
8 39 19
8 39 39
8 39 66
8 39 67
8 39 58
8 39 59
8 40 40
8 40 50
8 53 44
8 53 45
8 53 47
8 53 56
8 53 43
8 53 65
8 53 73
8 53 61
8 62 -1
8 79 76
8 79 79
8 79 68
8 79 77
8 79 88
8 79 98
8 79 99
8 92 80
8 92 90
8 92 91
8 92 92
8 92 93
8 92 70
8 92 94
8 92 82
8 97 84
8 97 85
8 97 86
9 11 0
9 11 11
9 11 12
9 11 35
9 11 55
9 11 31
9 13 5
9 13 14
9 13 2
9 27 7
9 27 8
9 27 16
9 27 26
9 27 27
9 27 9
9 27 24
9 27 28
9 27 29
9 30 30
9 39 19
9 39 39
9 39 57
9 39 66
9 39 67
9 40 40
9 40 50
9 53 44
9 53 45
9 53 47
9 53 43
9 53 53
9 53 54
9 53 65
9 53 52
9 53 61
9 53 82
9 53 32
9 53 41
9 53 42
9 62 62
9 79 76
9 79 87
9 79 88
9 79 89
9 92 91
9 92 71
9 92 72
9 92 81
9 92 94
9 97 96
9 97 97
10 11 10
10 13 14
10 13 4
10 13 24
10 27 25
10 27 37
10 27 38
10 27 48
10 30 -1
10 39 39
10 39 57
10 39 59
10 40 40
10 40 60
10 40 50
10 40 31
10 53 47
10 53 35
10 53 54
10 53 52
10 53 61
10 53 42
10 62 -1
10 79 69
10 92 90
10 92 71
10 92 72
10 92 81
10 97 85
10 97 87
10 97 88
10 97 89
10 97 97
10 97 98
11 11 -1
11 13 -1
11 27 -1
11 30 -1
11 39 -1
11 40 -1
11 53 -1
11 62 60
11 62 63
11 79 59
11 79 68
11 92 91
11 97 75
--- Done ---
