0 22 43
0 22 53
0 27 33
0 27 34
0 27 54
1 22 0
1 22 3
1 22 4
1 22 12
1 22 15
1 22 23
1 22 32
1 22 33
1 22 34
1 22 40
1 22 43
1 22 44
1 22 45
1 22 51
1 22 54
1 22 94
1 27 19
1 27 36
1 27 53
1 27 58
1 27 76
1 27 81
1 27 89
1 27 96
1 27 97
1 27 99
2 22 0
2 22 1
2 22 2
2 22 10
2 22 14
2 22 20
2 22 21
2 22 22
2 22 23
2 22 33
2 22 34
2 22 40
2 22 42
2 22 43
2 22 44
2 22 45
2 22 54
2 22 62
2 22 64
2 22 72
2 22 74
2 22 80
2 22 83
2 22 88
2 22 89
2 27 9
2 27 16
2 27 26
2 27 27
2 27 28
2 27 29
2 27 38
2 27 48
2 27 53
2 27 56
2 27 58
2 27 63
2 27 65
2 27 67
2 27 68
2 27 78
2 27 81
2 27 82
2 27 86
3 22 1
3 22 2
3 22 4
3 22 11
3 22 13
3 22 14
3 22 20
3 22 21
3 22 22
3 22 23
3 22 30
3 22 31
3 22 32
3 22 33
3 22 40
3 22 41
3 22 42
3 22 43
3 22 44
3 22 45
3 22 50
3 22 56
3 27 5
3 27 6
3 27 8
3 27 9
3 27 16
3 27 18
3 27 28
3 27 29
3 27 36
3 27 37
3 27 47
3 27 48
3 27 49
3 27 52
3 27 53
3 27 54
4 22 1
4 22 2
4 22 4
4 22 12
4 22 15
4 22 20
4 22 21
4 22 22
4 22 23
4 22 31
4 22 32
4 22 33
4 22 34
4 22 40
4 22 42
4 22 44
4 22 45
4 22 50
4 27 6
4 27 7
4 27 8
4 27 9
4 27 16
4 27 18
4 27 19
4 27 25
4 27 26
4 27 28
4 27 29
4 27 35
4 27 38
4 27 39
4 27 43
4 27 47
4 27 48
4 27 51
4 27 55
5 22 2
5 22 3
5 22 10
5 22 11
5 22 12
5 22 13
5 22 14
5 22 15
5 22 20
5 22 21
5 22 22
5 22 23
5 22 24
5 22 30
5 22 31
5 22 32
5 22 33
5 22 34
5 22 40
5 22 41
5 22 42
5 27 5
5 27 6
5 27 7
5 27 16
5 27 17
5 27 18
5 27 19
5 27 25
5 27 26
5 27 27
5 27 28
5 27 29
5 27 35
5 27 36
5 27 37
5 27 39
5 27 43
5 27 44
5 27 48
6 22 0
6 22 1
6 22 2
6 22 3
6 22 10
6 22 11
6 22 12
6 22 13
6 22 14
6 22 15
6 22 20
6 22 21
6 22 22
6 22 23
6 22 24
6 22 30
6 22 31
6 22 32
6 22 33
6 27 5
6 27 6
6 27 8
6 27 9
6 27 16
6 27 17
6 27 18
6 27 19
6 27 25
6 27 26
6 27 28
6 27 38
6 27 39
6 27 41
6 27 43
6 27 44
6 27 45
6 27 46
6 27 47
6 27 48
6 27 49
6 27 51
7 22 3
7 22 4
7 22 10
7 22 11
7 22 12
7 22 13
7 22 14
7 22 15
7 22 20
7 22 21
7 22 22
7 22 23
7 22 24
7 22 32
7 22 33
7 22 40
7 22 41
7 22 42
7 22 43
7 22 44
7 22 45
7 22 50
7 22 51
7 22 52
7 22 55
7 22 61
7 22 69
7 27 7
7 27 8
7 27 9
7 27 18
7 27 19
7 27 25
7 27 26
7 27 27
7 27 28
7 27 29
7 27 36
7 27 37
7 27 38
7 27 39
7 27 49
7 27 56
7 27 57
7 27 58
7 27 62
7 27 63
7 27 66
7 27 67
8 22 0
8 22 2
8 22 3
8 22 4
8 22 10
8 22 11
8 22 14
8 22 20
8 22 21
8 22 22
8 22 24
8 22 34
8 22 40
8 22 42
8 22 43
8 22 44
8 22 45
8 22 50
8 22 61
8 22 70
8 22 76
8 22 77
8 22 82
8 27 5
8 27 7
8 27 8
8 27 9
8 27 16
8 27 18
8 27 19
8 27 26
8 27 27
8 27 28
8 27 29
8 27 35
8 27 36
8 27 37
8 27 39
8 27 47
8 27 49
8 27 56
8 27 58
8 27 59
8 27 65
8 27 66
8 27 67
8 27 68
8 27 73
9 22 0
9 22 2
9 22 11
9 22 12
9 22 14
9 22 24
9 22 30
9 22 31
9 22 32
9 22 40
9 22 41
9 22 42
9 22 43
9 22 44
9 22 45
9 22 50
9 22 52
9 22 53
9 22 54
9 22 55
9 22 61
9 22 62
9 22 71
9 22 72
9 22 91
9 22 94
9 27 5
9 27 7
9 27 8
9 27 9
9 27 16
9 27 19
9 27 26
9 27 27
9 27 28
9 27 29
9 27 35
9 27 39
9 27 47
9 27 57
9 27 65
9 27 66
9 27 67
9 27 76
9 27 81
9 27 82
9 27 87
9 27 88
9 27 89
9 27 96
9 27 97
10 22 4
10 22 10
10 22 14
10 22 24
10 22 31
10 22 40
10 22 42
10 22 50
10 22 52
10 22 54
10 22 60
10 22 61
10 22 71
10 22 72
10 22 90
10 27 25
10 27 35
10 27 37
10 27 38
10 27 39
10 27 47
10 27 48
10 27 57
10 27 59
10 27 69
10 27 81
10 27 85
10 27 87
10 27 88
10 27 89
10 27 97
10 27 98
11 22 60
11 22 75
11 22 91
11 27 59
11 27 63
11 27 68
--- Done ---
