0 11 33
0 25 34
0 25 43
0 25 54
0 27 -1
0 65 53
1 11 0
1 11 12
1 11 23
1 11 33
1 25 3
1 25 4
1 25 15
1 25 34
1 25 43
1 25 44
1 25 45
1 27 36
1 38 19
1 38 58
1 52 32
1 52 40
1 52 51
1 52 54
1 65 53
1 65 76
1 65 96
1 65 97
1 89 89
1 89 99
1 92 81
1 92 94
2 11 0
2 11 1
2 11 2
2 11 10
2 11 21
2 11 22
2 11 23
2 11 33
2 25 14
2 25 34
2 25 43
2 25 44
2 25 45
2 25 54
2 25 56
2 27 9
2 27 16
2 27 26
2 27 27
2 27 28
2 27 29
2 27 48
2 38 38
2 38 58
2 52 20
2 52 40
2 52 42
2 52 62
2 52 63
2 52 64
2 52 74
2 65 53
2 65 65
2 65 67
2 65 96
2 65 97
2 89 68
2 89 78
2 89 86
2 89 88
2 89 89
2 92 72
2 92 80
2 92 81
2 92 82
2 92 83
2 92 90
2 92 91
2 92 93
3 11 1
3 11 2
3 11 11
3 11 13
3 11 20
3 11 21
3 11 22
3 11 30
3 11 31
3 11 33
3 11 41
3 11 42
3 25 4
3 25 5
3 25 6
3 25 14
3 25 23
3 25 43
3 25 44
3 25 45
3 25 54
3 25 56
3 27 8
3 27 9
3 27 16
3 27 18
3 27 28
3 27 29
3 27 36
3 27 37
3 27 48
3 27 49
3 38 47
3 38 58
3 52 32
3 52 40
3 52 50
3 52 52
3 52 60
3 52 61
3 52 62
3 65 53
3 65 67
3 65 74
3 65 75
3 65 76
3 65 77
3 65 84
3 65 87
3 65 95
3 89 68
3 89 78
3 89 79
3 89 86
3 89 89
3 89 99
3 92 70
3 92 72
3 92 81
3 92 82
3 92 91
3 92 92
3 92 93
4 11 1
4 11 2
4 11 12
4 11 20
4 11 21
4 11 22
4 11 31
4 11 33
4 11 35
4 11 42
4 25 4
4 25 6
4 25 15
4 25 23
4 25 25
4 25 34
4 25 43
4 25 44
4 25 45
4 25 54
4 25 55
4 27 7
4 27 8
4 27 9
4 27 16
4 27 18
4 27 26
4 27 28
4 27 29
4 27 48
4 38 19
4 38 38
4 38 39
4 38 47
4 52 32
4 52 40
4 52 50
4 52 51
4 52 52
4 52 60
4 52 61
4 65 53
4 65 56
4 65 65
4 65 66
4 65 69
4 65 74
4 65 84
4 65 85
4 65 86
4 65 87
4 65 95
4 65 96
4 89 57
4 89 68
4 89 76
4 89 78
4 89 79
4 89 88
4 89 89
4 89 98
4 89 99
4 92 63
4 92 71
4 92 82
4 92 83
4 92 90
4 92 91
4 92 92
4 92 93
4 92 94
5 11 2
5 11 10
5 11 11
5 11 12
5 11 13
5 11 20
5 11 21
5 11 22
5 11 23
5 11 30
5 11 31
5 11 33
5 11 35
5 11 41
5 11 55
5 25 3
5 25 5
5 25 6
5 25 7
5 25 14
5 25 15
5 25 25
5 25 34
5 25 43
5 25 44
5 25 46
5 25 49
5 25 56
5 27 16
5 27 24
5 27 26
5 27 27
5 27 28
5 27 29
5 27 37
5 27 48
5 38 17
5 38 18
5 38 19
5 38 36
5 38 39
5 38 58
5 38 59
5 52 32
5 52 40
5 52 42
5 52 50
5 52 52
5 52 53
5 52 60
5 52 61
5 52 62
5 65 54
5 65 65
5 65 66
5 65 73
5 65 74
5 65 75
5 65 84
5 65 85
5 65 87
5 65 96
5 89 57
5 89 68
5 89 69
5 89 76
5 89 77
5 89 78
5 89 79
5 89 86
5 89 88
5 89 89
5 89 98
5 89 99
5 92 70
5 92 71
5 92 72
5 92 81
5 92 82
5 92 91
5 92 92
5 92 93
5 92 94
6 11 0
6 11 1
6 11 2
6 11 10
6 11 11
6 11 12
6 11 13
6 11 20
6 11 21
6 11 22
6 11 23
6 11 30
6 11 31
6 11 33
6 11 41
6 25 3
6 25 5
6 25 6
6 25 14
6 25 15
6 25 25
6 25 26
6 25 43
6 25 44
6 25 45
6 25 54
6 25 56
6 27 8
6 27 9
6 27 16
6 27 17
6 27 18
6 27 24
6 27 28
6 27 46
6 27 48
6 27 49
6 38 19
6 38 38
6 38 39
6 38 47
6 38 58
6 52 32
6 52 51
6 52 52
6 52 60
6 52 61
6 52 62
6 65 53
6 65 64
6 65 65
6 65 66
6 65 67
6 65 74
6 65 75
6 65 76
6 65 77
6 65 84
6 65 85
6 65 86
6 65 87
6 65 95
6 65 96
6 89 57
6 89 78
6 89 79
6 89 88
6 89 89
6 89 98
6 89 99
6 92 70
6 92 71
6 92 72
6 92 80
6 92 81
6 92 82
6 92 90
6 92 91
6 92 92
6 92 93
6 92 94
7 11 10
7 11 11
7 11 12
7 11 13
7 11 20
7 11 21
7 11 22
7 11 23
7 11 33
7 11 41
7 11 42
7 25 3
7 25 4
7 25 14
7 25 15
7 25 25
7 25 43
7 25 44
7 25 45
7 27 7
7 27 8
7 27 9
7 27 18
7 27 24
7 27 26
7 27 27
7 27 28
7 27 29
7 27 37
7 27 49
7 38 19
7 38 36
7 38 38
7 38 39
7 38 58
7 52 32
7 52 40
7 52 50
7 52 51
7 52 52
7 52 61
7 52 62
7 52 63
7 52 74
7 52 82
7 65 55
7 65 56
7 65 64
7 65 65
7 65 66
7 65 67
7 65 75
7 65 77
7 65 84
7 65 85
7 65 95
7 65 96
7 65 97
7 89 57
7 89 69
7 89 76
7 89 78
7 89 79
7 89 89
7 89 99
7 92 70
7 92 71
7 92 80
7 92 90
7 92 92
7 92 93
8 11 0
8 11 2
8 11 10
8 11 11
8 11 20
8 11 21
8 11 22
8 25 3
8 25 4
8 25 5
8 25 14
8 25 34
8 25 35
8 25 44
8 25 45
8 27 7
8 27 8
8 27 9
8 27 16
8 27 18
8 27 24
8 27 26
8 27 27
8 27 28
8 27 29
8 27 36
8 27 37
8 27 49
8 38 19
8 38 39
8 38 47
8 38 58
8 38 59
8 52 40
8 52 42
8 52 43
8 52 50
8 52 61
8 52 66
8 52 70
8 52 82
8 65 56
8 65 65
8 65 67
8 65 73
8 65 77
8 65 84
8 65 85
8 89 68
8 89 76
8 89 79
8 89 86
8 89 88
8 89 98
8 89 99
8 92 80
8 92 90
8 92 91
8 92 92
8 92 93
8 92 94
9 11 0
9 11 2
9 11 11
9 11 12
9 11 30
9 11 41
9 25 5
9 25 14
9 25 35
9 25 43
9 25 44
9 25 45
9 25 54
9 25 55
9 27 7
9 27 8
9 27 9
9 27 16
9 27 24
9 27 26
9 27 27
9 27 28
9 27 29
9 38 19
9 38 39
9 38 47
9 52 31
9 52 32
9 52 40
9 52 42
9 52 50
9 52 52
9 52 61
9 52 62
9 52 82
9 65 53
9 65 65
9 65 66
9 65 67
9 65 76
9 65 87
9 65 96
9 65 97
9 89 57
9 89 88
9 89 89
9 92 71
9 92 72
9 92 81
9 92 91
9 92 94
10 11 10
10 11 31
10 11 35
10 25 4
10 25 14
10 25 25
10 25 54
10 27 24
10 27 37
10 27 48
10 38 38
10 38 39
10 38 47
10 38 59
10 52 40
10 52 42
10 52 50
10 52 52
10 52 60
10 52 61
10 65 85
10 65 87
10 65 97
10 89 57
10 89 69
10 89 88
10 89 89
10 89 98
10 92 71
10 92 72
10 92 81
10 92 90
11 11 -1
11 25 -1
11 27 -1
11 38 59
11 52 60
11 65 75
11 89 68
11 92 63
11 92 91
--- Done ---
