0 22 33
0 22 34
0 22 43
0 22 53
0 27 54
1 22 0
1 22 3
1 22 4
1 22 12
1 22 32
1 22 34
1 22 40
1 22 43
1 22 53
1 27 15
1 27 23
1 27 36
1 27 58
1 27 76
1 74 33
1 74 44
1 74 45
1 74 51
1 74 54
1 74 81
1 74 94
1 79 19
1 79 89
1 79 96
1 79 97
1 79 99
2 22 0
2 22 1
2 22 2
2 22 10
2 22 14
2 22 20
2 22 21
2 22 22
2 22 33
2 22 34
2 22 43
2 22 64
2 27 9
2 27 16
2 27 23
2 27 26
2 27 27
2 27 28
2 27 29
2 27 38
2 27 48
2 27 54
2 27 58
2 71 40
2 71 42
2 71 44
2 71 53
2 71 62
2 71 63
2 71 80
2 71 82
2 71 90
2 71 91
2 71 93
2 74 45
2 74 65
2 74 72
2 74 74
2 74 81
2 74 83
2 74 86
2 79 56
2 79 67
2 79 68
2 79 78
2 79 88
2 79 89
2 79 96
2 79 97
3 22 1
3 22 2
3 22 4
3 22 11
3 22 13
3 22 14
3 22 20
3 22 21
3 22 22
3 22 30
3 22 31
3 22 32
3 22 33
3 22 42
3 22 43
3 22 61
3 27 5
3 27 6
3 27 8
3 27 9
3 27 16
3 27 18
3 27 28
3 27 29
3 27 36
3 27 37
3 27 47
3 27 48
3 27 49
3 27 54
3 27 58
3 27 76
3 27 95
3 71 23
3 71 40
3 71 41
3 71 44
3 71 50
3 71 53
3 71 60
3 71 62
3 71 70
3 71 72
3 71 81
3 71 82
3 71 84
3 71 91
3 71 92
3 71 93
3 74 45
3 74 52
3 74 74
3 74 86
3 79 56
3 79 67
3 79 68
3 79 75
3 79 77
3 79 78
3 79 79
3 79 87
3 79 89
3 79 99
4 22 1
4 22 2
4 22 4
4 22 12
4 22 20
4 22 21
4 22 22
4 22 31
4 22 32
4 22 33
4 22 34
4 22 42
4 22 43
4 22 51
4 27 6
4 27 7
4 27 8
4 27 9
4 27 15
4 27 16
4 27 18
4 27 19
4 27 23
4 27 25
4 27 26
4 27 28
4 27 29
4 27 35
4 27 38
4 27 39
4 27 47
4 27 48
4 27 54
4 27 57
4 27 66
4 27 76
4 27 85
4 27 95
4 71 40
4 71 44
4 71 50
4 71 52
4 71 60
4 71 61
4 71 63
4 71 71
4 71 82
4 71 84
4 71 90
4 71 91
4 71 93
4 74 45
4 74 53
4 74 55
4 74 65
4 74 74
4 74 83
4 74 86
4 74 92
4 74 94
4 79 56
4 79 68
4 79 69
4 79 78
4 79 79
4 79 87
4 79 88
4 79 89
4 79 96
4 79 98
4 79 99
5 22 2
5 22 3
5 22 10
5 22 11
5 22 12
5 22 13
5 22 14
5 22 16
5 22 20
5 22 21
5 22 22
5 22 30
5 22 32
5 22 34
5 22 43
5 22 46
5 22 54
5 27 5
5 27 6
5 27 7
5 27 15
5 27 17
5 27 18
5 27 23
5 27 24
5 27 25
5 27 26
5 27 27
5 27 28
5 27 29
5 27 35
5 27 36
5 27 37
5 27 48
5 27 49
5 27 57
5 27 58
5 71 40
5 71 41
5 71 50
5 71 53
5 71 60
5 71 61
5 71 62
5 71 71
5 71 73
5 71 81
5 71 82
5 71 91
5 74 31
5 74 33
5 74 42
5 74 44
5 74 52
5 74 55
5 74 65
5 74 70
5 74 72
5 74 74
5 74 84
5 74 85
5 74 86
5 74 92
5 74 93
5 74 94
5 79 19
5 79 39
5 79 56
5 79 59
5 79 66
5 79 68
5 79 69
5 79 75
5 79 76
5 79 77
5 79 78
5 79 79
5 79 87
5 79 88
5 79 89
5 79 96
5 79 98
5 79 99
6 22 0
6 22 1
6 22 2
6 22 3
6 22 10
6 22 11
6 22 12
6 22 13
6 22 14
6 22 16
6 22 20
6 22 21
6 22 22
6 22 30
6 22 31
6 22 32
6 22 33
6 22 41
6 22 43
6 22 46
6 22 51
6 22 64
6 27 5
6 27 6
6 27 8
6 27 9
6 27 15
6 27 17
6 27 18
6 27 23
6 27 24
6 27 25
6 27 26
6 27 28
6 27 38
6 27 39
6 27 47
6 27 48
6 27 49
6 27 54
6 27 57
6 27 95
6 71 44
6 71 52
6 71 53
6 71 60
6 71 61
6 71 62
6 71 71
6 71 72
6 71 80
6 71 82
6 71 84
6 71 85
6 71 90
6 71 91
6 74 45
6 74 65
6 74 70
6 74 74
6 74 81
6 74 86
6 74 92
6 74 93
6 74 94
6 79 19
6 79 56
6 79 58
6 79 66
6 79 67
6 79 75
6 79 76
6 79 77
6 79 78
6 79 79
6 79 87
6 79 88
6 79 89
6 79 96
6 79 98
6 79 99
7 22 3
7 22 4
7 22 10
7 22 11
7 22 12
7 22 13
7 22 14
7 22 20
7 22 21
7 22 22
7 22 32
7 22 33
7 22 41
7 22 42
7 22 43
7 22 51
7 22 61
7 22 64
7 27 7
7 27 8
7 27 9
7 27 15
7 27 18
7 27 19
7 27 23
7 27 24
7 27 25
7 27 26
7 27 27
7 27 28
7 27 29
7 27 36
7 27 37
7 27 38
7 27 39
7 27 49
7 27 57
7 27 58
7 27 66
7 27 76
7 27 95
7 71 40
7 71 44
7 71 50
7 71 52
7 71 62
7 71 63
7 71 70
7 71 71
7 71 80
7 71 82
7 71 84
7 71 85
7 71 90
7 71 92
7 71 93
7 74 45
7 74 55
7 74 65
7 74 74
7 74 75
7 79 56
7 79 67
7 79 69
7 79 77
7 79 78
7 79 79
7 79 89
7 79 96
7 79 97
7 79 99
8 22 0
8 22 2
8 22 3
8 22 4
8 22 10
8 22 11
8 22 14
8 22 20
8 22 21
8 22 22
8 22 34
8 22 40
8 22 42
8 22 43
8 22 61
8 27 5
8 27 7
8 27 8
8 27 9
8 27 16
8 27 18
8 27 24
8 27 26
8 27 27
8 27 28
8 27 29
8 27 35
8 27 36
8 27 37
8 27 47
8 27 49
8 27 58
8 27 66
8 27 76
8 71 44
8 71 50
8 71 70
8 71 73
8 71 80
8 71 82
8 71 84
8 71 90
8 71 91
8 71 92
8 71 93
8 74 45
8 74 56
8 74 65
8 74 85
8 74 86
8 74 94
8 79 19
8 79 39
8 79 59
8 79 67
8 79 68
8 79 77
8 79 79
8 79 88
8 79 98
8 79 99
9 22 0
9 22 2
9 22 11
9 22 12
9 22 14
9 22 30
9 22 31
9 22 32
9 22 40
9 22 41
9 22 42
9 22 43
9 22 53
9 22 61
9 27 5
9 27 7
9 27 8
9 27 9
9 27 16
9 27 19
9 27 24
9 27 26
9 27 27
9 27 28
9 27 29
9 27 35
9 27 39
9 27 47
9 27 54
9 27 57
9 27 66
9 27 76
9 71 44
9 71 50
9 71 52
9 71 62
9 71 71
9 71 81
9 71 82
9 71 91
9 74 45
9 74 55
9 74 65
9 74 72
9 74 87
9 74 94
9 79 67
9 79 88
9 79 89
9 79 96
9 79 97
10 22 4
10 22 10
10 22 14
10 22 31
10 22 42
10 22 61
10 27 24
10 27 25
10 27 35
10 27 37
10 27 38
10 27 39
10 27 47
10 27 48
10 27 54
10 27 57
10 27 85
10 71 40
10 71 50
10 71 52
10 71 60
10 71 71
10 71 81
10 71 90
10 74 72
10 74 87
10 79 59
10 79 69
10 79 88
10 79 89
10 79 97
10 79 98
11 22 -1
11 27 -1
11 71 60
11 71 63
11 71 91
11 74 -1
11 79 59
11 79 68
11 79 75
--- Done ---
