0 27 -1
0 64 33
0 64 34
0 64 43
0 64 53
0 64 54
1 22 0
1 22 3
1 22 4
1 22 12
1 22 32
1 22 40
1 22 15
1 22 23
1 22 33
1 22 34
1 22 43
1 22 51
1 22 53
1 27 19
1 64 44
1 64 45
1 64 81
1 64 36
1 64 94
1 64 96
1 64 54
1 76 89
1 76 97
1 76 99
1 76 58
1 76 76
2 22 0
2 22 1
2 22 2
2 22 10
2 22 14
2 22 20
2 22 21
2 22 16
2 22 22
2 22 26
2 22 33
2 22 34
2 22 40
2 22 43
2 22 23
2 22 42
2 22 54
2 27 9
2 27 27
2 27 28
2 27 29
2 27 38
2 64 45
2 64 65
2 64 83
2 64 64
2 71 80
2 71 90
2 71 91
2 71 44
2 71 62
2 71 81
2 71 53
2 71 63
2 71 72
2 71 74
2 71 82
2 76 68
2 76 88
2 76 89
2 76 97
2 76 48
2 76 56
2 76 58
2 76 67
2 76 78
2 76 86
2 76 93
2 76 96
3 22 1
3 22 2
3 22 4
3 22 11
3 22 13
3 22 14
3 22 20
3 22 21
3 22 30
3 22 31
3 22 32
3 22 22
3 22 33
3 22 40
3 22 43
3 22 23
3 22 41
3 22 42
3 22 61
3 22 54
3 27 5
3 27 6
3 27 8
3 27 9
3 27 18
3 27 28
3 27 29
3 27 37
3 27 47
3 27 49
3 27 16
3 27 36
3 27 48
3 27 58
3 64 45
3 71 50
3 71 91
3 71 92
3 71 44
3 71 62
3 71 70
3 71 81
3 71 53
3 71 72
3 71 74
3 71 82
3 71 84
3 76 68
3 76 77
3 76 79
3 76 89
3 76 99
3 76 56
3 76 60
3 76 67
3 76 75
3 76 78
3 76 86
3 76 87
3 76 93
3 76 95
3 76 52
3 76 76
4 22 1
4 22 2
4 22 4
4 22 12
4 22 20
4 22 21
4 22 31
4 22 32
4 22 15
4 22 16
4 22 22
4 22 26
4 22 33
4 22 34
4 22 40
4 22 43
4 27 6
4 27 7
4 27 8
4 27 9
4 27 18
4 27 19
4 27 25
4 27 28
4 27 29
4 27 38
4 27 39
4 27 47
4 27 35
4 27 48
4 27 23
4 64 45
4 64 65
4 64 83
4 71 50
4 71 90
4 71 91
4 71 92
4 71 44
4 71 71
4 71 42
4 71 51
4 71 53
4 71 61
4 71 63
4 71 74
4 76 68
4 76 69
4 76 79
4 76 88
4 76 89
4 76 98
4 76 99
4 76 55
4 76 56
4 76 60
4 76 78
4 76 86
4 76 87
4 76 93
4 76 94
4 76 95
4 76 96
4 76 52
4 76 57
4 76 66
4 76 82
4 76 84
4 76 76
4 76 85
4 76 54
5 22 2
5 22 3
5 22 10
5 22 11
5 22 12
5 22 13
5 22 14
5 22 20
5 22 21
5 22 30
5 22 31
5 22 32
5 22 22
5 22 33
5 22 34
5 22 40
5 22 43
5 22 41
5 22 42
5 27 5
5 27 6
5 27 7
5 27 17
5 27 18
5 27 19
5 27 25
5 27 27
5 27 28
5 27 29
5 27 37
5 27 39
5 27 49
5 27 15
5 27 16
5 27 24
5 27 26
5 27 35
5 27 36
5 27 48
5 27 58
5 27 23
5 64 65
5 64 46
5 64 53
5 64 54
5 64 61
5 71 50
5 71 91
5 71 92
5 71 44
5 71 62
5 71 70
5 71 71
5 71 73
5 71 81
5 71 72
5 71 82
5 71 84
5 71 85
5 76 59
5 76 68
5 76 69
5 76 77
5 76 79
5 76 88
5 76 89
5 76 98
5 76 99
5 76 55
5 76 56
5 76 60
5 76 75
5 76 78
5 76 86
5 76 87
5 76 93
5 76 94
5 76 96
5 76 57
5 76 66
5 76 76
5 76 52
5 76 74
6 22 0
6 22 1
6 22 2
6 22 3
6 22 10
6 22 11
6 22 12
6 22 13
6 22 14
6 22 20
6 22 21
6 22 30
6 22 31
6 22 32
6 22 15
6 22 16
6 22 22
6 22 24
6 22 26
6 27 5
6 27 6
6 27 8
6 27 9
6 27 17
6 27 18
6 27 19
6 27 25
6 27 28
6 27 38
6 27 39
6 27 47
6 27 49
6 27 23
6 27 48
6 27 58
6 27 95
6 27 54
6 27 57
6 27 66
6 27 85
6 64 45
6 64 65
6 64 33
6 64 43
6 64 64
6 64 41
6 64 44
6 64 51
6 64 53
6 64 56
6 64 61
6 64 62
6 64 67
6 64 70
6 64 75
6 64 78
6 64 81
6 64 86
6 64 87
6 64 94
6 64 96
6 64 46
6 71 80
6 71 90
6 71 91
6 71 92
6 71 71
6 76 77
6 76 79
6 76 88
6 76 89
6 76 98
6 76 99
6 76 60
6 76 93
6 76 52
6 76 72
6 76 74
6 76 76
6 76 82
6 76 84
7 22 3
7 22 4
7 22 10
7 22 11
7 22 12
7 22 13
7 22 14
7 22 20
7 22 21
7 22 32
7 22 22
7 22 33
7 22 40
7 22 43
7 27 7
7 27 8
7 27 9
7 27 18
7 27 19
7 27 25
7 27 27
7 27 28
7 27 29
7 27 37
7 27 38
7 27 39
7 27 49
7 27 15
7 27 24
7 27 26
7 27 36
7 27 58
7 27 95
7 27 23
7 27 57
7 27 66
7 27 85
7 64 45
7 64 65
7 64 64
7 71 50
7 71 80
7 71 90
7 71 92
7 71 44
7 71 62
7 71 70
7 71 71
7 71 93
7 71 41
7 71 42
7 71 51
7 71 52
7 71 61
7 71 63
7 71 74
7 71 82
7 71 84
7 76 69
7 76 77
7 76 79
7 76 89
7 76 97
7 76 99
7 76 55
7 76 56
7 76 67
7 76 75
7 76 78
7 76 96
7 76 76
8 22 0
8 22 2
8 22 3
8 22 4
8 22 10
8 22 11
8 22 14
8 22 20
8 22 21
8 22 22
8 22 34
8 22 40
8 22 43
8 22 42
8 22 61
8 27 5
8 27 7
8 27 8
8 27 9
8 27 18
8 27 19
8 27 27
8 27 28
8 27 29
8 27 37
8 27 39
8 27 47
8 27 49
8 27 16
8 27 24
8 27 26
8 27 35
8 27 36
8 27 58
8 27 66
8 27 85
8 64 45
8 64 65
8 71 50
8 71 80
8 71 90
8 71 91
8 71 92
8 71 44
8 71 70
8 71 73
8 76 59
8 76 68
8 76 77
8 76 79
8 76 88
8 76 98
8 76 99
8 76 56
8 76 67
8 76 86
8 76 93
8 76 94
8 76 76
8 76 82
8 76 84
9 22 0
9 22 2
9 22 11
9 22 12
9 22 14
9 22 30
9 22 31
9 22 32
9 22 40
9 22 43
9 22 41
9 22 42
9 22 53
9 22 61
9 27 5
9 27 7
9 27 8
9 27 9
9 27 19
9 27 27
9 27 28
9 27 29
9 27 39
9 27 47
9 27 16
9 27 24
9 27 26
9 27 35
9 27 57
9 27 66
9 27 54
9 64 45
9 64 65
9 71 50
9 71 91
9 71 44
9 71 62
9 71 71
9 71 81
9 71 52
9 71 72
9 71 82
9 76 88
9 76 89
9 76 97
9 76 55
9 76 67
9 76 87
9 76 94
9 76 96
9 76 76
10 22 4
10 22 10
10 22 14
10 22 31
10 22 40
10 27 25
10 27 37
10 27 38
10 27 39
10 27 47
10 27 24
10 27 35
10 27 48
10 64 -1
10 71 50
10 71 90
10 71 71
10 71 81
10 71 42
10 71 61
10 76 59
10 76 69
10 76 88
10 76 89
10 76 97
10 76 98
10 76 60
10 76 87
10 76 52
10 76 57
10 76 72
10 76 54
10 76 85
11 22 -1
11 27 -1
11 64 -1
11 71 91
11 76 59
11 76 68
11 76 60
11 76 75
11 76 63
--- Done ---
