0 32 12
0 32 13
0 32 22
0 32 23
0 37 -1
1 16 5
1 16 23
1 32 20
1 32 22
1 32 33
1 32 12
1 32 13
1 32 24
1 32 40
1 32 41
1 32 43
1 32 61
1 32 74
1 32 45
1 32 75
1 37 39
1 37 25
1 37 26
1 37 28
1 37 37
1 37 46
1 37 57
1 37 67
1 73 60
1 73 80
1 73 82
1 73 83
1 73 84
1 73 93
1 79 49
1 79 69
1 79 76
1 79 77
1 79 88
2 16 5
2 16 9
2 16 14
2 16 2
2 16 3
2 16 7
2 16 15
2 16 16
2 16 18
2 16 26
2 16 27
2 16 29
2 16 38
2 16 12
2 16 13
2 16 24
2 16 35
2 16 48
2 31 1
2 31 10
2 31 21
2 31 22
2 31 30
2 31 33
2 31 51
2 31 55
2 31 23
2 31 42
2 31 43
2 32 4
2 37 36
2 37 39
2 73 73
2 73 82
2 73 84
2 73 85
2 73 91
2 73 92
2 73 93
2 73 94
2 73 95
2 73 44
2 73 52
2 73 60
2 73 64
2 73 65
2 73 66
2 73 72
2 73 74
2 73 45
2 79 69
2 79 76
2 79 86
2 79 87
2 79 97
2 79 98
2 79 57
2 79 58
2 79 68
3 16 9
3 16 14
3 16 2
3 16 7
3 16 16
3 16 18
3 16 19
3 16 27
3 16 23
3 16 45
3 31 0
3 31 1
3 31 10
3 31 20
3 31 22
3 31 30
3 31 70
3 31 12
3 31 13
3 31 40
3 31 41
3 31 50
3 31 51
3 31 52
3 31 60
3 31 42
3 31 53
3 31 61
3 32 4
3 32 44
3 32 64
3 32 32
3 37 36
3 37 39
3 37 37
3 37 35
3 72 90
3 72 80
3 72 81
3 72 82
3 72 83
3 72 85
3 72 92
3 72 94
3 72 34
3 72 62
3 72 65
3 72 71
3 72 74
3 73 -1
3 79 49
3 79 69
3 79 78
3 79 79
3 79 87
3 79 88
3 79 89
3 79 98
3 79 99
3 79 47
3 79 57
3 79 58
3 79 59
3 79 96
3 79 48
3 79 75
4 16 5
4 16 6
4 16 9
4 16 2
4 16 7
4 16 15
4 16 16
4 16 18
4 16 19
4 16 25
4 16 26
4 16 27
4 16 28
4 16 29
4 16 38
4 16 12
4 16 24
4 16 34
4 16 46
4 31 0
4 31 10
4 31 20
4 31 21
4 31 22
4 31 30
4 31 70
4 31 13
4 31 23
4 31 31
4 31 33
4 31 40
4 31 41
4 32 4
4 37 36
4 37 39
4 37 37
4 37 35
4 72 90
4 72 80
4 72 81
4 72 82
4 72 83
4 72 84
4 72 93
4 72 94
4 72 50
4 72 51
4 72 55
4 72 60
4 72 42
4 72 66
4 72 53
4 72 54
4 72 61
4 72 62
4 72 65
4 73 73
4 73 63
4 73 71
4 73 74
4 79 49
4 79 76
4 79 77
4 79 78
4 79 79
4 79 86
4 79 87
4 79 88
4 79 89
4 79 98
4 79 99
4 79 47
4 79 58
4 79 59
4 79 68
4 79 96
4 79 48
5 16 9
5 16 14
5 16 3
5 16 16
5 16 23
5 16 46
5 16 56
5 16 45
5 16 66
5 31 0
5 31 1
5 31 2
5 31 10
5 31 11
5 31 20
5 31 21
5 31 22
5 31 70
5 31 12
5 31 13
5 31 31
5 31 33
5 31 40
5 31 41
5 31 43
5 31 52
5 32 32
5 37 36
5 37 39
5 37 7
5 37 8
5 37 15
5 37 18
5 37 19
5 37 25
5 37 26
5 37 27
5 37 28
5 37 29
5 37 38
5 37 47
5 37 57
5 37 59
5 37 68
5 37 24
5 37 35
5 37 48
5 72 90
5 72 55
5 72 42
5 72 51
5 72 72
5 73 95
5 73 44
5 73 64
5 73 73
5 73 81
5 73 82
5 73 83
5 73 84
5 73 85
5 73 91
5 73 93
5 73 94
5 73 50
5 73 53
5 73 62
5 73 63
5 73 65
5 73 71
5 73 74
5 73 75
5 79 76
5 79 78
5 79 79
5 79 86
5 79 87
5 79 88
5 79 97
5 79 98
5 79 99
6 16 5
6 16 6
6 16 9
6 16 14
6 16 2
6 16 3
6 16 7
6 16 8
6 16 15
6 16 16
6 16 17
6 16 18
6 16 19
6 16 25
6 16 26
6 16 27
6 16 29
6 16 13
6 31 0
6 31 11
6 31 20
6 31 21
6 31 22
6 31 30
6 31 70
6 31 12
6 31 23
6 31 40
6 31 41
6 31 43
6 31 50
6 31 52
6 31 55
6 31 60
6 31 42
6 31 54
6 32 4
6 32 44
6 32 64
6 32 32
6 37 36
6 37 39
6 37 37
6 37 38
6 37 24
6 37 35
6 37 56
6 72 90
6 72 80
6 72 81
6 72 82
6 72 84
6 72 85
6 72 92
6 72 93
6 72 94
6 72 34
6 72 66
6 72 33
6 72 62
6 72 65
6 72 61
6 72 75
6 73 -1
6 79 49
6 79 69
6 79 76
6 79 77
6 79 78
6 79 79
6 79 87
6 79 88
6 79 89
6 79 97
6 79 98
6 79 47
6 79 57
6 79 58
6 79 59
6 79 67
6 79 96
6 79 46
6 79 48
7 16 5
7 16 6
7 16 9
7 16 3
7 16 8
7 16 16
7 16 17
7 16 18
7 16 19
7 16 28
7 16 29
7 16 38
7 16 13
7 16 23
7 16 24
7 16 34
7 16 48
7 16 56
7 16 66
7 16 45
7 31 0
7 32 4
7 32 10
7 32 11
7 32 20
7 32 21
7 32 22
7 32 44
7 32 64
7 32 40
7 32 41
7 32 43
7 32 51
7 32 65
7 32 74
7 32 32
7 32 42
7 32 61
7 37 37
7 37 55
7 72 90
7 72 72
7 73 95
7 73 70
7 73 73
7 73 81
7 73 82
7 73 83
7 73 84
7 73 91
7 73 92
7 73 93
7 73 50
7 73 52
7 73 60
7 73 53
7 73 54
7 79 69
7 79 76
7 79 77
7 79 78
7 79 86
7 79 87
7 79 88
7 79 89
7 79 97
7 79 98
7 79 47
7 79 59
8 16 6
8 16 9
8 16 14
8 16 7
8 16 16
8 16 17
8 16 18
8 16 19
8 16 26
8 16 29
8 16 38
8 16 12
8 16 23
8 16 24
8 16 34
8 16 66
8 16 45
8 31 0
8 31 1
8 31 10
8 31 11
8 31 20
8 31 21
8 31 22
8 31 30
8 31 31
8 31 33
8 31 40
8 31 41
8 31 52
8 31 60
8 31 61
8 32 4
8 32 64
8 32 32
8 37 39
8 72 90
8 72 80
8 72 81
8 72 83
8 72 84
8 72 91
8 72 92
8 72 65
8 72 71
8 72 72
8 72 75
8 73 95
8 73 73
8 79 49
8 79 69
8 79 76
8 79 78
8 79 86
8 79 87
8 79 97
8 79 98
8 79 99
8 79 47
8 79 57
8 79 67
8 79 68
9 16 5
9 16 14
9 16 8
9 16 15
9 16 18
9 16 19
9 16 25
9 16 26
9 16 27
9 16 29
9 16 38
9 16 12
9 16 23
9 16 34
9 16 35
9 16 46
9 16 48
9 16 66
9 31 1
9 31 11
9 31 20
9 31 21
9 31 30
9 32 4
9 32 64
9 32 32
9 37 37
9 72 72
9 73 80
9 73 81
9 73 82
9 73 83
9 73 84
9 73 91
9 73 92
9 73 93
9 73 40
9 73 41
9 73 60
9 73 65
9 73 71
9 73 54
9 73 63
9 79 76
9 79 77
9 79 78
9 79 87
9 79 98
9 79 47
9 79 57
9 79 58
9 79 59
9 79 67
9 79 96
10 16 6
10 16 9
10 16 14
10 16 15
10 16 19
10 16 25
10 16 26
10 16 27
10 16 28
10 16 12
10 16 13
10 16 23
10 16 24
10 16 35
10 16 46
10 16 48
10 16 56
10 31 0
10 31 11
10 31 20
10 31 31
10 31 33
10 31 40
10 31 43
10 31 52
10 31 61
10 32 -1
10 37 36
10 37 37
10 72 72
10 73 80
10 73 82
10 73 84
10 73 92
10 79 77
10 79 98
10 79 99
11 16 6
11 16 7
11 16 25
11 16 35
11 31 10
11 31 11
11 31 20
11 31 22
11 31 70
11 31 12
11 31 23
11 31 52
11 32 -1
11 37 -1
11 72 85
11 72 94
11 72 62
11 72 65
11 72 74
11 73 -1
11 79 97
--- Done ---
