0 37 12
0 37 13
0 37 22
0 37 23
0 44 -1
1 6 -1
1 25 -1
1 37 28
1 37 37
1 37 39
1 37 46
1 37 49
1 37 57
1 37 67
1 37 69
1 44 5
1 44 12
1 44 13
1 44 20
1 44 22
1 44 23
1 44 24
1 44 25
1 44 26
1 44 33
1 44 40
1 44 41
1 44 43
1 44 45
1 44 60
1 44 61
1 44 74
1 44 75
1 44 76
1 44 77
1 44 80
1 44 82
1 44 83
1 44 84
1 44 88
1 44 93
1 72 -1
2 6 4
2 6 5
2 6 7
2 6 9
2 6 18
2 6 23
2 25 2
2 25 3
2 25 10
2 25 12
2 25 14
2 25 15
2 25 16
2 25 21
2 25 24
2 25 26
2 25 36
2 25 57
2 25 68
2 25 76
2 25 87
2 37 27
2 37 29
2 37 38
2 37 39
2 37 48
2 37 55
2 37 58
2 37 69
2 37 97
2 44 1
2 44 13
2 44 22
2 44 30
2 44 33
2 44 35
2 44 42
2 44 43
2 44 44
2 44 45
2 44 64
2 44 65
2 44 95
2 72 51
2 72 52
2 72 60
2 72 66
2 72 72
2 72 73
2 72 74
2 72 82
2 72 84
2 72 85
2 72 86
2 72 91
2 72 92
2 72 93
2 72 94
2 72 98
2 96 -1
3 6 4
3 6 7
3 6 9
3 6 18
3 6 23
3 25 2
3 25 10
3 25 12
3 25 14
3 25 16
3 25 36
3 25 57
3 37 19
3 37 27
3 37 37
3 37 39
3 37 47
3 37 48
3 37 49
3 37 58
3 37 59
3 44 0
3 44 1
3 44 13
3 44 20
3 44 22
3 44 30
3 44 34
3 44 35
3 44 41
3 44 42
3 44 44
3 44 45
3 44 64
3 44 65
3 44 70
3 72 32
3 72 40
3 72 50
3 72 51
3 72 52
3 72 53
3 72 60
3 72 61
3 72 62
3 72 71
3 72 74
3 72 75
3 72 80
3 72 81
3 72 82
3 72 83
3 72 90
3 72 92
3 72 94
3 96 69
3 96 78
3 96 79
3 96 85
3 96 87
3 96 88
3 96 89
3 96 96
3 96 98
3 96 99
4 6 4
4 6 5
4 6 6
4 6 7
4 6 9
4 6 18
4 6 23
4 25 2
4 25 10
4 25 12
4 25 15
4 25 16
4 25 21
4 25 24
4 25 25
4 25 26
4 25 36
4 25 68
4 37 19
4 37 27
4 37 28
4 37 29
4 37 37
4 37 38
4 37 39
4 37 46
4 37 47
4 37 48
4 37 49
4 37 55
4 37 58
4 37 59
4 44 0
4 44 13
4 44 20
4 44 22
4 44 30
4 44 33
4 44 34
4 44 35
4 44 41
4 44 42
4 44 54
4 44 65
4 44 70
4 53 -1
4 72 31
4 72 40
4 72 50
4 72 51
4 72 53
4 72 60
4 72 61
4 72 62
4 72 63
4 72 66
4 72 71
4 72 73
4 72 74
4 72 80
4 72 81
4 72 82
4 72 83
4 72 84
4 72 90
4 72 93
4 72 94
4 96 76
4 96 77
4 96 78
4 96 79
4 96 86
4 96 87
4 96 88
4 96 89
4 96 96
4 96 98
4 96 99
5 6 7
5 6 8
5 6 9
5 6 18
5 6 23
5 25 2
5 25 3
5 25 10
5 25 12
5 25 14
5 25 15
5 25 16
5 25 21
5 25 24
5 25 25
5 25 26
5 25 36
5 25 57
5 25 68
5 37 19
5 37 27
5 37 28
5 37 29
5 37 38
5 37 39
5 37 46
5 37 47
5 37 48
5 37 55
5 37 56
5 37 59
5 44 0
5 44 1
5 44 11
5 44 13
5 44 22
5 44 33
5 44 35
5 44 43
5 44 44
5 44 45
5 44 65
5 53 20
5 53 32
5 53 41
5 53 42
5 53 50
5 53 52
5 53 53
5 53 62
5 53 63
5 53 64
5 53 70
5 53 74
5 53 83
5 72 31
5 72 40
5 72 51
5 72 66
5 72 71
5 72 72
5 72 73
5 72 75
5 72 81
5 72 82
5 72 84
5 72 90
5 72 91
5 72 93
5 72 94
5 96 76
5 96 78
5 96 79
5 96 85
5 96 86
5 96 87
5 96 88
5 96 95
5 96 97
5 96 98
5 96 99
6 6 4
6 6 5
6 6 6
6 6 7
6 6 8
6 6 9
6 6 17
6 6 18
6 6 23
6 25 2
6 25 3
6 25 12
6 25 14
6 25 15
6 25 16
6 25 21
6 25 24
6 25 25
6 25 26
6 25 36
6 25 57
6 37 19
6 37 27
6 37 29
6 37 37
6 37 38
6 37 39
6 37 46
6 37 47
6 37 48
6 37 49
6 37 55
6 37 56
6 37 58
6 37 59
6 44 0
6 44 11
6 44 13
6 44 22
6 44 33
6 44 34
6 44 35
6 44 43
6 44 44
6 44 54
6 44 65
6 53 20
6 53 30
6 53 32
6 53 41
6 53 42
6 53 50
6 53 52
6 53 62
6 53 64
6 53 70
6 53 92
6 72 40
6 72 60
6 72 61
6 72 66
6 72 75
6 72 80
6 72 81
6 72 82
6 72 84
6 72 90
6 72 93
6 72 94
6 96 67
6 96 69
6 96 76
6 96 77
6 96 78
6 96 79
6 96 85
6 96 87
6 96 88
6 96 89
6 96 96
6 96 97
6 96 98
7 6 4
7 6 5
7 6 6
7 6 8
7 6 9
7 6 17
7 6 18
7 6 23
7 25 3
7 25 10
7 25 16
7 25 21
7 25 24
7 37 19
7 37 28
7 37 29
7 37 37
7 37 38
7 37 47
7 37 48
7 37 55
7 37 56
7 37 59
7 44 0
7 44 11
7 44 13
7 44 22
7 44 34
7 44 43
7 44 44
7 44 45
7 44 54
7 44 65
7 53 20
7 53 32
7 53 41
7 53 42
7 53 50
7 53 52
7 53 53
7 53 64
7 53 70
7 53 74
7 53 83
7 53 92
7 72 40
7 72 51
7 72 60
7 72 61
7 72 66
7 72 72
7 72 73
7 72 81
7 72 82
7 72 84
7 72 90
7 72 91
7 72 93
7 96 69
7 96 76
7 96 77
7 96 78
7 96 86
7 96 87
7 96 88
7 96 89
7 96 95
7 96 97
7 96 98
8 6 4
8 6 6
8 6 7
8 6 9
8 6 17
8 6 18
8 6 23
8 25 10
8 25 12
8 25 14
8 25 16
8 25 21
8 25 24
8 25 26
8 25 57
8 25 68
8 37 19
8 37 29
8 37 38
8 37 39
8 37 47
8 37 49
8 44 0
8 44 1
8 44 11
8 44 22
8 44 33
8 44 34
8 44 45
8 44 65
8 53 20
8 53 30
8 53 32
8 53 41
8 53 52
8 53 64
8 53 83
8 53 92
8 72 31
8 72 40
8 72 60
8 72 61
8 72 66
8 72 71
8 72 72
8 72 73
8 72 75
8 72 80
8 72 81
8 72 84
8 72 90
8 72 91
8 96 67
8 96 69
8 96 76
8 96 78
8 96 86
8 96 87
8 96 95
8 96 97
8 96 98
8 96 99
9 6 4
9 6 5
9 6 8
9 6 18
9 6 23
9 25 12
9 25 14
9 25 15
9 25 21
9 25 25
9 25 26
9 25 57
9 37 19
9 37 27
9 37 29
9 37 37
9 37 38
9 37 46
9 37 47
9 37 48
9 37 58
9 37 59
9 44 1
9 44 11
9 44 34
9 44 35
9 44 54
9 44 65
9 53 20
9 53 30
9 53 32
9 53 41
9 53 63
9 53 64
9 53 83
9 53 92
9 72 40
9 72 60
9 72 66
9 72 71
9 72 72
9 72 80
9 72 81
9 72 82
9 72 84
9 72 91
9 72 93
9 96 67
9 96 76
9 96 77
9 96 78
9 96 87
9 96 96
9 96 98
10 6 6
10 6 9
10 6 23
10 25 12
10 25 14
10 25 15
10 25 24
10 25 25
10 25 26
10 25 36
10 37 19
10 37 27
10 37 28
10 37 37
10 37 46
10 37 48
10 37 56
10 44 0
10 44 11
10 44 13
10 44 33
10 44 35
10 44 43
10 53 20
10 53 52
10 53 92
10 72 31
10 72 40
10 72 61
10 72 72
10 72 80
10 72 82
10 72 84
10 96 77
10 96 98
10 96 99
11 6 6
11 6 7
11 6 23
11 25 10
11 25 12
11 25 25
11 37 -1
11 44 11
11 44 22
11 44 35
11 44 65
11 53 20
11 53 52
11 53 62
11 53 70
11 53 74
11 72 94
11 96 85
11 96 97
--- Done ---
