0 13 12
0 13 13
0 13 22
0 13 23
0 37 -1
1 8 49
1 11 20
1 11 24
1 11 43
1 13 5
1 13 12
1 13 13
1 13 22
1 13 23
1 13 25
1 13 33
1 37 26
1 37 28
1 37 37
1 37 39
1 37 45
1 37 46
1 61 40
1 61 41
1 61 60
1 61 61
1 67 57
1 67 67
1 67 69
1 67 75
1 67 76
1 67 77
1 67 88
1 83 74
1 83 80
1 83 82
1 83 83
1 83 84
1 83 93
2 8 9
2 8 18
2 11 2
2 11 3
2 11 10
2 11 21
2 11 30
2 11 43
2 13 1
2 13 4
2 13 5
2 13 12
2 13 13
2 13 14
2 13 15
2 13 22
2 13 23
2 13 24
2 13 33
2 13 44
2 37 7
2 37 16
2 37 26
2 37 27
2 37 29
2 37 35
2 37 36
2 37 38
2 37 39
2 37 45
2 37 48
2 37 55
2 37 58
2 61 42
2 61 51
2 61 52
2 61 60
2 61 73
2 67 57
2 67 64
2 67 66
2 67 68
2 67 69
2 67 74
2 67 85
2 67 86
2 83 65
2 83 72
2 83 76
2 83 82
2 83 84
2 83 91
2 83 92
2 83 93
2 83 94
2 83 95
2 97 87
2 97 97
2 97 98
3 8 9
3 8 18
3 8 19
3 8 49
3 11 0
3 11 1
3 11 10
3 11 12
3 11 20
3 11 30
3 13 2
3 13 4
3 13 13
3 13 14
3 13 22
3 13 23
3 13 32
3 13 34
3 13 44
3 37 7
3 37 16
3 37 27
3 37 35
3 37 36
3 37 37
3 37 39
3 37 45
3 37 47
3 37 48
3 37 58
3 61 40
3 61 41
3 61 42
3 61 50
3 61 51
3 61 52
3 61 60
3 61 61
3 61 62
3 61 70
3 61 81
3 61 90
3 67 57
3 67 59
3 67 64
3 67 65
3 67 69
3 67 74
3 67 75
3 67 85
3 83 53
3 83 71
3 83 80
3 83 82
3 83 83
3 83 92
3 97 78
3 97 79
3 97 87
3 97 88
3 97 89
3 97 94
3 97 96
3 97 98
3 97 99
4 8 6
4 8 9
4 8 18
4 8 19
4 8 49
4 11 0
4 11 10
4 11 20
4 11 21
4 11 22
4 11 23
4 11 24
4 11 30
4 11 33
4 13 2
4 13 4
4 13 5
4 13 12
4 13 13
4 13 15
4 13 25
4 13 31
4 13 34
4 37 7
4 37 16
4 37 26
4 37 27
4 37 28
4 37 29
4 37 35
4 37 36
4 37 37
4 37 38
4 37 39
4 37 46
4 37 47
4 37 48
4 37 55
4 37 58
4 61 40
4 61 41
4 61 42
4 61 50
4 61 51
4 61 53
4 61 60
4 61 61
4 61 70
4 61 71
4 61 90
4 67 54
4 67 59
4 67 66
4 67 68
4 67 74
4 67 76
4 67 77
4 67 86
4 67 88
4 83 62
4 83 63
4 83 65
4 83 73
4 83 80
4 83 81
4 83 82
4 83 83
4 83 84
4 83 93
4 83 94
4 97 78
4 97 79
4 97 87
4 97 89
4 97 96
4 97 98
4 97 99
5 8 8
5 8 9
5 8 18
5 8 19
5 11 0
5 11 10
5 11 11
5 11 20
5 11 21
5 11 43
5 13 1
5 13 2
5 13 3
5 13 12
5 13 13
5 13 14
5 13 15
5 13 22
5 13 23
5 13 24
5 13 31
5 13 32
5 13 33
5 13 44
5 37 7
5 37 16
5 37 26
5 37 27
5 37 28
5 37 29
5 37 35
5 37 36
5 37 38
5 37 39
5 37 45
5 37 46
5 37 47
5 37 48
5 37 55
5 37 56
5 61 40
5 61 41
5 61 42
5 61 50
5 61 51
5 61 53
5 61 62
5 61 63
5 61 70
5 61 84
5 61 90
5 67 25
5 67 57
5 67 59
5 67 64
5 67 65
5 67 66
5 67 68
5 67 75
5 67 76
5 67 78
5 67 85
5 83 52
5 83 71
5 83 72
5 83 73
5 83 74
5 83 81
5 83 82
5 83 83
5 83 91
5 83 93
5 83 94
5 83 95
5 97 79
5 97 86
5 97 87
5 97 88
5 97 97
5 97 98
5 97 99
6 8 6
6 8 8
6 8 9
6 8 18
6 8 19
6 8 49
6 11 0
6 11 2
6 11 3
6 11 11
6 11 20
6 11 21
6 11 22
6 11 30
6 11 43
6 13 4
6 13 5
6 13 12
6 13 13
6 13 14
6 13 15
6 13 23
6 13 24
6 13 32
6 13 33
6 13 34
6 13 44
6 37 7
6 37 16
6 37 17
6 37 26
6 37 27
6 37 29
6 37 35
6 37 36
6 37 37
6 37 38
6 37 39
6 37 46
6 37 47
6 37 48
6 37 55
6 37 56
6 37 58
6 61 40
6 61 41
6 61 42
6 61 50
6 61 60
6 61 61
6 61 70
6 61 84
6 61 90
6 67 25
6 67 54
6 67 57
6 67 59
6 67 64
6 67 65
6 67 66
6 67 67
6 67 69
6 67 75
6 67 76
6 67 96
6 83 52
6 83 62
6 83 80
6 83 81
6 83 82
6 83 92
6 83 93
6 97 77
6 97 78
6 97 79
6 97 85
6 97 87
6 97 88
6 97 89
6 97 94
6 97 97
6 97 98
7 8 6
7 8 8
7 8 9
7 8 18
7 8 19
7 11 0
7 11 10
7 11 11
7 11 20
7 11 21
7 11 24
7 11 32
7 11 43
7 13 3
7 13 4
7 13 5
7 13 13
7 13 22
7 13 23
7 13 34
7 13 44
7 37 16
7 37 17
7 37 28
7 37 29
7 37 37
7 37 38
7 37 45
7 37 47
7 37 48
7 37 55
7 37 56
7 61 40
7 61 41
7 61 42
7 61 50
7 61 51
7 61 52
7 61 60
7 61 61
7 61 70
7 61 72
7 61 84
7 61 90
7 67 54
7 67 59
7 67 64
7 67 65
7 67 66
7 67 69
7 67 74
7 67 77
7 67 86
7 67 88
7 67 98
7 83 53
7 83 73
7 83 76
7 83 81
7 83 82
7 83 83
7 83 91
7 83 92
7 83 93
7 83 95
7 97 78
7 97 87
7 97 89
7 97 97
8 8 6
8 8 9
8 8 18
8 8 19
8 8 49
8 11 0
8 11 10
8 11 11
8 11 20
8 11 21
8 11 30
8 13 1
8 13 4
8 13 12
8 13 14
8 13 22
8 13 23
8 13 24
8 13 31
8 13 32
8 13 33
8 13 34
8 37 7
8 37 16
8 37 17
8 37 26
8 37 29
8 37 38
8 37 39
8 37 45
8 37 47
8 61 40
8 61 41
8 61 52
8 61 60
8 61 61
8 61 71
8 61 72
8 61 73
8 61 81
8 61 84
8 61 90
8 67 57
8 67 64
8 67 65
8 67 66
8 67 67
8 67 68
8 67 69
8 67 75
8 67 78
8 67 98
8 83 76
8 83 80
8 83 83
8 83 91
8 83 92
8 83 95
8 97 86
8 97 87
8 97 97
8 97 99
9 8 8
9 8 18
9 8 19
9 11 11
9 11 20
9 11 21
9 11 30
9 13 1
9 13 4
9 13 5
9 13 12
9 13 14
9 13 15
9 13 23
9 13 25
9 13 32
9 13 34
9 37 26
9 37 27
9 37 29
9 37 35
9 37 37
9 37 38
9 37 46
9 37 47
9 37 48
9 37 58
9 61 40
9 61 41
9 61 60
9 61 71
9 67 54
9 67 57
9 67 59
9 67 64
9 67 65
9 67 66
9 67 67
9 67 77
9 67 78
9 67 98
9 83 63
9 83 72
9 83 76
9 83 80
9 83 81
9 83 82
9 83 83
9 83 84
9 83 91
9 83 92
9 83 93
9 97 87
9 97 96
10 8 6
10 8 9
10 8 19
10 11 0
10 11 11
10 11 12
10 11 20
10 11 24
10 11 43
10 13 13
10 13 14
10 13 15
10 13 23
10 13 25
10 13 31
10 13 33
10 37 26
10 37 27
10 37 28
10 37 35
10 37 36
10 37 37
10 37 46
10 37 48
10 37 56
10 61 40
10 61 52
10 61 61
10 61 84
10 67 77
10 67 98
10 83 72
10 83 80
10 83 82
10 83 92
10 97 99
11 8 6
11 11 10
11 11 11
11 11 12
11 11 20
11 11 22
11 11 23
11 13 25
11 37 7
11 37 35
11 61 52
11 61 70
11 67 65
11 67 74
11 83 62
11 83 85
11 97 94
11 97 97
--- Done ---
