0 24 12
0 24 13
0 24 22
0 24 23
1 24 5
1 24 12
1 24 13
1 24 20
1 24 22
1 24 23
1 24 24
1 24 25
1 24 33
1 24 40
1 24 41
1 24 43
1 24 45
1 24 60
1 24 61
1 24 74
1 24 80
1 24 82
1 24 83
1 24 93
1 37 26
1 37 28
1 37 37
1 37 39
1 37 46
1 37 49
1 37 57
1 37 67
1 37 69
1 37 75
1 37 76
1 37 77
1 37 84
1 37 88
2 24 1
2 24 2
2 24 3
2 24 4
2 24 5
2 24 10
2 24 12
2 24 13
2 24 14
2 24 15
2 24 16
2 24 21
2 24 22
2 24 23
2 24 24
2 24 30
2 24 33
2 24 35
2 24 42
2 24 43
2 24 44
2 24 45
2 24 51
2 24 52
2 24 60
2 24 64
2 24 72
2 24 73
2 24 74
2 24 82
2 24 91
2 24 92
2 24 93
2 37 7
2 37 9
2 37 18
2 37 26
2 37 27
2 37 29
2 37 36
2 37 38
2 37 39
2 37 48
2 37 55
2 37 57
2 37 58
2 37 65
2 37 66
2 37 68
2 37 69
2 37 76
2 37 84
2 37 85
2 37 86
2 37 87
2 37 94
2 37 95
2 37 97
2 37 98
3 24 0
3 24 1
3 24 2
3 24 4
3 24 10
3 24 12
3 24 13
3 24 14
3 24 16
3 24 20
3 24 22
3 24 23
3 24 30
3 24 32
3 24 34
3 24 35
3 24 40
3 24 41
3 24 42
3 24 44
3 24 45
3 24 50
3 24 51
3 24 52
3 24 53
3 24 60
3 24 61
3 24 62
3 24 64
3 24 70
3 24 71
3 24 74
3 24 80
3 24 81
3 24 82
3 24 83
3 24 90
3 24 92
3 37 7
3 37 9
3 37 18
3 37 19
3 37 27
3 37 36
3 37 37
3 37 39
3 37 47
3 37 48
3 37 49
3 37 57
3 37 58
3 37 59
3 37 65
3 37 69
3 37 75
3 37 78
3 37 79
3 37 85
3 37 87
3 37 88
3 37 89
3 37 94
3 37 96
3 37 98
3 37 99
4 24 0
4 24 2
4 24 4
4 24 5
4 24 6
4 24 10
4 24 12
4 24 13
4 24 15
4 24 16
4 24 20
4 24 21
4 24 22
4 24 23
4 24 24
4 24 25
4 24 30
4 24 31
4 24 33
4 24 34
4 24 35
4 24 40
4 24 41
4 24 42
4 24 50
4 24 51
4 24 53
4 24 54
4 24 60
4 24 61
4 24 62
4 24 63
4 24 70
4 24 71
4 24 73
4 24 74
4 24 80
4 24 81
4 24 82
4 24 83
4 24 90
4 24 93
4 37 7
4 37 9
4 37 18
4 37 19
4 37 26
4 37 27
4 37 28
4 37 29
4 37 36
4 37 37
4 37 38
4 37 39
4 37 46
4 37 47
4 37 48
4 37 49
4 37 55
4 37 58
4 37 59
4 37 65
4 37 66
4 37 68
4 37 76
4 37 77
4 37 78
4 37 79
4 37 84
4 37 86
4 37 87
4 37 88
4 37 89
4 37 94
4 37 96
4 37 98
4 37 99
5 24 0
5 24 1
5 24 2
5 24 3
5 24 10
5 24 11
5 24 12
5 24 13
5 24 14
5 24 15
5 24 16
5 24 20
5 24 21
5 24 22
5 24 23
5 24 24
5 24 25
5 24 31
5 24 32
5 24 33
5 24 35
5 24 40
5 24 41
5 24 42
5 24 43
5 24 44
5 24 45
5 24 50
5 24 51
5 24 52
5 24 53
5 24 62
5 24 63
5 24 64
5 24 70
5 24 71
5 24 72
5 24 73
5 24 74
5 24 81
5 24 82
5 24 83
5 24 90
5 24 91
5 24 93
5 37 7
5 37 8
5 37 9
5 37 18
5 37 19
5 37 26
5 37 27
5 37 28
5 37 29
5 37 36
5 37 38
5 37 39
5 37 46
5 37 47
5 37 48
5 37 55
5 37 56
5 37 57
5 37 59
5 37 65
5 37 66
5 37 68
5 37 75
5 37 76
5 37 78
5 37 79
5 37 84
5 37 85
5 37 86
5 37 87
5 37 88
5 37 94
5 37 95
5 37 97
5 37 98
5 37 99
6 24 0
6 24 2
6 24 3
6 24 4
6 24 5
6 24 6
6 24 11
6 24 12
6 24 13
6 24 14
6 24 15
6 24 16
6 24 20
6 24 21
6 24 22
6 24 23
6 24 24
6 24 25
6 24 30
6 24 32
6 24 33
6 24 34
6 24 35
6 24 40
6 24 41
6 24 42
6 24 43
6 24 44
6 24 50
6 24 52
6 24 54
6 24 60
6 24 61
6 24 62
6 24 64
6 24 70
6 24 80
6 24 81
6 24 82
6 24 90
6 24 92
6 24 93
6 37 7
6 37 8
6 37 9
6 37 17
6 37 18
6 37 19
6 37 26
6 37 27
6 37 29
6 37 36
6 37 37
6 37 38
6 37 39
6 37 46
6 37 47
6 37 48
6 37 49
6 37 55
6 37 56
6 37 57
6 37 58
6 37 59
6 37 65
6 37 66
6 37 67
6 37 69
6 37 75
6 37 76
6 37 77
6 37 78
6 37 79
6 37 84
6 37 85
6 37 87
6 37 88
6 37 89
6 37 94
6 37 96
6 37 97
6 37 98
7 24 0
7 24 3
7 24 4
7 24 5
7 24 6
7 24 10
7 24 11
7 24 13
7 24 16
7 24 20
7 24 21
7 24 22
7 24 23
7 24 24
7 24 32
7 24 34
7 24 40
7 24 41
7 24 42
7 24 43
7 24 44
7 24 45
7 24 50
7 24 51
7 24 52
7 24 53
7 24 54
7 24 60
7 24 61
7 24 64
7 24 70
7 24 72
7 24 73
7 24 74
7 24 81
7 24 82
7 24 83
7 24 90
7 24 91
7 24 92
7 24 93
7 37 8
7 37 9
7 37 17
7 37 18
7 37 19
7 37 28
7 37 29
7 37 37
7 37 38
7 37 47
7 37 48
7 37 55
7 37 56
7 37 59
7 37 65
7 37 66
7 37 69
7 37 76
7 37 77
7 37 78
7 37 84
7 37 86
7 37 87
7 37 88
7 37 89
7 37 95
7 37 97
7 37 98
8 24 0
8 24 1
8 24 4
8 24 6
8 24 10
8 24 11
8 24 12
8 24 14
8 24 16
8 24 20
8 24 21
8 24 22
8 24 23
8 24 24
8 24 30
8 24 31
8 24 32
8 24 33
8 24 34
8 24 40
8 24 41
8 24 45
8 24 52
8 24 60
8 24 61
8 24 64
8 24 71
8 24 72
8 24 73
8 24 80
8 24 81
8 24 83
8 24 90
8 24 91
8 24 92
8 37 7
8 37 9
8 37 17
8 37 18
8 37 19
8 37 26
8 37 29
8 37 38
8 37 39
8 37 47
8 37 49
8 37 57
8 37 65
8 37 66
8 37 67
8 37 68
8 37 69
8 37 75
8 37 76
8 37 78
8 37 84
8 37 86
8 37 87
8 37 95
8 37 97
8 37 98
8 37 99
9 24 1
9 24 4
9 24 5
9 24 11
9 24 12
9 24 14
9 24 15
9 24 20
9 24 21
9 24 23
9 24 25
9 24 30
9 24 32
9 24 34
9 24 35
9 24 40
9 24 41
9 24 54
9 24 60
9 24 63
9 24 64
9 24 71
9 24 72
9 24 80
9 24 81
9 24 82
9 24 83
9 24 91
9 24 92
9 24 93
9 37 8
9 37 18
9 37 19
9 37 26
9 37 27
9 37 29
9 37 37
9 37 38
9 37 46
9 37 47
9 37 48
9 37 57
9 37 58
9 37 59
9 37 65
9 37 66
9 37 67
9 37 76
9 37 77
9 37 78
9 37 84
9 37 87
9 37 96
9 37 98
10 24 0
10 24 6
10 24 11
10 24 12
10 24 13
10 24 14
10 24 15
10 24 20
10 24 23
10 24 24
10 24 25
10 24 31
10 24 33
10 24 35
10 24 40
10 24 43
10 24 52
10 24 61
10 24 72
10 24 80
10 24 82
10 24 92
10 37 9
10 37 19
10 37 26
10 37 27
10 37 28
10 37 36
10 37 37
10 37 46
10 37 48
10 37 56
10 37 77
10 37 84
10 37 98
10 37 99
11 24 6
11 24 10
11 24 11
11 24 12
11 24 20
11 24 22
11 24 23
11 24 25
11 24 35
11 24 52
11 24 62
11 24 70
11 24 74
11 37 7
11 37 65
11 37 85
11 37 94
11 37 97
--- Done ---
