0 37 24
0 44 12
0 44 13
0 44 22
0 44 23
1 37 8
1 37 15
1 37 17
1 37 24
1 37 26
1 37 28
1 37 33
1 37 34
1 37 35
1 37 37
1 37 38
1 37 39
1 37 46
1 37 54
1 37 56
1 37 59
1 37 66
1 37 74
1 44 4
1 44 6
1 44 9
1 44 12
1 44 20
1 44 22
1 44 23
1 44 30
1 44 32
1 44 40
1 44 43
1 44 45
1 44 48
1 44 51
1 44 71
1 44 72
1 44 73
1 44 86
1 44 94
1 85 55
1 85 61
1 85 62
1 85 68
1 85 76
1 85 81
1 85 90
1 85 91
1 85 96
1 85 97
1 85 98
2 22 0
2 22 2
2 22 3
2 22 5
2 22 6
2 22 10
2 22 12
2 22 13
2 22 32
2 22 50
2 22 57
2 37 11
2 37 19
2 37 25
2 37 26
2 37 36
2 37 37
2 37 38
2 37 46
2 37 48
2 37 66
2 37 67
2 37 74
2 37 83
2 55 24
2 55 55
2 55 63
2 55 78
2 55 87
2 85 62
2 85 64
2 85 69
2 85 73
2 85 79
2 85 86
2 85 90
2 85 91
2 85 92
2 85 93
2 85 94
2 85 95
2 85 97
3 22 1
3 22 9
3 22 21
3 22 22
3 22 23
3 22 50
3 22 51
3 22 54
3 22 61
3 22 64
3 22 75
3 22 82
3 37 7
3 37 8
3 37 15
3 37 16
3 37 18
3 37 24
3 37 25
3 37 27
3 37 33
3 37 36
3 37 37
3 37 43
3 37 45
3 37 47
3 37 66
3 37 68
3 37 84
3 55 31
3 55 72
3 55 73
3 55 80
3 55 83
3 55 88
3 55 89
3 55 93
3 55 97
3 85 62
3 85 65
3 85 86
3 85 90
3 85 94
3 85 98
4 33 2
4 33 3
4 33 4
4 33 5
4 33 6
4 33 12
4 33 14
4 33 20
4 33 22
4 33 27
4 33 34
4 33 35
4 33 46
4 33 51
4 33 52
4 33 53
4 33 56
4 33 61
4 33 62
4 33 64
4 33 72
4 33 73
4 33 74
4 33 84
4 33 85
4 33 87
4 33 91
4 37 11
4 37 15
4 37 25
4 37 26
4 37 29
4 37 39
4 37 43
4 37 44
4 37 47
4 37 48
4 37 57
4 37 65
4 37 67
4 37 83
4 55 63
4 55 75
4 55 80
4 55 88
4 55 92
4 55 98
5 33 1
5 33 3
5 33 5
5 33 12
5 33 22
5 33 24
5 33 26
5 33 32
5 33 46
5 33 53
5 33 54
5 33 62
5 33 64
5 33 71
5 33 79
5 33 82
5 37 7
5 37 11
5 37 15
5 37 16
5 37 25
5 37 28
5 37 29
5 37 36
5 37 39
5 37 42
5 37 45
5 37 47
5 37 67
5 37 77
5 37 84
5 37 85
5 44 0
5 44 18
5 44 30
5 44 31
5 44 44
5 44 73
5 83 65
5 83 75
5 83 76
5 83 93
5 83 94
5 83 96
5 83 98
6 37 7
6 37 11
6 37 15
6 37 16
6 37 17
6 37 18
6 37 19
6 37 25
6 37 28
6 37 29
6 37 39
6 37 43
6 37 48
6 37 56
6 37 57
6 37 66
6 37 67
6 37 68
6 37 77
6 44 0
6 44 1
6 44 4
6 44 5
6 44 20
6 44 22
6 44 31
6 44 35
6 44 40
6 44 44
6 44 47
6 44 53
6 44 55
6 44 58
6 44 62
6 44 70
6 44 74
6 44 76
6 44 85
6 44 95
6 83 60
6 83 72
6 83 78
6 83 81
6 83 82
6 83 90
6 83 92
6 83 98
7 37 7
7 37 8
7 37 16
7 37 17
7 37 18
7 37 19
7 37 24
7 37 26
7 37 28
7 37 34
7 37 36
7 37 38
7 37 43
7 37 46
7 37 47
7 37 48
7 37 49
7 37 56
7 37 68
7 37 69
7 61 3
7 61 12
7 61 20
7 61 22
7 61 30
7 61 33
7 61 42
7 61 50
7 61 51
7 61 53
7 61 55
7 61 61
7 61 62
7 61 64
7 61 71
7 61 73
7 61 76
7 61 81
7 61 90
7 61 92
7 61 93
7 61 94
7 74 6
7 74 14
7 74 27
7 74 67
7 74 72
7 74 74
7 74 78
7 74 86
7 74 89
7 74 95
8 23 0
8 23 1
8 23 5
8 23 12
8 23 20
8 23 22
8 23 24
8 23 25
8 23 30
8 23 32
8 23 34
8 23 35
8 23 36
8 23 40
8 23 43
8 23 47
8 23 51
8 23 54
8 23 63
8 37 7
8 37 16
8 37 18
8 37 29
8 37 46
8 37 49
8 37 57
8 37 59
8 37 65
8 37 66
8 37 69
8 61 2
8 61 3
8 61 90
8 74 45
8 74 64
8 74 67
8 74 70
8 74 74
8 74 75
8 74 76
8 74 78
8 74 87
8 74 89
8 74 91
8 74 96
8 74 97
9 23 0
9 23 1
9 23 2
9 23 9
9 23 12
9 23 13
9 23 14
9 23 21
9 23 23
9 23 30
9 23 34
9 23 35
9 23 45
9 23 63
9 23 72
9 37 11
9 37 15
9 37 18
9 37 24
9 37 25
9 37 26
9 37 28
9 37 33
9 37 39
9 37 42
9 37 43
9 37 44
9 37 46
9 37 47
9 37 48
9 37 49
9 37 52
9 37 54
9 37 55
9 37 57
9 37 77
9 37 84
9 74 31
9 74 68
9 74 70
9 74 78
9 74 80
9 74 81
9 74 89
9 85 53
9 85 75
9 85 82
9 85 88
9 85 90
9 85 98
--- Done ---
