0 26 12
0 26 13
0 26 22
0 26 23
0 37 -1
1 26 23
1 26 5
1 37 37
1 51 20
1 51 40
1 51 41
1 51 60
1 51 61
1 51 80
1 51 82
1 51 93
1 51 12
1 51 83
1 51 22
1 51 84
1 56 76
1 56 88
1 56 13
1 56 49
1 56 69
1 56 77
1 56 25
1 56 26
1 56 28
1 56 39
1 56 57
1 56 67
1 56 75
1 56 24
1 56 33
1 56 43
1 56 45
1 56 46
1 56 74
2 26 9
2 26 2
2 26 3
2 26 4
2 26 7
2 26 14
2 26 18
2 26 87
2 26 13
2 26 16
2 26 23
2 26 27
2 26 29
2 26 38
2 26 39
2 26 48
2 26 73
2 31 1
2 37 -1
2 51 91
2 51 93
2 51 10
2 51 21
2 51 30
2 51 60
2 51 64
2 51 72
2 51 82
2 51 92
2 51 94
2 51 95
2 51 5
2 51 12
2 51 42
2 51 51
2 51 52
2 51 68
2 51 84
2 51 15
2 51 22
2 51 24
2 51 36
2 51 44
2 51 74
2 56 76
2 56 86
2 56 97
2 56 69
2 56 98
2 56 57
2 56 58
2 56 65
2 56 66
2 56 26
2 56 35
2 56 55
2 56 33
2 56 43
2 56 45
2 56 85
3 26 9
3 26 89
3 26 96
3 26 2
3 26 4
3 26 7
3 26 14
3 26 18
3 26 78
3 26 87
3 26 13
3 26 16
3 26 19
3 26 27
3 26 39
3 26 48
3 26 57
3 26 58
3 26 59
3 26 65
3 31 0
3 31 1
3 31 23
3 31 22
3 31 32
3 31 44
3 31 34
3 31 35
3 37 37
3 51 81
3 51 90
3 51 10
3 51 20
3 51 30
3 51 40
3 51 41
3 51 50
3 51 60
3 51 61
3 51 62
3 51 64
3 51 70
3 51 71
3 51 80
3 51 82
3 51 83
3 51 92
3 51 94
3 51 12
3 51 42
3 51 51
3 51 52
3 51 53
3 51 75
3 56 79
3 56 88
3 56 99
3 56 49
3 56 69
3 56 98
3 56 36
3 56 47
3 56 74
3 56 45
3 56 85
4 26 9
4 26 89
4 26 96
4 26 2
4 26 7
4 26 18
4 26 12
4 26 23
4 26 27
4 26 28
4 26 29
4 31 0
4 31 22
4 31 31
4 31 51
4 31 53
4 37 37
4 37 84
4 37 15
4 37 36
4 37 46
4 37 47
4 37 65
4 37 66
4 37 68
4 37 74
4 37 25
4 37 26
4 37 33
4 37 34
4 37 35
4 37 42
4 37 54
4 37 55
4 51 81
4 51 90
4 51 93
4 51 4
4 51 10
4 51 20
4 51 21
4 51 30
4 51 40
4 51 41
4 51 50
4 51 60
4 51 61
4 51 62
4 51 70
4 51 71
4 51 80
4 51 82
4 51 83
4 51 94
4 51 5
4 51 63
4 56 76
4 56 79
4 56 86
4 56 88
4 56 99
4 56 6
4 56 49
4 56 77
4 56 78
4 56 87
4 56 98
4 56 13
4 56 16
4 56 19
4 56 38
4 56 39
4 56 48
4 56 58
4 56 59
4 56 73
4 56 24
5 26 9
5 26 7
5 26 18
5 26 28
5 26 29
5 26 38
5 26 39
5 26 48
5 26 25
5 26 26
5 26 31
5 26 32
5 26 35
5 26 63
5 26 73
5 26 75
5 26 15
5 26 24
5 26 33
5 26 36
5 26 43
5 31 0
5 31 1
5 31 2
5 31 3
5 31 10
5 31 14
5 31 20
5 31 21
5 31 40
5 31 41
5 31 50
5 31 62
5 31 70
5 31 71
5 31 72
5 31 82
5 31 98
5 31 11
5 31 12
5 31 53
5 37 85
5 37 42
5 37 68
5 37 74
5 37 44
5 37 45
5 37 46
5 37 47
5 37 55
5 37 56
5 37 57
5 37 59
5 37 65
5 37 66
5 37 84
5 51 81
5 51 90
5 51 91
5 51 93
5 51 83
5 51 23
5 51 51
5 51 22
5 51 52
5 56 76
5 56 79
5 56 86
5 56 88
5 56 97
5 56 99
5 56 64
5 56 78
5 56 87
5 56 94
5 56 95
5 56 8
5 56 13
5 56 16
5 56 19
5 56 27
6 26 9
6 26 89
6 26 96
6 26 2
6 26 3
6 26 4
6 26 6
6 26 7
6 26 14
6 26 18
6 26 78
6 26 87
6 26 8
6 26 13
6 26 16
6 26 17
6 26 19
6 26 23
6 31 0
6 31 22
6 31 32
6 31 54
6 31 55
6 31 85
6 37 37
6 37 65
6 37 66
6 37 67
6 37 24
6 37 25
6 37 26
6 37 34
6 37 35
6 37 46
6 37 47
6 37 84
6 37 15
6 37 33
6 37 42
6 37 43
6 37 44
6 37 52
6 51 81
6 51 90
6 51 93
6 51 20
6 51 21
6 51 30
6 51 40
6 51 41
6 51 50
6 51 60
6 51 61
6 51 62
6 51 64
6 51 70
6 51 80
6 51 82
6 51 92
6 51 94
6 51 5
6 51 11
6 51 12
6 51 75
6 51 36
6 56 76
6 56 79
6 56 88
6 56 97
6 56 49
6 56 69
6 56 77
6 56 98
6 56 27
6 56 29
6 56 38
6 56 39
6 56 48
6 56 56
6 56 57
6 56 58
6 56 59
7 26 9
7 26 89
7 26 3
7 26 18
7 26 23
7 26 84
7 26 17
7 26 19
7 26 22
7 26 24
7 26 28
7 26 29
7 26 32
7 26 38
7 26 47
7 26 48
7 26 56
7 26 59
7 26 65
7 26 66
7 26 34
7 26 44
7 31 0
7 31 11
7 31 42
7 31 52
7 31 43
7 31 45
7 31 54
7 31 55
7 37 37
7 51 81
7 51 90
7 51 91
7 51 93
7 51 4
7 51 10
7 51 20
7 51 21
7 51 40
7 51 41
7 51 50
7 51 60
7 51 61
7 51 64
7 51 70
7 51 72
7 51 82
7 51 83
7 56 76
7 56 86
7 56 88
7 56 97
7 56 6
7 56 69
7 56 77
7 56 78
7 56 92
7 56 95
7 56 5
7 56 51
7 56 53
7 56 73
7 56 74
7 56 87
7 56 98
7 56 8
7 56 13
7 56 16
8 26 9
8 26 7
8 26 18
8 26 84
8 26 26
8 26 34
8 26 45
8 31 0
8 31 1
8 31 14
8 31 31
8 37 -1
8 51 81
8 51 90
8 51 91
8 51 4
8 51 10
8 51 20
8 51 21
8 51 30
8 51 40
8 51 41
8 51 60
8 51 61
8 51 64
8 51 71
8 51 72
8 51 80
8 51 83
8 51 92
8 51 95
8 51 11
8 51 12
8 51 23
8 51 52
8 56 76
8 56 86
8 56 97
8 56 99
8 56 6
8 56 49
8 56 69
8 56 78
8 56 87
8 56 98
8 56 16
8 56 17
8 56 19
8 56 29
8 56 38
8 56 39
8 56 68
8 56 73
8 56 75
8 56 22
8 56 24
8 56 32
8 56 47
8 56 57
8 56 65
8 56 66
8 56 67
8 56 33
9 26 96
9 26 18
9 26 78
9 26 87
9 26 8
9 26 19
9 26 27
9 26 29
9 26 38
9 26 48
9 26 57
9 26 58
9 26 59
9 26 65
9 26 66
9 26 67
9 26 25
9 26 26
9 26 34
9 26 35
9 31 1
9 31 14
9 31 98
9 37 37
9 51 81
9 51 91
9 51 93
9 51 4
9 51 20
9 51 21
9 51 30
9 51 40
9 51 41
9 51 60
9 51 64
9 51 71
9 51 72
9 51 80
9 51 82
9 51 83
9 51 92
9 51 5
9 51 11
9 51 12
9 51 23
9 51 63
9 51 84
9 51 15
9 51 32
9 51 46
9 51 47
9 51 54
9 56 76
9 56 77
10 26 9
10 26 6
10 26 14
10 26 84
10 26 26
10 31 0
10 31 20
10 31 40
10 31 61
10 31 72
10 31 80
10 31 82
10 31 98
10 31 11
10 31 12
10 31 13
10 31 23
10 31 52
10 31 15
10 31 25
10 31 31
10 31 35
10 31 33
10 31 43
10 37 37
10 51 -1
10 56 99
10 56 77
10 56 92
10 56 19
10 56 27
10 56 28
10 56 48
10 56 56
10 56 24
10 56 36
10 56 46
11 26 -1
11 31 10
11 31 20
11 31 62
11 31 70
11 31 11
11 31 12
11 31 23
11 31 52
11 31 85
11 31 22
11 31 25
11 31 35
11 37 7
11 51 -1
11 56 97
11 56 6
11 56 94
11 56 65
11 56 74
--- Done ---
