0 33 12
0 33 13
0 33 22
0 33 23
0 37 -1
1 33 5
1 33 12
1 33 13
1 33 20
1 33 22
1 33 40
1 33 41
1 33 60
1 33 61
1 33 24
1 33 25
1 33 33
1 33 82
1 33 26
1 33 39
1 33 43
1 33 45
1 33 46
1 33 57
1 33 67
1 33 74
1 33 84
1 37 28
1 37 37
1 62 80
1 62 23
1 76 88
1 76 75
1 76 76
1 76 93
1 76 49
1 76 69
1 76 77
1 76 83
2 5 9
2 5 1
2 5 2
2 5 3
2 5 4
2 5 5
2 5 7
2 5 10
2 5 12
2 5 13
2 5 18
2 5 29
2 5 14
2 5 15
2 5 16
2 5 22
2 5 27
2 5 26
2 33 30
2 33 33
2 37 48
2 62 92
2 62 21
2 62 60
2 62 72
2 62 91
2 62 23
2 62 51
2 62 64
2 62 73
2 62 82
2 62 86
2 62 95
2 62 24
2 62 42
2 76 97
2 76 98
2 76 58
2 76 68
2 76 69
2 76 76
2 76 87
2 76 93
2 76 94
2 76 38
2 76 39
2 76 57
2 76 66
2 76 45
2 76 52
2 76 55
2 76 65
2 76 74
2 76 84
2 76 85
2 76 35
2 76 36
2 76 43
2 76 44
3 5 9
3 5 23
3 5 47
3 5 49
3 5 32
3 5 42
3 5 53
3 5 34
3 5 35
3 33 30
3 33 1
3 33 2
3 33 4
3 33 10
3 33 12
3 33 13
3 33 40
3 33 41
3 33 60
3 33 61
3 33 78
3 33 79
3 33 87
3 33 14
3 33 16
3 33 20
3 33 27
3 33 39
3 33 50
3 37 48
3 37 7
3 37 18
3 37 37
3 62 0
3 62 70
3 62 80
3 62 90
3 62 92
3 62 22
3 62 62
3 76 88
3 76 89
3 76 96
3 76 98
3 76 99
3 76 58
3 76 69
3 76 75
3 76 81
3 76 94
3 76 19
3 76 51
3 76 57
3 76 59
3 76 64
3 76 71
3 76 82
3 76 45
3 76 52
3 76 65
3 76 74
3 76 83
3 76 85
3 76 36
3 76 44
4 5 9
4 5 2
4 5 4
4 5 5
4 5 6
4 5 7
4 5 10
4 5 12
4 5 13
4 5 18
4 5 28
4 5 29
4 5 15
4 5 16
4 5 19
4 5 20
4 5 22
4 33 30
4 33 23
4 33 25
4 33 27
4 33 26
4 33 33
4 33 38
4 33 39
4 33 53
4 33 62
4 33 71
4 33 73
4 33 82
4 37 48
4 37 37
4 37 66
4 37 74
4 37 83
4 37 84
4 62 0
4 62 70
4 62 80
4 62 90
4 62 21
4 62 40
4 62 41
4 62 60
4 62 61
4 62 81
4 62 93
4 62 94
4 62 31
4 62 63
4 62 24
4 62 42
4 62 50
4 62 51
4 76 88
4 76 89
4 76 96
4 76 98
4 76 99
4 76 58
4 76 68
4 76 76
4 76 78
4 76 79
4 76 87
4 76 47
4 76 49
4 76 77
4 76 86
4 76 34
4 76 35
4 76 36
4 76 46
4 76 54
4 76 55
4 76 59
4 76 65
5 0 0
5 0 11
5 0 15
5 0 23
5 0 31
5 0 82
5 0 24
5 5 9
5 5 7
5 5 18
5 5 28
5 5 29
5 5 1
5 5 2
5 5 3
5 5 8
5 5 10
5 5 12
5 5 13
5 5 14
5 5 16
5 5 19
5 5 25
5 5 27
5 5 63
5 33 33
5 37 48
5 37 26
5 37 66
5 37 36
5 37 43
5 37 44
5 37 45
5 37 46
5 37 52
5 37 55
5 37 56
5 37 65
5 37 74
5 37 84
5 37 85
5 37 42
5 62 70
5 62 90
5 62 41
5 62 72
5 62 75
5 62 91
5 62 21
5 62 40
5 62 62
5 62 20
5 62 22
5 62 64
5 62 73
5 62 83
5 62 86
5 62 95
5 62 32
5 62 35
5 76 88
5 76 97
5 76 98
5 76 99
5 76 68
5 76 76
5 76 78
5 76 79
5 76 81
5 76 87
5 76 93
5 76 94
5 76 38
5 76 39
5 76 47
5 76 50
5 76 51
5 76 57
5 76 59
5 76 53
5 76 71
6 0 0
6 0 30
6 0 11
6 0 23
6 0 82
6 5 9
6 5 6
6 5 7
6 5 18
6 5 29
6 5 2
6 5 3
6 5 4
6 5 5
6 5 8
6 5 12
6 5 13
6 5 16
6 5 25
6 5 27
6 5 47
6 5 49
6 5 17
6 5 67
6 33 33
6 37 48
6 37 39
6 37 57
6 37 59
6 37 66
6 37 26
6 37 37
6 37 15
6 37 35
6 37 36
6 37 43
6 37 44
6 37 46
6 37 84
6 37 85
6 37 24
6 37 42
6 62 70
6 62 80
6 62 90
6 62 92
6 62 41
6 62 60
6 62 61
6 62 21
6 62 50
6 62 62
6 62 64
6 62 77
6 62 40
6 62 52
6 62 54
6 62 55
6 62 56
6 62 65
6 62 20
6 62 22
6 62 32
6 62 34
6 76 88
6 76 89
6 76 96
6 76 97
6 76 98
6 76 58
6 76 69
6 76 75
6 76 76
6 76 78
6 76 79
6 76 81
6 76 87
6 76 93
6 76 94
6 76 14
6 76 19
6 76 38
7 0 0
7 0 11
7 0 82
7 5 9
7 5 6
7 5 18
7 5 28
7 5 29
7 5 3
7 5 4
7 5 5
7 5 8
7 5 10
7 5 13
7 5 16
7 5 20
7 5 22
7 5 23
7 5 32
7 5 34
7 5 43
7 5 24
7 33 -1
7 37 48
7 37 37
7 37 55
7 37 74
7 37 84
7 37 44
7 37 42
7 62 70
7 62 90
7 62 92
7 62 41
7 62 60
7 62 61
7 62 72
7 62 91
7 62 21
7 62 40
7 62 64
7 62 77
7 62 83
7 62 95
7 62 17
7 62 45
7 62 52
7 62 53
7 62 54
7 62 56
7 62 65
7 76 88
7 76 89
7 76 97
7 76 98
7 76 69
7 76 76
7 76 78
7 76 81
7 76 87
7 76 93
7 76 19
7 76 38
7 76 47
7 76 50
7 76 51
7 76 59
7 76 66
7 76 73
7 76 86
8 0 0
8 0 30
8 0 11
8 5 9
8 5 6
8 5 7
8 5 18
8 5 29
8 5 1
8 5 4
8 5 10
8 5 12
8 5 14
8 5 16
8 5 19
8 5 47
8 5 49
8 5 26
8 5 24
8 5 32
8 5 34
8 5 67
8 33 33
8 37 -1
8 62 80
8 62 90
8 62 92
8 62 41
8 62 60
8 62 61
8 62 72
8 62 75
8 62 81
8 62 91
8 62 21
8 62 40
8 62 64
8 62 71
8 62 73
8 62 83
8 62 86
8 62 95
8 62 17
8 62 20
8 62 22
8 62 23
8 62 31
8 62 45
8 76 97
8 76 98
8 76 99
8 76 68
8 76 69
8 76 76
8 76 78
8 76 87
8 76 38
8 76 39
8 76 57
8 76 66
8 76 52
8 76 65
8 76 84
9 0 -1
9 5 5
9 33 30
9 33 41
9 33 60
9 33 72
9 33 78
9 33 87
9 33 91
9 33 1
9 33 4
9 33 8
9 33 11
9 33 12
9 33 14
9 33 21
9 33 25
9 33 27
9 33 38
9 33 40
9 33 57
9 33 59
9 33 63
9 33 64
9 33 66
9 33 71
9 33 15
9 33 20
9 33 23
9 33 26
9 33 54
9 33 65
9 37 48
9 37 18
9 37 29
9 37 58
9 37 19
9 37 47
9 37 77
9 37 83
9 37 37
9 37 67
9 37 84
9 37 34
9 37 35
9 37 46
9 62 80
9 62 92
9 76 96
9 76 98
9 76 76
9 76 81
9 76 93
9 76 82
9 76 32
10 0 0
10 5 9
10 5 6
10 5 28
10 5 12
10 5 13
10 5 14
10 5 19
10 5 25
10 5 27
10 5 15
10 5 20
10 5 23
10 5 26
10 5 31
10 5 24
10 5 35
10 5 36
10 5 43
10 5 46
10 33 33
10 37 48
10 37 11
10 37 37
10 62 80
10 62 92
10 62 61
10 62 72
10 62 40
10 62 77
10 62 52
10 62 56
10 62 82
10 62 84
10 76 98
10 76 99
11 0 11
11 5 6
11 5 7
11 5 10
11 5 12
11 5 25
11 5 20
11 5 22
11 5 23
11 5 35
11 33 -1
11 37 -1
11 62 70
11 62 94
11 62 62
11 62 52
11 62 65
11 62 74
11 62 85
11 76 97
--- Done ---
