0 23 12
0 23 13
0 23 22
0 23 23
0 37 24
1 23 4
1 23 9
1 23 12
1 23 20
1 23 22
1 23 23
1 23 30
1 23 33
1 23 51
1 23 55
1 23 61
1 23 72
1 37 8
1 37 15
1 37 17
1 37 24
1 37 26
1 37 28
1 37 34
1 37 35
1 37 37
1 37 38
1 37 39
1 37 43
1 37 45
1 37 48
1 37 54
1 37 56
1 37 59
1 37 66
1 37 68
1 74 6
1 74 32
1 74 40
1 74 46
1 74 62
1 74 71
1 74 73
1 74 74
1 74 76
1 74 81
1 74 86
1 74 94
1 74 96
1 95 90
1 95 91
1 95 97
1 95 98
2 23 0
2 23 2
2 23 3
2 23 5
2 23 10
2 23 12
2 23 13
2 23 32
2 23 50
2 37 11
2 37 19
2 37 24
2 37 25
2 37 26
2 37 36
2 37 37
2 37 38
2 37 46
2 37 48
2 37 55
2 37 57
2 37 66
2 37 67
2 37 69
2 37 83
2 74 6
2 74 62
2 74 63
2 74 64
2 74 74
2 74 78
2 74 91
2 74 94
2 95 73
2 95 79
2 95 86
2 95 87
2 95 90
2 95 92
2 95 93
2 95 95
2 95 97
3 23 1
3 23 9
3 23 21
3 23 22
3 23 23
3 23 31
3 23 43
3 23 45
3 23 50
3 23 51
3 23 54
3 37 7
3 37 8
3 37 15
3 37 16
3 37 18
3 37 24
3 37 25
3 37 27
3 37 37
3 37 47
3 37 66
3 37 68
3 37 83
3 74 33
3 74 62
3 74 65
3 74 82
3 74 88
3 74 89
3 74 94
3 74 97
3 95 36
3 95 61
3 95 64
3 95 72
3 95 73
3 95 75
3 95 80
3 95 84
3 95 86
3 95 90
3 95 93
3 95 98
4 23 2
4 23 3
4 23 4
4 23 5
4 23 12
4 23 14
4 23 22
4 23 43
4 23 46
4 23 51
4 23 53
4 23 61
4 37 11
4 37 15
4 37 25
4 37 26
4 37 29
4 37 34
4 37 35
4 37 39
4 37 44
4 37 47
4 37 48
4 37 52
4 37 56
4 37 57
4 37 83
4 37 85
4 74 6
4 74 20
4 74 27
4 74 62
4 74 64
4 74 65
4 74 67
4 74 73
4 74 74
4 74 80
4 74 84
4 74 87
4 74 88
4 74 91
4 74 92
4 95 63
4 95 72
4 95 75
4 95 98
5 23 0
5 23 1
5 23 3
5 23 5
5 23 12
5 23 22
5 23 30
5 23 31
5 23 32
5 23 42
5 23 54
5 37 7
5 37 11
5 37 15
5 37 16
5 37 18
5 37 24
5 37 25
5 37 26
5 37 28
5 37 29
5 37 36
5 37 39
5 37 44
5 37 47
5 37 65
5 37 67
5 37 77
5 37 84
5 37 85
5 74 45
5 74 53
5 74 62
5 74 64
5 74 71
5 74 76
5 74 93
5 95 46
5 95 73
5 95 75
5 95 79
5 95 82
5 95 94
5 95 96
5 95 98
6 23 0
6 23 1
6 23 4
6 23 5
6 23 20
6 23 22
6 23 35
6 23 43
6 23 44
6 23 53
6 37 7
6 37 11
6 37 15
6 37 16
6 37 17
6 37 18
6 37 19
6 37 25
6 37 28
6 37 29
6 37 48
6 37 55
6 37 57
6 37 58
6 37 66
6 37 67
6 37 68
6 74 31
6 74 39
6 74 40
6 74 47
6 74 56
6 74 62
6 74 70
6 74 72
6 74 74
6 74 76
6 74 78
6 74 81
6 74 82
6 74 85
6 95 60
6 95 77
6 95 90
6 95 92
6 95 95
6 95 98
7 23 3
7 23 12
7 23 14
7 23 20
7 23 22
7 23 30
7 23 36
7 23 42
7 23 46
7 23 50
7 23 51
7 23 53
7 23 56
7 37 7
7 37 8
7 37 16
7 37 17
7 37 18
7 37 19
7 37 24
7 37 26
7 37 27
7 37 28
7 37 33
7 37 34
7 37 38
7 37 43
7 37 47
7 37 48
7 37 49
7 37 55
7 37 67
7 37 68
7 37 69
7 74 6
7 74 61
7 74 62
7 74 64
7 74 71
7 74 72
7 74 74
7 74 76
7 74 81
7 74 86
7 74 89
7 74 92
7 74 93
7 95 73
7 95 78
7 95 90
7 95 94
7 95 95
8 23 0
8 23 1
8 23 2
8 23 3
8 23 5
8 23 12
8 23 20
8 23 22
8 23 30
8 23 32
8 23 35
8 23 40
8 23 46
8 23 47
8 23 51
8 37 7
8 37 16
8 37 18
8 37 24
8 37 25
8 37 29
8 37 34
8 37 36
8 37 45
8 37 49
8 37 54
8 37 57
8 37 59
8 37 66
8 37 69
8 74 43
8 74 64
8 74 65
8 74 70
8 74 74
8 74 78
8 74 87
8 74 89
8 95 63
8 95 67
8 95 75
8 95 76
8 95 90
8 95 91
8 95 96
8 95 97
9 23 0
9 23 1
9 23 2
9 23 9
9 23 12
9 23 13
9 23 14
9 23 21
9 23 23
9 23 30
9 23 31
9 23 33
9 23 35
9 23 46
9 23 52
9 23 53
9 23 72
9 37 11
9 37 15
9 37 18
9 37 24
9 37 25
9 37 26
9 37 28
9 37 34
9 37 39
9 37 42
9 37 43
9 37 45
9 37 47
9 37 48
9 37 49
9 37 54
9 37 55
9 37 57
9 37 68
9 37 77
9 37 84
9 74 44
9 74 63
9 74 70
9 74 75
9 74 78
9 74 80
9 74 81
9 74 82
9 74 88
9 74 89
9 95 90
9 95 98
--- Done ---
