0 24 12
0 24 13
0 24 22
0 24 23
0 37 -1
1 24 5
1 24 12
1 24 13
1 24 20
1 24 22
1 24 24
1 24 25
1 24 26
1 24 28
1 24 33
1 24 37
1 24 39
1 24 40
1 24 41
1 24 43
1 24 45
1 24 46
1 24 49
1 24 57
1 24 60
1 24 61
1 24 67
1 24 69
1 24 74
1 24 75
1 24 76
1 24 77
1 24 80
1 24 82
1 37 23
2 24 1
2 24 2
2 24 3
2 24 4
2 24 5
2 24 10
2 24 12
2 24 13
2 24 14
2 24 15
2 24 21
2 24 22
2 24 23
2 24 24
2 37 7
2 37 9
2 37 16
2 37 18
2 37 26
2 37 27
2 37 29
2 37 30
2 37 33
2 37 35
2 37 36
2 37 38
2 37 39
2 37 42
2 37 43
2 37 44
2 37 45
2 37 48
2 37 51
2 37 52
2 37 55
2 37 57
2 37 58
2 37 60
2 37 64
2 37 65
3 24 0
3 24 1
3 24 2
3 24 4
3 24 10
3 24 12
3 24 13
3 24 14
3 24 20
3 24 22
3 24 30
3 24 32
3 24 34
3 24 35
3 24 37
3 24 40
3 24 41
3 24 44
3 37 7
3 37 9
3 37 16
3 37 18
3 37 19
3 37 23
3 37 27
3 37 36
3 37 39
4 24 0
4 24 2
4 24 4
4 24 5
4 24 6
4 24 10
4 24 12
4 24 13
4 24 15
4 24 20
4 24 21
4 24 22
4 24 24
4 24 25
4 24 30
4 24 31
4 37 7
4 37 9
4 37 16
4 37 18
4 37 19
4 37 23
4 37 26
4 37 27
4 37 28
4 37 29
4 37 33
4 37 34
4 37 35
4 37 36
4 37 37
5 24 0
5 24 1
5 24 2
5 24 3
5 24 10
5 24 11
5 24 12
5 24 13
5 24 14
5 24 15
5 24 20
5 24 21
5 24 22
5 24 24
5 24 25
5 37 7
5 37 8
5 37 9
5 37 16
5 37 18
5 37 19
5 37 23
5 37 26
5 37 28
6 24 0
6 24 2
6 24 3
6 24 4
6 24 5
6 24 6
6 24 11
6 24 12
6 24 13
6 24 14
6 24 15
6 24 20
6 24 21
6 24 22
6 24 23
6 24 24
6 24 25
6 24 30
6 24 32
6 24 33
6 37 7
6 37 8
6 37 9
6 37 16
6 37 17
6 37 18
6 37 19
6 37 26
6 37 27
6 37 29
6 37 34
6 37 35
6 37 36
6 37 37
6 37 38
6 37 40
7 24 0
7 24 3
7 24 4
7 24 5
7 24 6
7 24 10
7 24 11
7 24 13
7 24 20
7 24 21
7 24 22
7 24 23
7 24 24
7 24 32
7 24 34
7 24 40
7 24 41
7 24 42
7 24 52
7 37 8
7 37 9
7 37 16
7 37 17
7 37 18
7 37 19
7 37 28
7 37 29
7 37 37
7 37 38
7 37 43
7 37 44
7 37 45
7 37 47
7 37 48
7 37 50
7 37 51
7 37 53
7 37 54
8 24 0
8 24 1
8 24 4
8 24 6
8 24 10
8 24 11
8 24 12
8 24 14
8 24 20
8 24 21
8 24 22
8 24 23
8 24 24
8 24 30
8 24 31
8 24 32
8 24 33
8 24 34
8 24 40
8 24 41
8 24 45
8 24 52
8 24 60
8 37 7
8 37 9
8 37 16
8 37 17
8 37 18
8 37 19
8 37 26
8 37 29
8 37 38
8 37 39
8 37 47
8 37 49
8 37 57
8 37 61
8 37 64
8 37 65
8 37 66
8 37 67
8 37 68
8 37 69
8 37 71
8 37 72
8 37 73
8 37 76
9 24 1
9 24 4
9 24 5
9 24 11
9 24 12
9 24 14
9 24 15
9 24 20
9 24 21
9 24 23
9 24 25
9 24 30
9 24 32
9 24 34
9 24 35
9 24 40
9 24 41
9 24 54
9 24 60
9 24 63
9 24 64
9 24 71
9 24 76
9 24 80
9 24 81
9 24 87
9 24 92
9 24 93
9 24 96
9 24 98
9 37 8
9 37 18
9 37 19
9 37 26
9 37 27
9 37 29
9 37 37
9 37 38
9 37 46
9 37 47
9 37 48
9 37 57
9 37 58
9 37 59
9 37 65
9 37 66
9 37 67
9 37 72
9 37 77
9 37 78
9 37 82
9 37 83
9 37 84
9 37 91
10 24 0
10 24 6
10 24 11
10 24 12
10 24 13
10 24 14
10 24 15
10 24 20
10 24 23
10 24 24
10 24 25
10 24 31
10 24 33
10 24 35
10 24 40
10 24 43
10 24 52
10 24 61
10 24 80
10 37 9
10 37 19
10 37 26
10 37 27
10 37 28
10 37 36
10 37 37
10 37 46
10 37 48
10 37 56
10 37 72
10 37 77
10 37 82
10 37 84
10 37 92
10 37 98
10 37 99
11 24 6
11 24 10
11 24 11
11 24 12
11 24 20
11 24 22
11 24 23
11 24 25
11 24 35
11 24 52
11 24 62
11 24 70
11 24 74
11 24 94
11 37 7
11 37 65
11 37 85
11 37 97
--- Done ---
