0 13 12
0 13 13
0 13 22
0 13 23
0 37 -1
1 8 49
1 10 20
1 10 23
1 13 5
1 13 13
1 13 22
1 13 24
1 13 25
1 13 12
1 13 33
1 37 26
1 37 28
1 37 39
1 37 45
1 37 46
1 37 37
1 52 41
1 52 43
1 78 67
1 78 69
1 78 77
1 78 88
1 81 80
1 81 40
1 81 60
1 81 61
1 84 57
1 84 75
1 84 76
1 84 84
1 84 93
1 84 82
1 84 83
1 84 74
2 8 9
2 8 18
2 10 10
2 13 4
2 13 5
2 13 13
2 13 14
2 13 15
2 13 22
2 13 24
2 13 1
2 13 2
2 13 3
2 13 12
2 13 33
2 13 35
2 13 44
2 13 23
2 37 16
2 37 26
2 37 29
2 37 36
2 37 38
2 37 39
2 37 45
2 37 48
2 37 58
2 37 7
2 37 27
2 37 55
2 52 43
2 52 51
2 52 64
2 52 65
2 52 21
2 52 30
2 52 52
2 52 60
2 52 66
2 52 72
2 52 74
2 78 68
2 78 69
2 78 86
2 78 87
2 78 98
2 81 91
2 81 92
2 84 57
2 84 73
2 84 76
2 84 84
2 84 85
2 84 93
2 84 94
2 84 95
2 84 97
2 84 42
2 84 82
3 8 9
3 8 18
3 8 19
3 8 7
3 8 49
3 10 0
3 10 10
3 10 20
3 10 23
3 13 4
3 13 13
3 13 14
3 13 22
3 13 1
3 13 2
3 13 12
3 13 32
3 13 34
3 13 35
3 13 44
3 37 16
3 37 36
3 37 39
3 37 45
3 37 47
3 37 58
3 37 27
3 37 37
3 48 59
3 48 48
3 48 57
3 52 41
3 52 50
3 52 51
3 52 53
3 52 64
3 52 65
3 52 30
3 52 42
3 52 52
3 52 60
3 52 61
3 52 62
3 52 71
3 52 74
3 78 87
3 78 88
3 78 89
3 78 98
3 78 99
3 78 69
3 78 78
3 78 79
3 78 96
3 81 70
3 81 80
3 81 90
3 81 92
3 81 40
3 81 81
3 81 82
3 81 83
3 84 75
3 84 85
3 84 94
4 8 6
4 8 9
4 8 18
4 8 19
4 8 7
4 8 49
4 10 0
4 10 10
4 10 20
4 10 23
4 13 4
4 13 5
4 13 13
4 13 15
4 13 22
4 13 24
4 13 25
4 13 2
4 13 12
4 13 31
4 13 33
4 13 34
4 13 35
4 37 16
4 37 26
4 37 28
4 37 29
4 37 36
4 37 38
4 37 39
4 37 46
4 37 47
4 37 55
4 37 58
4 37 27
4 37 37
4 48 59
4 48 48
4 52 41
4 52 50
4 52 51
4 52 53
4 52 54
4 52 63
4 52 65
4 52 21
4 52 30
4 52 42
4 52 60
4 52 61
4 52 62
4 52 66
4 52 71
4 52 74
4 78 77
4 78 86
4 78 87
4 78 88
4 78 89
4 78 98
4 78 99
4 78 68
4 78 78
4 78 79
4 78 96
4 81 70
4 81 80
4 81 90
4 81 40
4 81 81
4 81 82
4 81 83
4 84 73
4 84 76
4 84 84
4 84 93
4 84 94
5 8 8
5 8 9
5 8 18
5 8 19
5 8 7
5 10 0
5 10 10
5 10 20
5 10 40
5 10 23
5 13 13
5 13 14
5 13 15
5 13 22
5 13 24
5 13 25
5 13 1
5 13 2
5 13 3
5 13 11
5 13 12
5 13 31
5 13 32
5 13 33
5 13 35
5 37 16
5 37 26
5 37 28
5 37 29
5 37 36
5 37 38
5 37 39
5 37 45
5 37 46
5 37 47
5 37 55
5 37 56
5 37 27
5 48 59
5 48 48
5 52 41
5 52 43
5 52 50
5 52 51
5 52 53
5 52 63
5 52 64
5 52 65
5 52 21
5 52 42
5 52 44
5 52 52
5 52 62
5 52 66
5 52 71
5 52 72
5 52 74
5 78 86
5 78 87
5 78 88
5 78 98
5 78 99
5 78 68
5 78 78
5 78 79
5 81 70
5 81 90
5 81 91
5 81 81
5 84 73
5 84 75
5 84 76
5 84 84
5 84 85
5 84 93
5 84 94
5 84 95
5 84 97
5 84 57
5 84 82
5 84 83
6 8 6
6 8 8
6 8 9
6 8 18
6 8 19
6 8 7
6 8 49
6 10 0
6 10 20
6 13 4
6 13 5
6 13 13
6 13 14
6 13 15
6 13 22
6 13 24
6 13 25
6 13 2
6 13 3
6 13 11
6 13 12
6 13 32
6 13 33
6 13 34
6 13 35
6 13 44
6 13 23
6 37 16
6 37 26
6 37 29
6 37 36
6 37 38
6 37 39
6 37 46
6 37 47
6 37 55
6 37 56
6 37 58
6 37 17
6 37 27
6 37 37
6 48 59
6 48 48
6 52 41
6 52 43
6 52 50
6 52 54
6 52 64
6 52 65
6 52 21
6 52 30
6 52 52
6 52 60
6 52 61
6 52 62
6 52 66
6 78 77
6 78 87
6 78 88
6 78 89
6 78 98
6 78 67
6 78 69
6 78 78
6 78 79
6 78 96
6 81 70
6 81 80
6 81 90
6 81 92
6 81 40
6 81 81
6 84 75
6 84 76
6 84 84
6 84 85
6 84 93
6 84 94
6 84 97
6 84 42
6 84 57
6 84 82
7 8 6
7 8 8
7 8 9
7 8 18
7 8 19
7 10 0
7 10 10
7 10 20
7 10 40
7 13 4
7 13 5
7 13 13
7 13 22
7 13 24
7 13 3
7 13 11
7 37 16
7 37 37
7 48 59
7 48 28
7 48 29
7 48 38
7 48 45
7 48 47
7 48 48
7 48 56
7 48 69
7 48 17
7 52 41
7 52 43
7 52 50
7 52 51
7 52 53
7 52 54
7 52 64
7 52 65
7 52 21
7 52 32
7 52 34
7 52 42
7 52 44
7 52 52
7 52 60
7 52 61
7 52 66
7 52 23
7 78 77
7 78 86
7 78 87
7 78 88
7 78 89
7 78 98
7 78 78
7 81 70
7 81 90
7 81 91
7 81 92
7 81 81
7 84 73
7 84 76
7 84 84
7 84 93
7 84 95
7 84 97
7 84 55
7 84 82
7 84 83
7 84 72
7 84 74
8 8 6
8 8 9
8 8 18
8 8 19
8 8 7
8 8 49
8 10 0
8 10 10
8 10 20
8 10 21
8 10 30
8 13 4
8 13 14
8 13 22
8 13 24
8 13 1
8 13 11
8 13 12
8 13 31
8 13 32
8 13 33
8 13 34
8 13 23
8 37 16
8 37 26
8 37 29
8 37 38
8 37 39
8 37 45
8 37 47
8 37 17
8 48 -1
8 52 41
8 52 64
8 52 65
8 52 52
8 78 86
8 78 87
8 78 98
8 78 99
8 78 66
8 78 67
8 78 68
8 78 69
8 78 78
8 81 80
8 81 90
8 81 91
8 81 92
8 81 40
8 81 60
8 81 61
8 81 71
8 81 81
8 81 83
8 81 72
8 84 73
8 84 75
8 84 76
8 84 84
8 84 95
8 84 97
8 84 57
9 8 8
9 8 18
9 8 19
9 10 20
9 13 4
9 13 5
9 13 14
9 13 15
9 13 25
9 13 1
9 13 11
9 13 12
9 13 35
9 37 26
9 37 37
9 48 59
9 48 29
9 48 38
9 48 46
9 48 47
9 48 48
9 48 57
9 48 58
9 48 67
9 48 27
9 52 41
9 52 54
9 52 63
9 52 64
9 52 65
9 52 21
9 52 30
9 52 32
9 52 34
9 52 60
9 52 66
9 52 71
9 52 23
9 52 72
9 78 77
9 78 87
9 78 98
9 78 78
9 78 96
9 81 80
9 81 91
9 81 92
9 81 40
9 81 81
9 81 82
9 81 83
9 84 76
9 84 84
9 84 93
10 8 6
10 8 9
10 8 19
10 10 0
10 10 20
10 10 40
10 13 13
10 13 14
10 13 15
10 13 24
10 13 25
10 13 11
10 13 12
10 13 31
10 13 33
10 13 35
10 13 23
10 37 26
10 37 28
10 37 36
10 37 46
10 37 56
10 37 27
10 37 37
10 48 48
10 52 43
10 52 52
10 78 77
10 78 98
10 78 99
10 81 80
10 81 92
10 81 61
10 81 82
10 81 72
10 84 84
11 8 6
11 8 7
11 10 10
11 10 20
11 10 11
11 10 12
11 10 23
11 13 22
11 13 25
11 13 35
11 37 -1
11 48 -1
11 52 65
11 52 52
11 52 62
11 78 -1
11 81 70
11 84 85
11 84 94
11 84 97
11 84 74
--- Done ---
