0 32 12
0 32 13
0 32 22
0 32 23
0 37 -1
1 11 20
1 11 12
1 11 22
1 11 24
1 11 33
1 11 13
1 11 43
1 16 5
1 32 41
1 32 23
1 37 39
1 37 37
1 47 49
1 47 57
1 47 25
1 47 45
1 47 46
1 47 67
1 47 26
1 47 28
1 71 60
1 71 82
1 73 40
1 73 84
1 73 93
1 73 61
1 73 74
1 73 75
1 73 80
1 73 83
1 96 69
1 96 76
1 96 77
1 96 88
2 8 9
2 8 18
2 8 7
2 11 1
2 11 2
2 11 3
2 11 10
2 11 21
2 11 22
2 11 30
2 11 12
2 11 13
2 11 23
2 11 24
2 11 33
2 11 43
2 16 16
2 32 -1
2 34 4
2 34 44
2 34 5
2 34 14
2 34 15
2 34 35
2 34 42
2 37 39
2 37 29
2 47 57
2 47 68
2 47 36
2 47 48
2 47 58
2 47 66
2 47 38
2 47 45
2 47 55
2 47 26
2 47 27
2 71 60
2 71 82
2 71 92
2 71 51
2 73 64
2 73 65
2 73 84
2 73 93
2 73 52
2 73 72
2 73 73
2 73 74
2 73 91
2 96 69
2 96 76
2 96 85
2 96 86
2 96 87
2 96 94
2 96 95
2 96 97
2 96 98
3 8 9
3 8 18
3 8 19
3 8 7
3 11 0
3 11 1
3 11 2
3 11 10
3 11 20
3 11 22
3 11 30
3 11 12
3 11 13
3 16 16
3 32 41
3 32 32
3 34 4
3 34 44
3 34 14
3 34 34
3 34 35
3 34 42
3 34 23
3 34 45
3 37 39
3 37 37
3 47 57
3 47 59
3 47 36
3 47 47
3 47 48
3 47 49
3 47 58
3 47 27
3 71 50
3 71 60
3 71 81
3 71 82
3 71 90
3 71 92
3 71 51
3 71 52
3 71 61
3 71 70
3 71 74
3 71 80
3 71 83
3 71 71
3 73 40
3 73 62
3 73 64
3 73 65
3 73 53
3 73 75
3 96 69
3 96 96
3 97 79
3 97 99
3 97 78
3 97 85
3 97 87
3 97 88
3 97 89
3 97 94
3 97 98
4 8 9
4 8 6
4 8 18
4 8 19
4 8 49
4 11 0
4 11 2
4 11 10
4 11 21
4 11 22
4 11 30
4 11 13
4 11 23
4 11 24
4 16 16
4 32 41
4 34 4
4 34 5
4 34 15
4 34 20
4 34 31
4 34 34
4 34 35
4 34 42
4 34 54
4 34 12
4 34 25
4 34 33
4 34 55
4 34 26
4 37 39
4 37 29
4 37 36
4 37 46
4 37 48
4 37 58
4 37 7
4 37 28
4 37 37
4 37 38
4 37 27
4 47 59
4 47 68
4 47 47
4 71 50
4 71 60
4 71 81
4 71 82
4 71 90
4 71 51
4 71 61
4 71 63
4 71 70
4 71 74
4 71 80
4 71 83
4 71 71
4 73 40
4 73 62
4 73 65
4 73 84
4 73 93
4 73 53
4 73 66
4 73 73
4 96 76
4 96 96
4 97 79
4 97 99
4 97 77
4 97 78
4 97 86
4 97 87
4 97 88
4 97 89
4 97 94
4 97 98
5 8 9
5 8 8
5 8 18
5 8 7
5 11 0
5 11 1
5 11 2
5 11 3
5 11 10
5 11 21
5 11 20
5 11 22
5 11 11
5 11 12
5 11 13
5 11 24
5 11 33
5 11 43
5 16 16
5 32 41
5 32 23
5 32 32
5 34 44
5 34 14
5 34 15
5 34 31
5 34 35
5 34 42
5 37 39
5 37 29
5 47 57
5 47 59
5 47 68
5 47 19
5 47 36
5 47 46
5 47 47
5 47 48
5 47 56
5 47 66
5 47 25
5 47 28
5 47 38
5 47 45
5 47 55
5 47 26
5 47 27
5 71 50
5 71 81
5 71 82
5 71 90
5 71 51
5 71 71
5 73 40
5 73 62
5 73 64
5 73 65
5 73 84
5 73 93
5 73 52
5 73 53
5 73 63
5 73 70
5 73 72
5 73 73
5 73 74
5 73 75
5 73 83
5 73 91
5 96 76
5 96 95
5 96 78
5 96 85
5 96 86
5 96 87
5 96 88
5 96 94
5 96 98
5 97 79
5 97 99
5 97 97
6 8 9
6 8 6
6 8 8
6 8 18
6 8 19
6 8 49
6 11 0
6 11 2
6 11 3
6 11 21
6 11 20
6 11 22
6 11 30
6 11 11
6 11 12
6 11 13
6 11 23
6 11 24
6 11 33
6 11 43
6 16 16
6 32 41
6 32 32
6 34 4
6 34 44
6 34 5
6 34 14
6 34 15
6 34 34
6 34 35
6 34 42
6 34 54
6 34 25
6 37 39
6 37 29
6 37 36
6 37 46
6 37 48
6 37 56
6 37 58
6 37 7
6 37 17
6 37 37
6 37 38
6 37 55
6 37 26
6 37 27
6 47 57
6 47 59
6 47 47
6 47 67
6 71 50
6 71 60
6 71 81
6 71 82
6 71 90
6 71 92
6 71 52
6 71 61
6 71 70
6 71 80
6 73 40
6 73 62
6 73 64
6 73 65
6 73 84
6 73 93
6 73 66
6 73 75
6 96 69
6 96 76
6 96 77
6 96 78
6 96 85
6 96 87
6 96 88
6 96 89
6 96 94
6 96 96
6 96 98
6 97 79
6 97 97
7 8 9
7 8 6
7 8 8
7 8 18
7 8 19
7 8 17
7 11 0
7 11 3
7 11 10
7 11 21
7 11 20
7 11 22
7 11 11
7 11 13
7 11 23
7 11 24
7 16 16
7 32 41
7 32 32
7 34 4
7 34 44
7 34 5
7 34 34
7 34 42
7 34 54
7 34 45
7 34 55
7 37 29
7 37 37
7 47 59
7 47 47
7 47 48
7 47 56
7 47 28
7 47 38
7 71 50
7 71 60
7 71 81
7 71 82
7 71 90
7 71 92
7 71 51
7 73 40
7 73 64
7 73 65
7 73 84
7 73 93
7 73 52
7 73 53
7 73 61
7 73 66
7 73 70
7 73 72
7 73 73
7 73 74
7 73 83
7 73 91
7 73 43
7 96 69
7 96 76
7 96 95
7 96 77
7 96 78
7 96 86
7 96 87
7 96 88
7 96 89
7 96 98
7 97 97
8 8 9
8 8 6
8 8 18
8 8 19
8 8 49
8 8 7
8 8 17
8 11 0
8 11 1
8 11 10
8 11 21
8 11 20
8 11 22
8 11 30
8 11 11
8 11 12
8 11 23
8 11 24
8 11 33
8 16 16
8 32 41
8 32 32
8 34 4
8 34 14
8 34 31
8 34 34
8 34 45
8 34 26
8 37 39
8 37 29
8 47 57
8 47 68
8 47 47
8 47 67
8 47 38
8 71 60
8 71 81
8 71 90
8 71 92
8 71 52
8 71 61
8 71 72
8 71 80
8 71 83
8 71 91
8 71 71
8 73 40
8 73 64
8 73 65
8 73 84
8 73 66
8 73 73
8 73 75
8 96 69
8 96 76
8 96 95
8 96 78
8 96 86
8 96 87
8 96 98
8 97 99
8 97 97
9 8 8
9 8 18
9 8 19
9 11 1
9 11 21
9 11 30
9 11 11
9 16 -1
9 32 41
9 32 32
9 34 4
9 34 5
9 34 14
9 34 15
9 34 20
9 34 34
9 34 35
9 34 54
9 34 12
9 34 23
9 37 29
9 37 37
9 47 57
9 47 59
9 47 46
9 47 47
9 47 48
9 47 58
9 47 66
9 47 67
9 47 25
9 47 38
9 47 26
9 47 27
9 71 60
9 71 81
9 71 82
9 71 92
9 71 71
9 73 40
9 73 64
9 73 65
9 73 84
9 73 93
9 73 63
9 73 72
9 73 80
9 73 83
9 73 91
9 96 76
9 96 77
9 96 78
9 96 87
9 96 96
9 96 98
9 97 -1
10 8 9
10 8 6
10 8 19
10 11 0
10 11 11
10 11 13
10 16 -1
10 32 -1
10 34 14
10 34 15
10 34 20
10 34 31
10 34 35
10 34 12
10 34 23
10 34 24
10 34 25
10 34 33
10 34 26
10 34 43
10 37 37
10 47 36
10 47 46
10 47 48
10 47 56
10 47 28
10 47 27
10 71 82
10 71 92
10 71 52
10 71 61
10 71 72
10 71 80
10 73 40
10 73 84
10 96 -1
10 97 99
10 97 77
10 97 98
11 8 -1
11 11 10
11 11 20
11 11 22
11 11 11
11 11 12
11 11 23
11 16 6
11 16 7
11 16 25
11 32 -1
11 34 35
11 37 -1
11 47 -1
11 71 -1
11 73 62
11 73 65
11 73 52
11 73 70
11 73 74
11 96 85
11 96 94
11 97 97
--- Done ---
