0 13 -1
0 37 12
0 37 13
0 37 22
0 37 23
1 13 5
1 13 12
1 13 13
1 13 20
1 13 22
1 13 23
1 13 24
1 13 25
1 13 33
1 13 40
1 13 41
1 13 60
1 13 61
1 13 80
1 13 93
1 17 -1
1 22 -1
1 23 -1
1 24 -1
1 37 26
1 37 28
1 37 37
1 37 39
1 37 43
1 37 45
1 37 46
1 37 49
1 37 57
1 37 67
1 37 69
1 37 74
1 37 75
1 37 76
1 37 77
1 37 82
1 37 83
1 37 84
1 37 88
1 42 -1
1 48 -1
1 52 -1
1 54 -1
1 82 -1
1 85 -1
1 88 -1
2 13 1
2 13 2
2 13 3
2 13 4
2 13 5
2 13 13
2 16 -1
2 17 7
2 17 15
2 17 16
2 17 18
2 17 26
2 17 27
2 22 9
2 22 10
2 22 12
2 22 21
2 22 22
2 22 30
2 23 23
2 23 33
2 24 14
2 24 24
2 24 35
2 32 -1
2 37 29
2 37 36
2 37 38
2 39 -1
2 42 42
2 42 60
2 43 -1
2 48 39
2 48 48
2 48 57
2 48 58
2 48 68
2 48 69
2 50 -1
2 51 -1
2 52 43
2 52 51
2 52 52
2 53 -1
2 54 44
2 54 45
2 54 55
2 54 64
2 54 65
2 54 66
2 58 -1
2 59 -1
2 73 -1
2 74 -1
2 76 -1
2 77 -1
2 78 -1
2 82 72
2 82 73
2 82 82
2 82 91
2 82 92
2 82 93
2 85 74
2 85 76
2 85 84
2 85 85
2 85 86
2 85 94
2 85 95
2 85 97
2 88 87
2 88 98
2 93 -1
2 94 -1
2 95 -1
3 13 1
3 13 2
3 13 4
3 13 13
3 16 16
3 17 7
3 17 18
3 17 27
3 22 0
3 22 10
3 22 12
3 22 20
3 22 22
3 23 23
3 24 14
3 24 34
3 24 35
3 32 32
3 37 36
3 37 37
3 39 9
3 39 19
3 39 39
3 39 49
3 42 42
3 43 44
3 48 47
3 48 48
3 50 40
3 50 50
3 50 60
3 50 61
3 51 30
3 51 41
3 51 51
3 51 70
3 52 52
3 52 62
3 53 53
3 54 45
3 54 64
3 54 65
3 58 57
3 58 58
3 59 59
3 59 69
3 73 71
3 74 74
3 76 -1
3 77 87
3 78 78
3 78 79
3 78 89
3 82 80
3 82 81
3 82 82
3 82 83
3 82 90
3 85 75
3 85 85
3 88 88
3 88 98
3 88 99
3 93 92
3 94 94
3 95 96
4 13 2
4 13 4
4 13 5
4 13 13
4 16 6
4 16 15
4 16 16
4 17 7
4 17 18
4 17 26
4 17 27
4 22 0
4 22 10
4 22 12
4 22 20
4 22 21
4 22 22
4 23 23
4 23 33
4 24 24
4 24 25
4 24 34
4 24 35
4 32 31
4 37 29
4 37 36
4 37 37
4 37 38
4 39 9
4 39 19
4 39 28
4 39 39
4 39 49
4 42 42
4 43 -1
4 48 47
4 48 48
4 50 40
4 50 50
4 50 60
4 50 61
4 51 30
4 51 41
4 51 51
4 51 70
4 52 62
4 53 53
4 54 46
4 54 54
4 54 63
4 54 65
4 58 58
4 59 59
4 73 71
4 73 73
4 74 55
4 74 74
4 76 66
4 76 76
4 77 77
4 77 87
4 78 68
4 78 78
4 78 79
4 78 89
4 82 80
4 82 81
4 82 82
4 82 83
4 82 90
4 85 86
4 88 88
4 88 98
4 88 99
4 93 84
4 93 93
4 94 94
4 95 96
5 13 1
5 13 2
5 13 3
5 13 13
5 16 15
5 16 16
5 17 7
5 17 8
5 17 18
5 17 26
5 17 27
5 22 0
5 22 10
5 22 11
5 22 12
5 22 20
5 22 21
5 22 22
5 23 23
5 23 33
5 24 14
5 24 24
5 24 25
5 24 35
5 32 31
5 32 32
5 37 29
5 37 36
5 37 38
5 37 56
5 39 9
5 39 19
5 39 28
5 39 39
5 42 42
5 43 43
5 43 44
5 48 47
5 48 48
5 50 40
5 50 50
5 51 41
5 51 51
5 51 70
5 52 52
5 52 62
5 53 53
5 54 45
5 54 46
5 54 63
5 54 64
5 54 65
5 58 57
5 59 59
5 73 71
5 73 73
5 74 55
5 74 74
5 76 66
5 76 76
5 77 87
5 77 97
5 78 68
5 78 78
5 78 79
5 82 72
5 82 81
5 82 82
5 82 83
5 82 90
5 82 91
5 85 75
5 85 85
5 85 86
5 88 88
5 88 98
5 88 99
5 93 84
5 93 93
5 94 94
5 95 95
6 13 2
6 13 3
6 13 4
6 13 5
6 13 13
6 16 6
6 16 15
6 16 16
6 17 7
6 17 8
6 17 17
6 17 18
6 17 26
6 17 27
6 22 0
6 22 11
6 22 12
6 22 20
6 22 21
6 22 22
6 23 23
6 23 33
6 24 14
6 24 24
6 24 25
6 24 34
6 24 35
6 32 32
6 37 29
6 37 36
6 37 37
6 37 38
6 37 56
6 39 9
6 39 19
6 39 39
6 39 49
6 42 42
6 43 43
6 43 44
6 48 47
6 48 48
6 50 40
6 50 50
6 50 60
6 50 61
6 51 30
6 51 41
6 51 70
6 52 52
6 52 62
6 53 -1
6 54 46
6 54 54
6 54 64
6 54 65
6 58 57
6 58 58
6 59 59
6 59 69
6 73 -1
6 74 55
6 76 66
6 76 76
6 77 67
6 77 77
6 77 87
6 77 97
6 78 78
6 78 79
6 78 89
6 82 80
6 82 81
6 82 82
6 82 90
6 85 75
6 85 85
6 88 88
6 88 98
6 93 84
6 93 92
6 93 93
6 94 94
6 95 96
7 13 3
7 13 4
7 13 5
7 13 13
7 16 6
7 16 16
7 17 8
7 17 17
7 17 18
7 22 0
7 22 10
7 22 11
7 22 20
7 22 21
7 22 22
7 23 23
7 24 24
7 24 34
7 32 32
7 37 29
7 37 37
7 37 38
7 37 56
7 39 9
7 39 19
7 39 28
7 42 42
7 43 43
7 43 44
7 48 47
7 48 48
7 50 40
7 50 50
7 50 60
7 50 61
7 51 41
7 51 51
7 51 70
7 52 52
7 53 53
7 54 45
7 54 54
7 54 64
7 54 65
7 58 -1
7 59 59
7 59 69
7 73 73
7 74 55
7 74 74
7 76 66
7 76 76
7 77 77
7 77 87
7 77 97
7 78 78
7 78 89
7 82 72
7 82 81
7 82 82
7 82 83
7 82 90
7 82 91
7 85 86
7 88 88
7 88 98
7 93 84
7 93 92
7 93 93
7 94 -1
7 95 95
8 13 1
8 13 4
8 16 6
8 16 16
8 17 7
8 17 17
8 17 18
8 17 26
8 22 0
8 22 10
8 22 11
8 22 12
8 22 20
8 22 21
8 22 22
8 23 23
8 23 33
8 24 14
8 24 24
8 24 34
8 32 31
8 32 32
8 37 29
8 37 38
8 39 9
8 39 19
8 39 39
8 39 49
8 42 -1
8 43 -1
8 48 47
8 50 40
8 50 60
8 50 61
8 51 30
8 51 41
8 52 52
8 53 -1
8 54 45
8 54 64
8 54 65
8 58 57
8 59 69
8 73 71
8 73 73
8 74 -1
8 76 66
8 76 76
8 77 67
8 77 87
8 77 97
8 78 68
8 78 78
8 82 72
8 82 80
8 82 81
8 82 83
8 82 90
8 82 91
8 85 75
8 85 86
8 88 98
8 88 99
8 93 84
8 93 92
8 94 -1
8 95 95
9 13 1
9 13 4
9 13 5
9 16 15
9 17 8
9 17 18
9 17 26
9 17 27
9 22 11
9 22 12
9 22 20
9 22 21
9 23 23
9 24 14
9 24 25
9 24 34
9 24 35
9 32 32
9 37 29
9 37 37
9 37 38
9 39 19
9 42 -1
9 43 -1
9 48 47
9 48 48
9 50 40
9 50 60
9 51 30
9 51 41
9 52 -1
9 53 -1
9 54 46
9 54 54
9 54 63
9 54 64
9 54 65
9 58 57
9 58 58
9 59 59
9 73 71
9 74 -1
9 76 66
9 76 76
9 77 67
9 77 77
9 77 87
9 78 78
9 82 72
9 82 80
9 82 81
9 82 82
9 82 83
9 82 91
9 85 -1
9 88 98
9 93 84
9 93 92
9 93 93
9 94 -1
9 95 96
10 13 13
10 16 6
10 16 15
10 17 26
10 17 27
10 22 0
10 22 11
10 22 12
10 22 20
10 23 23
10 23 33
10 24 14
10 24 24
10 24 25
10 24 35
10 32 31
10 37 36
10 37 37
10 37 56
10 39 9
10 39 19
10 39 28
10 42 -1
10 43 43
10 48 48
10 50 40
10 50 61
10 51 -1
10 52 52
10 53 -1
10 54 46
10 58 -1
10 59 -1
10 73 -1
10 74 -1
10 76 -1
10 77 77
10 78 -1
10 82 72
10 82 80
10 82 82
10 85 -1
10 88 98
10 88 99
10 93 84
10 93 92
10 94 -1
10 95 -1
11 13 -1
11 16 6
11 17 7
11 22 10
11 22 11
11 22 12
11 22 20
11 22 22
11 23 23
11 24 25
11 24 35
11 32 -1
11 37 -1
11 39 -1
11 42 -1
11 43 -1
11 48 -1
11 50 -1
11 51 70
11 52 52
11 52 62
11 53 -1
11 54 65
11 58 -1
11 59 -1
11 73 -1
11 74 74
11 76 -1
11 77 97
11 78 -1
11 82 -1
11 85 85
11 88 -1
11 93 -1
11 94 94
11 95 -1
--- Done ---
