0 22 12
0 22 13
0 22 22
0 22 23
0 36 -1
0 37 -1
1 22 5
1 22 12
1 22 13
1 22 20
1 22 22
1 22 33
1 22 40
1 22 41
1 22 43
1 36 23
1 36 49
1 37 24
1 37 25
1 37 26
1 37 28
1 37 37
1 37 39
1 37 45
1 37 46
1 37 57
1 37 67
1 83 60
1 83 61
1 83 74
1 83 75
1 83 76
1 83 80
1 83 82
1 83 83
1 83 84
1 83 93
1 88 69
1 88 77
1 88 88
2 22 1
2 22 2
2 22 3
2 22 5
2 22 9
2 22 10
2 22 12
2 22 14
2 22 21
2 22 22
2 22 23
2 22 30
2 22 33
2 22 42
2 22 43
2 22 44
2 22 52
2 36 4
2 36 13
2 36 26
2 36 29
2 36 36
2 36 38
2 36 66
2 36 68
2 37 7
2 37 15
2 37 16
2 37 18
2 37 24
2 37 27
2 37 35
2 37 39
2 37 45
2 37 57
2 37 58
2 83 51
2 83 55
2 83 60
2 83 64
2 83 65
2 83 72
2 83 73
2 83 74
2 83 76
2 83 82
2 83 84
2 83 91
2 83 92
2 83 93
2 83 94
2 88 48
2 88 69
2 88 85
2 88 86
2 88 87
2 88 95
2 88 97
2 88 98
3 22 0
3 22 1
3 22 2
3 22 4
3 22 9
3 22 10
3 22 12
3 22 13
3 22 14
3 22 20
3 22 22
3 22 30
3 22 34
3 22 40
3 22 41
3 36 7
3 36 19
3 36 23
3 36 32
3 36 35
3 36 36
3 36 44
3 36 45
3 36 47
3 36 49
3 37 16
3 37 18
3 37 27
3 37 37
3 37 39
3 37 42
3 37 48
3 37 57
3 37 58
3 37 59
3 83 50
3 83 51
3 83 52
3 83 53
3 83 60
3 83 61
3 83 62
3 83 64
3 83 70
3 83 71
3 83 74
3 83 80
3 83 81
3 83 82
3 83 83
3 83 90
3 83 92
3 83 94
3 88 65
3 88 69
3 88 75
3 88 78
3 88 79
3 88 85
3 88 87
3 88 88
3 88 89
3 88 96
3 88 98
3 88 99
4 22 0
4 22 2
4 22 9
4 22 10
4 22 12
4 22 20
4 22 21
4 22 22
4 22 23
4 22 31
4 22 40
4 22 41
4 36 4
4 36 5
4 36 6
4 36 13
4 36 15
4 36 25
4 36 28
4 36 30
4 36 33
4 36 34
4 36 35
4 36 36
4 36 49
4 36 54
4 36 66
4 37 7
4 37 16
4 37 18
4 37 19
4 37 24
4 37 26
4 37 27
4 37 29
4 37 37
4 37 38
4 37 39
4 37 42
4 37 46
4 37 47
4 37 48
4 37 55
4 37 59
4 37 68
4 83 50
4 83 51
4 83 53
4 83 60
4 83 61
4 83 62
4 83 63
4 83 70
4 83 71
4 83 73
4 83 74
4 83 76
4 83 80
4 83 81
4 83 82
4 83 83
4 83 84
4 83 90
4 83 93
4 83 94
4 88 58
4 88 65
4 88 77
4 88 78
4 88 79
4 88 86
4 88 87
4 88 88
4 88 89
4 88 96
4 88 98
4 88 99
5 22 0
5 22 1
5 22 2
5 22 9
5 22 10
5 22 11
5 22 12
5 22 14
5 22 20
5 22 21
5 22 22
5 22 31
5 22 33
5 22 40
5 22 41
5 22 43
5 22 44
5 22 51
5 36 3
5 36 13
5 36 19
5 36 23
5 36 32
5 36 36
5 36 66
5 37 7
5 37 8
5 37 15
5 37 16
5 37 18
5 37 24
5 37 25
5 37 26
5 37 27
5 37 28
5 37 29
5 37 35
5 37 39
5 37 42
5 37 46
5 37 47
5 37 56
5 83 50
5 83 52
5 83 53
5 83 55
5 83 62
5 83 63
5 83 64
5 83 70
5 83 71
5 83 72
5 83 73
5 83 74
5 83 81
5 83 82
5 83 83
5 83 84
5 83 90
5 83 91
5 83 93
5 83 94
5 88 38
5 88 45
5 88 48
5 88 57
5 88 59
5 88 65
5 88 68
5 88 75
5 88 76
5 88 78
5 88 79
5 88 85
5 88 86
5 88 87
5 88 88
5 88 95
5 88 97
5 88 98
5 88 99
6 22 0
6 22 2
6 22 9
6 22 11
6 22 12
6 22 13
6 22 14
6 22 20
6 22 21
6 22 22
6 22 23
6 22 30
6 22 32
6 22 40
6 22 41
6 22 43
6 22 44
6 22 46
6 22 52
6 22 54
6 36 3
6 36 4
6 36 5
6 36 6
6 36 7
6 36 8
6 36 16
6 36 19
6 36 33
6 36 34
6 36 35
6 36 36
6 36 47
6 36 49
6 36 66
6 37 15
6 37 17
6 37 18
6 37 24
6 37 25
6 37 26
6 37 27
6 37 29
6 37 37
6 37 39
6 37 42
6 37 48
6 37 55
6 37 56
6 37 57
6 37 58
6 37 59
6 37 67
6 83 50
6 83 60
6 83 61
6 83 62
6 83 64
6 83 65
6 83 70
6 83 75
6 83 76
6 83 80
6 83 81
6 83 82
6 83 84
6 83 85
6 83 90
6 83 92
6 83 93
6 83 94
6 83 96
6 88 38
6 88 69
6 88 77
6 88 78
6 88 79
6 88 87
6 88 88
6 88 89
6 88 97
6 88 98
7 22 0
7 22 3
7 22 5
7 22 9
7 22 10
7 22 11
7 22 20
7 22 21
7 22 22
7 22 40
7 22 41
7 22 43
7 22 51
7 22 52
7 22 53
7 22 64
7 22 73
7 36 4
7 36 6
7 36 13
7 36 17
7 36 23
7 36 29
7 36 32
7 36 34
7 36 38
7 36 44
7 36 45
7 36 47
7 36 54
7 36 66
7 37 8
7 37 16
7 37 18
7 37 19
7 37 24
7 37 28
7 37 37
7 37 42
7 37 48
7 37 55
7 37 56
7 37 59
7 83 50
7 83 60
7 83 61
7 83 70
7 83 72
7 83 74
7 83 76
7 83 81
7 83 82
7 83 83
7 83 84
7 83 90
7 83 91
7 83 92
7 83 93
7 88 65
7 88 69
7 88 77
7 88 78
7 88 86
7 88 87
7 88 88
7 88 89
7 88 95
7 88 97
7 88 98
8 22 0
8 22 1
8 22 9
8 22 10
8 22 11
8 22 12
8 22 20
8 22 21
8 22 22
8 22 31
8 22 40
8 22 41
8 22 60
8 22 64
8 22 73
8 36 4
8 36 6
8 36 14
8 36 23
8 36 30
8 36 32
8 36 33
8 36 34
8 36 49
8 36 66
8 37 7
8 37 16
8 37 17
8 37 18
8 37 19
8 37 24
8 37 26
8 37 29
8 37 38
8 37 39
8 37 45
8 37 47
8 37 57
8 37 67
8 37 68
8 83 52
8 83 61
8 83 65
8 83 71
8 83 72
8 83 75
8 83 76
8 83 80
8 83 81
8 83 83
8 83 84
8 83 90
8 83 91
8 83 92
8 83 95
8 88 69
8 88 78
8 88 86
8 88 87
8 88 97
8 88 98
8 88 99
9 22 1
9 22 11
9 22 12
9 22 20
9 22 21
9 22 23
9 22 40
9 22 41
9 22 60
9 22 64
9 36 4
9 36 5
9 36 14
9 36 30
9 36 32
9 36 34
9 36 46
9 36 54
9 36 66
9 37 8
9 37 15
9 37 18
9 37 19
9 37 25
9 37 26
9 37 27
9 37 29
9 37 35
9 37 37
9 37 38
9 37 47
9 37 48
9 37 57
9 37 58
9 37 59
9 37 67
9 83 63
9 83 65
9 83 71
9 83 72
9 83 76
9 83 80
9 83 81
9 83 82
9 83 83
9 83 84
9 83 91
9 83 92
9 83 93
9 88 77
9 88 78
9 88 87
9 88 96
9 88 98
10 22 0
10 22 9
10 22 11
10 22 12
10 22 13
10 22 14
10 22 20
10 22 23
10 22 31
10 22 40
10 22 43
10 22 52
10 36 6
10 36 33
10 36 36
10 36 46
10 37 15
10 37 19
10 37 24
10 37 25
10 37 26
10 37 27
10 37 28
10 37 35
10 37 37
10 37 48
10 37 56
10 83 61
10 83 72
10 83 80
10 83 82
10 83 84
10 83 92
10 88 77
10 88 98
10 88 99
11 22 10
11 22 11
11 22 12
11 22 20
11 22 22
11 36 6
11 36 23
11 36 65
11 37 7
11 37 25
11 37 35
11 83 52
11 83 62
11 83 70
11 83 74
11 83 85
11 83 94
11 88 97
--- Done ---
