0 13 12
0 13 13
0 13 22
0 13 23
0 37 24
1 13 6
1 13 23
1 13 34
1 22 4
1 22 9
1 22 12
1 22 20
1 22 22
1 22 30
1 22 32
1 22 33
1 22 40
1 22 43
1 22 51
1 37 8
1 37 15
1 37 17
1 37 24
1 37 26
1 37 28
1 37 35
1 37 37
1 37 38
1 37 39
1 37 45
1 37 46
1 37 48
1 37 55
1 37 56
1 37 59
1 37 68
1 72 54
1 72 61
1 72 62
1 72 71
1 72 72
1 72 73
1 72 74
1 72 81
1 72 90
1 72 91
1 72 94
1 78 66
1 78 76
1 78 86
1 78 96
1 78 97
1 78 98
2 13 6
2 13 12
2 13 13
2 13 32
2 22 0
2 22 2
2 22 3
2 22 5
2 22 10
2 22 11
2 22 64
2 22 73
2 37 19
2 37 24
2 37 25
2 37 26
2 37 36
2 37 37
2 37 38
2 37 46
2 37 48
2 37 55
2 37 57
2 37 67
2 72 50
2 72 62
2 72 63
2 72 66
2 72 74
2 72 83
2 72 90
2 72 91
2 72 92
2 72 93
2 72 94
2 78 69
2 78 78
2 78 79
2 78 86
2 78 87
2 78 95
2 78 97
3 22 1
3 22 9
3 22 21
3 22 22
3 22 23
3 22 31
3 22 33
3 22 43
3 22 51
3 22 54
3 22 64
3 37 7
3 37 8
3 37 15
3 37 16
3 37 18
3 37 24
3 37 25
3 37 27
3 37 36
3 37 37
3 37 45
3 37 47
3 37 68
3 72 50
3 72 61
3 72 62
3 72 65
3 72 66
3 72 72
3 72 73
3 72 75
3 72 80
3 72 82
3 72 83
3 72 84
3 72 90
3 72 93
3 72 94
3 78 86
3 78 88
3 78 89
3 78 97
3 78 98
4 21 2
4 21 3
4 21 4
4 21 5
4 21 6
4 21 11
4 21 12
4 21 14
4 21 20
4 21 22
4 21 34
4 37 15
4 37 25
4 37 26
4 37 27
4 37 29
4 37 35
4 37 39
4 37 46
4 37 47
4 37 48
4 37 56
4 37 57
4 37 67
4 61 43
4 61 44
4 61 51
4 61 52
4 61 53
4 61 61
4 61 62
4 61 63
4 61 72
4 61 74
4 61 80
4 61 84
4 61 91
4 85 64
4 85 65
4 85 73
4 85 75
4 85 83
4 85 85
4 85 87
4 85 88
4 85 92
4 85 98
5 21 0
5 21 1
5 21 3
5 21 5
5 21 11
5 21 12
5 21 22
5 21 30
5 21 31
5 21 32
5 37 7
5 37 15
5 37 16
5 37 18
5 37 24
5 37 25
5 37 26
5 37 28
5 37 29
5 37 36
5 37 39
5 37 42
5 37 45
5 37 46
5 37 47
5 37 67
5 61 44
5 61 53
5 61 62
5 61 71
5 61 73
5 61 82
5 61 84
5 85 54
5 85 64
5 85 65
5 85 75
5 85 76
5 85 77
5 85 79
5 85 85
5 85 93
5 85 94
5 85 96
5 85 98
6 22 0
6 22 1
6 22 4
6 22 5
6 22 11
6 22 20
6 22 22
6 22 31
6 22 40
6 22 43
6 22 44
6 22 53
6 22 60
6 37 7
6 37 15
6 37 16
6 37 17
6 37 18
6 37 19
6 37 25
6 37 28
6 37 29
6 37 35
6 37 39
6 37 47
6 37 48
6 37 55
6 37 57
6 37 58
6 37 67
6 37 68
6 56 56
6 56 66
6 56 74
6 56 76
6 56 77
6 56 78
6 56 92
6 56 98
6 83 62
6 83 70
6 83 72
6 83 81
6 83 82
6 83 85
6 83 90
6 83 95
7 22 3
7 22 12
7 22 14
7 22 20
7 22 22
7 22 30
7 22 33
7 22 34
7 22 43
7 22 51
7 22 53
7 22 64
7 37 7
7 37 8
7 37 16
7 37 17
7 37 18
7 37 19
7 37 24
7 37 26
7 37 27
7 37 28
7 37 36
7 37 38
7 37 42
7 37 46
7 37 47
7 37 48
7 37 55
7 37 68
7 56 56
7 56 86
7 57 6
7 57 49
7 57 67
7 57 69
7 57 74
7 57 76
7 57 78
7 57 89
7 83 50
7 83 61
7 83 62
7 83 71
7 83 72
7 83 73
7 83 81
7 83 90
7 83 92
7 83 93
7 83 94
7 83 95
8 22 0
8 22 1
8 22 2
8 22 3
8 22 5
8 22 12
8 22 20
8 22 22
8 22 30
8 22 32
8 22 34
8 22 40
8 22 43
8 22 51
8 22 54
8 22 64
8 37 7
8 37 16
8 37 18
8 37 24
8 37 25
8 37 29
8 37 35
8 37 36
8 37 45
8 37 46
8 37 47
8 37 59
8 57 57
8 57 65
8 57 67
8 57 76
8 61 63
8 61 70
8 61 74
8 61 90
8 61 91
8 69 49
8 69 66
8 69 69
8 69 75
8 69 78
8 69 87
8 69 89
8 69 96
8 69 97
9 22 0
9 22 1
9 22 2
9 22 9
9 22 11
9 22 12
9 22 13
9 22 14
9 22 21
9 22 23
9 22 30
9 22 31
9 22 33
9 22 34
9 22 43
9 22 44
9 22 52
9 22 54
9 37 15
9 37 18
9 37 24
9 37 25
9 37 26
9 37 28
9 37 35
9 37 39
9 37 42
9 37 45
9 37 46
9 37 47
9 37 48
9 37 55
9 37 57
9 37 68
9 61 53
9 61 63
9 61 70
9 61 72
9 61 80
9 61 81
9 61 82
9 61 84
9 61 90
9 69 49
9 69 75
9 69 77
9 69 78
9 69 88
9 69 89
9 69 98
--- Done ---
