0 32 12
0 32 13
0 32 22
0 32 23
0 37 -1
1 13 5
1 13 12
1 13 13
1 13 20
1 13 22
1 13 25
1 13 26
1 13 24
1 32 23
1 32 33
1 37 28
1 37 37
1 37 39
1 73 60
1 73 80
1 73 82
1 73 83
1 73 84
1 73 93
1 73 40
1 73 41
1 73 43
1 73 61
1 73 74
1 73 45
1 73 75
1 79 49
1 79 69
1 79 76
1 79 77
1 79 88
1 79 46
1 79 57
1 79 67
2 6 9
2 6 5
2 6 7
2 6 14
2 6 16
2 6 18
2 6 27
2 6 29
2 6 36
2 6 55
2 6 3
2 6 4
2 6 12
2 6 15
2 6 23
2 6 26
2 13 1
2 13 2
2 13 13
2 32 10
2 32 30
2 32 51
2 32 21
2 32 22
2 32 33
2 32 35
2 32 42
2 32 24
2 37 38
2 37 39
2 73 52
2 73 60
2 73 66
2 73 72
2 73 73
2 73 82
2 73 84
2 73 85
2 73 91
2 73 92
2 73 93
2 73 94
2 73 95
2 73 64
2 73 65
2 73 74
2 73 43
2 73 44
2 73 45
2 79 69
2 79 76
2 79 86
2 79 87
2 79 97
2 79 98
2 79 48
2 79 57
2 79 58
2 79 68
3 6 9
3 6 7
3 6 16
3 6 18
3 6 19
3 6 27
3 6 36
3 13 0
3 13 1
3 13 2
3 13 14
3 13 20
3 13 22
3 13 4
3 13 12
3 13 13
3 13 35
3 13 42
3 13 44
3 32 30
3 32 10
3 32 40
3 32 41
3 32 51
3 32 53
3 32 64
3 32 65
3 32 23
3 32 32
3 32 34
3 37 39
3 37 37
3 37 45
3 70 90
3 70 50
3 70 52
3 70 60
3 70 70
3 70 80
3 70 81
3 70 82
3 70 83
3 70 92
3 70 61
3 70 62
3 70 71
3 70 74
3 73 85
3 73 94
3 79 49
3 79 69
3 79 78
3 79 79
3 79 87
3 79 88
3 79 89
3 79 98
3 79 99
3 79 47
3 79 48
3 79 57
3 79 58
3 79 59
3 79 96
3 79 75
4 6 9
4 6 6
4 6 23
4 6 46
4 6 68
4 13 0
4 13 2
4 13 5
4 13 20
4 13 21
4 13 22
4 13 31
4 13 33
4 13 4
4 13 12
4 13 13
4 13 34
4 13 42
4 13 24
4 32 30
4 37 38
4 37 39
4 37 7
4 37 16
4 37 18
4 37 19
4 37 27
4 37 28
4 37 29
4 37 36
4 37 37
4 37 47
4 37 48
4 37 55
4 37 58
4 37 59
4 37 15
4 37 25
4 37 26
4 37 35
4 70 90
4 70 10
4 70 51
4 70 70
4 70 63
4 70 71
4 70 74
4 73 66
4 73 93
4 73 94
4 73 40
4 73 41
4 73 50
4 73 53
4 73 54
4 73 60
4 73 65
4 73 73
4 73 80
4 73 81
4 73 82
4 73 83
4 73 84
4 73 96
4 73 61
4 73 62
4 79 49
4 79 76
4 79 77
4 79 78
4 79 79
4 79 86
4 79 87
4 79 88
4 79 89
4 79 98
4 79 99
5 6 9
5 6 23
5 6 24
5 13 0
5 13 1
5 13 2
5 13 11
5 13 14
5 13 20
5 13 21
5 13 22
5 13 31
5 13 33
5 13 3
5 13 12
5 13 13
5 13 15
5 13 25
5 13 26
5 32 32
5 32 44
5 37 38
5 37 39
5 37 7
5 37 8
5 37 16
5 37 18
5 37 19
5 37 27
5 37 28
5 37 29
5 37 36
5 37 55
5 37 56
5 37 57
5 37 59
5 37 35
5 37 42
5 37 46
5 37 68
5 70 90
5 70 10
5 70 51
5 70 70
5 70 63
5 70 71
5 70 74
5 73 66
5 73 85
5 73 93
5 73 94
5 73 95
5 73 40
5 73 41
5 73 50
5 73 52
5 73 53
5 73 64
5 73 65
5 73 72
5 73 73
5 73 81
5 73 82
5 73 83
5 73 84
5 73 91
5 73 43
5 73 45
5 73 62
5 79 76
5 79 78
5 79 79
5 79 86
5 79 87
5 79 88
5 79 97
5 79 98
5 79 99
5 79 47
5 79 48
5 79 75
6 6 9
6 6 5
6 6 6
6 6 14
6 6 24
6 6 34
6 13 0
6 13 2
6 13 11
6 13 20
6 13 21
6 13 22
6 13 33
6 13 15
6 13 25
6 13 26
6 13 35
6 13 42
6 13 3
6 13 4
6 13 12
6 13 13
6 13 23
6 32 30
6 32 32
6 37 38
6 37 39
6 37 7
6 37 8
6 37 16
6 37 17
6 37 18
6 37 19
6 37 27
6 37 29
6 37 36
6 37 37
6 37 47
6 37 48
6 37 55
6 37 56
6 37 57
6 37 58
6 37 67
6 70 90
6 70 70
6 70 61
6 70 62
6 73 66
6 73 85
6 73 93
6 73 94
6 73 40
6 73 41
6 73 50
6 73 52
6 73 54
6 73 60
6 73 64
6 73 65
6 73 80
6 73 81
6 73 82
6 73 84
6 73 92
6 73 96
6 73 43
6 73 44
6 79 49
6 79 69
6 79 76
6 79 77
6 79 78
6 79 79
6 79 87
6 79 88
6 79 89
6 79 97
6 79 98
6 79 59
6 79 46
6 79 75
7 6 9
7 6 5
7 6 6
7 6 8
7 6 16
7 6 17
7 6 18
7 6 19
7 6 28
7 6 29
7 6 55
7 6 43
7 6 3
7 6 4
7 6 23
7 6 34
7 6 24
7 13 0
7 13 11
7 13 20
7 13 21
7 13 22
7 13 44
7 13 13
7 13 42
7 32 32
7 37 38
7 37 37
7 37 45
7 70 90
7 70 10
7 70 51
7 70 70
7 70 91
7 70 92
7 70 61
7 70 74
7 73 66
7 73 93
7 73 95
7 73 40
7 73 41
7 73 50
7 73 52
7 73 53
7 73 54
7 73 56
7 73 60
7 73 64
7 73 65
7 73 72
7 73 73
7 73 81
7 73 82
7 73 83
7 73 84
7 79 69
7 79 76
7 79 77
7 79 78
7 79 86
7 79 87
7 79 88
7 79 89
7 79 97
7 79 98
7 79 47
7 79 48
7 79 59
8 6 9
8 6 6
8 6 7
8 6 16
8 6 17
8 6 18
8 6 19
8 6 29
8 6 68
8 13 0
8 13 1
8 13 11
8 13 14
8 13 20
8 13 21
8 13 22
8 13 31
8 13 33
8 13 4
8 13 12
8 13 23
8 13 26
8 13 34
8 13 24
8 32 30
8 32 32
8 37 38
8 37 39
8 70 90
8 70 10
8 70 52
8 70 60
8 70 72
8 70 80
8 70 81
8 70 83
8 70 84
8 70 91
8 70 92
8 70 61
8 70 71
8 73 66
8 73 95
8 73 40
8 73 41
8 73 64
8 73 65
8 73 73
8 73 45
8 79 49
8 79 69
8 79 76
8 79 78
8 79 86
8 79 87
8 79 97
8 79 98
8 79 99
8 79 47
8 79 57
8 79 67
8 79 75
9 6 -1
9 13 1
9 13 5
9 13 11
9 13 14
9 13 20
9 13 21
9 13 4
9 13 12
9 13 23
9 13 34
9 32 30
9 32 32
9 37 38
9 37 8
9 37 18
9 37 19
9 37 27
9 37 29
9 37 37
9 37 47
9 37 48
9 37 57
9 37 58
9 37 59
9 37 67
9 37 15
9 37 25
9 37 26
9 37 35
9 37 46
9 70 -1
9 73 66
9 73 93
9 73 40
9 73 41
9 73 54
9 73 60
9 73 64
9 73 65
9 73 72
9 73 80
9 73 81
9 73 82
9 73 83
9 73 84
9 73 91
9 73 92
9 73 96
9 73 63
9 73 71
9 79 76
9 79 77
9 79 78
9 79 87
9 79 98
10 6 9
10 6 6
10 6 14
10 6 19
10 6 27
10 6 28
10 6 36
10 6 12
10 6 15
10 6 23
10 6 25
10 6 26
10 6 43
10 6 46
10 6 24
10 13 0
10 13 11
10 13 20
10 13 31
10 13 33
10 13 13
10 13 35
10 32 -1
10 37 37
10 70 -1
10 73 40
10 73 52
10 73 56
10 73 72
10 73 80
10 73 82
10 73 84
10 73 92
10 73 61
10 79 77
10 79 98
10 79 99
10 79 48
11 6 6
11 6 7
11 6 25
11 13 -1
11 32 10
11 32 11
11 32 20
11 32 22
11 32 65
11 32 12
11 32 23
11 32 35
11 32 62
11 32 74
11 37 -1
11 70 70
11 73 85
11 73 94
11 73 52
11 79 97
--- Done ---
