0 32 -1
0 37 12
0 37 13
0 37 22
0 37 23
1 1 -1
1 7 -1
1 15 -1
1 32 5
1 32 12
1 32 13
1 32 20
1 32 22
1 32 23
1 32 24
1 32 33
1 32 40
1 32 41
1 32 43
1 32 60
1 32 61
1 32 74
1 32 75
1 32 80
1 32 82
1 32 93
1 33 -1
1 37 25
1 37 26
1 37 28
1 37 37
1 37 39
1 37 45
1 37 46
1 37 49
1 37 57
1 37 67
1 37 69
1 37 76
1 37 77
1 37 83
1 37 84
1 37 88
1 42 -1
1 45 -1
1 71 -1
1 76 -1
2 1 1
2 1 2
2 1 10
2 1 12
2 1 13
2 7 7
2 7 9
2 7 16
2 7 18
2 15 4
2 15 5
2 15 14
2 15 15
2 15 24
2 15 26
2 22 -1
2 28 -1
2 32 22
2 33 3
2 33 21
2 33 23
2 33 33
2 33 44
2 37 27
2 37 29
2 37 38
2 37 39
2 37 48
2 37 57
2 37 58
2 39 -1
2 41 -1
2 42 30
2 42 42
2 42 43
2 42 52
2 45 35
2 45 36
2 45 45
2 45 55
2 45 64
2 45 65
2 47 -1
2 48 -1
2 49 -1
2 54 -1
2 60 -1
2 71 51
2 71 60
2 71 72
2 71 73
2 71 74
2 71 82
2 71 91
2 71 92
2 76 66
2 76 68
2 76 69
2 76 76
2 76 84
2 76 85
2 76 86
2 76 87
2 76 93
2 76 94
2 76 95
2 76 97
2 76 98
2 90 -1
2 98 -1
3 1 0
3 1 1
3 1 2
3 7 7
3 7 9
3 7 16
3 15 4
3 15 14
3 22 10
3 22 12
3 22 13
3 22 20
3 22 22
3 22 23
3 28 18
3 28 19
3 28 27
3 32 32
3 33 34
3 37 37
3 39 39
3 41 30
3 41 40
3 41 41
3 41 51
3 41 52
3 42 42
3 42 62
3 45 35
3 45 36
3 45 45
3 47 47
3 47 57
3 48 48
3 48 69
3 48 79
3 49 49
3 49 58
3 49 59
3 54 44
3 54 53
3 54 64
3 54 65
3 54 74
3 60 50
3 60 60
3 60 61
3 60 70
3 71 71
3 71 80
3 71 81
3 71 82
3 71 83
3 76 75
3 76 85
3 76 94
3 76 96
3 90 90
3 90 92
3 98 78
3 98 87
3 98 88
3 98 89
3 98 98
3 98 99
4 1 0
4 1 2
4 7 6
4 7 7
4 7 9
4 7 16
4 15 4
4 15 5
4 15 15
4 15 24
4 15 25
4 15 26
4 22 10
4 22 12
4 22 13
4 22 20
4 22 21
4 22 22
4 22 23
4 28 18
4 28 19
4 28 27
4 28 28
4 28 29
4 28 38
4 32 -1
4 33 33
4 33 34
4 37 37
4 39 39
4 41 30
4 41 31
4 41 40
4 41 41
4 41 51
4 42 42
4 42 62
4 45 35
4 45 36
4 45 46
4 45 55
4 47 47
4 47 68
4 48 48
4 48 79
4 49 49
4 49 58
4 49 59
4 54 53
4 54 54
4 54 63
4 54 65
4 54 74
4 54 84
4 60 50
4 60 60
4 60 61
4 60 70
4 71 71
4 71 73
4 71 80
4 71 81
4 71 82
4 71 83
4 76 66
4 76 76
4 76 77
4 76 86
4 76 93
4 76 94
4 76 96
4 90 90
4 98 78
4 98 87
4 98 88
4 98 89
4 98 98
4 98 99
5 1 0
5 1 1
5 1 2
5 1 11
5 7 7
5 7 8
5 7 9
5 7 16
5 15 14
5 15 15
5 15 24
5 15 25
5 15 26
5 22 10
5 22 12
5 22 13
5 22 20
5 22 21
5 22 22
5 22 23
5 28 18
5 28 19
5 28 27
5 28 28
5 28 29
5 28 38
5 32 32
5 33 3
5 33 33
5 37 56
5 39 39
5 41 31
5 41 40
5 41 41
5 41 51
5 41 52
5 42 42
5 42 43
5 42 62
5 45 35
5 45 36
5 45 45
5 45 46
5 45 55
5 47 47
5 47 57
5 47 68
5 48 48
5 48 79
5 49 59
5 54 44
5 54 53
5 54 63
5 54 64
5 54 65
5 54 74
5 54 84
5 60 50
5 60 70
5 71 71
5 71 72
5 71 73
5 71 81
5 71 82
5 71 83
5 76 66
5 76 75
5 76 76
5 76 85
5 76 86
5 76 93
5 76 94
5 76 95
5 90 90
5 90 91
5 98 78
5 98 87
5 98 88
5 98 97
5 98 98
5 98 99
6 1 0
6 1 2
6 1 11
6 7 6
6 7 7
6 7 8
6 7 9
6 7 16
6 7 17
6 15 4
6 15 5
6 15 14
6 15 15
6 15 24
6 15 25
6 15 26
6 22 12
6 22 13
6 22 20
6 22 21
6 22 22
6 22 23
6 28 18
6 28 19
6 28 27
6 28 29
6 28 38
6 32 32
6 33 3
6 33 33
6 33 34
6 37 37
6 37 56
6 39 39
6 41 30
6 41 40
6 41 41
6 41 52
6 42 42
6 42 43
6 42 62
6 45 35
6 45 36
6 45 46
6 45 55
6 47 47
6 47 57
6 48 48
6 48 69
6 48 79
6 49 49
6 49 58
6 49 59
6 54 44
6 54 54
6 54 64
6 54 65
6 54 84
6 60 50
6 60 60
6 60 61
6 60 70
6 71 80
6 71 81
6 71 82
6 76 66
6 76 67
6 76 75
6 76 76
6 76 77
6 76 85
6 76 93
6 76 94
6 76 96
6 90 90
6 90 92
6 98 78
6 98 87
6 98 88
6 98 89
6 98 97
6 98 98
7 1 0
7 1 11
7 7 6
7 7 8
7 7 9
7 7 16
7 7 17
7 15 4
7 15 5
7 15 24
7 22 10
7 22 13
7 22 20
7 22 21
7 22 22
7 22 23
7 28 18
7 28 19
7 28 28
7 28 29
7 28 38
7 32 32
7 33 3
7 33 34
7 37 37
7 37 56
7 39 -1
7 41 40
7 41 41
7 41 51
7 41 52
7 42 42
7 42 43
7 45 45
7 45 55
7 47 47
7 48 48
7 48 69
7 49 59
7 54 44
7 54 53
7 54 54
7 54 64
7 54 65
7 54 74
7 54 84
7 60 50
7 60 60
7 60 61
7 60 70
7 71 72
7 71 73
7 71 81
7 71 82
7 71 83
7 76 66
7 76 76
7 76 77
7 76 86
7 76 93
7 76 95
7 90 90
7 90 91
7 90 92
7 98 78
7 98 87
7 98 88
7 98 89
7 98 97
7 98 98
8 1 0
8 1 1
8 1 11
8 7 6
8 7 7
8 7 9
8 7 16
8 7 17
8 15 4
8 15 14
8 15 24
8 15 26
8 22 10
8 22 12
8 22 20
8 22 21
8 22 22
8 22 23
8 28 18
8 28 19
8 28 29
8 28 38
8 32 32
8 33 33
8 33 34
8 37 -1
8 39 39
8 41 30
8 41 31
8 41 40
8 41 41
8 41 52
8 42 -1
8 45 45
8 47 47
8 47 57
8 47 68
8 48 69
8 49 49
8 54 64
8 54 65
8 54 84
8 60 60
8 60 61
8 71 71
8 71 72
8 71 73
8 71 80
8 71 81
8 71 83
8 76 66
8 76 67
8 76 75
8 76 76
8 76 86
8 76 95
8 90 90
8 90 91
8 90 92
8 98 78
8 98 87
8 98 97
8 98 98
8 98 99
9 1 1
9 1 11
9 7 8
9 15 4
9 15 5
9 15 14
9 15 15
9 15 25
9 15 26
9 22 12
9 22 20
9 22 21
9 22 23
9 28 18
9 28 19
9 28 27
9 28 29
9 28 38
9 32 32
9 33 34
9 37 37
9 39 -1
9 41 30
9 41 40
9 41 41
9 42 -1
9 45 35
9 45 46
9 47 47
9 47 57
9 48 48
9 49 58
9 49 59
9 54 54
9 54 63
9 54 64
9 54 65
9 54 84
9 60 60
9 71 71
9 71 72
9 71 80
9 71 81
9 71 82
9 71 83
9 76 66
9 76 67
9 76 76
9 76 77
9 76 93
9 76 96
9 90 91
9 90 92
9 98 78
9 98 87
9 98 98
10 1 0
10 1 11
10 7 6
10 7 9
10 15 14
10 15 15
10 15 24
10 15 25
10 15 26
10 22 12
10 22 13
10 22 20
10 22 23
10 28 19
10 28 27
10 28 28
10 32 -1
10 33 33
10 37 37
10 37 56
10 39 -1
10 41 31
10 41 40
10 41 52
10 42 43
10 45 35
10 45 36
10 45 46
10 47 -1
10 48 48
10 49 -1
10 54 84
10 60 61
10 71 72
10 71 80
10 71 82
10 76 77
10 90 92
10 98 98
10 98 99
11 1 11
11 7 6
11 7 7
11 15 25
11 22 10
11 22 12
11 22 20
11 22 22
11 22 23
11 28 -1
11 32 -1
11 33 -1
11 37 -1
11 39 -1
11 41 52
11 42 62
11 45 35
11 47 -1
11 48 -1
11 49 -1
11 54 65
11 54 74
11 60 70
11 71 -1
11 76 85
11 76 94
11 90 -1
11 98 97
--- Done ---
