0 2 -1
0 45 16
0 45 26
0 45 27
0 45 37
0 45 36
1 2 0
1 2 1
1 2 21
1 2 30
1 2 2
1 45 26
1 45 27
1 45 38
1 45 49
1 45 3
1 45 10
1 45 35
1 45 36
1 45 37
1 45 46
1 45 52
1 45 64
1 45 72
1 74 80
1 74 89
1 74 91
1 74 96
1 74 98
1 74 99
1 74 11
1 74 47
1 74 78
1 74 97
1 74 33
1 74 53
1 74 54
2 2 0
2 2 21
2 2 30
2 2 10
2 2 13
2 2 41
2 2 36
2 28 9
2 28 6
2 28 17
2 28 18
2 28 26
2 28 27
2 28 28
2 28 29
2 28 49
2 28 5
2 28 14
2 28 35
2 45 69
2 74 81
2 74 89
2 74 90
2 74 91
2 74 96
2 74 98
2 74 99
2 74 44
2 74 52
2 74 55
2 74 70
2 74 73
2 74 74
2 74 75
2 74 86
2 74 87
2 74 94
2 74 22
2 74 31
2 74 37
2 74 46
2 74 47
2 74 65
2 74 66
2 74 51
2 74 53
3 2 20
3 2 2
3 2 4
3 2 10
3 2 12
3 28 7
3 28 9
3 28 19
3 28 16
3 28 18
3 28 26
3 28 27
3 28 28
3 28 29
3 45 25
3 45 69
3 45 38
3 45 45
3 45 48
3 45 49
3 45 14
3 45 32
3 45 36
3 45 41
3 45 86
3 45 87
3 45 94
3 45 97
3 45 22
3 45 31
3 45 33
3 45 51
3 45 54
3 74 50
3 74 60
3 74 81
3 74 89
3 74 90
3 74 91
3 74 96
3 74 98
3 74 99
3 74 59
3 74 35
3 74 37
3 74 43
3 74 46
3 74 47
3 74 57
3 74 58
3 74 62
3 74 64
3 74 67
3 74 70
3 74 73
3 74 74
3 74 75
3 74 76
3 74 78
4 2 30
4 2 1
4 2 21
4 2 22
4 2 23
4 2 33
4 14 26
4 14 27
4 14 38
4 14 41
4 14 52
4 14 63
4 14 56
4 28 19
4 28 7
4 28 29
4 28 39
4 28 48
4 28 49
4 28 79
4 28 43
4 28 65
4 28 34
4 28 36
4 45 69
4 45 87
4 45 94
4 45 97
4 45 4
4 45 12
4 45 13
4 45 16
4 45 17
4 45 18
4 45 24
4 45 37
4 45 45
4 45 54
4 45 57
4 45 58
4 45 66
4 45 67
4 45 77
4 45 35
4 74 60
4 74 61
4 74 80
4 74 82
4 74 83
4 74 89
4 74 90
4 74 92
4 74 93
4 74 96
4 74 98
4 74 99
4 74 55
4 74 59
4 74 64
4 74 72
4 74 73
4 74 74
4 74 75
4 74 76
4 74 78
4 74 84
4 74 85
4 74 86
4 74 51
5 2 30
5 2 0
5 2 1
5 2 20
5 2 11
5 2 2
5 2 4
5 2 10
5 2 12
5 2 22
5 2 23
5 2 24
5 14 63
5 14 26
5 14 33
5 14 41
5 14 53
5 14 65
5 14 14
5 14 15
5 14 36
5 28 9
5 28 19
5 28 7
5 28 28
5 28 39
5 28 48
5 28 59
5 28 68
5 28 77
5 28 79
5 28 6
5 28 16
5 28 18
5 28 27
5 28 38
5 28 43
5 28 45
5 28 47
5 28 42
5 45 69
5 45 70
5 45 72
5 45 73
5 45 74
5 45 75
5 45 76
5 45 78
5 45 85
5 45 94
5 45 95
5 45 97
5 45 37
5 45 40
5 45 44
5 45 51
5 45 52
5 45 54
5 45 57
5 45 58
5 74 60
5 74 61
5 74 71
5 74 80
5 74 81
5 74 82
5 74 83
5 74 88
5 74 89
5 74 90
5 74 91
5 74 92
5 74 93
5 74 96
5 74 98
5 74 99
5 74 50
5 74 64
6 2 30
6 2 0
6 2 20
6 2 51
6 14 -1
6 28 8
6 28 19
6 28 7
6 28 28
6 28 29
6 28 39
6 28 48
6 28 79
6 28 57
6 28 58
6 28 66
6 28 67
6 28 68
6 28 77
6 28 16
6 28 18
6 28 56
6 28 65
6 28 5
6 28 15
6 28 42
6 45 69
6 45 25
6 45 40
6 45 44
6 45 52
6 45 63
6 45 10
6 45 12
6 45 13
6 45 22
6 45 23
6 45 24
6 45 26
6 45 33
6 45 35
6 45 38
6 45 41
6 45 45
6 45 46
6 45 47
6 74 60
6 74 71
6 74 81
6 74 83
6 74 88
6 74 89
6 74 91
6 74 92
6 74 93
6 74 96
6 74 98
6 74 99
6 74 55
6 74 59
6 74 62
6 74 64
6 74 72
6 74 74
6 74 75
6 74 84
6 74 86
6 74 87
6 74 94
6 74 95
7 2 1
7 2 21
7 2 4
7 2 10
7 2 12
7 2 24
7 2 32
7 2 41
7 2 54
7 2 22
7 2 23
7 2 33
7 2 53
7 14 14
7 28 9
7 28 28
7 28 39
7 28 48
7 28 49
7 28 6
7 28 16
7 28 17
7 28 18
7 28 26
7 28 27
7 28 57
7 28 58
7 28 66
7 28 68
7 28 77
7 28 43
7 28 46
7 28 47
7 28 65
7 28 3
7 28 15
7 28 36
7 28 42
7 45 69
7 45 25
7 45 45
7 45 63
7 74 60
7 74 61
7 74 71
7 74 80
7 74 82
7 74 83
7 74 90
7 74 91
7 74 92
7 74 96
7 74 99
7 74 59
7 74 72
7 74 74
7 74 76
7 74 78
7 74 84
7 74 85
7 74 86
7 74 87
7 74 94
7 74 37
7 74 44
7 74 51
7 74 52
8 2 0
8 2 20
8 2 21
8 2 2
8 2 10
8 2 13
8 2 24
8 2 32
8 2 22
8 2 23
8 2 3
8 2 34
8 2 36
8 14 -1
8 28 8
8 28 9
8 28 19
8 28 7
8 28 29
8 28 48
8 28 49
8 28 16
8 28 18
8 28 27
8 28 56
8 45 69
8 45 25
8 45 45
8 74 60
8 74 80
8 74 88
8 74 89
8 74 90
8 74 91
8 74 93
8 74 96
8 74 98
8 74 99
8 74 55
8 74 59
8 74 75
8 74 76
8 74 78
8 74 86
8 74 87
8 74 95
8 74 11
8 74 44
8 74 51
8 74 57
8 74 58
8 74 63
8 74 67
8 74 68
9 2 30
9 2 0
9 2 21
9 2 12
9 2 13
9 2 24
9 2 41
9 14 -1
9 28 8
9 28 7
9 28 28
9 28 29
9 28 6
9 28 18
9 28 26
9 28 38
9 28 5
9 28 34
9 45 -1
9 74 61
9 74 81
9 74 82
9 74 91
9 74 93
9 74 50
9 74 55
9 74 59
9 74 64
9 74 72
9 74 74
9 74 84
9 74 94
9 74 95
9 74 11
9 74 37
9 74 54
9 74 67
9 74 31
9 74 43
9 74 42
10 2 -1
10 14 24
10 14 41
10 14 14
10 28 8
10 28 28
10 28 49
10 28 79
10 28 6
10 28 16
10 28 15
10 28 34
10 28 36
10 45 -1
10 74 61
10 74 82
10 74 93
10 74 55
10 74 59
10 74 70
10 74 72
10 74 84
10 74 40
10 74 51
10 74 58
10 74 63
10 74 67
10 74 22
10 74 47
10 74 56
11 2 30
11 2 1
11 2 4
11 2 10
11 2 3
11 2 36
11 14 6
11 14 27
11 28 -1
11 45 -1
11 74 98
11 74 73
--- Done ---
