0 2 36
0 4 16
0 4 26
0 4 27
0 4 37
1 2 0
1 2 1
1 2 2
1 2 10
1 2 11
1 2 21
1 2 30
1 2 33
1 2 46
1 2 47
1 2 53
1 2 54
1 2 72
1 2 80
1 2 89
1 2 91
1 2 97
1 2 98
1 2 99
1 4 3
1 4 26
1 4 27
1 4 35
1 4 36
1 4 37
1 4 38
1 4 49
1 4 52
1 4 64
1 4 78
1 4 96
2 2 0
2 2 10
2 2 21
2 2 22
2 2 29
2 2 30
2 2 31
2 2 35
2 2 36
2 2 37
2 2 41
2 2 44
2 2 46
2 2 47
2 2 49
2 2 51
2 2 52
2 2 53
2 2 55
2 2 65
2 2 66
2 2 69
2 2 70
2 2 73
2 2 74
2 2 75
2 4 5
2 4 6
2 4 9
2 4 13
2 4 14
2 4 17
2 4 18
2 4 26
2 4 27
2 4 28
3 2 2
3 2 10
3 2 12
3 2 20
3 2 22
3 2 27
3 2 28
3 2 29
3 2 31
3 2 33
3 2 35
3 2 36
3 2 37
3 2 38
3 2 41
3 2 43
3 2 45
3 2 46
3 2 47
3 2 48
3 2 49
3 2 54
3 4 4
3 4 7
3 4 9
3 4 14
3 4 16
3 4 18
3 4 19
3 4 25
3 4 26
3 4 32
4 2 1
4 2 12
4 2 21
4 2 22
4 2 24
4 2 26
4 2 30
4 2 33
4 4 4
4 4 7
4 4 13
4 4 16
4 4 17
4 4 18
4 4 19
4 4 23
4 4 27
4 4 29
4 4 34
4 4 35
4 4 36
4 4 37
4 4 38
4 4 39
4 4 41
4 4 43
4 4 45
4 4 48
4 4 49
5 2 0
5 2 1
5 2 2
5 2 10
5 2 11
5 2 12
5 2 20
5 2 22
5 2 24
5 2 27
5 2 30
5 2 33
5 2 36
5 2 37
5 2 38
5 2 39
5 2 41
5 2 42
5 2 43
5 2 44
5 2 45
5 4 4
5 4 6
5 4 7
5 4 9
5 4 14
5 4 15
5 4 16
5 4 18
5 4 19
5 4 23
5 4 26
5 4 28
5 4 40
6 2 0
6 2 10
6 2 12
6 2 20
6 2 22
6 2 24
6 2 30
6 2 33
6 2 41
6 2 42
6 2 46
6 2 47
6 2 51
6 2 56
6 2 57
6 2 58
6 2 59
6 2 60
6 2 62
6 4 5
6 4 7
6 4 8
6 4 13
6 4 15
6 4 16
6 4 18
6 4 19
6 4 23
6 4 25
6 4 26
6 4 28
6 4 29
6 4 35
6 4 38
6 4 39
6 4 40
6 4 44
6 4 45
6 4 48
6 4 52
6 4 55
7 2 1
7 2 10
7 2 12
7 2 21
7 2 22
7 2 24
7 2 33
7 2 41
7 2 42
7 2 46
7 2 47
7 2 51
7 2 53
7 2 54
7 2 57
7 2 59
7 2 60
7 2 61
7 2 63
7 2 69
7 2 71
7 2 72
7 2 74
7 2 76
7 2 80
7 4 3
7 4 4
7 4 6
7 4 9
7 4 14
7 4 15
7 4 16
7 4 17
7 4 18
7 4 23
7 4 25
7 4 26
7 4 27
7 4 28
7 4 32
7 4 36
7 4 37
7 4 39
7 4 43
7 4 44
7 4 45
7 4 48
7 4 49
7 4 52
7 4 58
7 4 65
7 4 66
7 4 68
8 2 0
8 2 2
8 2 10
8 2 11
8 2 20
8 2 21
8 2 22
8 2 24
8 2 51
8 2 57
8 2 59
8 2 60
8 2 63
8 2 76
8 2 80
8 2 88
8 2 89
8 2 90
8 2 91
8 2 93
8 2 95
8 2 96
8 2 98
8 2 99
8 4 3
8 4 7
8 4 8
8 4 9
8 4 13
8 4 16
8 4 18
8 4 19
8 4 23
8 4 25
8 4 27
8 4 29
8 4 32
8 4 34
8 4 36
8 4 44
8 4 45
8 4 48
8 4 49
8 4 55
8 4 56
8 4 58
8 4 67
8 4 68
8 4 69
8 4 75
8 4 78
8 4 86
8 4 87
9 2 0
9 2 11
9 2 12
9 2 21
9 2 24
9 2 30
9 2 31
9 2 41
9 2 42
9 2 50
9 2 54
9 2 59
9 2 61
9 2 72
9 2 74
9 2 81
9 2 82
9 2 91
9 2 93
9 4 5
9 4 6
9 4 7
9 4 8
9 4 13
9 4 18
9 4 26
9 4 28
9 4 29
9 4 34
9 4 37
9 4 38
9 4 43
9 4 55
9 4 64
9 4 67
9 4 84
9 4 94
9 4 95
10 2 22
10 2 24
10 2 41
10 2 47
10 2 51
10 2 59
10 2 61
10 2 63
10 2 70
10 2 72
10 2 79
10 2 82
10 2 93
10 4 6
10 4 8
10 4 14
10 4 15
10 4 16
10 4 28
10 4 34
10 4 36
10 4 40
10 4 49
10 4 55
10 4 56
10 4 58
10 4 67
10 4 84
11 2 1
11 2 10
11 2 30
11 2 73
11 2 98
11 4 3
11 4 4
11 4 6
11 4 27
11 4 36
--- Done ---
