0 2 -1
0 36 16
0 36 26
0 36 27
0 36 36
0 36 37
1 2 1
1 2 2
1 2 3
1 2 0
1 2 10
1 2 11
1 2 21
1 36 26
1 36 27
1 36 35
1 36 36
1 36 37
1 36 38
1 36 46
1 36 47
1 36 49
1 36 54
1 36 33
1 36 96
1 40 30
1 40 80
1 74 64
1 74 72
1 74 91
1 74 52
1 74 53
1 88 89
1 88 97
1 88 98
1 88 99
1 88 78
2 2 13
2 2 22
2 2 0
2 2 10
2 2 14
2 2 21
2 2 31
2 2 41
2 29 5
2 29 9
2 29 29
2 29 46
2 29 49
2 36 26
2 36 47
2 36 6
2 36 17
2 36 18
2 36 27
2 36 28
2 36 35
2 36 36
2 36 37
2 40 30
2 74 55
2 74 73
2 74 81
2 74 90
2 74 91
2 74 94
2 74 44
2 74 51
2 74 52
2 74 53
2 74 65
2 74 66
2 74 70
2 74 74
2 74 75
2 74 86
2 74 87
2 74 96
2 88 89
2 88 98
2 88 99
2 88 69
3 2 2
3 2 12
3 2 22
3 29 9
3 29 19
3 29 28
3 29 29
3 29 36
3 29 37
3 29 38
3 29 46
3 29 48
3 29 49
3 29 58
3 36 25
3 36 26
3 36 45
3 36 47
3 36 4
3 36 7
3 36 16
3 36 18
3 36 27
3 36 35
3 40 43
3 40 50
3 40 10
3 40 14
3 40 20
3 40 31
3 40 32
3 40 33
3 40 41
3 40 51
3 40 60
3 40 62
3 40 70
3 74 64
3 74 73
3 74 81
3 74 90
3 74 91
3 74 94
3 74 54
3 74 74
3 88 59
3 88 67
3 88 89
3 88 97
3 88 98
3 88 99
3 88 69
3 88 57
3 88 75
3 88 76
3 88 78
3 88 86
3 88 87
3 88 96
4 2 1
4 2 12
4 2 13
4 2 22
4 2 21
4 2 23
4 2 33
4 2 41
4 29 19
4 29 27
4 29 29
4 29 35
4 29 36
4 29 37
4 29 38
4 29 39
4 29 48
4 29 49
4 36 26
4 36 45
4 36 4
4 36 7
4 36 16
4 36 17
4 36 18
4 36 24
4 36 34
4 40 30
4 40 43
4 40 61
4 40 80
4 74 55
4 74 63
4 74 64
4 74 72
4 74 73
4 74 82
4 74 83
4 74 84
4 74 85
4 74 90
4 74 92
4 74 93
4 74 94
4 74 54
4 74 51
4 74 52
4 74 56
4 74 57
4 74 60
4 74 65
4 74 66
4 74 74
4 74 75
4 74 78
4 88 59
4 88 67
4 88 79
4 88 89
4 88 97
4 88 98
4 88 99
4 88 69
4 88 58
4 88 76
4 88 77
4 88 86
4 88 87
4 88 96
5 2 1
5 2 2
5 2 12
5 2 22
5 2 4
5 2 24
5 8 9
5 8 19
5 8 26
5 8 6
5 8 7
5 8 14
5 8 15
5 8 16
5 8 18
5 8 27
5 8 28
5 8 33
5 29 -1
5 36 45
5 36 47
5 36 37
5 36 38
5 36 48
5 36 54
5 36 36
5 36 39
5 36 58
5 40 30
5 40 40
5 40 43
5 40 50
5 40 61
5 40 71
5 40 80
5 40 0
5 40 10
5 40 11
5 40 20
5 40 23
5 40 60
5 40 70
5 40 42
5 40 41
5 74 63
5 74 64
5 74 72
5 74 73
5 74 81
5 74 82
5 74 83
5 74 85
5 74 90
5 74 91
5 74 92
5 74 93
5 74 94
5 74 95
5 74 44
5 74 51
5 74 52
5 74 53
5 88 59
5 88 68
5 88 79
5 88 89
5 88 97
5 88 98
5 88 99
5 88 74
5 88 75
5 88 76
5 88 78
5 88 88
5 88 57
5 88 65
5 88 69
5 88 77
5 88 96
6 2 12
6 2 13
6 2 22
6 2 0
6 2 10
6 2 20
6 2 23
6 2 24
6 2 15
6 2 41
6 2 42
6 8 5
6 8 8
6 8 19
6 8 25
6 8 26
6 29 29
6 36 45
6 36 47
6 36 35
6 36 38
6 36 46
6 36 48
6 36 69
6 36 7
6 36 16
6 36 18
6 36 28
6 36 39
6 36 56
6 36 57
6 36 58
6 36 65
6 36 66
6 36 77
6 36 33
6 40 30
6 40 40
6 40 71
6 74 55
6 74 63
6 74 64
6 74 72
6 74 81
6 74 83
6 74 84
6 74 91
6 74 92
6 74 93
6 74 94
6 74 95
6 74 44
6 74 51
6 74 52
6 74 60
6 74 62
6 74 74
6 74 75
6 74 86
6 74 87
6 74 96
6 88 59
6 88 67
6 88 68
6 88 79
6 88 89
6 88 98
6 88 99
6 88 88
7 2 1
7 2 12
7 2 22
7 2 3
7 2 4
7 2 10
7 2 21
7 2 23
7 2 24
7 2 14
7 2 15
7 2 32
7 2 41
7 8 9
7 29 -1
7 36 45
7 36 47
7 36 25
7 36 26
7 36 37
7 36 46
7 36 48
7 36 69
7 36 6
7 36 16
7 36 17
7 36 18
7 36 27
7 36 28
7 36 36
7 36 39
7 36 49
7 36 58
7 36 66
7 36 77
7 36 96
7 36 33
7 40 43
7 40 61
7 40 71
7 40 80
7 74 63
7 74 72
7 74 82
7 74 83
7 74 84
7 74 85
7 74 90
7 74 91
7 74 92
7 74 94
7 74 44
7 74 51
7 74 52
7 74 53
7 74 54
7 74 60
7 74 74
7 74 76
7 74 78
7 74 86
7 74 87
7 74 42
7 74 57
7 74 65
7 88 59
7 88 68
7 88 99
8 2 2
8 2 13
8 2 22
8 2 0
8 2 3
8 2 10
8 2 11
8 2 20
8 2 21
8 2 23
8 2 24
8 2 34
8 2 32
8 8 8
8 8 9
8 8 19
8 8 25
8 8 7
8 8 16
8 8 18
8 8 27
8 8 49
8 29 29
8 36 45
8 36 48
8 36 36
8 40 80
8 74 55
8 74 63
8 74 90
8 74 91
8 74 93
8 74 95
8 74 44
8 74 51
8 74 60
8 74 75
8 74 76
8 74 78
8 74 86
8 74 87
8 74 56
8 74 57
8 74 96
8 88 59
8 88 67
8 88 68
8 88 89
8 88 98
8 88 99
8 88 69
8 88 88
8 88 58
9 2 12
9 2 13
9 2 24
9 2 34
9 8 5
9 8 8
9 8 26
9 8 6
9 8 7
9 8 18
9 8 28
9 29 29
9 36 37
9 36 38
9 40 30
9 40 43
9 40 50
9 40 61
9 40 0
9 40 11
9 40 21
9 40 31
9 40 41
9 74 55
9 74 64
9 74 72
9 74 81
9 74 82
9 74 84
9 74 91
9 74 93
9 74 94
9 74 95
9 74 54
9 74 74
9 74 42
9 88 59
9 88 67
10 2 22
10 8 8
10 29 -1
10 36 47
10 36 24
10 36 34
10 36 6
10 36 15
10 36 16
10 36 28
10 36 36
10 36 41
10 36 49
10 36 56
10 36 58
10 40 40
10 40 61
10 40 14
10 74 55
10 74 63
10 74 72
10 74 82
10 74 84
10 74 93
10 74 51
10 74 70
10 88 59
10 88 67
10 88 79
11 2 1
11 2 3
11 2 4
11 2 10
11 8 6
11 8 27
11 29 -1
11 36 36
11 40 30
11 74 73
11 88 98
--- Done ---
