0 2 -1
0 36 16
0 36 26
0 36 27
0 36 36
0 36 37
1 2 0
1 2 1
1 2 2
1 2 3
1 2 10
1 2 11
1 2 21
1 36 26
1 36 27
1 36 35
1 36 36
1 36 37
1 36 38
1 36 46
1 36 47
1 36 49
1 41 30
1 41 33
1 41 54
1 41 52
1 66 -1
1 72 72
1 72 80
1 72 91
1 72 53
1 72 64
1 97 89
1 97 96
1 97 97
1 97 98
1 97 99
1 97 78
2 2 0
2 2 10
2 2 21
2 2 22
2 13 5
2 13 14
2 13 13
2 19 6
2 19 9
2 19 18
2 19 29
2 36 17
2 36 26
2 36 36
2 36 37
2 36 44
2 36 27
2 36 28
2 36 35
2 36 46
2 36 47
2 41 30
2 41 31
2 41 41
2 41 51
2 41 52
2 66 69
2 66 74
2 66 49
2 66 53
2 66 55
2 66 65
2 66 66
2 66 75
2 66 86
2 66 87
2 72 94
2 72 73
2 81 70
2 81 81
2 81 90
2 81 91
2 97 89
2 97 96
2 97 98
2 97 99
3 2 10
3 2 2
3 2 4
3 2 12
3 2 22
3 13 14
3 19 7
3 19 9
3 19 18
3 19 19
3 19 29
3 36 16
3 36 25
3 36 26
3 36 36
3 36 37
3 36 27
3 36 28
3 36 35
3 36 45
3 41 31
3 41 41
3 41 43
3 41 50
3 41 54
3 41 20
3 41 32
3 41 33
3 41 51
3 41 60
3 58 59
3 58 38
3 58 48
3 58 46
3 58 47
3 58 49
3 58 57
3 58 58
3 58 67
3 58 69
3 66 74
3 72 62
3 72 94
3 72 64
3 72 73
3 72 90
3 72 91
3 81 70
3 81 81
3 97 89
3 97 96
3 97 97
3 97 98
3 97 99
3 97 75
3 97 76
3 97 78
3 97 86
3 97 87
4 2 1
4 13 23
4 13 4
4 13 12
4 13 13
4 13 22
4 13 33
4 13 24
4 19 7
4 19 18
4 19 19
4 19 29
4 19 27
4 36 16
4 36 17
4 36 26
4 36 34
4 36 36
4 36 37
4 36 39
4 36 35
4 36 38
4 41 30
4 41 41
4 41 43
4 41 54
4 41 21
4 41 51
4 41 52
4 41 60
4 58 59
4 58 48
4 58 49
4 58 56
4 58 57
4 58 58
4 58 67
4 58 69
4 58 79
4 58 77
4 66 74
4 66 45
4 66 66
4 72 93
4 72 94
4 72 61
4 72 64
4 72 65
4 72 72
4 72 73
4 72 80
4 72 82
4 72 83
4 72 84
4 72 90
4 72 55
4 72 63
4 81 92
4 97 85
4 97 89
4 97 96
4 97 97
4 97 98
4 97 99
4 97 75
4 97 76
4 97 78
4 97 86
4 97 87
5 2 0
5 2 1
5 2 10
5 2 2
5 2 4
5 2 11
5 2 12
5 2 22
5 2 15
5 2 24
5 13 14
5 13 23
5 19 6
5 19 7
5 19 9
5 19 18
5 19 19
5 36 16
5 36 26
5 36 36
5 36 37
5 36 39
5 36 44
5 36 27
5 36 28
5 36 38
5 36 45
5 41 30
5 41 40
5 41 41
5 41 42
5 41 43
5 41 50
5 41 54
5 41 20
5 41 33
5 41 51
5 41 52
5 41 60
5 58 59
5 58 48
5 58 47
5 58 57
5 58 58
5 58 69
5 66 74
5 66 95
5 72 93
5 72 94
5 72 53
5 72 64
5 72 65
5 72 71
5 72 72
5 72 73
5 72 80
5 72 82
5 72 83
5 72 90
5 72 91
5 72 63
5 81 70
5 81 92
5 81 61
5 81 81
5 97 85
5 97 88
5 97 89
5 97 96
5 97 97
5 97 98
5 97 99
5 97 75
5 97 76
5 97 78
5 97 79
5 97 68
5 97 77
6 2 0
6 2 10
6 2 12
6 13 5
6 13 23
6 13 13
6 13 22
6 13 35
6 19 7
6 19 8
6 19 18
6 19 19
6 19 29
6 19 28
6 36 16
6 36 25
6 36 26
6 36 39
6 36 44
6 36 38
6 36 45
6 36 48
6 36 15
6 36 24
6 36 46
6 36 47
6 36 56
6 36 65
6 41 30
6 41 40
6 41 41
6 41 42
6 41 20
6 41 33
6 41 51
6 41 52
6 41 60
6 58 59
6 58 58
6 66 74
6 66 95
6 66 57
6 66 66
6 66 67
6 66 69
6 66 75
6 66 86
6 66 87
6 66 55
6 66 63
6 66 68
6 66 77
6 72 62
6 72 93
6 72 94
6 72 64
6 72 71
6 72 72
6 72 83
6 72 84
6 72 91
6 81 92
6 81 81
6 97 88
6 97 89
6 97 96
6 97 98
6 97 99
6 97 79
7 2 1
7 2 10
7 13 14
7 13 23
7 13 3
7 13 4
7 13 12
7 13 22
7 13 32
7 13 33
7 13 15
7 13 24
7 19 6
7 19 9
7 19 18
7 36 16
7 36 17
7 36 25
7 36 26
7 36 36
7 36 37
7 36 39
7 36 44
7 36 27
7 36 28
7 36 45
7 36 48
7 41 41
7 41 42
7 41 43
7 41 54
7 41 21
7 41 51
7 41 52
7 41 60
7 58 59
7 58 58
7 58 69
7 66 74
7 66 53
7 66 57
7 66 66
7 66 76
7 66 78
7 66 86
7 66 87
7 66 46
7 66 47
7 66 49
7 66 63
7 66 65
7 66 68
7 66 77
7 72 94
7 72 72
7 81 92
7 81 61
7 81 71
7 81 80
7 81 82
7 81 83
7 81 84
7 81 90
7 81 91
7 97 85
7 97 96
7 97 99
8 2 0
8 2 10
8 2 2
8 2 3
8 2 11
8 2 21
8 2 22
8 2 24
8 13 23
8 13 13
8 13 20
8 13 32
8 19 7
8 19 8
8 19 9
8 19 18
8 19 19
8 19 29
8 19 27
8 36 16
8 36 25
8 36 34
8 36 36
8 36 44
8 36 45
8 36 48
8 41 -1
8 58 59
8 58 58
8 66 95
8 66 57
8 66 67
8 66 69
8 66 75
8 66 76
8 66 78
8 66 86
8 66 87
8 66 49
8 66 55
8 66 56
8 66 63
8 66 68
8 72 93
8 72 51
8 72 60
8 72 80
8 72 90
8 72 91
8 81 -1
8 97 88
8 97 89
8 97 96
8 97 98
8 97 99
9 2 0
9 13 5
9 13 11
9 13 12
9 13 13
9 13 24
9 19 6
9 19 7
9 19 8
9 19 18
9 19 29
9 19 28
9 36 26
9 36 34
9 36 37
9 36 38
9 41 30
9 41 31
9 41 41
9 41 42
9 41 43
9 41 50
9 41 54
9 41 21
9 58 59
9 66 74
9 66 95
9 66 67
9 72 93
9 72 94
9 72 61
9 72 64
9 72 72
9 72 82
9 72 84
9 72 91
9 72 55
9 81 81
9 97 -1
10 2 -1
10 13 14
10 13 22
10 19 6
10 19 8
10 36 16
10 36 34
10 36 36
10 36 28
10 36 15
10 36 24
10 36 47
10 36 49
10 36 56
10 41 40
10 41 41
10 41 51
10 58 59
10 58 58
10 58 67
10 58 79
10 58 55
10 66 -1
10 72 93
10 72 72
10 81 70
10 81 61
10 81 82
10 81 84
10 81 63
10 97 -1
11 2 1
11 2 10
11 2 3
11 2 4
11 13 -1
11 19 6
11 19 27
11 36 36
11 41 30
11 58 -1
11 66 -1
11 72 73
11 81 -1
11 97 98
--- Done ---
