0 2 -1
0 36 16
0 36 26
0 36 27
0 36 36
0 36 37
1 2 0
1 2 1
1 2 2
1 2 3
1 2 10
1 2 11
1 2 21
1 2 33
1 2 52
1 2 53
1 2 72
1 2 78
1 2 80
1 2 89
1 2 91
1 2 96
1 2 97
1 2 98
1 2 99
1 36 26
1 36 27
1 36 30
1 36 35
1 36 36
1 36 37
1 36 38
1 36 46
1 36 47
1 36 49
1 36 54
1 36 64
2 2 0
2 2 5
2 2 10
2 2 13
2 2 14
2 2 21
2 2 22
2 2 31
2 2 37
2 2 44
2 2 46
2 2 47
2 2 49
2 2 51
2 2 52
2 2 53
2 2 55
2 2 65
2 2 66
2 2 69
2 2 70
2 2 73
2 2 74
2 2 75
2 36 6
2 36 9
2 36 17
2 36 18
2 36 26
2 36 27
2 36 28
2 36 29
2 36 30
2 36 35
2 36 36
2 36 41
3 2 2
3 2 4
3 2 10
3 2 12
3 2 14
3 2 20
3 2 22
3 2 29
3 2 31
3 2 32
3 2 33
3 2 35
3 2 36
3 2 37
3 2 38
3 2 41
3 2 43
3 2 45
3 2 46
3 2 47
3 2 48
3 2 49
3 2 54
3 36 7
3 36 9
3 36 16
3 36 18
3 36 19
3 36 25
3 36 26
3 36 27
3 36 28
4 2 1
4 2 4
4 2 12
4 2 13
4 2 21
4 2 22
4 2 23
4 2 27
4 2 33
4 2 34
4 2 35
4 2 36
4 2 37
4 2 38
4 2 39
4 2 41
4 2 43
4 2 45
4 2 48
4 2 49
4 36 7
4 36 16
4 36 17
4 36 18
4 36 19
4 36 24
4 36 26
4 36 29
4 36 30
5 2 0
5 2 1
5 2 2
5 2 4
5 2 10
5 2 11
5 2 12
5 2 14
5 2 20
5 2 22
5 2 23
5 2 33
5 2 36
5 2 37
5 2 38
5 2 39
5 2 40
5 2 41
5 2 42
5 2 43
5 2 44
5 2 45
5 36 6
5 36 7
5 36 9
5 36 15
5 36 16
5 36 18
5 36 19
5 36 24
5 36 26
5 36 27
5 36 28
5 36 30
6 2 0
6 2 5
6 2 10
6 2 12
6 2 13
6 2 20
6 2 22
6 2 23
6 2 33
6 2 42
6 2 51
6 2 52
6 2 55
6 2 56
6 2 57
6 2 58
6 2 59
6 2 60
6 2 62
6 36 7
6 36 8
6 36 15
6 36 16
6 36 18
6 36 19
6 36 24
6 36 25
6 36 26
6 36 28
6 36 29
6 36 30
6 36 35
6 36 38
6 36 39
6 36 40
6 36 41
6 36 44
6 36 45
6 36 46
6 36 47
6 36 48
7 2 1
7 2 3
7 2 4
7 2 10
7 2 12
7 2 14
7 2 21
7 2 22
7 2 23
7 2 32
7 2 33
7 2 42
7 2 51
7 2 52
7 2 53
7 2 61
7 2 66
7 2 68
7 2 69
7 2 71
7 2 72
7 2 74
7 2 76
7 2 80
7 36 6
7 36 9
7 36 15
7 36 16
7 36 17
7 36 18
7 36 24
7 36 25
7 36 26
7 36 27
7 36 28
7 36 36
7 36 37
7 36 39
7 36 41
7 36 43
7 36 44
7 36 45
7 36 46
7 36 47
7 36 48
7 36 49
7 36 54
7 36 57
7 36 58
7 36 59
7 36 60
7 36 63
7 36 65
8 2 0
8 2 2
8 2 3
8 2 10
8 2 11
8 2 13
8 2 20
8 2 21
8 2 22
8 2 23
8 2 32
8 2 51
8 2 75
8 2 76
8 2 78
8 2 80
8 2 86
8 2 87
8 2 88
8 2 89
8 2 90
8 2 91
8 2 93
8 2 95
8 2 96
8 2 98
8 2 99
8 36 7
8 36 8
8 36 9
8 36 16
8 36 18
8 36 19
8 36 24
8 36 25
8 36 27
8 36 29
8 36 34
8 36 36
8 36 44
8 36 45
8 36 48
8 36 49
8 36 55
8 36 56
8 36 57
8 36 58
8 36 59
8 36 60
8 36 63
8 36 67
8 36 68
8 36 69
9 2 0
9 2 5
9 2 11
9 2 12
9 2 13
9 2 21
9 2 31
9 2 42
9 2 50
9 2 61
9 2 72
9 2 81
9 2 82
9 36 6
9 36 7
9 36 8
9 36 18
9 36 24
9 36 26
9 36 28
9 36 29
9 36 30
9 36 34
9 36 37
9 36 38
9 36 41
9 36 43
9 36 54
9 36 55
9 36 59
9 36 64
9 36 67
9 36 74
9 36 84
9 36 91
9 36 93
9 36 94
9 36 95
10 2 14
10 2 22
10 2 51
10 2 61
10 2 72
10 2 82
10 36 6
10 36 8
10 36 15
10 36 16
10 36 24
10 36 28
10 36 34
10 36 36
10 36 40
10 36 41
10 36 47
10 36 49
10 36 55
10 36 56
10 36 58
10 36 59
10 36 63
10 36 67
10 36 70
10 36 79
10 36 84
10 36 93
11 2 1
11 2 3
11 2 4
11 2 10
11 2 98
11 36 6
11 36 27
11 36 30
11 36 36
11 36 73
--- Done ---
