0 22 10
0 22 11
0 22 12
0 22 20
0 22 21
0 22 22
1 22 1
1 22 2
1 22 3
1 22 4
1 22 10
1 22 12
1 22 13
1 22 14
1 22 21
1 22 22
1 22 31
1 22 33
1 22 42
1 22 43
1 22 44
1 26 5
1 26 7
1 26 16
1 26 19
1 26 25
1 26 26
1 26 27
1 26 36
1 26 37
1 26 46
1 26 48
1 28 8
1 28 28
1 28 29
1 50 41
1 50 50
1 50 62
1 50 70
1 50 71
1 64 53
1 64 55
1 64 63
1 64 64
1 64 65
1 64 73
1 64 84
1 68 56
1 68 68
1 68 78
1 87 85
1 87 87
1 87 97
1 92 61
1 92 72
1 92 90
1 92 91
1 92 92
2 22 4
2 22 13
2 22 14
2 22 21
2 22 22
2 22 34
2 22 43
2 26 5
2 26 15
2 26 26
2 26 35
2 26 37
2 28 8
2 28 18
2 28 28
2 28 29
2 28 39
2 28 47
2 50 30
2 50 42
2 50 50
2 64 54
2 64 63
2 64 64
2 64 74
2 64 75
2 64 84
2 68 56
2 68 58
2 68 59
2 68 66
2 68 68
2 68 69
2 87 76
2 87 87
2 87 88
2 87 96
2 87 98
2 92 72
2 92 83
2 92 92
2 92 94
3 22 1
3 22 3
3 22 4
3 22 10
3 22 11
3 22 12
3 22 13
3 22 14
3 22 21
3 22 22
3 22 33
3 22 34
3 22 44
3 26 16
3 26 18
3 26 26
3 26 35
3 26 36
3 26 46
3 28 8
3 28 27
3 28 28
3 28 29
3 28 37
3 28 38
3 28 49
3 50 30
3 50 50
3 50 60
3 50 62
3 64 52
3 64 53
3 64 55
3 64 63
3 64 64
3 64 65
3 64 73
3 64 75
3 68 56
3 68 57
3 68 58
3 68 59
3 68 66
3 68 68
3 68 77
3 68 99
3 87 85
3 87 87
3 92 72
3 92 81
3 92 92
3 92 94
4 22 3
4 22 10
4 22 12
4 22 13
4 22 21
4 22 22
4 22 23
4 22 31
4 22 33
4 26 16
4 26 18
4 26 26
4 28 8
4 28 19
4 28 27
4 28 28
4 28 38
4 28 39
4 47 9
4 47 35
4 47 47
4 50 50
4 50 51
4 50 70
4 50 71
4 64 34
4 64 54
4 64 55
4 64 62
4 64 63
4 64 64
4 64 65
4 64 74
4 64 75
4 64 84
4 68 57
4 68 59
4 68 68
4 68 78
4 68 89
4 68 99
4 87 87
4 87 97
4 87 98
4 92 90
4 92 92
4 92 95
5 12 0
5 12 1
5 12 3
5 12 12
5 12 13
5 12 23
5 22 22
5 26 6
5 26 17
5 26 26
5 26 27
5 26 35
5 28 28
5 28 38
5 28 39
5 28 49
5 47 9
5 47 45
5 47 47
5 50 41
5 50 42
5 50 50
5 50 70
5 64 44
5 64 53
5 64 54
5 64 55
5 64 64
5 64 73
5 64 74
5 64 75
5 68 57
5 68 66
5 68 68
5 68 79
5 68 89
5 68 99
5 87 76
5 87 77
5 87 85
5 87 86
5 87 87
5 87 96
5 87 97
5 87 98
5 92 81
5 92 82
5 92 83
5 92 92
5 92 95
6 12 12
6 12 23
6 22 3
6 22 11
6 22 14
6 22 22
6 22 31
6 22 32
6 22 42
6 26 15
6 26 16
6 26 18
6 26 24
6 26 25
6 26 26
6 26 27
6 26 37
6 26 39
6 28 8
6 28 28
6 28 38
6 47 47
6 50 30
6 50 41
6 50 50
6 50 51
6 50 60
6 64 44
6 64 45
6 64 52
6 64 53
6 64 54
6 64 62
6 64 63
6 64 64
6 64 65
6 64 73
6 64 84
6 68 56
6 68 58
6 68 59
6 68 66
6 68 67
6 68 68
6 68 89
6 87 87
6 87 97
6 87 98
6 92 83
6 92 92
6 92 94
6 92 95
7 12 0
7 12 12
7 22 4
7 22 21
7 22 22
7 22 23
7 22 31
7 22 32
7 22 33
7 22 34
7 22 40
7 22 42
7 26 6
7 26 7
7 26 15
7 26 17
7 26 24
7 26 26
7 26 36
7 26 39
7 28 28
7 28 29
7 47 9
7 47 38
7 47 45
7 47 46
7 47 47
7 47 65
7 50 50
7 50 51
7 50 61
7 64 52
7 64 63
7 64 64
7 68 56
7 68 57
7 68 58
7 68 66
7 68 67
7 68 68
7 68 79
7 68 99
7 87 76
7 87 87
7 87 98
7 92 72
7 92 80
7 92 81
7 92 83
7 92 84
7 92 92
7 92 95
8 12 0
8 12 12
8 12 32
8 22 21
8 22 22
8 22 33
8 22 40
8 22 43
8 26 5
8 26 15
8 26 17
8 26 24
8 26 26
8 26 27
8 26 34
8 26 37
8 26 39
8 26 48
8 28 8
8 28 28
8 47 47
8 47 55
8 50 42
8 50 50
8 50 61
8 64 45
8 64 63
8 64 64
8 64 65
8 64 73
8 64 82
8 68 56
8 68 58
8 68 59
8 68 67
8 68 68
8 87 76
8 87 78
8 87 87
8 87 88
8 87 96
8 87 97
8 92 72
8 92 81
8 92 83
8 92 84
8 92 91
8 92 92
8 92 93
8 92 94
9 12 0
9 12 3
9 12 4
9 12 12
9 12 20
9 12 23
9 22 22
9 22 32
9 22 43
9 26 16
9 26 26
9 26 35
9 28 17
9 28 28
9 28 37
9 28 39
9 47 9
9 47 36
9 47 46
9 47 47
9 47 48
9 47 57
9 50 41
9 50 42
9 50 50
9 50 60
9 50 70
9 64 54
9 64 62
9 64 63
9 64 64
9 64 73
9 64 74
9 64 75
9 64 82
9 68 58
9 68 68
9 68 69
9 68 79
9 68 99
9 87 85
9 87 87
9 92 84
9 92 91
9 92 92
9 92 94
