0 45 10
0 45 11
0 45 12
0 45 20
0 45 21
0 45 22
0 45 45
1 45 1
1 45 2
1 45 5
1 45 7
1 45 8
1 45 10
1 45 12
1 45 13
1 45 14
1 45 25
1 45 26
1 45 27
1 45 29
1 45 31
1 45 33
1 45 36
1 45 41
1 45 43
1 45 44
1 45 45
1 45 46
1 45 48
1 45 56
1 45 61
1 45 62
1 45 63
1 45 64
1 45 65
1 45 70
1 45 71
1 45 72
1 45 78
1 45 84
1 45 85
1 45 90
1 55 3
1 55 4
1 55 16
1 55 19
1 55 21
1 55 22
1 55 37
1 55 42
1 55 53
1 55 55
1 55 73
1 55 91
1 55 92
1 55 97
2 45 5
2 45 13
2 45 14
2 45 18
2 45 21
2 45 28
2 45 29
2 45 34
2 45 35
2 45 37
2 45 39
2 45 42
2 45 43
2 45 45
2 45 47
2 45 54
2 45 56
2 45 58
2 45 59
2 45 63
2 45 66
2 45 68
2 45 69
2 45 72
2 45 74
2 45 75
2 45 76
2 45 83
2 45 84
2 45 87
2 45 94
2 55 4
2 55 8
2 55 15
2 55 26
2 55 30
2 55 55
2 55 64
2 55 88
2 55 92
2 55 96
2 55 98
3 45 1
3 45 3
3 45 8
3 45 10
3 45 11
3 45 12
3 45 13
3 45 14
3 45 16
3 45 21
3 45 27
3 45 34
3 45 35
3 45 36
3 45 37
3 45 38
3 45 44
3 45 45
3 45 46
3 45 49
3 45 52
3 45 53
3 45 56
3 45 57
3 45 58
3 45 59
3 45 62
3 45 63
3 45 64
3 45 65
3 45 66
3 45 72
3 45 75
3 45 77
3 45 81
3 45 85
3 45 87
3 45 94
3 55 4
3 55 18
3 55 22
3 55 29
3 55 30
3 55 33
3 55 50
3 55 55
3 55 60
3 55 73
3 55 99
4 45 8
4 45 9
4 45 10
4 45 12
4 45 13
4 45 18
4 45 21
4 45 22
4 45 27
4 45 31
4 45 33
4 45 34
4 45 38
4 45 45
4 45 47
4 45 54
4 45 57
4 45 59
4 45 63
4 45 65
4 45 70
4 45 71
4 45 75
4 45 78
4 45 84
4 45 87
4 45 89
4 45 95
4 45 99
4 55 3
4 55 16
4 55 19
4 55 23
4 55 28
4 55 35
4 55 39
4 55 51
4 55 55
4 55 62
4 55 74
4 55 90
4 55 92
4 55 97
4 55 98
5 45 0
5 45 1
5 45 3
5 45 6
5 45 13
5 45 17
5 45 27
5 45 28
5 45 35
5 45 38
5 45 39
5 45 41
5 45 42
5 45 44
5 45 45
5 45 49
5 45 53
5 45 54
5 45 57
5 45 64
5 45 66
5 45 70
5 45 73
5 45 74
5 45 75
5 45 76
5 45 77
5 45 81
5 45 82
5 45 85
5 45 86
5 45 89
5 45 95
5 45 99
5 55 9
5 55 23
5 55 47
5 55 55
5 55 79
5 55 83
5 55 96
5 55 97
5 55 98
6 45 3
6 45 8
6 45 11
6 45 15
6 45 16
6 45 24
6 45 27
6 45 31
6 45 32
6 45 37
6 45 38
6 45 39
6 45 42
6 45 44
6 45 45
6 45 52
6 45 53
6 45 54
6 45 56
6 45 58
6 45 59
6 45 62
6 45 63
6 45 65
6 45 67
6 45 73
6 45 83
6 45 84
6 45 89
6 45 94
6 45 95
6 55 14
6 55 18
6 55 22
6 55 23
6 55 25
6 55 26
6 55 30
6 55 41
6 55 47
6 55 51
6 55 55
6 55 60
6 55 64
6 55 66
6 55 92
6 55 97
6 55 98
7 45 0
7 45 6
7 45 7
7 45 9
7 45 12
7 45 15
7 45 23
7 45 26
7 45 29
7 45 31
7 45 32
7 45 34
7 45 38
7 45 40
7 45 42
7 45 45
7 45 46
7 45 52
7 45 56
7 45 57
7 45 58
7 45 61
7 45 65
7 45 67
7 45 72
7 45 76
7 45 81
7 45 83
7 45 84
7 45 95
7 45 99
7 55 4
7 55 17
7 55 21
7 55 24
7 55 28
7 55 33
7 55 36
7 55 39
7 55 47
7 55 51
7 55 55
7 55 63
7 55 64
7 55 66
7 55 79
7 55 80
7 55 92
7 55 98
8 45 0
8 45 8
8 45 15
8 45 17
8 45 21
8 45 26
8 45 27
8 45 34
8 45 37
8 45 39
8 45 40
8 45 45
8 45 50
8 45 56
8 45 58
8 45 61
8 45 63
8 45 65
8 45 67
8 45 72
8 45 76
8 45 78
8 45 82
8 45 83
8 45 84
8 45 93
8 45 94
8 55 5
8 55 12
8 55 22
8 55 24
8 55 28
8 55 32
8 55 33
8 55 42
8 55 43
8 55 47
8 55 48
8 55 55
8 55 59
8 55 68
8 55 73
8 55 81
8 55 88
8 55 91
8 55 92
8 55 96
8 55 97
9 45 0
9 45 9
9 45 16
9 45 22
9 45 23
9 45 28
9 45 43
9 45 45
9 45 57
9 45 62
9 45 70
9 45 74
9 55 3
9 55 4
9 55 17
9 55 20
9 55 26
9 55 32
9 55 35
9 55 36
9 55 37
9 55 39
9 55 41
9 55 42
9 55 46
9 55 47
9 55 48
9 55 50
9 55 54
9 55 55
9 55 58
9 55 60
9 55 63
9 55 69
9 55 73
9 55 75
9 55 79
9 55 82
9 55 84
9 55 85
9 55 91
9 55 94
9 55 99
