0 22 10
0 22 11
0 22 12
0 22 20
0 22 21
0 22 22
1 22 1
1 22 2
1 22 3
1 22 4
1 22 5
1 22 10
1 22 12
1 22 13
1 22 14
1 22 16
1 22 21
1 22 22
1 22 33
1 22 41
1 22 42
1 22 43
1 22 53
1 22 73
1 27 7
1 27 8
1 27 19
1 27 25
1 27 26
1 27 27
1 27 29
1 27 37
1 27 46
1 71 31
1 71 61
1 71 62
1 71 63
1 71 64
1 71 70
1 71 71
1 71 72
1 71 84
1 71 90
1 71 91
1 71 92
1 77 36
1 77 44
1 77 48
1 77 55
1 77 56
1 77 65
1 77 77
1 77 78
1 77 85
1 77 97
2 22 4
2 22 5
2 22 13
2 22 14
2 22 21
2 22 22
2 22 30
2 22 34
2 22 35
2 22 42
2 22 43
2 22 47
2 27 8
2 27 15
2 27 18
2 27 26
2 27 27
2 27 28
2 27 29
2 27 37
2 27 39
2 27 58
2 71 63
2 71 64
2 71 71
2 71 72
2 71 83
2 71 84
2 71 92
2 71 94
2 77 54
2 77 56
2 77 59
2 77 66
2 77 68
2 77 69
2 77 74
2 77 75
2 77 76
2 77 77
2 77 87
2 77 88
2 77 96
2 77 98
3 22 1
3 22 3
3 22 4
3 22 10
3 22 11
3 22 12
3 22 13
3 22 14
3 22 16
3 22 21
3 22 22
3 22 30
3 22 33
3 22 34
3 22 35
3 22 53
3 27 8
3 27 18
3 27 27
3 27 29
3 27 36
3 27 37
3 27 38
3 27 46
3 27 49
3 27 57
3 71 50
3 71 52
3 71 60
3 71 62
3 71 63
3 71 64
3 71 71
3 71 72
3 71 73
3 71 81
3 71 94
3 77 44
3 77 55
3 77 56
3 77 58
3 77 59
3 77 65
3 77 66
3 77 75
3 77 77
3 77 85
3 77 87
3 77 99
4 18 8
4 18 9
4 18 12
4 18 18
4 18 28
4 22 3
4 22 10
4 22 13
4 22 21
4 22 22
4 22 23
4 22 31
4 22 33
4 22 34
4 22 35
4 22 47
4 27 16
4 27 19
4 27 27
4 27 38
4 27 39
4 71 51
4 71 62
4 71 63
4 71 70
4 71 71
4 71 74
4 71 84
4 71 90
4 71 92
4 77 54
4 77 55
4 77 57
4 77 59
4 77 65
4 77 75
4 77 77
4 77 78
4 77 87
4 77 89
4 77 95
4 77 97
4 77 98
4 77 99
5 18 9
5 18 18
5 18 28
5 18 39
5 18 49
5 22 0
5 22 1
5 22 3
5 22 13
5 22 22
5 22 23
5 22 35
5 22 41
5 22 42
5 22 44
5 22 47
5 22 53
5 22 73
5 27 6
5 27 17
5 27 27
5 27 38
5 27 55
5 27 66
5 27 79
5 71 64
5 71 70
5 71 71
5 71 81
5 71 82
5 71 83
5 77 45
5 77 54
5 77 57
5 77 74
5 77 75
5 77 76
5 77 77
5 77 85
5 77 86
5 77 89
5 77 95
5 77 96
5 77 97
5 77 98
5 77 99
6 18 8
6 18 15
6 18 18
6 18 37
6 18 38
6 18 39
6 22 3
6 22 11
6 22 14
6 22 16
6 22 22
6 22 23
6 22 24
6 22 30
6 22 32
6 22 42
6 22 53
6 22 73
6 27 25
6 27 26
6 27 27
6 27 58
6 71 31
6 71 41
6 71 45
6 71 51
6 71 52
6 71 60
6 71 62
6 71 63
6 71 64
6 71 71
6 71 83
6 71 84
6 71 92
6 71 94
6 77 44
6 77 47
6 77 54
6 77 56
6 77 59
6 77 65
6 77 66
6 77 67
6 77 77
6 77 89
6 77 95
6 77 97
6 77 98
7 18 7
7 18 9
7 18 12
7 18 15
7 18 17
7 18 18
7 18 26
7 18 28
7 18 29
7 18 79
7 22 0
7 22 4
7 22 21
7 22 22
7 22 23
7 22 24
7 22 32
7 22 33
7 22 34
7 22 42
7 22 61
7 27 6
7 27 27
7 27 36
7 27 38
7 27 39
7 27 46
7 27 47
7 71 31
7 71 40
7 71 45
7 71 51
7 71 52
7 71 63
7 71 64
7 71 71
7 71 72
7 71 80
7 71 81
7 71 83
7 71 84
7 71 92
7 77 56
7 77 57
7 77 58
7 77 65
7 77 66
7 77 67
7 77 76
7 77 77
7 77 95
7 77 98
7 77 99
8 18 12
8 18 15
8 18 17
8 18 18
8 18 37
8 18 39
8 18 56
8 22 0
8 22 5
8 22 21
8 22 22
8 22 24
8 22 32
8 22 33
8 22 34
8 22 40
8 22 42
8 22 43
8 22 73
8 27 8
8 27 26
8 27 27
8 27 28
8 71 50
8 71 61
8 71 63
8 71 71
8 71 72
8 71 81
8 71 82
8 71 83
8 71 84
8 71 91
8 71 92
8 71 93
8 71 94
8 77 45
8 77 47
8 77 48
8 77 55
8 77 58
8 77 59
8 77 65
8 77 67
8 77 68
8 77 76
8 77 77
8 77 78
8 77 88
8 77 96
8 77 97
9 18 9
9 18 16
9 18 17
9 18 18
9 18 28
9 18 39
9 22 0
9 22 3
9 22 4
9 22 20
9 22 22
9 22 23
9 22 32
9 22 35
9 22 41
9 22 42
9 22 43
9 22 47
9 22 73
9 27 26
9 27 27
9 27 36
9 27 37
9 27 46
9 27 48
9 27 57
9 71 50
9 71 60
9 71 62
9 71 63
9 71 70
9 71 71
9 71 74
9 71 82
9 71 84
9 71 91
9 71 94
9 77 54
9 77 58
9 77 69
9 77 75
9 77 77
9 77 79
9 77 85
9 77 99
