0 30 10
0 30 11
0 30 12
0 30 20
0 30 21
0 30 22
0 30 30
1 5 1
1 5 2
1 5 3
1 5 4
1 5 5
1 5 7
1 5 8
1 5 12
1 5 13
1 5 14
1 5 16
1 5 19
1 5 25
1 5 26
1 5 27
1 5 36
1 5 37
1 5 65
1 30 10
1 30 21
1 30 22
1 30 30
1 30 31
1 30 33
1 30 41
1 30 42
1 30 43
1 30 53
1 30 62
1 30 70
1 30 73
1 68 29
1 68 44
1 68 46
1 68 48
1 68 56
1 68 68
1 68 78
1 68 85
1 68 97
1 74 55
1 74 61
1 74 63
1 74 64
1 74 71
1 74 72
1 74 74
1 74 84
1 74 90
1 74 91
1 74 92
2 5 4
2 5 5
2 5 8
2 5 13
2 5 14
2 5 15
2 5 18
2 5 26
2 5 35
2 5 37
2 30 21
2 30 30
2 30 34
2 30 43
2 68 28
2 68 29
2 68 39
2 68 47
2 68 54
2 68 58
2 68 59
2 68 66
2 68 68
2 68 69
2 68 76
2 68 83
2 68 87
2 68 88
2 68 96
2 68 98
2 74 42
2 74 56
2 74 63
2 74 64
2 74 72
2 74 74
2 74 75
2 74 84
2 74 92
2 74 94
3 5 3
3 5 4
3 5 5
3 5 8
3 5 14
3 5 16
3 5 18
3 5 27
3 5 34
3 5 35
3 5 36
3 5 37
3 30 1
3 30 10
3 30 11
3 30 12
3 30 13
3 30 21
3 30 22
3 30 30
3 30 33
3 30 50
3 30 52
3 30 60
3 30 73
3 68 29
3 68 38
3 68 44
3 68 46
3 68 49
3 68 53
3 68 56
3 68 58
3 68 59
3 68 65
3 68 66
3 68 68
3 68 77
3 68 85
3 68 87
3 68 99
3 74 55
3 74 57
3 74 62
3 74 63
3 74 64
3 74 72
3 74 74
3 74 75
3 74 81
3 74 94
4 5 3
4 5 5
4 5 8
4 5 9
4 5 12
4 5 16
4 5 18
4 5 19
4 5 23
4 5 27
4 5 34
4 5 35
4 5 47
4 30 10
4 30 13
4 30 21
4 30 22
4 30 30
4 30 31
4 30 33
4 30 70
4 68 28
4 68 38
4 68 39
4 68 57
4 68 59
4 68 65
4 68 68
4 68 78
4 68 87
4 68 89
4 68 95
4 68 97
4 68 98
4 68 99
4 74 51
4 74 54
4 74 55
4 74 62
4 74 63
4 74 71
4 74 74
4 74 75
4 74 84
4 74 90
4 74 92
5 5 3
5 5 5
5 5 6
5 5 9
5 5 13
5 5 17
5 5 23
5 5 27
5 5 35
5 5 38
5 30 0
5 30 1
5 30 30
5 30 41
5 30 53
5 30 70
5 30 73
5 68 28
5 68 39
5 68 44
5 68 47
5 68 49
5 68 57
5 68 68
5 68 76
5 68 77
5 68 79
5 68 83
5 68 85
5 68 89
5 68 96
5 68 97
5 68 98
5 68 99
5 74 42
5 74 45
5 74 54
5 74 55
5 74 64
5 74 66
5 74 74
5 74 75
5 74 81
5 74 82
5 74 86
5 74 95
6 5 3
6 5 5
6 5 8
6 5 14
6 5 15
6 5 16
6 5 18
6 5 24
6 5 25
6 5 26
6 5 27
6 5 32
6 5 37
6 5 38
6 5 47
6 5 54
6 30 11
6 30 22
6 30 23
6 30 30
6 30 31
6 30 41
6 30 42
6 30 44
6 30 51
6 30 52
6 30 62
6 30 73
6 68 39
6 68 53
6 68 56
6 68 58
6 68 59
6 68 65
6 68 66
6 68 68
6 68 83
6 68 89
6 68 95
6 68 97
6 68 98
6 74 45
6 74 60
6 74 63
6 74 64
6 74 67
6 74 74
6 74 84
6 74 92
6 74 94
7 5 4
7 5 5
7 5 6
7 5 7
7 5 9
7 5 15
7 5 17
7 5 23
7 5 24
7 5 26
7 5 34
7 5 36
7 5 47
7 5 65
7 30 0
7 30 12
7 30 21
7 30 30
7 30 31
7 30 32
7 30 33
7 30 40
7 30 51
7 30 52
7 68 28
7 68 29
7 68 38
7 68 39
7 68 46
7 68 56
7 68 58
7 68 66
7 68 67
7 68 68
7 68 76
7 68 79
7 68 83
7 68 95
7 68 98
7 68 99
7 74 42
7 74 45
7 74 57
7 74 61
7 74 63
7 74 64
7 74 72
7 74 74
7 74 80
7 74 81
7 74 84
7 74 92
8 5 5
8 5 8
8 5 12
8 5 15
8 5 17
8 5 24
8 5 26
8 5 27
8 5 34
8 5 37
8 30 0
8 30 21
8 30 22
8 30 30
8 30 32
8 30 33
8 30 40
8 30 42
8 30 43
8 30 50
8 30 73
8 30 91
8 68 28
8 68 39
8 68 47
8 68 48
8 68 56
8 68 58
8 68 59
8 68 65
8 68 67
8 68 68
8 68 76
8 68 78
8 68 83
8 68 88
8 68 96
8 68 97
8 74 45
8 74 55
8 74 61
8 74 63
8 74 72
8 74 74
8 74 81
8 74 82
8 74 84
8 74 92
8 74 93
8 74 94
9 5 3
9 5 4
9 5 5
9 5 9
9 5 16
9 5 17
9 5 26
9 5 28
9 5 32
9 5 35
9 5 36
9 5 37
9 5 47
9 30 0
9 30 20
9 30 22
9 30 23
9 30 30
9 30 41
9 30 42
9 30 43
9 30 50
9 30 60
9 30 70
9 30 73
9 30 91
9 68 39
9 68 46
9 68 48
9 68 54
9 68 57
9 68 58
9 68 68
9 68 69
9 68 79
9 68 85
9 68 99
9 74 62
9 74 63
9 74 74
9 74 75
9 74 82
9 74 84
9 74 94
