0 11 10
0 11 11
0 11 12
0 11 22
0 31 20
0 31 21
0 31 31
1 11 1
1 11 2
1 11 3
1 11 10
1 11 11
1 11 12
1 11 22
1 15 4
1 15 5
1 15 13
1 15 14
1 15 15
1 15 16
1 15 25
1 15 26
1 18 7
1 18 8
1 18 18
1 18 19
1 31 21
1 31 31
1 31 33
1 31 41
1 31 44
1 38 27
1 38 29
1 38 37
1 38 38
1 38 48
1 52 42
1 52 43
1 52 52
1 52 53
1 52 62
1 52 63
1 66 36
1 66 46
1 66 55
1 66 56
1 66 65
1 66 66
1 66 85
1 70 61
1 70 70
1 70 71
1 70 90
1 83 64
1 83 72
1 83 73
1 83 83
1 83 84
1 83 91
1 83 92
1 87 78
1 87 87
1 87 97
2 11 11
2 15 4
2 15 5
2 15 13
2 15 14
2 15 15
2 15 26
2 15 35
2 18 8
2 18 18
2 18 28
2 18 37
2 31 21
2 31 30
2 31 31
2 31 34
2 38 29
2 38 38
2 38 39
2 38 47
2 52 42
2 52 43
2 52 52
2 52 54
2 52 63
2 66 58
2 66 64
2 66 66
2 66 75
2 66 76
2 68 56
2 68 59
2 68 68
2 68 69
2 70 70
2 70 72
2 83 74
2 83 83
2 83 84
2 83 92
2 83 94
2 87 87
2 87 88
2 87 96
2 87 98
3 11 1
3 11 3
3 11 10
3 11 11
3 11 12
3 11 22
3 15 4
3 15 13
3 15 14
3 15 15
3 15 16
3 15 35
3 18 8
3 18 18
3 18 37
3 18 49
3 31 21
3 31 30
3 31 31
3 31 33
3 31 34
3 31 44
3 38 27
3 38 29
3 38 36
3 38 38
3 52 52
3 52 53
3 52 62
3 52 63
3 52 72
3 66 46
3 66 55
3 66 56
3 66 57
3 66 58
3 66 64
3 66 65
3 66 66
3 66 75
3 66 85
3 68 59
3 68 68
3 68 77
3 68 99
3 70 50
3 70 60
3 70 70
3 70 81
3 83 73
3 83 83
3 83 94
3 87 87
4 11 10
4 11 11
4 13 3
4 13 12
4 13 13
4 13 23
4 13 34
4 15 15
4 15 16
4 15 35
4 18 8
4 18 9
4 18 18
4 18 19
4 18 27
4 31 21
4 31 22
4 31 31
4 31 33
4 38 28
4 38 38
4 38 39
4 38 47
4 52 52
4 52 54
4 52 62
4 52 63
4 66 55
4 66 57
4 66 65
4 66 66
4 66 75
4 68 59
4 68 68
4 68 89
4 68 99
4 70 51
4 70 70
4 70 71
4 70 90
4 83 74
4 83 83
4 83 84
4 83 92
4 83 95
4 87 78
4 87 87
4 87 97
4 87 98
5 11 0
5 11 1
5 11 11
5 13 3
5 13 13
5 13 23
5 15 6
5 15 15
5 15 35
5 18 9
5 18 17
5 18 18
5 18 28
5 31 31
5 31 41
5 31 42
5 31 44
5 38 27
5 38 38
5 38 39
5 38 47
5 38 49
5 52 52
5 52 53
5 52 54
5 66 45
5 66 55
5 66 57
5 66 64
5 66 66
5 66 75
5 66 76
5 68 68
5 68 77
5 68 79
5 68 89
5 68 99
5 70 70
5 70 81
5 83 73
5 83 74
5 83 82
5 83 83
5 83 95
5 87 85
5 87 86
5 87 87
5 87 96
5 87 97
5 87 98
6 11 3
6 11 11
6 13 13
6 13 14
6 13 22
6 13 23
6 15 15
6 15 16
6 15 24
6 15 25
6 15 26
6 15 37
6 18 8
6 18 18
6 18 27
6 31 30
6 31 31
6 31 32
6 31 41
6 31 42
6 38 38
6 38 39
6 38 47
6 52 44
6 52 52
6 52 53
6 52 54
6 52 60
6 52 62
6 52 63
6 66 45
6 66 56
6 66 65
6 66 66
6 66 67
6 68 58
6 68 59
6 68 68
6 68 89
6 70 51
6 70 70
6 83 64
6 83 73
6 83 83
6 83 84
6 83 92
6 83 94
6 83 95
6 87 87
6 87 97
6 87 98
7 11 0
7 11 11
7 13 12
7 13 13
7 13 23
7 13 33
7 13 34
7 15 4
7 15 6
7 15 15
7 15 17
7 15 24
7 15 26
7 18 7
7 18 9
7 18 18
7 18 28
7 31 21
7 31 31
7 31 32
7 31 40
7 31 42
7 38 29
7 38 38
7 38 39
7 38 47
7 52 51
7 52 52
7 52 63
7 52 72
7 66 36
7 66 45
7 66 46
7 66 56
7 66 57
7 66 65
7 66 66
7 68 58
7 68 67
7 68 68
7 68 79
7 68 99
7 70 61
7 70 70
7 70 80
7 70 81
7 83 64
7 83 83
7 83 84
7 83 92
7 83 95
7 87 76
7 87 87
7 87 98
8 11 0
8 11 11
8 11 12
8 11 21
8 11 22
8 11 32
8 13 13
8 13 33
8 15 5
8 15 15
8 15 17
8 15 24
8 15 26
8 18 8
8 18 18
8 18 27
8 18 28
8 18 37
8 31 31
8 31 34
8 31 40
8 31 42
8 38 38
8 38 39
8 38 47
8 38 48
8 52 43
8 52 52
8 52 63
8 52 72
8 66 45
8 66 55
8 66 56
8 66 65
8 66 66
8 66 76
8 68 58
8 68 59
8 68 67
8 68 68
8 70 50
8 70 61
8 70 70
8 70 81
8 70 91
8 83 73
8 83 82
8 83 83
8 83 84
8 83 92
8 83 93
8 83 94
8 87 78
8 87 87
8 87 88
8 87 96
8 87 97
9 11 0
9 11 11
9 11 22
9 13 3
9 13 4
9 13 13
9 13 23
9 15 15
9 15 16
9 15 17
9 15 26
9 15 35
9 18 9
9 18 18
9 18 28
9 31 20
9 31 31
9 31 32
9 31 42
9 38 36
9 38 37
9 38 38
9 38 39
9 38 47
9 38 48
9 52 41
9 52 43
9 52 52
9 52 54
9 52 60
9 52 62
9 52 63
9 66 46
9 66 57
9 66 58
9 66 66
9 66 75
9 66 85
9 68 68
9 68 69
9 68 79
9 68 99
9 70 50
9 70 70
9 83 73
9 83 74
9 83 82
9 83 83
9 83 84
9 83 91
9 83 94
9 87 87
