0 36 55
0 36 56
0 76 64
0 76 65
0 76 66
0 76 75
0 76 76
1 36 0
1 36 3
1 36 8
1 36 9
1 36 19
1 36 20
1 36 21
1 36 24
1 36 25
1 36 26
1 36 28
1 36 34
1 36 37
1 36 39
1 36 40
1 36 42
1 36 44
1 36 45
1 36 46
1 36 48
1 36 49
1 36 50
1 36 51
1 36 52
1 36 53
1 36 54
1 36 55
1 36 56
1 36 59
1 76 61
1 76 63
1 76 65
1 76 68
1 76 70
1 76 71
1 76 73
1 76 74
1 76 77
1 76 78
1 76 79
1 76 82
1 76 86
1 76 89
1 76 92
1 76 93
1 76 94
1 76 97
2 36 1
2 36 3
2 36 4
2 36 5
2 36 10
2 36 11
2 36 12
2 36 14
2 36 15
2 36 23
2 36 24
2 36 25
2 36 26
2 36 27
2 36 29
2 36 32
2 36 33
2 36 36
2 36 41
2 36 43
2 36 44
2 36 45
2 36 46
2 36 47
2 36 48
2 36 49
2 36 50
2 36 53
2 36 55
2 36 56
2 36 58
2 76 61
2 76 62
2 76 74
2 76 75
2 76 76
2 76 79
2 76 80
2 76 82
2 76 84
2 76 86
2 76 90
2 76 94
2 76 97
2 76 98
2 76 99
3 36 2
3 36 3
3 36 4
3 36 7
3 36 11
3 36 13
3 36 15
3 36 16
3 36 17
3 36 18
3 36 19
3 36 22
3 36 23
3 36 27
3 36 28
3 36 32
3 36 35
3 36 37
3 36 38
3 36 39
3 36 40
3 36 45
3 36 47
3 36 49
3 36 50
3 36 52
3 36 53
3 36 54
3 76 60
3 76 61
3 76 62
3 76 66
3 76 67
3 76 68
3 76 70
3 76 71
3 76 79
3 76 83
3 76 87
3 76 89
3 76 90
3 76 91
3 76 92
3 76 93
3 76 96
3 76 97
4 36 0
4 36 1
4 36 3
4 36 6
4 36 10
4 36 11
4 36 13
4 36 17
4 36 18
4 36 20
4 36 23
4 36 28
4 36 29
4 36 30
4 36 31
4 36 32
4 36 35
4 36 36
4 36 38
4 36 39
4 36 41
4 36 42
4 36 43
4 36 44
4 36 45
4 36 46
4 36 47
4 36 48
4 36 51
4 36 53
4 36 57
4 36 59
4 76 60
4 76 63
4 76 64
4 76 65
4 76 71
4 76 73
4 76 75
4 76 77
4 76 78
4 76 82
4 76 85
4 76 87
4 76 89
4 76 91
4 76 93
5 36 5
5 36 14
5 36 15
5 36 16
5 36 17
5 36 19
5 36 21
5 36 22
5 36 23
5 36 25
5 36 26
5 36 27
5 36 28
5 36 30
5 36 31
5 36 33
5 36 34
5 36 36
5 36 37
5 36 43
5 36 44
5 36 45
5 36 47
5 36 55
5 36 58
5 76 60
5 76 61
5 76 62
5 76 64
5 76 65
5 76 67
5 76 69
5 76 70
5 76 71
5 76 72
5 76 73
5 76 75
5 76 78
5 76 83
5 76 89
5 76 91
5 76 92
5 76 93
5 76 96
5 76 99
6 36 2
6 36 4
6 36 7
6 36 9
6 36 13
6 36 15
6 36 16
6 36 17
6 36 20
6 36 21
6 36 22
6 36 25
6 36 28
6 36 32
6 36 35
6 36 37
6 36 38
6 36 44
6 36 45
6 36 48
6 36 49
6 36 50
6 36 53
6 36 55
6 36 56
6 36 57
6 76 60
6 76 62
6 76 63
6 76 65
6 76 67
6 76 69
6 76 70
6 76 73
6 76 77
6 76 82
6 76 87
6 76 88
6 76 89
6 76 90
6 76 92
6 76 94
6 76 96
6 76 98
7 36 2
7 36 3
7 36 4
7 36 6
7 36 7
7 36 9
7 36 10
7 36 14
7 36 15
7 36 16
7 36 17
7 36 19
7 36 23
7 36 24
7 36 26
7 36 28
7 36 33
7 36 36
7 36 37
7 36 38
7 36 44
7 36 47
7 36 48
7 36 49
7 36 50
7 36 51
7 36 54
7 36 56
7 36 57
7 76 61
7 76 63
7 76 64
7 76 65
7 76 66
7 76 68
7 76 71
7 76 73
7 76 76
7 76 77
7 76 78
7 76 84
7 76 85
7 76 88
7 76 89
7 76 92
7 76 93
7 76 94
7 76 95
7 76 97
7 76 98
8 36 1
8 36 2
8 36 4
8 36 5
8 36 10
8 36 12
8 36 15
8 36 16
8 36 21
8 36 22
8 36 24
8 36 26
8 36 31
8 36 33
8 36 34
8 36 35
8 36 36
8 36 37
8 36 40
8 36 47
8 36 48
8 36 50
8 36 52
8 36 54
8 36 57
8 36 58
8 36 59
8 76 61
8 76 63
8 76 64
8 76 65
8 76 66
8 76 67
8 76 68
8 76 70
8 76 72
8 76 73
8 76 74
8 76 77
8 76 78
8 76 79
8 76 82
8 76 83
8 76 92
8 76 94
8 76 97
8 76 98
9 36 1
9 36 6
9 36 9
9 36 10
9 36 12
9 36 15
9 36 16
9 36 17
9 36 18
9 36 22
9 36 24
9 36 25
9 36 26
9 36 28
9 36 29
9 36 30
9 36 31
9 36 37
9 36 40
9 36 41
9 36 42
9 36 44
9 36 47
9 36 50
9 36 51
9 36 52
9 36 54
9 36 56
9 36 58
9 76 60
9 76 61
9 76 65
9 76 67
9 76 68
9 76 74
9 76 75
9 76 81
9 76 82
9 76 87
9 76 90
9 76 91
9 76 94
9 76 97
9 76 98
--- Done ---
