0 76 55
0 76 56
0 76 64
0 76 65
0 76 66
0 76 75
0 76 76
1 25 3
1 25 8
1 25 9
1 25 19
1 25 24
1 25 25
1 25 26
1 25 28
1 25 34
1 25 37
1 25 39
1 25 45
1 25 46
1 25 48
1 42 0
1 42 20
1 42 21
1 42 40
1 42 42
1 42 44
1 42 50
1 42 51
1 42 52
1 42 53
1 42 54
1 42 61
1 42 63
1 42 70
1 42 71
1 42 82
1 76 49
1 76 55
1 76 56
1 76 59
1 76 65
1 76 68
1 76 73
1 76 74
1 76 77
1 76 78
1 76 79
1 76 86
1 76 89
1 76 92
1 76 93
1 76 94
1 76 97
2 25 3
2 25 4
2 25 5
2 25 14
2 25 15
2 25 23
2 25 24
2 25 25
2 25 26
2 25 27
2 25 29
2 25 36
2 25 45
2 25 46
2 25 47
2 25 48
2 42 1
2 42 10
2 42 11
2 42 12
2 42 32
2 42 33
2 42 41
2 42 43
2 42 44
2 42 50
2 42 53
2 42 61
2 42 62
2 42 80
2 42 82
2 42 90
2 76 49
2 76 55
2 76 56
2 76 58
2 76 74
2 76 75
2 76 76
2 76 79
2 76 84
2 76 86
2 76 94
2 76 97
2 76 98
2 76 99
3 25 2
3 25 3
3 25 4
3 25 7
3 25 13
3 25 15
3 25 16
3 25 17
3 25 18
3 25 19
3 25 23
3 25 27
3 25 28
3 25 35
3 25 37
3 25 38
3 25 39
3 25 45
3 25 47
3 42 11
3 42 22
3 42 32
3 42 40
3 42 50
3 42 52
3 42 53
3 42 54
3 42 60
3 42 61
3 42 62
3 42 70
3 42 71
3 42 90
3 42 91
3 76 49
3 76 66
3 76 67
3 76 68
3 76 79
3 76 83
3 76 87
3 76 89
3 76 92
3 76 93
3 76 96
3 76 97
4 25 3
4 25 6
4 25 13
4 25 17
4 25 18
4 25 23
4 25 28
4 25 29
4 25 35
4 25 36
4 25 38
4 25 39
4 25 45
4 25 46
4 25 47
4 25 48
4 42 0
4 42 1
4 42 10
4 42 11
4 42 20
4 42 30
4 42 31
4 42 32
4 42 41
4 42 42
4 42 43
4 42 44
4 42 51
4 42 53
4 42 60
4 42 63
4 42 71
4 42 82
4 42 91
4 76 57
4 76 59
4 76 64
4 76 65
4 76 73
4 76 75
4 76 77
4 76 78
4 76 85
4 76 87
4 76 89
4 76 93
5 25 5
5 25 14
5 25 15
5 25 16
5 25 17
5 25 19
5 25 23
5 25 25
5 25 26
5 25 27
5 25 28
5 25 34
5 25 36
5 25 37
5 25 45
5 25 47
5 42 21
5 42 22
5 42 30
5 42 31
5 42 33
5 42 43
5 42 44
5 42 60
5 42 61
5 42 62
5 42 70
5 42 71
5 42 72
5 42 91
5 76 55
5 76 58
5 76 64
5 76 65
5 76 67
5 76 69
5 76 73
5 76 75
5 76 78
5 76 83
5 76 89
5 76 92
5 76 93
5 76 96
5 76 99
6 25 2
6 25 4
6 25 7
6 25 9
6 25 13
6 25 15
6 25 16
6 25 17
6 25 25
6 25 28
6 25 35
6 25 37
6 25 38
6 25 45
6 25 48
6 42 20
6 42 21
6 42 22
6 42 32
6 42 44
6 42 50
6 42 53
6 42 60
6 42 62
6 42 63
6 42 70
6 42 82
6 42 90
6 76 49
6 76 55
6 76 56
6 76 57
6 76 65
6 76 67
6 76 69
6 76 73
6 76 77
6 76 87
6 76 88
6 76 89
6 76 92
6 76 94
6 76 96
6 76 98
7 25 2
7 25 3
7 25 4
7 25 6
7 25 7
7 25 9
7 25 14
7 25 15
7 25 16
7 25 17
7 25 19
7 25 23
7 25 24
7 25 26
7 25 28
7 25 36
7 25 37
7 25 38
7 25 47
7 25 48
7 42 10
7 42 33
7 42 44
7 42 50
7 42 51
7 42 54
7 42 61
7 42 63
7 42 71
7 76 49
7 76 56
7 76 57
7 76 64
7 76 65
7 76 66
7 76 68
7 76 73
7 76 76
7 76 77
7 76 78
7 76 84
7 76 85
7 76 88
7 76 89
7 76 92
7 76 93
7 76 94
7 76 95
7 76 97
7 76 98
8 25 2
8 25 4
8 25 5
8 25 15
8 25 16
8 25 24
8 25 26
8 25 34
8 25 35
8 25 36
8 25 37
8 25 47
8 25 48
8 42 1
8 42 10
8 42 12
8 42 21
8 42 22
8 42 31
8 42 33
8 42 40
8 42 50
8 42 52
8 42 54
8 42 61
8 42 63
8 42 70
8 42 72
8 42 82
8 76 57
8 76 58
8 76 59
8 76 64
8 76 65
8 76 66
8 76 67
8 76 68
8 76 73
8 76 74
8 76 77
8 76 78
8 76 79
8 76 83
8 76 92
8 76 94
8 76 97
8 76 98
9 25 6
9 25 9
9 25 15
9 25 16
9 25 17
9 25 18
9 25 24
9 25 25
9 25 26
9 25 28
9 25 29
9 25 37
9 25 47
9 42 1
9 42 10
9 42 12
9 42 22
9 42 30
9 42 31
9 42 40
9 42 41
9 42 42
9 42 44
9 42 50
9 42 51
9 42 52
9 42 54
9 42 60
9 42 61
9 42 81
9 42 82
9 42 90
9 42 91
9 76 56
9 76 58
9 76 65
9 76 67
9 76 68
9 76 74
9 76 75
9 76 87
9 76 94
9 76 97
9 76 98
--- Done ---
