0 54 55
0 54 56
0 54 64
0 54 65
0 76 66
0 76 75
0 76 76
1 54 0
1 54 3
1 54 8
1 54 9
1 54 19
1 54 20
1 54 21
1 54 24
1 54 25
1 54 26
1 54 28
1 54 34
1 54 37
1 54 40
1 54 42
1 54 44
1 54 45
1 54 46
1 54 50
1 54 51
1 54 52
1 54 53
1 54 54
1 54 55
1 54 56
1 54 61
1 54 63
1 54 65
1 54 70
1 54 71
1 54 73
1 54 74
1 54 82
1 54 92
1 76 39
1 76 48
1 76 49
1 76 59
1 76 68
1 76 77
1 76 78
1 76 79
1 76 86
1 76 89
1 76 93
1 76 94
1 76 97
2 54 1
2 54 3
2 54 4
2 54 5
2 54 10
2 54 11
2 54 12
2 54 14
2 54 15
2 54 23
2 54 24
2 54 25
2 54 26
2 54 27
2 54 29
2 54 32
2 54 33
2 54 36
2 54 41
2 54 43
2 54 44
2 54 45
2 54 46
2 54 47
2 54 50
2 54 53
2 54 55
2 54 56
2 54 61
2 54 62
2 54 74
2 54 80
2 54 82
2 54 90
2 76 48
2 76 49
2 76 58
2 76 75
2 76 76
2 76 79
2 76 84
2 76 86
2 76 94
2 76 97
2 76 98
2 76 99
3 54 2
3 54 3
3 54 4
3 54 7
3 54 11
3 54 13
3 54 15
3 54 16
3 54 17
3 54 18
3 54 19
3 54 22
3 54 23
3 54 27
3 54 28
3 54 32
3 54 35
3 54 37
3 54 38
3 54 40
3 54 45
3 54 47
3 54 50
3 54 52
3 54 53
3 54 54
3 54 60
3 54 61
3 54 62
3 54 70
3 54 71
3 54 83
3 54 90
3 54 91
3 54 92
3 76 39
3 76 49
3 76 66
3 76 67
3 76 68
3 76 79
3 76 87
3 76 89
3 76 93
3 76 96
3 76 97
4 54 0
4 54 1
4 54 3
4 54 6
4 54 10
4 54 11
4 54 13
4 54 17
4 54 18
4 54 20
4 54 23
4 54 28
4 54 29
4 54 30
4 54 31
4 54 32
4 54 35
4 54 36
4 54 38
4 54 41
4 54 42
4 54 43
4 54 44
4 54 45
4 54 46
4 54 47
4 54 51
4 54 53
4 54 60
4 54 63
4 54 64
4 54 65
4 54 71
4 54 73
4 54 82
4 54 91
4 76 39
4 76 48
4 76 57
4 76 59
4 76 75
4 76 77
4 76 78
4 76 85
4 76 87
4 76 89
4 76 93
5 54 5
5 54 14
5 54 15
5 54 16
5 54 17
5 54 19
5 54 21
5 54 22
5 54 23
5 54 25
5 54 26
5 54 27
5 54 28
5 54 30
5 54 31
5 54 33
5 54 34
5 54 36
5 54 37
5 54 43
5 54 44
5 54 45
5 54 47
5 54 55
5 54 60
5 54 61
5 54 62
5 54 64
5 54 65
5 54 70
5 54 71
5 54 72
5 54 73
5 54 83
5 54 91
5 54 92
5 76 58
5 76 67
5 76 69
5 76 75
5 76 78
5 76 89
5 76 93
5 76 96
5 76 99
6 54 2
6 54 4
6 54 7
6 54 9
6 54 13
6 54 15
6 54 16
6 54 17
6 54 20
6 54 21
6 54 22
6 54 25
6 54 28
6 54 32
6 54 35
6 54 37
6 54 38
6 54 44
6 54 45
6 54 50
6 54 53
6 54 55
6 54 56
6 54 60
6 54 62
6 54 63
6 54 65
6 54 70
6 54 73
6 54 82
6 54 90
6 54 92
6 76 48
6 76 49
6 76 57
6 76 67
6 76 69
6 76 77
6 76 87
6 76 88
6 76 89
6 76 94
6 76 96
6 76 98
7 54 2
7 54 3
7 54 4
7 54 6
7 54 7
7 54 9
7 54 10
7 54 14
7 54 15
7 54 16
7 54 17
7 54 19
7 54 23
7 54 24
7 54 26
7 54 28
7 54 33
7 54 36
7 54 37
7 54 38
7 54 44
7 54 47
7 54 50
7 54 51
7 54 54
7 54 56
7 54 61
7 54 63
7 54 64
7 54 65
7 54 71
7 54 73
7 54 92
7 76 48
7 76 49
7 76 57
7 76 66
7 76 68
7 76 76
7 76 77
7 76 78
7 76 84
7 76 85
7 76 88
7 76 89
7 76 93
7 76 94
7 76 95
7 76 97
7 76 98
8 54 1
8 54 2
8 54 4
8 54 5
8 54 10
8 54 12
8 54 15
8 54 16
8 54 21
8 54 22
8 54 24
8 54 26
8 54 31
8 54 33
8 54 34
8 54 35
8 54 36
8 54 37
8 54 40
8 54 47
8 54 50
8 54 52
8 54 54
8 54 61
8 54 63
8 54 64
8 54 65
8 54 70
8 54 72
8 54 73
8 54 74
8 54 82
8 54 83
8 54 92
8 76 48
8 76 57
8 76 58
8 76 59
8 76 66
8 76 67
8 76 68
8 76 77
8 76 78
8 76 79
8 76 94
8 76 97
8 76 98
9 54 1
9 54 6
9 54 9
9 54 10
9 54 12
9 54 15
9 54 16
9 54 17
9 54 18
9 54 22
9 54 24
9 54 25
9 54 26
9 54 28
9 54 29
9 54 30
9 54 31
9 54 37
9 54 40
9 54 41
9 54 42
9 54 44
9 54 47
9 54 50
9 54 51
9 54 52
9 54 54
9 54 56
9 54 60
9 54 61
9 54 65
9 54 74
9 54 81
9 54 82
9 54 90
9 54 91
9 76 58
9 76 67
9 76 68
9 76 75
9 76 87
9 76 94
9 76 97
9 76 98
--- Done ---
