0 76 55
0 76 56
0 76 64
0 76 65
0 76 66
0 76 75
0 76 76
1 33 0
1 33 3
1 33 9
1 33 19
1 33 20
1 33 21
1 33 24
1 33 26
1 33 28
1 33 34
1 33 37
1 33 45
1 33 46
1 33 48
1 33 56
1 33 61
1 33 71
1 33 79
1 76 8
1 76 25
1 76 39
1 76 40
1 76 42
1 76 44
1 76 49
1 76 50
1 76 51
1 76 52
1 76 53
1 76 54
1 76 55
1 76 59
1 76 63
1 76 65
1 76 68
1 76 70
1 76 73
1 76 74
1 76 77
1 76 78
1 76 82
1 76 86
1 76 89
1 76 92
1 76 93
1 76 94
1 76 97
2 33 1
2 33 4
2 33 5
2 33 10
2 33 11
2 33 12
2 33 15
2 33 25
2 33 26
2 33 32
2 33 33
2 33 41
2 33 44
2 33 45
2 33 46
2 33 49
2 33 61
2 33 79
2 33 86
2 76 3
2 76 14
2 76 23
2 76 24
2 76 27
2 76 29
2 76 36
2 76 43
2 76 47
2 76 48
2 76 50
2 76 53
2 76 55
2 76 56
2 76 58
2 76 62
2 76 74
2 76 75
2 76 76
2 76 80
2 76 82
2 76 84
2 76 90
2 76 94
2 76 97
2 76 98
2 76 99
3 72 4
3 72 13
3 72 27
3 72 35
3 72 37
3 72 45
3 72 53
3 72 62
3 76 2
3 76 3
3 76 7
3 76 11
3 76 15
3 76 16
3 76 17
3 76 18
3 76 19
3 76 22
3 76 23
3 76 28
3 76 32
3 76 38
3 76 39
3 76 40
3 76 47
3 76 49
3 76 50
3 76 52
3 76 54
3 76 60
3 76 61
3 76 66
3 76 67
3 76 68
3 76 70
3 76 71
3 76 79
3 76 83
3 76 87
3 76 89
3 76 90
3 76 91
3 76 92
3 76 93
3 76 96
3 76 97
4 72 1
4 72 6
4 72 10
4 72 13
4 72 17
4 72 20
4 72 30
4 72 46
4 72 53
4 76 0
4 76 3
4 76 11
4 76 18
4 76 23
4 76 28
4 76 29
4 76 31
4 76 32
4 76 35
4 76 36
4 76 38
4 76 39
4 76 41
4 76 42
4 76 43
4 76 44
4 76 45
4 76 47
4 76 48
4 76 51
4 76 57
4 76 59
4 76 60
4 76 63
4 76 64
4 76 65
4 76 71
4 76 73
4 76 75
4 76 77
4 76 78
4 76 82
4 76 85
4 76 87
4 76 89
4 76 91
4 76 93
5 76 5
5 76 14
5 76 15
5 76 16
5 76 17
5 76 19
5 76 21
5 76 22
5 76 23
5 76 25
5 76 26
5 76 27
5 76 28
5 76 30
5 76 31
5 76 33
5 76 34
5 76 36
5 76 37
5 76 43
5 76 44
5 76 45
5 76 47
5 76 55
5 76 58
5 76 60
5 76 61
5 76 62
5 76 64
5 76 65
5 76 67
5 76 69
5 76 70
5 76 71
5 76 72
5 76 73
5 76 75
5 76 78
5 76 83
5 76 89
5 76 91
5 76 92
5 76 93
5 76 96
5 76 99
6 35 4
6 35 9
6 35 15
6 35 16
6 35 17
6 35 21
6 35 22
6 35 35
6 35 37
6 35 38
6 35 48
6 35 53
6 35 55
6 35 56
6 35 67
6 35 73
6 76 2
6 76 7
6 76 13
6 76 20
6 76 25
6 76 28
6 76 32
6 76 44
6 76 45
6 76 49
6 76 50
6 76 57
6 76 60
6 76 62
6 76 63
6 76 65
6 76 69
6 76 70
6 76 77
6 76 82
6 76 87
6 76 88
6 76 89
6 76 90
6 76 92
6 76 94
6 76 96
6 76 98
7 35 3
7 35 4
7 35 6
7 35 7
7 35 9
7 35 10
7 35 14
7 35 17
7 35 19
7 35 23
7 35 33
7 35 38
7 35 48
7 35 49
7 35 56
7 35 57
7 35 65
7 76 2
7 76 15
7 76 16
7 76 24
7 76 26
7 76 28
7 76 36
7 76 37
7 76 44
7 76 47
7 76 50
7 76 51
7 76 54
7 76 61
7 76 63
7 76 64
7 76 66
7 76 68
7 76 71
7 76 73
7 76 76
7 76 77
7 76 78
7 76 84
7 76 85
7 76 88
7 76 89
7 76 92
7 76 93
7 76 94
7 76 95
7 76 97
7 76 98
8 44 1
8 44 4
8 44 5
8 44 10
8 44 12
8 44 22
8 44 24
8 44 26
8 44 37
8 44 40
8 44 57
8 44 64
8 44 83
8 76 2
8 76 15
8 76 16
8 76 21
8 76 31
8 76 33
8 76 34
8 76 35
8 76 36
8 76 47
8 76 48
8 76 50
8 76 52
8 76 54
8 76 58
8 76 59
8 76 61
8 76 63
8 76 65
8 76 66
8 76 67
8 76 68
8 76 70
8 76 72
8 76 73
8 76 74
8 76 77
8 76 78
8 76 79
8 76 82
8 76 92
8 76 94
8 76 97
8 76 98
9 44 1
9 44 9
9 44 10
9 44 12
9 44 15
9 44 24
9 44 30
9 44 41
9 44 42
9 44 44
9 44 51
9 44 56
9 44 58
9 76 6
9 76 16
9 76 17
9 76 18
9 76 22
9 76 25
9 76 26
9 76 28
9 76 29
9 76 31
9 76 37
9 76 40
9 76 47
9 76 50
9 76 52
9 76 54
9 76 60
9 76 61
9 76 65
9 76 67
9 76 68
9 76 74
9 76 75
9 76 81
9 76 82
9 76 87
9 76 90
9 76 91
9 76 94
9 76 97
9 76 98
--- Done ---
