0 76 55
0 76 56
0 76 64
0 76 65
0 76 66
0 76 75
0 76 76
1 26 0
1 26 3
1 26 8
1 26 9
1 26 21
1 26 26
1 26 28
1 26 34
1 26 37
1 26 53
1 26 59
1 71 20
1 71 40
1 71 46
1 71 50
1 71 52
1 71 70
1 71 71
1 71 82
1 76 19
1 76 24
1 76 25
1 76 39
1 76 42
1 76 44
1 76 45
1 76 48
1 76 49
1 76 51
1 76 54
1 76 55
1 76 56
1 76 61
1 76 63
1 76 65
1 76 68
1 76 73
1 76 74
1 76 77
1 76 78
1 76 79
1 76 86
1 76 89
1 76 92
1 76 93
1 76 94
1 76 97
2 26 3
2 26 15
2 26 23
2 26 26
2 26 29
2 26 32
2 26 33
2 26 53
2 34 1
2 34 4
2 34 5
2 34 10
2 34 12
2 34 14
2 34 41
2 34 99
2 71 11
2 71 46
2 71 50
2 71 62
2 71 80
2 71 82
2 71 90
2 71 98
2 76 24
2 76 25
2 76 27
2 76 36
2 76 43
2 76 44
2 76 45
2 76 47
2 76 48
2 76 49
2 76 55
2 76 56
2 76 58
2 76 61
2 76 74
2 76 75
2 76 76
2 76 79
2 76 84
2 76 86
2 76 94
2 76 97
3 34 2
3 34 3
3 34 4
3 34 7
3 34 13
3 34 15
3 34 16
3 34 18
3 34 23
3 34 28
3 34 32
3 34 37
3 34 50
3 45 17
3 45 38
3 45 45
3 45 53
3 71 11
3 71 22
3 71 40
3 71 52
3 71 60
3 71 62
3 71 70
3 71 71
3 71 90
3 71 91
3 76 19
3 76 27
3 76 35
3 76 39
3 76 47
3 76 49
3 76 54
3 76 61
3 76 66
3 76 67
3 76 68
3 76 79
3 76 83
3 76 87
3 76 89
3 76 92
3 76 93
3 76 96
3 76 97
4 31 0
4 31 1
4 31 3
4 31 6
4 31 10
4 31 11
4 31 13
4 31 20
4 31 23
4 31 30
4 31 31
4 31 32
4 31 41
4 31 43
4 31 51
4 31 53
4 31 60
4 31 71
4 31 91
4 31 93
4 34 18
4 34 28
4 34 29
4 34 46
4 45 17
4 45 38
4 45 45
4 45 59
4 45 82
4 76 35
4 76 36
4 76 39
4 76 42
4 76 44
4 76 47
4 76 48
4 76 57
4 76 63
4 76 64
4 76 65
4 76 73
4 76 75
4 76 77
4 76 78
4 76 85
4 76 87
4 76 89
5 31 14
5 31 16
5 31 30
5 31 31
5 31 33
5 31 70
5 31 71
5 31 91
5 34 5
5 34 15
5 34 17
5 34 21
5 34 22
5 34 23
5 34 28
5 34 34
5 34 37
5 34 60
5 34 62
5 34 99
5 76 19
5 76 25
5 76 26
5 76 27
5 76 36
5 76 43
5 76 44
5 76 45
5 76 47
5 76 55
5 76 58
5 76 61
5 76 64
5 76 65
5 76 67
5 76 69
5 76 72
5 76 73
5 76 75
5 76 78
5 76 83
5 76 89
5 76 92
5 76 93
5 76 96
6 25 2
6 25 4
6 25 7
6 25 9
6 25 13
6 25 15
6 25 16
6 25 17
6 25 20
6 25 21
6 25 22
6 25 25
6 25 28
6 25 35
6 25 37
6 25 38
6 25 44
6 25 45
6 25 48
6 25 53
6 25 55
6 25 60
6 25 67
6 25 98
6 42 32
6 42 50
6 42 62
6 42 70
6 42 82
6 42 90
6 76 49
6 76 56
6 76 57
6 76 63
6 76 65
6 76 69
6 76 73
6 76 77
6 76 87
6 76 88
6 76 89
6 76 92
6 76 94
6 76 96
7 25 2
7 25 3
7 25 4
7 25 6
7 25 7
7 25 9
7 25 14
7 25 15
7 25 16
7 25 17
7 25 24
7 25 26
7 25 28
7 25 33
7 25 37
7 25 38
7 25 57
7 25 68
7 25 98
7 42 10
7 42 23
7 42 50
7 42 71
7 76 19
7 76 36
7 76 44
7 76 47
7 76 48
7 76 49
7 76 51
7 76 54
7 76 56
7 76 61
7 76 63
7 76 64
7 76 65
7 76 66
7 76 73
7 76 76
7 76 77
7 76 78
7 76 84
7 76 85
7 76 88
7 76 89
7 76 92
7 76 93
7 76 94
7 76 95
7 76 97
8 42 1
8 42 2
8 42 10
8 42 12
8 42 15
8 42 21
8 42 22
8 42 31
8 42 34
8 42 40
8 42 50
8 42 52
8 42 70
8 58 4
8 58 5
8 58 16
8 58 24
8 58 26
8 58 33
8 58 36
8 58 37
8 58 57
8 58 58
8 58 59
8 58 66
8 58 74
8 58 82
8 58 94
8 58 98
8 76 35
8 76 47
8 76 48
8 76 54
8 76 61
8 76 63
8 76 64
8 76 65
8 76 67
8 76 68
8 76 72
8 76 73
8 76 77
8 76 78
8 76 79
8 76 83
8 76 92
8 76 97
9 31 1
9 31 6
9 31 10
9 31 12
9 31 15
9 31 16
9 31 22
9 31 30
9 31 31
9 31 40
9 31 41
9 31 50
9 31 52
9 31 54
9 31 60
9 31 61
9 31 74
9 31 90
9 31 91
9 42 42
9 58 9
9 58 17
9 58 18
9 58 28
9 58 29
9 58 37
9 58 47
9 58 56
9 58 58
9 58 65
9 58 82
9 58 94
9 58 97
9 58 98
9 76 24
9 76 25
9 76 26
9 76 44
9 76 51
9 76 67
9 76 68
9 76 75
9 76 81
9 76 87
--- Done ---
