0 76 55
0 76 56
0 76 64
0 76 65
0 76 66
0 76 75
0 76 76
1 34 3
1 34 9
1 34 20
1 34 21
1 34 26
1 34 28
1 34 34
1 34 37
1 34 40
1 34 45
1 34 48
1 34 51
1 34 52
1 34 53
1 34 55
1 34 61
1 34 63
1 34 70
1 34 71
1 34 82
1 76 0
1 76 8
1 76 19
1 76 24
1 76 25
1 76 39
1 76 42
1 76 44
1 76 46
1 76 49
1 76 50
1 76 54
1 76 56
1 76 59
1 76 65
1 76 68
1 76 73
1 76 74
1 76 77
1 76 78
1 76 79
1 76 86
1 76 89
1 76 92
1 76 93
1 76 94
1 76 97
2 34 1
2 34 3
2 34 4
2 34 5
2 34 10
2 34 12
2 34 14
2 34 15
2 34 23
2 34 25
2 34 26
2 34 27
2 34 29
2 34 32
2 34 33
2 34 36
2 34 41
2 34 45
2 34 46
2 34 48
2 34 53
2 34 62
2 34 80
2 34 82
2 34 84
2 76 11
2 76 24
2 76 43
2 76 44
2 76 47
2 76 49
2 76 50
2 76 55
2 76 56
2 76 58
2 76 61
2 76 74
2 76 75
2 76 76
2 76 79
2 76 86
2 76 90
2 76 94
2 76 97
2 76 98
2 76 99
3 44 2
3 44 3
3 44 4
3 44 11
3 44 13
3 44 15
3 44 16
3 44 17
3 44 18
3 44 19
3 44 22
3 44 23
3 44 32
3 44 37
3 44 38
3 44 40
3 44 45
3 44 50
3 44 53
3 44 61
3 44 62
3 44 68
3 44 70
3 44 71
3 44 79
3 76 7
3 76 27
3 76 28
3 76 35
3 76 39
3 76 47
3 76 49
3 76 52
3 76 54
3 76 60
3 76 66
3 76 67
3 76 83
3 76 87
3 76 89
3 76 90
3 76 91
3 76 92
3 76 93
3 76 96
3 76 97
4 44 1
4 44 3
4 44 10
4 44 11
4 44 13
4 44 17
4 44 18
4 44 20
4 44 23
4 44 29
4 44 30
4 44 31
4 44 32
4 44 35
4 44 36
4 44 38
4 44 41
4 44 42
4 44 43
4 44 44
4 44 48
4 44 53
4 44 57
4 44 63
4 44 64
4 44 71
4 44 85
4 44 91
4 44 93
4 76 0
4 76 6
4 76 28
4 76 39
4 76 45
4 76 46
4 76 47
4 76 51
4 76 59
4 76 60
4 76 65
4 76 73
4 76 75
4 76 77
4 76 78
4 76 82
4 76 87
4 76 89
5 34 5
5 34 14
5 34 15
5 34 17
5 34 19
5 34 23
5 34 25
5 34 27
5 34 28
5 34 30
5 34 31
5 34 33
5 34 34
5 34 36
5 34 43
5 34 44
5 34 55
5 34 60
5 34 62
5 34 64
5 34 70
5 34 71
5 34 92
5 34 96
5 34 99
5 76 16
5 76 21
5 76 22
5 76 26
5 76 37
5 76 45
5 76 47
5 76 58
5 76 61
5 76 65
5 76 67
5 76 69
5 76 72
5 76 73
5 76 75
5 76 78
5 76 83
5 76 89
5 76 91
5 76 93
6 34 2
6 34 4
6 34 7
6 34 9
6 34 13
6 34 15
6 34 16
6 34 17
6 34 20
6 34 22
6 34 25
6 34 28
6 34 32
6 34 37
6 34 38
6 34 44
6 34 45
6 34 57
6 34 62
6 34 63
6 34 70
6 34 73
6 34 77
6 34 82
6 34 87
6 76 21
6 76 35
6 76 48
6 76 49
6 76 50
6 76 53
6 76 55
6 76 56
6 76 60
6 76 65
6 76 67
6 76 69
6 76 88
6 76 89
6 76 90
6 76 92
6 76 94
6 76 96
6 76 98
7 34 2
7 34 3
7 34 4
7 34 6
7 34 7
7 34 9
7 34 10
7 34 14
7 34 15
7 34 16
7 34 17
7 34 19
7 34 23
7 34 24
7 34 26
7 34 28
7 34 33
7 34 37
7 34 48
7 34 54
7 34 57
7 34 61
7 34 64
7 34 65
7 34 66
7 34 68
7 34 71
7 34 73
7 34 78
7 34 84
7 34 92
7 76 36
7 76 38
7 76 44
7 76 47
7 76 49
7 76 50
7 76 51
7 76 56
7 76 63
7 76 76
7 76 77
7 76 85
7 76 88
7 76 89
7 76 93
7 76 94
7 76 95
7 76 97
7 76 98
8 34 1
8 34 2
8 34 4
8 34 5
8 34 10
8 34 12
8 34 15
8 34 31
8 34 33
8 34 34
8 34 65
8 34 70
8 34 72
8 34 74
8 34 83
8 34 92
8 76 16
8 76 21
8 76 22
8 76 24
8 76 26
8 76 35
8 76 36
8 76 37
8 76 40
8 76 47
8 76 48
8 76 50
8 76 52
8 76 54
8 76 57
8 76 58
8 76 59
8 76 61
8 76 63
8 76 64
8 76 66
8 76 67
8 76 68
8 76 73
8 76 77
8 76 78
8 76 79
8 76 82
8 76 94
8 76 97
8 76 98
9 34 1
9 34 9
9 34 10
9 34 12
9 34 15
9 34 17
9 34 29
9 34 30
9 34 31
9 34 41
9 34 91
9 76 6
9 76 16
9 76 18
9 76 22
9 76 24
9 76 25
9 76 26
9 76 28
9 76 37
9 76 40
9 76 42
9 76 44
9 76 47
9 76 50
9 76 51
9 76 52
9 76 54
9 76 56
9 76 58
9 76 60
9 76 61
9 76 65
9 76 67
9 76 68
9 76 74
9 76 75
9 76 81
9 76 82
9 76 87
9 76 90
9 76 94
9 76 97
9 76 98
--- Done ---
