0 73 73
0 73 74
0 73 83
0 73 84
0 73 93
0 73 94
0 78 -1
1 22 20
1 22 21
1 22 22
1 22 40
1 36 14
1 36 15
1 36 17
1 36 26
1 36 28
1 36 34
1 36 48
1 36 4
1 36 16
1 36 25
1 36 58
1 36 45
1 36 43
1 73 71
1 73 74
1 73 82
1 73 83
1 73 84
1 73 85
1 73 93
1 73 94
1 73 62
1 73 64
1 73 23
1 73 42
1 78 88
1 78 97
1 78 99
2 19 9
2 22 3
2 22 11
2 22 30
2 22 40
2 36 5
2 36 6
2 36 14
2 36 15
2 36 47
2 36 4
2 36 7
2 36 8
2 36 16
2 36 17
2 36 25
2 36 44
2 36 46
2 36 23
2 36 56
2 36 35
2 60 81
2 60 83
2 60 92
2 60 41
2 60 52
2 60 62
2 73 74
2 73 84
2 73 85
2 73 94
2 73 95
2 73 51
2 73 61
2 73 65
2 73 71
2 73 73
2 73 76
2 78 49
2 78 59
2 78 69
2 78 77
2 78 78
2 78 79
2 78 87
2 78 88
2 78 97
2 78 98
2 78 99
2 78 86
3 19 9
3 19 19
3 22 3
3 22 11
3 22 13
3 22 22
3 22 40
3 22 50
3 36 6
3 36 26
3 36 34
3 36 47
3 36 55
3 36 4
3 36 17
3 36 18
3 36 25
3 36 28
3 36 46
3 36 48
3 36 23
3 36 42
3 36 36
3 60 90
3 60 60
3 60 61
3 60 70
3 60 71
3 60 72
3 60 73
3 60 81
3 60 83
3 60 41
3 60 52
3 60 62
3 73 74
3 73 75
3 73 84
3 73 85
3 73 94
3 73 95
3 73 33
3 73 51
3 73 65
3 78 49
3 78 59
3 78 68
3 78 69
3 78 77
3 78 79
3 78 88
3 78 89
3 78 97
3 78 99
3 78 39
3 78 86
3 78 96
3 78 45
3 78 56
3 78 27
3 78 38
4 0 0
4 19 9
4 22 13
4 22 2
4 22 10
4 22 11
4 22 20
4 22 21
4 22 22
4 22 33
4 22 50
4 36 5
4 36 6
4 36 14
4 36 34
4 36 47
4 36 8
4 36 16
4 36 17
4 36 18
4 36 28
4 36 29
4 36 37
4 36 44
4 36 46
4 36 48
4 36 57
4 36 64
4 36 23
4 36 42
4 36 56
4 36 27
4 36 36
4 60 80
4 60 90
4 60 51
4 60 61
4 60 72
4 60 73
4 60 83
4 60 91
4 60 52
4 60 30
4 60 31
4 60 32
4 60 35
4 73 74
4 73 75
4 73 82
4 73 84
4 73 85
4 73 93
4 73 94
4 73 63
4 78 49
4 78 59
4 78 67
4 78 68
4 78 69
4 78 78
4 78 79
4 78 87
4 78 88
4 78 89
4 78 97
4 78 99
4 78 66
4 78 76
4 78 86
4 78 96
4 78 38
4 78 58
4 78 43
5 0 0
5 19 9
5 22 13
5 22 2
5 22 3
5 22 11
5 22 20
5 22 21
5 22 22
5 22 40
5 22 50
5 22 23
5 22 42
5 22 54
5 22 32
5 22 41
5 22 52
5 22 53
5 22 62
5 22 30
5 36 5
5 36 14
5 36 15
5 36 26
5 36 34
5 36 55
5 36 4
5 36 7
5 36 8
5 36 16
5 36 17
5 36 18
5 36 24
5 36 25
5 36 28
5 36 29
5 36 37
5 36 46
5 36 57
5 36 64
5 60 80
5 60 90
5 60 60
5 60 70
5 60 71
5 60 73
5 60 83
5 60 91
5 60 31
5 73 74
5 73 75
5 73 82
5 73 85
5 73 93
5 73 94
5 73 95
5 73 33
5 73 61
5 73 63
5 73 65
5 78 59
5 78 67
5 78 68
5 78 78
5 78 87
5 78 89
5 78 97
5 78 98
5 78 99
5 78 39
5 78 56
5 78 86
5 78 96
5 78 27
5 78 36
5 78 38
5 78 43
6 0 1
6 0 10
6 0 11
6 0 12
6 0 20
6 0 21
6 19 9
6 19 19
6 22 22
6 36 5
6 36 6
6 36 14
6 36 15
6 36 34
6 36 47
6 36 4
6 36 7
6 36 8
6 36 16
6 36 24
6 36 25
6 36 28
6 36 44
6 36 46
6 36 48
6 36 57
6 36 64
6 36 65
6 60 80
6 60 90
6 60 40
6 60 50
6 60 60
6 60 61
6 60 32
6 60 35
6 60 70
6 60 71
6 60 83
6 60 91
6 60 92
6 60 30
6 60 41
6 60 52
6 73 74
6 73 85
6 73 93
6 73 94
6 73 95
6 73 33
6 73 63
6 73 42
6 73 54
6 73 73
6 73 53
6 73 62
6 78 49
6 78 59
6 78 67
6 78 68
6 78 69
6 78 77
6 78 78
6 78 79
6 78 87
6 78 89
6 78 97
6 78 98
6 78 99
6 78 27
6 78 36
6 78 38
6 78 58
6 78 76
6 78 96
7 0 0
7 19 -1
7 22 13
7 22 1
7 22 3
7 22 4
7 22 10
7 22 20
7 22 22
7 22 33
7 22 40
7 22 44
7 22 46
7 22 63
7 22 30
7 22 31
7 22 32
7 22 41
7 22 52
7 22 54
7 22 43
7 36 5
7 36 14
7 36 15
7 36 55
7 36 7
7 36 8
7 36 17
7 36 18
7 36 24
7 36 29
7 36 37
7 36 48
7 36 65
7 36 27
7 36 36
7 36 38
7 36 58
7 60 80
7 60 90
7 60 60
7 73 75
7 73 82
7 73 84
7 73 85
7 73 93
7 73 94
7 73 61
7 73 70
7 73 71
7 73 73
7 73 81
7 73 83
7 73 86
7 73 91
7 73 96
7 73 62
7 73 53
7 78 49
7 78 59
7 78 67
7 78 68
7 78 69
7 78 77
7 78 79
7 78 87
7 78 97
7 78 98
7 78 99
7 78 39
7 78 66
7 78 76
8 0 0
8 0 2
8 0 12
8 0 20
8 0 31
8 19 9
8 22 13
8 22 22
8 22 40
8 22 50
8 22 52
8 36 6
8 36 14
8 36 55
8 36 4
8 36 7
8 36 16
8 36 18
8 36 25
8 36 29
8 36 44
8 36 57
8 36 27
8 36 32
8 36 35
8 36 36
8 36 42
8 36 54
8 36 56
8 36 58
8 36 43
8 60 90
8 60 60
8 73 74
8 73 82
8 73 84
8 73 85
8 73 93
8 73 94
8 73 51
8 73 61
8 73 63
8 73 64
8 73 65
8 73 66
8 73 70
8 73 72
8 73 73
8 73 76
8 73 81
8 73 83
8 73 86
8 73 91
8 73 92
8 73 96
8 73 23
8 73 41
8 78 49
8 78 77
8 78 79
8 78 87
8 78 88
8 78 89
8 78 98
8 78 39
9 0 -1
9 19 9
9 22 13
9 22 1
9 22 11
9 22 12
9 22 20
9 22 21
9 22 33
9 22 40
9 22 63
9 22 30
9 22 31
9 22 32
9 22 35
9 22 41
9 22 42
9 22 54
9 22 43
9 36 6
9 36 14
9 36 15
9 36 34
9 36 47
9 36 8
9 36 16
9 36 18
9 36 24
9 36 25
9 36 44
9 36 23
9 36 36
9 60 60
9 73 84
9 73 85
9 73 93
9 73 95
9 73 73
9 73 81
9 73 91
9 78 59
9 78 67
9 78 77
9 78 78
9 78 87
9 78 89
9 78 97
9 78 99
9 78 39
9 78 57
9 78 76
9 78 27
9 78 56
10 0 -1
10 19 9
10 19 19
10 19 28
10 19 29
10 19 37
10 19 38
10 22 13
10 22 2
10 22 3
10 22 4
10 22 16
10 22 21
10 22 24
10 22 33
10 22 35
10 36 14
10 36 34
10 36 36
10 60 90
10 73 75
10 73 82
10 73 93
10 73 95
10 73 51
10 73 61
10 73 71
10 73 73
10 73 81
10 73 83
10 73 86
10 73 96
10 73 42
10 73 54
10 73 62
10 73 53
10 78 79
10 78 88
10 78 97
10 78 99
10 78 57
11 0 2
11 0 21
11 19 -1
11 22 -1
11 36 5
11 36 17
11 36 28
11 60 40
11 73 75
11 73 82
11 73 85
11 73 51
11 73 71
11 73 54
11 73 56
11 78 87
11 78 89
--- Done ---
