0 48 -1
0 74 73
0 74 74
0 74 83
0 74 84
0 74 93
0 74 94
1 18 17
1 18 28
1 24 4
1 24 14
1 24 15
1 24 25
1 24 26
1 24 45
1 24 16
1 24 21
1 24 23
1 24 34
1 24 22
1 24 42
1 31 20
1 31 43
1 31 40
1 32 -1
1 48 48
1 67 88
1 67 99
1 67 58
1 74 62
1 74 71
1 74 82
1 74 83
1 74 84
1 74 93
1 74 94
1 74 97
1 74 64
1 74 74
1 74 85
2 18 6
2 18 7
2 18 8
2 18 9
2 18 17
2 24 4
2 24 5
2 24 14
2 24 15
2 24 25
2 24 3
2 24 16
2 24 23
2 24 35
2 24 44
2 31 11
2 31 52
2 31 30
2 31 40
2 31 41
2 32 -1
2 48 -1
2 67 79
2 67 88
2 67 99
2 67 46
2 67 47
2 67 49
2 67 56
2 67 59
2 67 69
2 67 78
2 67 87
2 67 85
2 70 81
2 70 92
2 70 51
2 70 61
2 74 65
2 74 83
2 74 94
2 74 62
2 74 71
2 74 73
2 74 74
2 74 84
2 74 86
2 74 97
2 74 76
2 74 77
2 96 95
2 96 98
3 18 6
3 18 9
3 18 17
3 18 19
3 18 27
3 18 28
3 18 18
3 18 38
3 18 39
3 24 4
3 24 13
3 24 25
3 24 26
3 24 45
3 24 3
3 24 23
3 24 33
3 24 34
3 24 22
3 24 42
3 31 11
3 31 52
3 31 40
3 31 41
3 31 50
3 32 -1
3 48 36
3 48 48
3 67 68
3 67 79
3 67 88
3 67 89
3 67 99
3 67 46
3 67 47
3 67 49
3 67 56
3 67 59
3 67 69
3 67 75
3 67 77
3 67 85
3 70 60
3 70 70
3 70 81
3 70 90
3 70 51
3 70 61
3 74 65
3 74 83
3 74 94
3 74 55
3 74 62
3 74 71
3 74 72
3 74 74
3 74 86
3 96 95
3 96 73
3 96 84
3 96 96
3 96 97
4 1 0
4 1 10
4 1 11
4 1 14
4 18 6
4 18 8
4 18 9
4 18 17
4 18 27
4 18 28
4 18 18
4 18 37
4 18 38
4 18 16
4 24 5
4 24 13
4 24 23
4 24 33
4 24 34
4 24 21
4 24 22
4 24 35
4 24 42
4 24 44
4 31 20
4 31 43
4 31 2
4 31 30
4 31 31
4 31 52
4 31 50
4 32 32
4 32 51
4 32 61
4 48 29
4 48 36
4 48 48
4 67 67
4 67 68
4 67 79
4 67 88
4 67 89
4 67 99
4 67 46
4 67 47
4 67 49
4 67 56
4 67 57
4 67 58
4 67 59
4 67 64
4 67 69
4 67 78
4 67 87
4 67 74
4 67 75
4 67 76
4 70 90
4 70 80
4 71 91
4 71 73
4 71 82
4 71 93
4 74 94
4 74 72
4 74 83
4 74 84
4 74 86
4 74 97
4 74 63
4 74 66
4 96 96
4 96 85
5 1 0
5 18 7
5 18 8
5 18 9
5 18 17
5 18 27
5 18 28
5 18 18
5 18 37
5 18 38
5 18 39
5 24 4
5 24 5
5 24 13
5 24 15
5 24 25
5 24 26
5 24 54
5 24 14
5 24 23
5 24 24
5 24 33
5 24 34
5 24 3
5 24 16
5 24 21
5 24 22
5 24 42
5 31 20
5 31 43
5 31 2
5 31 11
5 31 30
5 31 31
5 31 40
5 31 41
5 31 52
5 31 50
5 31 53
5 31 63
5 32 32
5 48 29
5 48 36
5 67 67
5 67 68
5 67 89
5 67 99
5 67 46
5 67 56
5 67 57
5 67 59
5 67 78
5 67 87
5 67 74
5 67 75
5 67 85
5 70 90
5 70 60
5 70 70
5 70 80
5 70 61
5 70 82
5 71 91
5 71 71
5 71 73
5 71 93
5 74 65
5 74 94
5 74 55
5 74 64
5 74 83
5 74 86
5 74 97
5 74 62
5 96 95
5 96 98
5 96 96
6 1 1
6 1 10
6 1 11
6 18 6
6 18 7
6 18 8
6 18 9
6 18 19
6 18 27
6 18 28
6 18 38
6 24 4
6 24 5
6 24 15
6 24 25
6 24 54
6 24 12
6 24 14
6 24 24
6 24 33
6 24 34
6 24 16
6 24 21
6 24 22
6 24 35
6 24 42
6 24 44
6 31 20
6 31 30
6 31 40
6 31 41
6 31 52
6 32 32
6 48 36
6 48 48
6 67 67
6 67 68
6 67 79
6 67 89
6 67 99
6 67 46
6 67 47
6 67 49
6 67 57
6 67 58
6 67 59
6 67 64
6 67 69
6 67 78
6 67 87
6 67 76
6 67 77
6 67 85
6 70 90
6 70 92
6 70 60
6 70 70
6 70 80
6 70 50
6 70 61
6 70 62
6 71 91
6 71 71
6 74 65
6 74 94
6 74 83
6 74 97
6 74 53
6 74 63
6 74 73
6 74 74
6 74 93
6 96 95
6 96 98
6 96 96
7 1 0
7 1 1
7 1 10
7 18 7
7 18 8
7 18 17
7 18 27
7 18 18
7 18 37
7 18 38
7 18 39
7 24 4
7 24 5
7 24 13
7 24 15
7 24 54
7 24 14
7 24 24
7 24 33
7 24 3
7 24 22
7 24 44
7 31 20
7 31 43
7 31 30
7 31 31
7 31 40
7 31 41
7 31 52
7 31 53
7 32 32
7 48 29
7 48 36
7 48 48
7 67 67
7 67 68
7 67 79
7 67 99
7 67 46
7 67 49
7 67 55
7 67 58
7 67 59
7 67 69
7 67 87
7 67 66
7 67 75
7 67 76
7 67 77
7 67 85
7 70 90
7 70 70
7 71 91
7 71 60
7 71 80
7 71 81
7 71 83
7 71 61
7 71 62
7 71 63
7 71 71
7 71 73
7 71 82
7 71 93
7 74 65
7 74 94
7 74 84
7 74 86
7 74 97
7 96 98
7 96 96
8 1 0
8 18 6
8 18 7
8 18 9
8 18 27
8 18 18
8 18 39
8 24 4
8 24 13
8 24 25
8 24 54
8 24 12
8 24 14
8 24 23
8 24 16
8 31 20
8 31 43
8 31 2
8 31 31
8 31 40
8 31 41
8 31 52
8 31 22
8 31 35
8 31 42
8 31 44
8 31 50
8 31 63
8 32 32
8 32 51
8 48 29
8 48 36
8 67 79
8 67 88
8 67 89
8 67 49
8 67 55
8 67 56
8 67 57
8 67 58
8 67 64
8 67 87
8 67 66
8 67 76
8 67 77
8 67 85
8 70 90
8 70 92
8 70 60
8 70 70
8 70 72
8 70 81
8 70 61
8 71 91
8 74 65
8 74 94
8 74 83
8 74 84
8 74 86
8 74 73
8 74 74
8 74 82
8 74 93
8 96 98
8 96 96
9 1 1
9 18 6
9 18 8
9 18 9
9 18 27
9 18 18
9 18 39
9 24 13
9 24 15
9 24 25
9 24 54
9 24 12
9 24 14
9 24 23
9 24 24
9 24 33
9 24 34
9 24 16
9 24 21
9 24 35
9 24 42
9 24 44
9 31 20
9 31 43
9 31 11
9 31 30
9 31 31
9 31 40
9 31 41
9 31 63
9 32 32
9 48 36
9 67 67
9 67 89
9 67 99
9 67 47
9 67 56
9 67 57
9 67 59
9 67 78
9 67 87
9 67 76
9 67 77
9 67 85
9 70 -1
9 71 91
9 71 60
9 71 81
9 71 73
9 71 93
9 74 -1
9 96 95
9 96 84
9 96 97
10 1 2
10 18 9
10 18 19
10 18 28
10 18 37
10 18 38
10 24 4
10 24 13
10 24 54
10 24 14
10 24 24
10 24 33
10 24 34
10 24 3
10 24 16
10 24 21
10 24 35
10 24 42
10 31 53
10 32 -1
10 48 29
10 48 36
10 48 57
10 67 79
10 67 88
10 67 99
10 67 75
10 70 90
10 70 51
10 70 81
10 70 61
10 70 62
10 70 82
10 71 83
10 71 71
10 74 -1
10 96 95
10 96 86
10 96 96
10 96 97
10 96 73
10 96 93
11 1 2
11 18 17
11 18 28
11 24 5
11 24 54
11 24 21
11 31 40
11 32 51
11 48 -1
11 67 89
11 67 56
11 67 87
11 67 75
11 67 85
11 70 -1
11 71 71
11 71 82
11 74 -1
11 96 -1
--- Done ---
