0 73 73
0 73 74
0 73 83
0 73 84
0 73 93
0 78 94
1 73 4
1 73 14
1 73 15
1 73 16
1 73 17
1 73 20
1 73 21
1 73 22
1 73 23
1 73 25
1 73 34
1 73 40
1 73 42
1 73 62
1 73 64
1 73 71
1 73 74
1 73 82
1 73 83
1 73 84
1 73 85
1 73 93
1 78 26
1 78 28
1 78 43
1 78 45
1 78 48
1 78 58
1 78 88
1 78 94
1 78 97
1 78 99
2 73 4
2 73 6
2 73 7
2 73 11
2 73 14
2 73 15
2 73 16
2 73 17
2 73 23
2 73 25
2 73 30
2 73 40
2 73 41
2 73 44
2 73 46
2 73 51
2 73 52
2 73 61
2 73 62
2 73 65
2 73 71
2 73 73
2 73 74
2 73 76
2 73 81
2 73 83
2 73 84
2 78 3
2 78 5
2 78 8
2 78 9
2 78 35
2 78 47
2 78 49
2 78 56
2 78 59
2 78 69
2 78 77
2 78 78
2 78 79
2 78 85
2 78 86
2 78 87
2 78 88
2 78 92
2 78 95
2 78 97
2 78 98
2 78 99
3 73 4
3 73 6
3 73 11
3 73 13
3 73 17
3 73 22
3 73 23
3 73 25
3 73 33
3 73 34
3 73 40
3 73 41
3 73 42
3 73 46
3 73 50
3 73 51
3 73 52
3 73 55
3 73 60
3 73 61
3 73 62
3 73 65
3 73 70
3 73 71
3 73 72
3 73 75
3 78 3
3 78 9
3 78 18
3 78 19
3 78 26
3 78 27
3 78 28
3 78 36
3 78 38
3 78 39
3 78 45
3 78 47
3 78 48
3 78 49
3 78 56
3 78 59
3 78 68
3 78 69
3 78 73
3 78 74
3 78 77
3 78 79
4 73 0
4 73 2
4 73 6
4 73 11
4 73 13
4 73 14
4 73 16
4 73 17
4 73 20
4 73 21
4 73 22
4 73 23
4 73 30
4 73 31
4 73 32
4 73 33
4 73 34
4 73 37
4 73 42
4 73 44
4 73 46
4 78 5
4 78 8
4 78 9
4 78 10
4 78 18
4 78 27
4 78 28
4 78 29
4 78 35
4 78 36
4 78 38
4 78 43
4 78 47
4 78 48
4 78 49
4 78 50
4 78 51
4 78 52
4 78 56
4 78 57
4 78 58
4 78 59
4 78 61
4 78 63
5 73 0
5 73 2
5 73 4
5 73 7
5 73 11
5 73 13
5 73 14
5 73 15
5 73 16
5 73 17
5 73 20
5 73 21
5 73 22
5 73 23
5 73 24
5 73 25
5 73 30
5 73 31
5 78 3
5 78 5
5 78 8
5 78 9
5 78 18
5 78 26
5 78 27
5 78 28
5 78 29
5 78 32
5 78 33
5 78 34
5 78 36
5 78 37
5 78 38
5 78 39
5 78 40
5 78 41
5 78 42
5 78 43
5 78 46
5 78 50
5 78 59
6 73 1
6 73 4
6 73 6
6 73 7
6 73 11
6 73 12
6 73 14
6 73 15
6 73 16
6 73 20
6 73 21
6 73 22
6 73 24
6 73 25
6 73 30
6 73 32
6 73 33
6 73 34
6 73 41
6 78 5
6 78 8
6 78 9
6 78 10
6 78 19
6 78 27
6 78 28
6 78 35
6 78 36
6 78 38
6 78 40
6 78 42
6 78 44
6 78 46
6 78 47
6 78 48
6 78 49
6 78 50
6 78 54
7 73 0
7 73 1
7 73 4
7 73 7
7 73 13
7 73 14
7 73 15
7 73 17
7 73 20
7 73 22
7 73 24
7 73 30
7 73 31
7 73 32
7 73 33
7 73 37
7 73 40
7 73 41
7 73 44
7 78 3
7 78 5
7 78 8
7 78 10
7 78 18
7 78 27
7 78 29
7 78 36
7 78 38
7 78 39
7 78 43
7 78 46
7 78 48
7 78 49
7 78 52
7 78 53
7 78 54
7 78 55
7 78 58
7 78 59
7 78 60
7 78 61
7 78 63
8 73 0
8 73 2
8 73 4
8 73 6
8 73 7
8 73 12
8 73 13
8 73 14
8 73 16
8 73 20
8 73 22
8 73 23
8 73 25
8 73 31
8 73 32
8 73 40
8 73 41
8 73 42
8 73 44
8 78 9
8 78 18
8 78 27
8 78 29
8 78 35
8 78 36
8 78 39
8 78 43
8 78 49
8 78 50
8 78 51
8 78 52
8 78 54
8 78 55
8 78 56
8 78 57
8 78 58
8 78 60
8 78 61
8 78 63
8 78 64
8 78 65
8 78 66
8 78 70
8 78 72
8 78 73
8 78 74
8 78 76
8 78 77
8 78 79
8 78 81
8 78 83
8 78 84
9 73 1
9 73 6
9 73 11
9 73 12
9 73 13
9 73 14
9 73 15
9 73 16
9 73 20
9 73 21
9 73 23
9 73 24
9 73 25
9 73 30
9 73 31
9 73 32
9 73 33
9 73 34
9 73 40
9 73 41
9 73 42
9 73 44
9 73 54
9 73 60
9 73 63
9 73 73
9 73 76
9 78 8
9 78 9
9 78 18
9 78 27
9 78 35
9 78 36
9 78 39
9 78 43
9 78 47
9 78 56
9 78 57
9 78 59
9 78 67
9 78 77
9 78 78
9 78 81
9 78 84
9 78 85
9 78 87
9 78 89
9 78 91
9 78 93
9 78 95
9 78 97
9 78 99
10 73 2
10 73 4
10 73 13
10 73 14
10 73 16
10 73 21
10 73 24
10 73 33
10 73 34
10 73 37
10 73 42
10 73 51
10 73 53
10 73 54
10 73 61
10 73 62
10 73 71
10 73 73
10 73 75
10 73 81
10 73 82
10 73 83
10 73 90
10 73 93
10 73 95
10 78 3
10 78 9
10 78 19
10 78 28
10 78 29
10 78 35
10 78 36
10 78 38
10 78 57
10 78 79
10 78 86
10 78 88
10 78 96
10 78 97
10 78 99
11 73 2
11 73 17
11 73 21
11 73 40
11 73 51
11 73 54
11 73 71
11 73 75
11 73 82
11 73 85
11 78 5
11 78 28
11 78 56
11 78 87
11 78 89
--- Done ---
