0 64 73
0 64 74
0 64 83
0 64 84
0 64 93
0 64 94
0 78 -1
1 64 4
1 64 14
1 64 15
1 64 16
1 64 17
1 64 20
1 64 21
1 64 22
1 64 23
1 64 25
1 64 28
1 64 34
1 64 40
1 64 42
1 64 43
1 64 45
1 64 62
1 64 64
1 64 71
1 64 74
1 64 82
1 64 83
1 64 84
1 64 85
1 64 93
1 78 26
1 78 48
1 78 58
1 78 88
1 78 94
1 78 97
1 78 99
2 64 4
2 64 6
2 64 11
2 64 14
2 64 15
2 64 16
2 64 17
2 64 23
2 64 25
2 64 40
2 64 41
2 64 44
2 64 46
2 64 51
2 64 52
2 64 56
2 64 61
2 64 62
2 64 65
2 64 71
2 64 73
2 64 74
2 64 81
2 64 83
2 64 84
2 78 3
2 78 5
2 78 7
2 78 8
2 78 9
2 78 30
2 78 35
2 78 47
2 78 49
2 78 59
2 78 69
2 78 76
2 78 77
2 78 78
2 78 79
2 78 85
2 78 86
2 78 87
2 78 88
2 78 92
2 78 95
2 78 97
2 78 98
2 78 99
3 64 4
3 64 6
3 64 11
3 64 13
3 64 17
3 64 18
3 64 22
3 64 23
3 64 25
3 64 28
3 64 33
3 64 34
3 64 40
3 64 41
3 64 42
3 64 45
3 64 46
3 64 50
3 64 51
3 64 52
3 64 55
3 64 56
3 64 60
3 64 61
3 64 62
3 64 65
3 64 71
3 78 3
3 78 9
3 78 19
3 78 26
3 78 27
3 78 36
3 78 38
3 78 39
3 78 47
3 78 48
3 78 49
3 78 59
3 78 68
3 78 69
3 78 70
3 78 72
3 78 73
3 78 74
3 78 75
3 78 77
3 78 79
4 64 0
4 64 2
4 64 6
4 64 10
4 64 11
4 64 13
4 64 14
4 64 16
4 64 17
4 64 18
4 64 20
4 64 21
4 64 22
4 64 23
4 64 28
4 64 29
4 64 31
4 64 32
4 64 33
4 64 34
4 64 37
4 78 5
4 78 8
4 78 9
4 78 27
4 78 30
4 78 35
4 78 36
4 78 38
4 78 42
4 78 43
4 78 44
4 78 46
4 78 47
4 78 48
4 78 49
4 78 50
4 78 51
4 78 52
4 78 56
4 78 57
4 78 58
4 78 59
4 78 61
4 78 63
5 64 0
5 64 2
5 64 4
5 64 11
5 64 13
5 64 14
5 64 15
5 64 16
5 64 17
5 64 18
5 64 20
5 64 21
5 64 22
5 64 23
5 64 24
5 64 25
5 64 28
5 64 29
5 78 3
5 78 5
5 78 7
5 78 8
5 78 9
5 78 26
5 78 27
5 78 30
5 78 31
5 78 32
5 78 33
5 78 34
5 78 36
5 78 37
5 78 38
5 78 39
5 78 40
5 78 41
5 78 42
5 78 43
5 78 46
5 78 50
5 78 59
6 64 1
6 64 4
6 64 6
6 64 10
6 64 11
6 64 12
6 64 14
6 64 15
6 64 16
6 64 20
6 64 21
6 64 22
6 64 24
6 64 25
6 64 28
6 64 32
6 64 33
6 64 34
6 64 41
6 78 5
6 78 7
6 78 8
6 78 9
6 78 19
6 78 27
6 78 30
6 78 35
6 78 36
6 78 38
6 78 40
6 78 42
6 78 44
6 78 46
6 78 47
6 78 48
6 78 49
6 78 50
6 78 54
7 64 0
7 64 1
7 64 4
7 64 10
7 64 13
7 64 14
7 64 15
7 64 17
7 64 18
7 64 20
7 64 22
7 64 24
7 64 29
7 64 31
7 64 32
7 64 33
7 64 37
7 64 40
7 64 41
7 64 43
7 64 46
7 78 3
7 78 5
7 78 7
7 78 8
7 78 27
7 78 30
7 78 36
7 78 38
7 78 39
7 78 44
7 78 48
7 78 49
7 78 52
7 78 53
7 78 54
7 78 55
7 78 58
7 78 59
7 78 60
7 78 61
7 78 63
8 64 0
8 64 2
8 64 4
8 64 6
8 64 12
8 64 13
8 64 14
8 64 16
8 64 18
8 64 20
8 64 22
8 64 23
8 64 25
8 64 29
8 64 31
8 64 32
8 64 40
8 64 41
8 64 42
8 78 7
8 78 9
8 78 27
8 78 35
8 78 36
8 78 39
8 78 43
8 78 44
8 78 49
8 78 50
8 78 51
8 78 52
8 78 54
8 78 55
8 78 56
8 78 57
8 78 58
8 78 60
8 78 61
8 78 63
8 78 64
8 78 65
8 78 66
8 78 70
8 78 72
8 78 73
8 78 74
8 78 76
8 78 77
8 78 79
8 78 81
8 78 83
8 78 84
9 64 1
9 64 6
9 64 11
9 64 12
9 64 13
9 64 14
9 64 15
9 64 16
9 64 18
9 64 20
9 64 21
9 64 23
9 64 24
9 64 25
9 64 31
9 64 32
9 64 33
9 64 34
9 64 40
9 64 41
9 64 42
9 64 43
9 64 44
9 64 54
9 64 56
9 64 60
9 64 63
9 78 8
9 78 9
9 78 27
9 78 30
9 78 35
9 78 36
9 78 39
9 78 47
9 78 57
9 78 59
9 78 67
9 78 73
9 78 76
9 78 77
9 78 78
9 78 81
9 78 84
9 78 85
9 78 87
9 78 89
9 78 91
9 78 93
9 78 95
9 78 97
9 78 99
10 64 2
10 64 4
10 64 13
10 64 14
10 64 16
10 64 21
10 64 24
10 64 28
10 64 29
10 64 33
10 64 34
10 64 37
10 64 42
10 64 51
10 64 53
10 64 54
10 64 61
10 64 62
10 64 71
10 64 73
10 64 75
10 64 81
10 64 82
10 64 83
10 64 90
10 64 93
10 64 95
10 78 3
10 78 9
10 78 19
10 78 35
10 78 36
10 78 38
10 78 57
10 78 79
10 78 86
10 78 88
10 78 96
10 78 97
10 78 99
11 64 2
11 64 17
11 64 21
11 64 28
11 64 40
11 64 51
11 64 54
11 64 56
11 64 71
11 64 75
11 64 82
11 64 85
11 78 5
11 78 87
11 78 89
--- Done ---
