0 48 73
0 48 74
0 48 83
0 48 84
0 48 93
0 48 94
0 74 -1
1 21 -1
1 25 -1
1 48 4
1 48 14
1 48 15
1 48 16
1 48 17
1 48 20
1 48 22
1 48 25
1 48 26
1 48 28
1 48 34
1 48 48
1 48 58
1 74 21
1 74 23
1 74 40
1 74 42
1 74 43
1 74 45
1 74 62
1 74 64
1 74 71
1 74 74
1 74 82
1 74 83
1 74 84
1 74 85
1 74 88
1 74 93
1 74 94
1 74 97
1 74 99
1 77 -1
2 17 -1
2 21 11
2 21 30
2 21 40
2 21 41
2 21 51
2 21 52
2 25 3
2 25 4
2 25 5
2 25 6
2 25 7
2 25 9
2 25 14
2 25 15
2 25 16
2 25 17
2 25 23
2 25 25
2 25 35
2 25 44
2 25 46
2 48 8
2 48 47
2 48 49
2 48 59
2 48 69
2 61 -1
2 74 61
2 74 62
2 74 65
2 74 71
2 74 73
2 74 74
2 74 81
2 74 83
2 74 84
2 74 85
2 74 92
2 74 94
2 74 95
2 77 56
2 77 76
2 77 77
2 77 78
2 77 79
2 77 86
2 77 87
2 77 88
2 77 97
2 77 98
2 77 99
3 17 6
3 17 9
3 17 17
3 17 18
3 17 19
3 17 26
3 17 27
3 17 28
3 21 11
3 21 22
3 21 33
3 21 40
3 21 41
3 21 42
3 25 3
3 25 4
3 25 13
3 25 23
3 25 25
3 25 34
3 25 36
3 25 45
3 25 46
3 48 38
3 48 39
3 48 47
3 48 48
3 48 49
3 48 59
3 48 69
3 61 50
3 61 51
3 61 52
3 61 60
3 61 61
3 61 62
3 61 70
3 61 71
3 61 72
3 61 81
3 61 83
3 61 90
3 74 55
3 74 65
3 74 73
3 74 74
3 74 75
3 74 84
3 74 85
3 74 94
3 74 95
3 74 96
3 77 56
3 77 68
3 77 77
3 77 79
3 77 86
3 77 88
3 77 89
3 77 97
3 77 99
3 94 -1
4 1 -1
4 2 -1
4 17 5
4 17 6
4 17 8
4 17 9
4 17 16
4 17 17
4 17 18
4 17 27
4 17 28
4 17 37
4 21 0
4 21 2
4 21 10
4 21 11
4 21 20
4 21 21
4 21 22
4 21 30
4 21 31
4 21 32
4 21 33
4 21 42
4 21 43
4 25 13
4 25 14
4 25 23
4 25 34
4 25 35
4 25 36
4 25 44
4 25 46
4 45 -1
4 48 29
4 48 38
4 48 47
4 48 48
4 48 49
4 48 57
4 48 58
4 48 59
4 48 69
4 61 50
4 61 51
4 61 52
4 61 61
4 61 72
4 61 80
4 61 83
4 61 90
4 61 91
4 74 63
4 74 64
4 74 73
4 74 74
4 74 75
4 74 85
4 77 56
4 77 66
4 77 67
4 77 68
4 77 76
4 77 78
4 77 79
4 77 86
4 77 87
4 77 88
4 77 89
4 77 97
4 77 99
4 80 -1
4 86 -1
4 93 -1
4 94 82
4 94 84
4 94 93
4 94 94
4 94 96
4 97 -1
5 1 0
5 1 11
5 2 2
5 2 3
5 2 13
5 17 5
5 17 7
5 17 8
5 17 9
5 17 16
5 17 17
5 17 18
5 17 26
5 17 27
5 17 28
5 17 37
5 21 20
5 21 21
5 21 22
5 21 30
5 21 31
5 21 32
5 21 33
5 21 40
5 21 41
5 21 42
5 21 43
5 25 4
5 25 14
5 25 15
5 25 23
5 25 24
5 25 25
5 25 34
5 45 36
5 45 46
5 45 54
5 48 29
5 48 38
5 48 39
5 48 57
5 48 59
5 61 50
5 61 52
5 61 60
5 61 61
5 61 62
5 61 71
5 74 53
5 74 55
5 74 63
5 74 64
5 74 65
5 74 73
5 74 74
5 74 75
5 77 56
5 77 67
5 77 68
5 77 78
5 77 89
5 80 70
5 80 80
5 80 90
5 80 91
5 86 85
5 86 86
5 86 87
5 86 95
5 93 82
5 93 83
5 93 93
5 94 94
5 97 96
5 97 97
5 97 98
5 97 99
6 1 1
6 1 11
6 2 -1
6 17 5
6 17 6
6 17 7
6 17 8
6 17 9
6 17 16
6 17 19
6 17 27
6 17 28
6 21 10
6 21 12
6 21 20
6 21 21
6 21 22
6 21 30
6 21 32
6 21 33
6 21 40
6 21 41
6 21 42
6 25 4
6 25 14
6 25 15
6 25 24
6 25 25
6 25 34
6 45 35
6 45 36
6 45 44
6 45 46
6 45 54
6 48 38
6 48 47
6 48 48
6 48 49
6 48 57
6 48 58
6 48 59
6 48 69
6 61 50
6 61 52
6 61 60
6 61 61
6 61 62
6 61 71
6 74 53
6 74 63
6 74 64
6 74 65
6 74 73
6 74 74
6 77 67
6 77 68
6 77 77
6 77 78
6 77 79
6 77 89
6 80 70
6 80 80
6 80 90
6 80 91
6 86 76
6 86 85
6 86 87
6 86 95
6 93 83
6 93 92
6 93 93
6 94 94
6 97 96
6 97 97
6 97 98
6 97 99
7 1 0
7 1 1
7 2 3
7 2 13
7 17 5
7 17 7
7 17 8
7 17 17
7 17 18
7 17 27
7 17 37
7 21 10
7 21 20
7 21 22
7 21 30
7 21 31
7 21 32
7 21 33
7 21 40
7 21 41
7 21 43
7 25 4
7 25 14
7 25 15
7 25 24
7 45 36
7 45 44
7 45 46
7 45 54
7 48 29
7 48 38
7 48 39
7 48 48
7 48 49
7 48 58
7 48 59
7 48 69
7 61 52
7 61 60
7 61 61
7 61 62
7 61 71
7 74 53
7 74 55
7 74 63
7 74 65
7 74 73
7 74 75
7 77 66
7 77 67
7 77 68
7 77 77
7 77 79
7 80 70
7 80 80
7 80 81
7 80 90
7 80 91
7 86 76
7 86 85
7 86 86
7 86 87
7 93 82
7 93 83
7 93 93
7 94 84
7 94 94
7 97 96
7 97 97
7 97 98
7 97 99
8 1 0
8 2 2
8 2 13
8 17 6
8 17 7
8 17 9
8 17 16
8 17 18
8 17 27
8 21 12
8 21 20
8 21 22
8 21 31
8 21 32
8 21 40
8 21 41
8 21 42
8 21 43
8 25 4
8 25 14
8 25 23
8 25 25
8 45 35
8 45 36
8 45 44
8 45 54
8 48 29
8 48 39
8 48 49
8 48 57
8 48 58
8 61 50
8 61 51
8 61 52
8 61 60
8 61 61
8 61 72
8 74 55
8 74 63
8 74 64
8 74 65
8 74 73
8 74 74
8 77 56
8 77 66
8 77 77
8 77 79
8 77 89
8 80 70
8 80 81
8 80 90
8 80 91
8 86 76
8 86 85
8 86 86
8 86 87
8 93 82
8 93 83
8 93 92
8 93 93
8 94 84
8 94 94
8 97 88
8 97 96
8 97 98
9 1 1
9 1 11
9 2 13
9 17 6
9 17 8
9 17 9
9 17 16
9 17 18
9 17 27
9 21 12
9 21 20
9 21 21
9 21 30
9 21 31
9 21 32
9 21 33
9 21 40
9 21 41
9 21 42
9 21 43
9 25 14
9 25 15
9 25 23
9 25 24
9 25 25
9 25 34
9 45 35
9 45 36
9 45 44
9 45 54
9 48 39
9 48 47
9 48 57
9 48 59
9 61 60
9 74 63
9 74 73
9 77 56
9 77 67
9 77 77
9 77 78
9 77 89
9 80 81
9 80 91
9 86 76
9 86 85
9 86 87
9 86 95
9 93 93
9 94 84
9 97 97
9 97 99
10 1 -1
10 2 2
10 2 3
10 2 13
10 17 9
10 17 16
10 17 19
10 17 28
10 17 37
10 21 21
10 21 33
10 21 42
10 25 4
10 25 14
10 25 24
10 25 34
10 45 35
10 45 36
10 45 54
10 48 29
10 48 38
10 48 57
10 61 51
10 61 61
10 61 62
10 61 71
10 74 53
10 74 73
10 74 75
10 77 79
10 80 81
10 80 90
10 86 86
10 86 95
10 93 82
10 93 83
10 93 93
10 94 -1
10 97 88
10 97 96
10 97 97
10 97 99
11 1 -1
11 2 2
11 17 5
11 17 17
11 17 28
11 21 21
11 21 40
11 25 -1
11 45 54
11 48 -1
11 61 51
11 61 71
11 74 75
11 77 56
11 77 89
11 80 -1
11 86 85
11 86 87
11 93 82
11 94 -1
11 97 -1
--- Done ---
