0 73 73
0 73 74
0 73 83
0 73 84
0 73 93
0 73 94
0 78 -1
1 24 4
1 24 14
1 24 15
1 24 23
1 24 25
1 24 34
1 24 45
1 24 16
1 24 21
1 24 22
1 24 26
1 24 42
1 31 20
1 31 40
1 31 43
1 38 17
1 38 28
1 38 48
1 73 62
1 73 64
1 73 71
1 73 74
1 73 82
1 73 83
1 73 84
1 73 85
1 73 93
1 73 94
1 78 88
1 78 97
1 78 99
1 78 58
2 17 6
2 17 8
2 17 9
2 17 7
2 17 17
2 17 46
2 24 3
2 24 4
2 24 14
2 24 23
2 24 25
2 24 5
2 24 15
2 24 35
2 24 44
2 24 16
2 31 11
2 31 30
2 31 40
2 31 41
2 31 52
2 38 47
2 38 49
2 70 51
2 70 92
2 73 65
2 73 74
2 73 83
2 73 94
2 73 61
2 73 62
2 73 71
2 73 73
2 73 81
2 73 84
2 73 85
2 73 76
2 78 69
2 78 88
2 78 99
2 78 56
2 78 59
2 78 77
2 78 78
2 78 79
2 78 87
2 78 97
2 96 86
2 96 95
2 96 98
3 17 6
3 17 9
3 17 17
3 17 18
3 17 19
3 17 28
3 17 36
3 17 39
3 17 27
3 24 3
3 24 4
3 24 13
3 24 23
3 24 25
3 24 33
3 24 34
3 24 42
3 24 45
3 24 26
3 31 11
3 31 40
3 31 41
3 31 52
3 31 22
3 31 50
3 38 49
3 38 38
3 46 55
3 46 47
3 46 48
3 46 46
3 70 51
3 70 60
3 70 90
3 70 70
3 70 81
3 73 74
3 73 75
3 73 83
3 73 94
3 73 61
3 73 62
3 73 65
3 73 71
3 73 72
3 78 68
3 78 69
3 78 88
3 78 89
3 78 99
3 78 59
3 78 79
3 78 56
3 96 86
3 96 95
3 96 73
3 96 84
3 96 85
3 96 77
3 96 96
3 96 97
4 10 0
4 10 10
4 17 6
4 17 8
4 17 9
4 17 17
4 17 18
4 17 28
4 17 29
4 17 36
4 17 27
4 17 37
4 17 16
4 24 13
4 24 14
4 24 23
4 24 5
4 24 34
4 24 33
4 31 32
4 31 43
4 31 52
4 31 2
4 31 11
4 31 20
4 31 30
4 31 31
4 31 42
4 31 50
4 31 21
4 31 22
4 31 35
4 31 44
4 38 49
4 38 47
4 38 48
4 38 38
4 46 46
4 70 51
4 70 80
4 73 64
4 73 74
4 73 75
4 73 94
4 73 61
4 73 63
4 73 72
4 73 73
4 73 85
4 78 67
4 78 68
4 78 69
4 78 88
4 78 89
4 78 99
4 78 58
4 78 59
4 78 66
4 78 78
4 78 79
4 78 76
4 78 87
4 78 97
4 78 56
4 78 57
4 90 91
4 90 83
4 90 82
4 90 90
4 90 93
4 96 86
4 96 84
4 96 96
5 10 0
5 17 8
5 17 9
5 17 7
5 17 17
5 17 18
5 17 28
5 17 29
5 17 36
5 17 39
5 17 27
5 17 37
5 24 3
5 24 13
5 24 14
5 24 23
5 24 24
5 24 4
5 24 5
5 24 15
5 24 25
5 24 34
5 24 42
5 24 21
5 24 22
5 24 33
5 24 16
5 24 26
5 31 32
5 31 40
5 31 41
5 31 43
5 31 52
5 31 2
5 31 11
5 31 20
5 31 30
5 31 31
5 31 50
5 38 38
5 46 55
5 46 46
5 70 60
5 70 71
5 70 70
5 73 64
5 73 74
5 73 75
5 73 94
5 73 53
5 73 54
5 73 61
5 73 62
5 73 63
5 73 65
5 78 67
5 78 68
5 78 89
5 78 99
5 78 59
5 78 78
5 78 87
5 78 97
5 78 56
5 78 57
5 90 91
5 90 83
5 90 80
5 90 82
5 90 90
5 90 93
5 96 86
5 96 95
5 96 98
5 96 73
5 96 85
5 96 96
6 10 1
6 10 10
6 17 6
6 17 8
6 17 9
6 17 5
6 17 7
6 17 15
6 17 19
6 17 28
6 17 36
6 17 27
6 17 16
6 24 12
6 24 14
6 24 24
6 24 4
6 24 25
6 24 34
6 24 54
6 24 33
6 31 32
6 31 40
6 31 41
6 31 52
6 31 11
6 31 20
6 31 30
6 31 42
6 31 50
6 31 53
6 31 63
6 31 21
6 31 22
6 31 35
6 31 44
6 38 49
6 38 47
6 38 48
6 38 38
6 46 46
6 70 60
6 70 70
6 73 64
6 73 74
6 73 94
6 73 61
6 73 62
6 73 65
6 73 71
6 73 73
6 73 83
6 73 85
6 73 76
6 73 92
6 73 93
6 78 67
6 78 68
6 78 69
6 78 89
6 78 99
6 78 58
6 78 59
6 78 77
6 78 78
6 78 79
6 78 87
6 78 97
6 78 57
6 90 91
6 90 80
6 90 90
6 96 95
6 96 98
6 96 96
7 10 0
7 10 1
7 10 10
7 17 8
7 17 7
7 17 17
7 17 18
7 17 29
7 17 36
7 17 39
7 17 27
7 17 37
7 24 3
7 24 13
7 24 14
7 24 24
7 24 4
7 24 5
7 24 15
7 24 54
7 24 33
7 31 32
7 31 40
7 31 41
7 31 43
7 31 52
7 31 20
7 31 30
7 31 31
7 31 53
7 31 63
7 31 22
7 31 44
7 38 49
7 38 48
7 38 38
7 46 55
7 46 46
7 70 60
7 70 80
7 70 70
7 73 75
7 73 94
7 73 61
7 73 62
7 73 65
7 73 71
7 73 73
7 73 83
7 73 84
7 73 85
7 73 76
7 73 81
7 73 82
7 73 93
7 78 67
7 78 68
7 78 69
7 78 99
7 78 58
7 78 59
7 78 66
7 78 77
7 78 79
7 78 87
7 78 97
7 90 91
7 90 90
7 96 86
7 96 98
7 96 96
8 10 0
8 17 6
8 17 9
8 17 7
8 17 18
8 17 29
8 17 36
8 17 39
8 17 27
8 24 12
8 24 13
8 24 14
8 24 23
8 24 4
8 24 25
8 24 54
8 24 16
8 31 32
8 31 40
8 31 41
8 31 43
8 31 52
8 31 2
8 31 20
8 31 31
8 31 42
8 31 50
8 31 63
8 31 22
8 31 35
8 31 44
8 38 49
8 46 55
8 70 51
8 70 60
8 70 70
8 73 64
8 73 74
8 73 94
8 73 61
8 73 65
8 73 72
8 73 73
8 73 83
8 73 84
8 73 85
8 73 76
8 73 81
8 73 82
8 73 92
8 73 93
8 78 88
8 78 89
8 78 58
8 78 79
8 78 56
8 78 57
8 90 91
8 90 90
8 96 86
8 96 98
8 96 66
8 96 77
8 96 87
8 96 96
9 10 1
9 17 6
9 17 8
9 17 9
9 17 18
9 17 36
9 17 39
9 17 27
9 24 12
9 24 13
9 24 14
9 24 23
9 24 24
9 24 15
9 24 25
9 24 34
9 24 54
9 24 33
9 24 16
9 31 32
9 31 40
9 31 41
9 31 43
9 31 11
9 31 20
9 31 30
9 31 31
9 31 42
9 31 63
9 31 21
9 31 35
9 31 44
9 38 -1
9 46 47
9 70 60
9 73 73
9 73 84
9 73 85
9 73 81
9 73 93
9 78 67
9 78 89
9 78 99
9 78 59
9 78 77
9 78 78
9 78 87
9 78 97
9 78 56
9 78 57
9 78 76
9 90 91
9 96 95
10 10 2
10 17 9
10 17 19
10 17 28
10 17 29
10 17 36
10 17 37
10 24 3
10 24 13
10 24 14
10 24 24
10 24 4
10 24 34
10 24 42
10 24 54
10 24 21
10 24 33
10 24 35
10 24 16
10 31 -1
10 38 38
10 46 -1
10 70 51
10 73 75
10 73 53
10 73 61
10 73 62
10 73 71
10 73 73
10 73 83
10 73 81
10 73 82
10 73 93
10 78 88
10 78 99
10 78 79
10 78 57
10 90 90
10 96 86
10 96 95
10 96 96
10 96 97
11 10 -1
11 17 5
11 17 17
11 17 28
11 24 -1
11 31 40
11 31 2
11 31 21
11 38 -1
11 46 -1
11 70 51
11 73 75
11 73 54
11 73 71
11 73 85
11 73 82
11 78 89
11 78 87
11 78 56
11 90 -1
11 96 -1
--- Done ---
