0 48 73
0 48 74
0 48 83
0 48 84
0 48 93
0 48 94
0 74 -1
1 7 -1
1 31 -1
1 34 -1
1 48 4
1 48 14
1 48 15
1 48 16
1 48 17
1 48 20
1 48 22
1 48 25
1 48 26
1 48 28
1 48 34
1 48 48
1 48 58
1 74 21
1 74 23
1 74 40
1 74 42
1 74 43
1 74 45
1 74 62
1 74 64
1 74 71
1 74 74
1 74 82
1 74 83
1 74 84
1 74 85
1 74 88
1 74 93
1 74 94
1 74 97
1 74 99
1 88 -1
2 7 6
2 7 7
2 7 8
2 7 9
2 7 15
2 7 16
2 7 17
2 13 -1
2 31 11
2 31 30
2 31 40
2 31 41
2 31 51
2 31 52
2 31 81
2 34 3
2 34 4
2 34 5
2 34 14
2 34 23
2 34 25
2 34 35
2 34 44
2 36 -1
2 48 46
2 48 47
2 48 49
2 48 56
2 48 59
2 74 61
2 74 62
2 74 65
2 74 71
2 74 73
2 74 74
2 74 76
2 74 83
2 74 84
2 74 85
2 74 86
2 74 92
2 74 94
2 74 95
2 83 -1
2 88 69
2 88 77
2 88 78
2 88 79
2 88 87
2 88 88
2 88 97
2 88 98
2 88 99
3 7 6
3 7 9
3 7 17
3 7 18
3 7 19
3 13 3
3 13 4
3 13 13
3 13 23
3 13 51
3 16 -1
3 18 -1
3 20 -1
3 31 11
3 31 22
3 31 40
3 31 41
3 31 42
3 31 50
3 31 52
3 31 60
3 34 28
3 34 33
3 34 34
3 36 25
3 36 26
3 36 27
3 36 36
3 36 45
3 36 46
3 36 56
3 48 38
3 48 39
3 48 47
3 48 48
3 48 49
3 48 59
3 51 -1
3 70 -1
3 74 55
3 74 65
3 74 71
3 74 73
3 74 74
3 74 75
3 74 84
3 83 61
3 83 62
3 83 70
3 83 72
3 83 81
3 83 83
3 83 85
3 83 86
3 83 90
3 83 94
3 83 95
3 88 68
3 88 69
3 88 77
3 88 79
3 88 88
3 88 89
3 88 96
3 88 97
3 88 99
4 7 6
4 13 5
4 13 13
4 13 14
4 13 23
4 16 16
4 18 8
4 18 9
4 18 17
4 18 18
4 18 28
4 20 0
4 20 2
4 20 10
4 20 11
4 20 20
4 31 21
4 31 22
4 31 30
4 31 31
4 31 32
4 31 42
4 31 43
4 34 33
4 34 34
4 34 44
4 34 67
4 36 27
4 36 35
4 36 36
4 36 37
4 36 46
4 36 56
4 48 29
4 48 38
4 48 47
4 48 48
4 48 49
4 48 57
4 48 58
4 48 59
4 51 50
4 51 51
4 51 52
4 51 61
4 70 80
4 70 90
4 74 64
4 74 66
4 74 73
4 74 74
4 74 75
4 74 76
4 74 84
4 83 63
4 83 72
4 83 82
4 83 83
4 83 85
4 83 86
4 83 91
4 83 93
4 83 94
4 88 68
4 88 69
4 88 78
4 88 79
4 88 87
4 88 88
4 88 89
4 88 96
4 88 97
4 88 99
5 2 -1
5 4 -1
5 7 7
5 8 -1
5 12 -1
5 13 3
5 13 4
5 13 5
5 13 13
5 13 14
5 13 23
5 14 -1
5 16 15
5 16 16
5 18 8
5 18 9
5 18 17
5 18 18
5 18 28
5 18 39
5 20 0
5 20 2
5 20 11
5 20 20
5 26 -1
5 29 -1
5 31 21
5 31 22
5 31 30
5 31 31
5 31 32
5 31 41
5 31 42
5 31 43
5 34 24
5 34 33
5 34 34
5 34 67
5 35 -1
5 36 25
5 36 26
5 36 27
5 36 36
5 36 37
5 36 46
5 36 56
5 37 -1
5 48 29
5 48 38
5 48 57
5 48 59
5 51 40
5 51 50
5 51 52
5 51 61
5 51 62
5 53 -1
5 54 -1
5 62 -1
5 63 -1
5 70 60
5 70 70
5 70 71
5 70 80
5 70 90
5 74 53
5 74 55
5 74 64
5 74 65
5 74 73
5 74 74
5 74 75
5 78 -1
5 82 -1
5 83 54
5 83 63
5 83 82
5 83 83
5 83 85
5 83 86
5 83 91
5 83 93
5 83 94
5 83 95
5 87 -1
5 88 68
5 88 78
5 88 87
5 88 89
5 88 96
5 88 97
5 88 98
5 88 99
6 2 1
6 4 4
6 4 5
6 7 6
6 7 7
6 8 8
6 8 9
6 12 11
6 12 12
6 12 22
6 13 -1
6 14 14
6 14 25
6 16 15
6 16 16
6 18 19
6 18 28
6 20 10
6 20 20
6 26 -1
6 29 -1
6 31 21
6 31 30
6 31 32
6 31 41
6 31 42
6 34 33
6 34 34
6 35 24
6 35 35
6 36 36
6 37 27
6 37 38
6 48 47
6 48 48
6 48 49
6 48 57
6 48 58
6 48 59
6 51 40
6 51 50
6 51 52
6 51 61
6 53 44
6 53 53
6 54 46
6 54 54
6 54 64
6 62 62
6 63 63
6 70 60
6 70 70
6 70 71
6 70 80
6 70 90
6 74 65
6 74 73
6 74 74
6 78 67
6 78 68
6 78 69
6 78 77
6 78 78
6 78 99
6 82 91
6 82 92
6 82 93
6 83 83
6 83 85
6 83 94
6 83 95
6 87 76
6 87 87
6 87 96
6 87 97
6 88 79
6 88 89
6 88 98
7 2 1
7 4 4
7 4 5
7 7 7
7 8 8
7 12 22
7 13 3
7 13 13
7 14 14
7 16 15
7 18 17
7 18 18
7 20 0
7 20 10
7 20 20
7 26 -1
7 29 29
7 29 39
7 31 30
7 31 31
7 31 32
7 31 41
7 34 33
7 35 24
7 35 55
7 36 36
7 37 27
7 37 37
7 37 38
7 48 48
7 48 49
7 48 58
7 48 59
7 51 40
7 51 52
7 51 61
7 53 44
7 53 53
7 54 46
7 54 54
7 62 62
7 63 43
7 63 63
7 70 60
7 70 70
7 70 71
7 70 80
7 70 90
7 74 65
7 74 73
7 74 75
7 74 84
7 78 66
7 78 67
7 78 68
7 78 69
7 78 77
7 78 99
7 82 81
7 82 82
7 82 91
7 82 93
7 83 83
7 83 85
7 83 94
7 87 76
7 87 86
7 87 87
7 87 96
7 87 97
7 88 79
7 88 98
8 2 2
8 4 4
8 7 6
8 7 7
8 8 9
8 12 12
8 12 22
8 13 13
8 13 23
8 14 14
8 14 25
8 16 16
8 18 18
8 20 0
8 20 20
8 26 -1
8 29 29
8 29 39
8 31 31
8 31 32
8 31 41
8 31 42
8 34 -1
8 35 35
8 35 55
8 36 36
8 37 27
8 48 49
8 48 57
8 48 58
8 51 40
8 51 50
8 51 51
8 51 52
8 51 61
8 53 44
8 54 54
8 54 56
8 54 64
8 62 72
8 63 43
8 63 63
8 70 60
8 70 70
8 70 90
8 74 65
8 74 73
8 74 74
8 74 84
8 78 66
8 78 77
8 82 81
8 82 82
8 82 91
8 82 92
8 82 93
8 83 83
8 83 85
8 83 94
8 87 76
8 87 86
8 87 87
8 87 96
8 88 79
8 88 88
8 88 89
8 88 98
9 2 1
9 4 -1
9 7 6
9 8 8
9 8 9
9 12 11
9 12 12
9 13 13
9 13 23
9 14 14
9 14 25
9 16 15
9 16 16
9 18 18
9 20 20
9 26 -1
9 29 39
9 31 21
9 31 30
9 31 31
9 31 32
9 31 41
9 31 42
9 34 33
9 34 34
9 35 24
9 35 35
9 36 36
9 37 27
9 48 47
9 48 57
9 48 59
9 51 40
9 53 44
9 54 54
9 54 56
9 62 -1
9 63 43
9 63 63
9 70 60
9 74 73
9 74 84
9 78 67
9 78 77
9 78 78
9 78 99
9 82 81
9 82 91
9 82 93
9 83 85
9 83 95
9 87 76
9 87 87
9 87 97
9 88 89
10 2 2
10 4 4
10 7 -1
10 8 9
10 12 -1
10 13 3
10 13 13
10 14 14
10 16 16
10 18 19
10 18 28
10 20 -1
10 26 -1
10 29 29
10 31 21
10 31 42
10 34 33
10 34 34
10 35 24
10 35 35
10 36 36
10 37 37
10 37 38
10 48 57
10 51 51
10 51 61
10 53 53
10 54 54
10 62 62
10 63 -1
10 70 71
10 70 90
10 74 73
10 74 75
10 78 99
10 82 81
10 82 82
10 82 93
10 83 83
10 83 95
10 87 86
10 87 96
10 87 97
10 88 79
10 88 88
11 2 2
11 4 5
11 7 -1
11 8 -1
11 12 -1
11 13 -1
11 14 -1
11 16 -1
11 18 17
11 18 28
11 20 -1
11 26 -1
11 29 -1
11 31 21
11 34 -1
11 35 -1
11 36 -1
11 37 -1
11 48 -1
11 51 40
11 51 51
11 53 -1
11 54 54
11 54 56
11 62 -1
11 63 -1
11 70 71
11 74 75
11 78 -1
11 82 82
11 83 85
11 87 87
11 88 89
--- Done ---
