0 48 -1
0 85 73
0 85 74
0 85 83
0 85 84
0 85 93
0 85 94
1 11 20
1 11 22
1 11 23
1 11 14
1 11 26
1 48 17
1 48 25
1 48 28
1 48 48
1 48 58
1 54 15
1 54 16
1 54 40
1 54 42
1 54 71
1 54 4
1 54 21
1 54 34
1 54 43
1 54 62
1 54 82
1 54 93
1 76 99
1 76 88
1 76 94
1 76 97
1 76 45
1 76 64
1 76 74
1 76 83
1 76 84
1 85 85
2 7 5
2 7 6
2 7 9
2 7 7
2 7 8
2 7 16
2 7 17
2 7 25
2 7 4
2 7 15
2 11 11
2 11 23
2 11 30
2 11 3
2 11 14
2 11 41
2 48 -1
2 54 40
2 57 79
2 57 49
2 57 59
2 57 77
2 57 78
2 57 35
2 57 44
2 57 46
2 57 47
2 57 69
2 70 51
2 70 92
2 70 52
2 70 71
2 70 81
2 70 62
2 70 84
2 70 56
2 76 98
2 76 99
2 76 76
2 85 85
2 85 86
2 85 88
2 85 94
2 85 95
2 85 97
2 85 61
2 85 83
2 85 87
2 85 65
2 85 74
2 85 73
3 7 6
3 7 9
3 7 17
3 7 18
3 7 19
3 7 25
3 7 27
3 7 4
3 7 26
3 7 28
3 7 39
3 11 11
3 11 22
3 11 23
3 11 3
3 11 13
3 11 33
3 11 41
3 11 50
3 11 60
3 11 34
3 11 45
3 48 48
3 54 40
3 54 42
3 54 83
3 54 75
3 57 79
3 57 36
3 57 38
3 57 49
3 57 59
3 57 77
3 57 46
3 57 69
3 57 55
3 57 65
3 57 68
3 57 74
3 70 51
3 70 70
3 70 90
3 70 52
3 70 71
3 70 81
3 70 62
3 70 61
3 70 72
3 70 84
3 70 73
3 70 56
3 76 99
3 76 86
3 76 88
3 76 89
3 76 94
3 76 95
3 76 96
3 76 97
3 76 47
3 85 85
4 7 5
4 7 6
4 7 9
4 7 8
4 7 16
4 7 17
4 7 18
4 7 27
4 11 0
4 11 2
4 11 10
4 11 11
4 11 20
4 11 22
4 11 23
4 11 30
4 11 31
4 11 32
4 11 13
4 11 14
4 11 21
4 11 33
4 11 50
4 11 34
4 11 43
4 48 48
4 54 42
4 57 79
4 57 29
4 57 36
4 57 38
4 57 49
4 57 59
4 57 78
4 57 28
4 57 44
4 57 46
4 57 57
4 57 87
4 57 64
4 57 68
4 57 74
4 57 37
4 57 66
4 57 67
4 57 73
4 70 51
4 70 90
4 70 91
4 70 52
4 70 63
4 70 80
4 70 61
4 70 72
4 70 82
4 70 84
4 70 56
4 76 99
4 76 86
4 76 88
4 76 89
4 76 94
4 76 96
4 76 97
4 76 35
4 76 47
4 76 58
4 76 69
4 76 76
4 85 85
4 85 93
4 85 83
4 85 75
5 7 5
5 7 9
5 7 7
5 7 8
5 7 16
5 7 17
5 7 18
5 7 25
5 7 27
5 7 4
5 7 26
5 7 15
5 7 28
5 7 39
5 11 0
5 11 2
5 11 11
5 11 20
5 11 22
5 11 23
5 11 30
5 11 31
5 11 32
5 11 3
5 11 13
5 11 14
5 11 21
5 11 33
5 11 41
5 11 50
5 11 60
5 11 53
5 48 24
5 48 29
5 48 36
5 48 38
5 48 59
5 48 68
5 54 40
5 54 42
5 54 93
5 54 34
5 54 43
5 54 83
5 54 46
5 54 54
5 54 55
5 54 61
5 54 64
5 54 65
5 54 74
5 54 75
5 54 82
5 54 37
5 54 67
5 54 73
5 57 57
5 70 70
5 70 90
5 70 91
5 70 52
5 70 63
5 70 71
5 70 80
5 70 62
5 70 56
5 76 98
5 76 99
5 76 78
5 76 86
5 76 89
5 76 94
5 76 95
5 76 96
5 85 85
5 85 97
5 85 87
6 7 5
6 7 6
6 7 9
6 7 7
6 7 8
6 7 16
6 7 19
6 7 25
6 7 27
6 7 15
6 7 28
6 11 1
6 11 10
6 11 11
6 11 12
6 11 20
6 11 22
6 11 30
6 11 32
6 11 14
6 11 21
6 11 33
6 11 41
6 11 50
6 11 60
6 11 4
6 11 34
6 11 53
6 48 24
6 48 36
6 48 38
6 48 49
6 48 59
6 48 44
6 48 46
6 48 48
6 48 67
6 54 40
6 54 42
6 54 93
6 54 54
6 57 79
6 57 57
6 70 70
6 70 90
6 70 91
6 70 92
6 70 52
6 70 63
6 70 71
6 70 80
6 70 61
6 70 62
6 76 98
6 76 99
6 76 77
6 76 78
6 76 89
6 76 94
6 76 95
6 76 96
6 76 97
6 76 35
6 76 47
6 76 58
6 76 69
6 76 76
6 76 83
6 76 87
6 76 64
6 76 65
6 76 68
6 76 74
6 76 73
6 85 85
7 7 5
7 7 7
7 7 8
7 7 17
7 7 18
7 7 27
7 7 39
7 11 0
7 11 1
7 11 10
7 11 20
7 11 22
7 11 30
7 11 31
7 11 32
7 11 3
7 11 13
7 11 14
7 11 33
7 11 41
7 11 60
7 11 4
7 11 43
7 11 53
7 48 24
7 48 48
7 54 40
7 54 52
7 54 63
7 54 71
7 54 81
7 54 93
7 54 15
7 54 44
7 54 46
7 54 61
7 54 62
7 54 82
7 54 83
7 54 37
7 54 54
7 54 55
7 54 65
7 57 79
7 57 29
7 57 36
7 57 38
7 57 49
7 57 59
7 57 77
7 57 58
7 57 69
7 57 87
7 57 66
7 57 67
7 57 68
7 57 73
7 70 70
7 70 90
7 70 91
7 70 80
7 76 98
7 76 99
7 76 86
7 76 94
7 76 96
7 76 97
7 76 76
7 76 75
7 76 84
7 85 85
8 7 6
8 7 9
8 7 7
8 7 18
8 7 25
8 7 27
8 7 39
8 11 0
8 11 2
8 11 12
8 11 20
8 11 22
8 11 23
8 11 31
8 11 32
8 11 13
8 11 14
8 11 41
8 11 50
8 11 60
8 11 4
8 11 43
8 48 -1
8 54 40
8 54 42
8 54 16
8 54 52
8 54 63
8 54 81
8 54 93
8 54 35
8 54 44
8 54 61
8 54 72
8 54 82
8 54 83
8 54 54
8 54 55
8 54 64
8 54 65
8 54 74
8 54 84
8 54 66
8 54 73
8 54 56
8 57 79
8 57 29
8 57 36
8 57 49
8 57 77
8 57 57
8 57 58
8 70 51
8 70 70
8 70 90
8 70 91
8 70 92
8 76 98
8 76 76
8 85 85
8 85 86
8 85 88
8 85 89
8 85 94
8 85 96
8 85 87
9 7 6
9 7 9
9 7 8
9 7 16
9 7 18
9 7 25
9 7 27
9 7 15
9 7 39
9 11 1
9 11 11
9 11 12
9 11 20
9 11 23
9 11 30
9 11 31
9 11 32
9 11 13
9 11 14
9 11 21
9 11 33
9 11 41
9 11 60
9 11 34
9 11 43
9 48 24
9 48 36
9 48 59
9 54 40
9 54 42
9 54 63
9 54 81
9 54 93
9 54 35
9 54 44
9 54 54
9 57 57
9 70 91
9 76 99
9 76 77
9 76 78
9 76 89
9 76 95
9 76 97
9 76 47
9 76 76
9 76 87
9 76 84
9 76 67
9 76 73
9 76 56
9 85 85
10 7 9
10 7 16
10 7 19
10 11 2
10 11 3
10 11 13
10 11 14
10 11 21
10 11 33
10 11 4
10 11 34
10 11 53
10 48 24
10 48 29
10 48 36
10 48 38
10 48 28
10 48 37
10 54 42
10 54 93
10 54 54
10 57 79
10 57 57
10 70 51
10 70 90
10 70 71
10 70 81
10 70 61
10 70 62
10 70 82
10 70 73
10 76 99
10 76 86
10 76 88
10 76 95
10 76 96
10 76 97
10 76 35
10 76 83
10 76 75
10 85 -1
11 7 5
11 7 17
11 7 28
11 11 2
11 11 21
11 48 -1
11 54 40
11 54 71
11 54 82
11 54 54
11 54 75
11 54 56
11 57 -1
11 70 51
11 76 -1
11 85 85
11 85 89
11 85 87
--- Done ---
