0 54 73
0 54 74
0 54 83
0 54 84
0 54 93
0 54 94
0 78 -1
1 14 14
1 14 17
1 14 22
1 14 28
1 54 40
1 54 62
1 54 64
1 54 71
1 54 82
1 54 83
1 54 84
1 54 93
1 54 4
1 54 15
1 54 16
1 54 20
1 54 21
1 54 23
1 54 25
1 54 26
1 54 34
1 54 42
1 54 58
1 54 74
1 54 99
1 54 43
1 54 45
1 78 48
1 78 85
1 78 88
1 78 97
1 78 94
2 14 6
2 14 8
2 14 17
2 14 3
2 14 5
2 14 7
2 14 14
2 14 15
2 14 25
2 14 73
2 14 74
2 14 41
2 14 44
2 14 51
2 30 9
2 30 30
2 54 92
2 54 40
2 54 52
2 54 61
2 54 62
2 54 71
2 54 81
2 54 83
2 54 84
2 54 94
2 54 99
2 54 4
2 54 11
2 54 16
2 54 23
2 78 49
2 78 59
2 78 77
2 78 78
2 78 79
2 78 85
2 78 88
2 78 95
2 78 97
2 78 98
2 78 56
2 78 65
2 78 69
2 78 76
2 78 86
2 78 87
2 78 35
2 78 46
2 78 47
3 14 6
3 14 17
3 14 19
3 14 28
3 14 3
3 14 22
3 14 25
3 14 4
3 14 11
3 14 23
3 14 26
3 14 33
3 14 34
3 14 41
3 14 42
3 14 55
3 14 73
3 14 74
3 14 13
3 14 51
3 30 9
3 30 40
3 30 60
3 30 50
3 30 52
3 30 61
3 30 62
3 30 71
3 30 72
3 30 81
3 30 83
3 30 84
3 54 -1
3 78 38
3 78 39
3 78 48
3 78 49
3 78 59
3 78 68
3 78 77
3 78 79
3 78 88
3 78 89
3 78 95
3 78 97
3 78 18
3 78 56
3 78 65
3 78 69
3 78 85
3 78 86
3 78 96
3 78 99
3 78 27
3 78 36
3 78 45
3 78 46
3 78 47
3 78 75
3 80 90
3 80 70
3 80 94
4 14 6
4 14 8
4 14 17
4 14 28
4 14 29
4 14 0
4 14 2
4 14 5
4 14 10
4 14 14
4 14 18
4 14 22
4 14 37
4 14 11
4 14 16
4 14 20
4 14 21
4 14 23
4 14 32
4 14 33
4 14 34
4 14 35
4 30 9
4 30 30
4 54 64
4 54 42
4 54 44
4 54 46
4 54 67
4 54 43
4 54 73
4 54 74
4 54 87
4 54 75
4 54 82
4 54 83
4 54 84
4 78 38
4 78 48
4 78 49
4 78 59
4 78 68
4 78 78
4 78 79
4 78 88
4 78 89
4 78 97
4 78 56
4 78 57
4 78 58
4 78 66
4 78 69
4 78 76
4 78 85
4 78 86
4 78 96
4 78 99
4 78 27
4 78 36
4 78 47
4 80 80
4 80 90
4 80 91
4 80 93
4 80 94
4 80 13
4 80 31
4 80 50
4 80 51
4 80 52
4 80 61
4 80 63
4 80 72
5 14 8
5 14 17
5 14 28
5 14 29
5 14 0
5 14 2
5 14 3
5 14 5
5 14 7
5 14 14
5 14 15
5 14 18
5 14 22
5 14 24
5 14 25
5 14 37
5 14 4
5 14 11
5 14 16
5 30 9
5 30 40
5 30 20
5 30 21
5 30 23
5 30 26
5 30 33
5 30 34
5 30 41
5 30 42
5 30 43
5 30 53
5 30 55
5 30 30
5 30 61
5 30 62
5 30 63
5 30 71
5 30 75
5 30 82
5 30 83
5 54 64
5 54 67
5 54 54
5 54 94
5 54 13
5 54 31
5 54 50
5 54 52
5 78 38
5 78 39
5 78 59
5 78 68
5 78 78
5 78 89
5 78 95
5 78 97
5 78 98
5 78 56
5 78 57
5 78 65
5 78 85
5 78 86
5 78 96
5 78 99
5 78 27
5 78 36
5 78 46
5 80 80
5 80 90
5 80 91
5 80 60
5 80 70
5 80 93
5 80 32
5 80 73
5 80 74
5 80 87
6 14 6
6 14 8
6 14 19
6 14 28
6 14 5
6 14 7
6 14 10
6 14 12
6 14 14
6 14 15
6 14 22
6 14 24
6 14 25
6 14 69
6 14 1
6 14 4
6 14 11
6 14 16
6 14 20
6 14 21
6 14 35
6 30 9
6 30 40
6 30 33
6 30 34
6 30 41
6 30 42
6 30 44
6 30 53
6 30 30
6 30 83
6 54 64
6 54 47
6 54 67
6 54 54
6 78 38
6 78 48
6 78 49
6 78 59
6 78 68
6 78 77
6 78 78
6 78 79
6 78 89
6 78 95
6 78 97
6 78 98
6 78 57
6 78 58
6 78 65
6 78 76
6 78 85
6 78 96
6 78 99
6 78 27
6 78 36
6 78 46
6 80 80
6 80 90
6 80 91
6 80 60
6 80 70
6 80 92
6 80 93
6 80 32
6 80 73
6 80 74
6 80 87
6 80 94
6 80 50
6 80 52
6 80 61
6 80 62
6 80 63
6 80 71
7 14 8
7 14 17
7 14 29
7 14 0
7 14 3
7 14 5
7 14 7
7 14 10
7 14 14
7 14 15
7 14 18
7 14 22
7 14 24
7 14 37
7 14 69
7 14 1
7 14 4
7 14 20
7 14 32
7 14 33
7 14 36
7 14 41
7 14 44
7 14 46
7 30 40
7 30 53
7 30 55
7 30 30
7 54 54
7 78 38
7 78 39
7 78 48
7 78 49
7 78 59
7 78 68
7 78 77
7 78 79
7 78 97
7 78 98
7 78 58
7 78 65
7 78 66
7 78 76
7 78 85
7 78 86
7 78 96
7 78 99
7 78 27
7 78 67
7 78 43
7 78 87
7 78 75
7 80 80
7 80 90
7 80 91
7 80 60
7 80 70
7 80 93
7 80 73
7 80 13
7 80 31
7 80 52
7 80 61
7 80 62
7 80 63
7 80 71
7 80 81
7 80 82
7 80 83
7 80 84
7 80 94
8 14 6
8 14 29
8 14 0
8 14 2
8 14 7
8 14 12
8 14 14
8 14 18
8 14 22
8 14 25
8 14 4
8 14 16
8 14 20
8 14 23
8 14 27
8 14 32
8 14 35
8 14 36
8 14 41
8 14 42
8 14 44
8 14 73
8 30 9
8 30 40
8 54 64
8 54 54
8 54 55
8 78 39
8 78 49
8 78 77
8 78 79
8 78 88
8 78 89
8 78 98
8 78 56
8 78 57
8 78 58
8 78 65
8 78 66
8 78 76
8 78 85
8 78 86
8 78 96
8 78 43
8 80 90
8 80 91
8 80 60
8 80 70
8 80 92
8 80 93
8 80 50
8 80 52
8 80 61
8 80 72
8 80 74
8 80 13
8 80 31
8 80 51
8 80 63
8 80 81
8 80 82
8 80 83
8 80 84
8 80 87
8 80 94
9 14 6
9 14 8
9 14 12
9 14 14
9 14 15
9 14 24
9 14 25
9 14 1
9 14 11
9 14 16
9 14 20
9 14 21
9 14 23
9 14 27
9 14 32
9 14 33
9 14 34
9 14 35
9 14 36
9 14 41
9 14 42
9 14 44
9 14 47
9 14 67
9 14 73
9 14 13
9 14 31
9 14 43
9 30 9
9 30 40
9 30 60
9 30 81
9 30 84
9 30 30
9 30 63
9 54 54
9 78 39
9 78 59
9 78 77
9 78 78
9 78 89
9 78 95
9 78 97
9 78 18
9 78 56
9 78 57
9 78 76
9 78 85
9 78 99
9 78 87
9 80 91
9 80 93
10 14 19
10 14 28
10 14 29
10 14 2
10 14 3
10 14 14
10 14 24
10 14 37
10 14 4
10 14 16
10 14 21
10 14 33
10 14 34
10 14 35
10 14 36
10 14 42
10 14 53
10 14 73
10 14 13
10 14 51
10 30 9
10 54 54
10 78 38
10 78 79
10 78 88
10 78 95
10 78 97
10 78 57
10 78 86
10 78 96
10 78 99
10 80 90
10 80 93
10 80 61
10 80 62
10 80 71
10 80 81
10 80 82
10 80 83
10 80 75
11 14 17
11 14 28
11 14 2
11 14 5
11 14 21
11 14 51
11 30 40
11 54 54
11 54 71
11 54 82
11 78 89
11 78 56
11 78 85
11 78 87
11 78 75
11 80 -1
--- Done ---
