0 48 -1
0 74 73
0 74 74
0 74 83
0 74 84
0 74 93
0 74 94
1 11 23
1 31 40
1 31 20
1 31 21
1 31 22
1 31 42
1 31 43
1 36 15
1 36 16
1 36 17
1 36 25
1 36 28
1 36 4
1 36 26
1 36 34
1 36 45
1 36 14
1 44 -1
1 48 48
1 67 88
1 67 99
1 67 58
1 74 82
1 74 83
1 74 84
1 74 93
1 74 94
1 74 97
1 74 62
1 74 71
1 74 74
1 74 85
1 74 64
2 3 3
2 3 5
2 3 15
2 3 4
2 3 23
2 3 14
2 11 11
2 18 6
2 18 7
2 18 8
2 18 9
2 18 16
2 18 17
2 31 -1
2 36 25
2 44 44
2 44 35
2 48 -1
2 51 51
2 51 61
2 51 81
2 51 92
2 51 40
2 51 30
2 51 41
2 51 52
2 67 79
2 67 88
2 67 99
2 67 49
2 67 59
2 67 69
2 67 78
2 67 87
2 67 47
2 67 56
2 67 85
2 67 46
2 74 83
2 74 94
2 74 65
2 74 74
2 74 84
2 74 86
2 74 97
2 74 62
2 74 71
2 74 73
2 74 76
2 74 77
2 96 95
2 96 98
3 3 3
3 3 13
3 3 23
3 11 22
3 11 11
3 18 6
3 18 9
3 18 19
3 18 17
3 18 18
3 18 27
3 18 28
3 18 39
3 18 38
3 31 -1
3 36 25
3 36 26
3 36 34
3 36 36
3 36 45
3 36 4
3 44 65
3 48 48
3 51 51
3 51 33
3 51 40
3 51 50
3 51 60
3 51 61
3 51 81
3 51 41
3 51 42
3 51 52
3 51 62
3 67 68
3 67 79
3 67 88
3 67 89
3 67 99
3 67 49
3 67 59
3 67 69
3 67 47
3 67 56
3 67 77
3 67 46
3 67 55
3 67 75
3 67 85
3 74 86
3 74 97
3 74 74
3 74 73
3 82 70
3 82 90
3 82 83
3 82 94
3 82 95
3 82 72
3 82 84
3 82 71
3 96 96
4 3 5
4 3 0
4 3 10
4 3 13
4 3 2
4 3 23
4 3 14
4 11 20
4 11 22
4 11 11
4 18 6
4 18 8
4 18 9
4 18 16
4 18 17
4 18 18
4 18 27
4 18 28
4 18 37
4 18 38
4 31 43
4 31 31
4 36 34
4 36 36
4 36 35
4 44 44
4 44 73
4 48 29
4 48 48
4 51 51
4 51 32
4 51 33
4 51 50
4 51 61
4 51 21
4 51 30
4 51 42
4 51 72
4 51 52
4 51 63
4 67 67
4 67 68
4 67 79
4 67 88
4 67 89
4 67 99
4 67 49
4 67 58
4 67 59
4 67 69
4 67 78
4 67 87
4 67 47
4 67 56
4 67 57
4 67 66
4 67 76
4 67 85
4 67 46
4 67 64
4 67 75
4 74 86
4 74 94
4 74 97
4 74 74
4 74 83
4 74 84
4 74 93
4 81 80
4 81 90
4 81 91
4 82 82
4 96 96
5 3 3
5 3 5
5 3 0
5 3 13
5 3 15
5 3 2
5 3 4
5 3 23
5 3 24
5 3 14
5 11 20
5 11 22
5 11 11
5 11 21
5 11 30
5 11 60
5 18 7
5 18 8
5 18 9
5 18 16
5 18 17
5 18 18
5 18 27
5 18 28
5 18 39
5 18 37
5 18 38
5 31 32
5 31 40
5 31 43
5 31 50
5 31 31
5 31 41
5 31 42
5 31 52
5 31 63
5 36 25
5 36 26
5 36 34
5 36 36
5 44 33
5 44 54
5 44 65
5 48 29
5 51 61
5 67 67
5 67 68
5 67 89
5 67 99
5 67 59
5 67 78
5 67 87
5 67 56
5 67 57
5 67 46
5 67 55
5 67 85
5 67 64
5 67 75
5 74 94
5 74 97
5 74 74
5 74 83
5 74 93
5 74 53
5 74 62
5 81 80
5 81 70
5 81 90
5 81 91
5 81 71
5 82 82
5 96 98
5 96 86
5 96 95
5 96 96
5 96 73
6 3 5
6 3 1
6 3 10
6 3 12
6 3 15
6 3 4
6 3 24
6 3 14
6 11 20
6 11 22
6 11 11
6 18 6
6 18 7
6 18 8
6 18 9
6 18 19
6 18 16
6 18 27
6 18 28
6 18 38
6 31 32
6 31 40
6 31 50
6 31 21
6 31 30
6 31 35
6 31 41
6 31 42
6 31 52
6 31 53
6 36 25
6 36 36
6 44 33
6 44 34
6 44 44
6 44 54
6 44 65
6 44 73
6 48 48
6 51 61
6 67 67
6 67 68
6 67 79
6 67 89
6 67 99
6 67 49
6 67 58
6 67 59
6 67 69
6 67 78
6 67 87
6 67 47
6 67 57
6 67 77
6 67 46
6 67 76
6 67 85
6 67 64
6 74 94
6 74 74
6 81 80
6 81 70
6 81 90
6 81 91
6 81 60
6 81 83
6 81 92
6 81 62
6 81 63
6 81 71
6 82 -1
6 96 98
6 96 95
6 96 96
6 96 97
6 96 93
7 3 3
7 3 5
7 3 0
7 3 1
7 3 10
7 3 13
7 3 15
7 3 4
7 3 24
7 3 14
7 11 20
7 11 22
7 18 7
7 18 8
7 18 17
7 18 18
7 18 27
7 18 39
7 18 37
7 18 38
7 31 32
7 31 40
7 31 43
7 31 30
7 31 31
7 31 41
7 31 52
7 31 53
7 31 63
7 36 36
7 44 33
7 44 44
7 44 54
7 44 65
7 44 73
7 48 29
7 48 48
7 51 61
7 67 67
7 67 68
7 67 79
7 67 99
7 67 49
7 67 58
7 67 59
7 67 69
7 67 87
7 67 66
7 67 77
7 67 46
7 67 55
7 67 76
7 67 85
7 67 75
7 74 94
7 81 80
7 81 70
7 81 90
7 81 91
7 81 60
7 81 81
7 81 83
7 81 62
7 81 71
7 82 82
7 96 98
7 96 86
7 96 96
7 96 97
7 96 84
7 96 93
8 3 0
8 3 12
8 3 13
8 11 20
8 11 22
8 11 2
8 11 4
8 11 23
8 11 14
8 18 6
8 18 7
8 18 9
8 18 16
8 18 18
8 18 27
8 18 39
8 31 43
8 31 31
8 31 35
8 36 25
8 36 36
8 44 44
8 44 54
8 44 65
8 48 29
8 51 51
8 51 32
8 51 40
8 51 50
8 51 61
8 51 41
8 51 42
8 51 60
8 51 92
8 51 52
8 51 72
8 51 63
8 51 64
8 67 79
8 67 88
8 67 89
8 67 49
8 67 58
8 67 87
8 67 56
8 67 57
8 67 66
8 67 77
8 67 55
8 67 76
8 67 85
8 74 94
8 74 74
8 74 83
8 81 70
8 81 90
8 81 91
8 81 81
8 82 82
8 96 98
8 96 86
8 96 96
8 96 84
8 96 93
8 96 73
9 3 1
9 3 12
9 3 13
9 3 15
9 3 23
9 3 24
9 3 14
9 11 20
9 11 11
9 11 21
9 11 30
9 11 60
9 18 6
9 18 8
9 18 9
9 18 16
9 18 18
9 18 27
9 18 39
9 31 32
9 31 40
9 31 43
9 31 31
9 31 35
9 31 41
9 31 42
9 31 63
9 36 25
9 36 34
9 36 36
9 44 33
9 44 44
9 44 54
9 48 -1
9 51 -1
9 67 67
9 67 89
9 67 99
9 67 59
9 67 78
9 67 87
9 67 47
9 67 56
9 67 57
9 67 77
9 67 76
9 67 85
9 74 97
9 74 84
9 74 93
9 74 73
9 81 91
9 81 81
9 82 95
9 96 -1
10 3 3
10 3 13
10 3 2
10 3 4
10 3 24
10 3 14
10 11 -1
10 18 9
10 18 19
10 18 16
10 18 28
10 18 37
10 18 38
10 31 -1
10 36 34
10 36 36
10 36 35
10 36 57
10 44 54
10 48 29
10 51 51
10 51 33
10 51 61
10 51 21
10 51 42
10 51 62
10 51 71
10 67 79
10 67 88
10 67 99
10 74 86
10 74 97
10 74 93
10 74 53
10 74 73
10 74 75
10 81 90
10 81 81
10 81 83
10 82 95
10 82 82
10 96 96
11 3 5
11 3 2
11 11 -1
11 18 17
11 18 28
11 31 -1
11 36 -1
11 44 54
11 48 -1
11 51 51
11 51 40
11 51 21
11 51 71
11 67 89
11 67 87
11 67 56
11 67 85
11 67 75
11 74 -1
11 81 -1
11 82 82
11 96 -1
--- Done ---
