0 48 -1
0 54 74
0 54 93
0 54 94
0 54 73
0 54 83
0 54 84
1 48 14
1 48 17
1 48 28
1 48 48
1 48 15
1 48 25
1 48 34
1 48 45
1 48 58
1 48 64
1 48 83
1 48 84
1 48 85
1 48 88
1 54 4
1 54 21
1 54 23
1 54 71
1 54 93
1 54 94
1 54 99
1 54 16
1 54 20
1 54 26
1 54 40
1 54 42
1 54 43
1 54 62
1 54 74
1 54 82
1 65 22
1 65 97
2 45 5
2 45 6
2 45 8
2 45 14
2 45 17
2 45 59
2 45 88
2 48 9
2 54 4
2 54 30
2 54 51
2 54 81
2 54 92
2 54 94
2 54 99
2 54 3
2 54 7
2 54 11
2 54 23
2 54 62
2 54 71
2 54 87
2 54 16
2 54 35
2 54 40
2 65 79
2 65 95
2 65 97
2 65 85
2 65 41
2 65 52
2 65 61
2 65 73
2 65 74
2 65 83
2 65 86
2 65 15
2 65 25
2 65 44
2 65 46
2 65 47
2 65 49
2 65 56
2 65 65
2 65 69
2 65 76
2 65 77
2 65 78
2 65 84
2 65 98
3 45 23
3 45 50
3 45 71
3 45 45
3 48 9
3 48 19
3 48 6
3 48 13
3 48 17
3 48 18
3 48 26
3 48 27
3 48 28
3 48 39
3 48 59
3 48 25
3 48 36
3 48 38
3 48 46
3 48 47
3 48 48
3 48 49
3 48 55
3 48 56
3 48 65
3 48 68
3 48 69
3 48 75
3 48 77
3 48 84
3 48 88
3 54 4
3 54 51
3 54 70
3 54 81
3 54 94
3 54 99
3 54 3
3 54 11
3 65 60
3 65 79
3 65 89
3 65 90
3 65 95
3 65 97
3 65 62
3 65 72
3 65 96
3 65 22
3 65 33
3 65 40
3 65 41
3 65 42
3 65 52
3 65 61
3 65 73
3 65 74
3 65 83
3 65 85
3 65 86
3 65 34
4 41 0
4 41 2
4 41 80
4 41 91
4 41 74
4 45 5
4 45 6
4 45 8
4 45 14
4 45 17
4 45 18
4 45 28
4 45 59
4 45 23
4 45 27
4 45 50
4 45 29
4 45 42
4 45 46
4 45 49
4 45 52
4 45 56
4 45 57
4 45 61
4 45 63
4 45 64
4 45 66
4 48 9
4 48 67
4 48 68
4 48 69
4 48 76
4 48 78
4 48 88
4 48 34
4 48 44
4 48 47
4 48 48
4 48 73
4 48 75
4 48 84
4 54 93
4 54 94
4 54 99
4 54 21
4 54 30
4 54 51
4 54 87
4 54 96
4 54 11
4 54 13
4 54 16
4 54 20
4 65 79
4 65 89
4 65 90
4 65 97
4 65 10
4 65 85
4 65 31
4 65 58
4 65 72
4 65 82
4 65 83
4 65 86
4 65 22
4 65 32
4 65 33
4 65 35
4 65 36
4 65 37
4 65 38
4 65 43
5 41 0
5 41 2
5 41 80
5 41 91
5 41 70
5 41 23
5 41 50
5 41 71
5 41 32
5 41 33
5 41 40
5 41 41
5 41 42
5 41 43
5 41 52
5 41 53
5 41 54
5 41 61
5 41 63
5 41 73
5 41 24
5 45 5
5 45 65
5 45 67
5 45 68
5 45 78
5 45 98
5 45 29
5 45 34
5 45 55
5 45 74
5 45 75
5 48 9
5 48 8
5 48 14
5 48 17
5 48 18
5 48 28
5 48 13
5 48 16
5 48 26
5 48 27
5 48 39
5 48 59
5 48 25
5 48 36
5 48 37
5 48 38
5 48 46
5 48 56
5 48 57
5 48 64
5 54 4
5 54 93
5 54 94
5 54 99
5 54 3
5 54 7
5 54 21
5 54 30
5 65 89
5 65 90
5 65 95
5 65 97
5 65 87
5 65 96
5 65 11
5 65 20
5 65 31
5 65 60
5 65 62
5 65 82
5 65 83
5 65 85
5 65 86
5 65 15
5 65 22
6 41 80
6 41 91
6 41 12
6 41 71
6 41 40
6 41 41
6 41 52
6 41 53
6 41 54
6 41 61
6 41 63
6 41 74
6 41 34
6 41 44
6 41 48
6 45 5
6 48 9
6 48 19
6 48 6
6 48 8
6 48 14
6 48 28
6 48 59
6 48 85
6 48 36
6 48 46
6 48 57
6 48 64
6 48 65
6 48 67
6 48 73
6 48 76
6 48 98
6 48 24
6 48 47
6 54 4
6 54 92
6 54 93
6 54 94
6 54 99
6 54 7
6 54 21
6 54 30
6 54 70
6 54 87
6 54 96
6 54 1
6 54 11
6 54 16
6 54 20
6 54 27
6 54 50
6 54 58
6 54 62
6 54 83
6 65 79
6 65 89
6 65 90
6 65 95
6 65 97
6 65 10
6 65 60
6 65 22
6 65 32
6 65 38
6 65 49
6 65 68
6 65 69
6 65 77
6 65 78
6 65 15
6 65 25
6 65 33
6 65 35
6 65 42
7 41 0
7 41 80
7 41 91
7 41 10
7 41 60
7 41 41
7 45 5
7 45 8
7 45 14
7 45 17
7 45 18
7 45 39
7 45 59
7 45 22
7 45 29
7 45 32
7 45 38
7 45 49
7 45 68
7 45 69
7 45 71
7 45 77
7 45 98
7 45 33
7 45 36
7 45 37
7 45 40
7 45 43
7 48 48
7 54 4
7 54 81
7 54 93
7 54 94
7 54 99
7 54 3
7 54 7
7 54 30
7 54 70
7 54 87
7 54 96
7 54 1
7 54 13
7 54 20
7 54 27
7 54 31
7 54 58
7 54 62
7 54 82
7 54 15
7 65 79
7 65 90
7 65 97
7 65 85
7 65 83
7 65 86
7 65 46
7 65 52
7 65 53
7 65 54
7 65 61
7 65 63
7 65 65
7 65 66
7 65 67
7 65 76
7 65 24
7 65 44
7 65 55
7 65 73
7 65 75
7 65 84
8 41 0
8 41 2
8 41 91
8 41 12
8 41 60
8 41 22
8 41 29
8 41 32
8 41 40
8 41 41
8 41 42
8 41 43
8 41 52
8 41 54
8 41 61
8 41 63
8 41 73
8 41 74
8 41 44
8 41 55
8 41 84
8 45 -1
8 48 9
8 48 6
8 48 14
8 48 18
8 48 39
8 48 85
8 48 49
8 48 77
8 48 86
8 48 88
8 48 98
8 48 36
8 48 56
8 48 57
8 48 64
8 48 66
8 48 76
8 54 4
8 54 81
8 54 92
8 54 93
8 54 94
8 54 7
8 54 51
8 54 70
8 54 87
8 54 96
8 54 13
8 54 16
8 54 20
8 54 23
8 54 27
8 54 31
8 54 50
8 54 58
8 54 72
8 54 82
8 54 83
8 54 25
8 54 35
8 65 79
8 65 89
8 65 90
8 65 65
9 41 91
9 41 12
9 41 41
9 45 -1
9 48 9
9 48 6
9 48 8
9 48 14
9 48 18
9 48 39
9 48 59
9 48 85
9 48 13
9 48 16
9 48 77
9 48 78
9 48 24
9 48 34
9 48 44
9 48 47
9 48 84
9 54 81
9 54 93
9 54 99
9 54 21
9 54 30
9 54 87
9 54 1
9 54 11
9 54 20
9 54 23
9 54 27
9 54 31
9 54 15
9 54 25
9 54 33
9 54 35
9 54 36
9 54 40
9 54 42
9 54 43
9 54 54
9 54 56
9 54 57
9 54 63
9 54 67
9 54 73
9 54 76
9 65 89
9 65 95
9 65 97
9 65 60
9 65 32
10 41 2
10 45 -1
10 48 9
10 48 19
10 48 14
10 48 28
10 48 29
10 48 38
10 48 88
10 54 4
10 54 81
10 54 93
10 54 99
10 54 3
10 54 21
10 54 51
10 54 96
10 54 13
10 54 16
10 54 62
10 54 71
10 54 82
10 54 83
10 54 86
10 54 33
10 54 35
10 54 36
10 54 37
10 54 42
10 54 53
10 54 54
10 54 57
10 54 61
10 54 73
10 54 24
10 54 34
10 54 75
10 65 79
10 65 90
10 65 95
10 65 97
11 41 2
11 41 21
11 41 51
11 41 71
11 41 82
11 41 40
11 41 75
11 45 5
11 45 17
11 45 28
11 45 56
11 48 -1
11 54 54
11 65 89
11 65 85
11 65 87
--- Done ---
