0 77 77
0 77 78
0 77 79
0 77 87
0 77 88
0 77 89
0 77 97
0 77 98
1 4 11
1 4 14
1 4 15
1 4 16
1 4 17
1 4 18
1 4 22
1 4 24
1 4 25
1 4 33
1 4 34
1 4 37
1 4 44
1 4 71
1 52 52
1 52 72
1 52 91
1 52 92
1 56 8
1 56 27
1 56 28
1 56 29
1 56 36
1 56 38
1 56 39
1 56 45
1 56 48
1 56 49
1 56 50
1 56 57
1 56 65
1 56 66
1 56 67
1 56 74
1 56 75
1 56 83
1 56 84
1 56 85
1 56 87
1 56 93
1 56 97
1 56 98
1 77 19
1 77 58
1 77 63
1 77 78
2 4 0
2 4 2
2 4 3
2 4 4
2 4 6
2 4 12
2 4 13
2 4 22
2 4 23
2 4 24
2 4 30
2 4 32
2 4 33
2 4 35
2 4 37
2 4 48
2 52 10
2 52 41
2 52 42
2 52 43
2 52 44
2 52 47
2 52 49
2 52 51
2 52 53
2 52 54
2 52 58
2 52 61
2 52 63
2 52 66
2 52 72
2 52 74
2 52 80
2 52 81
2 52 92
2 52 94
2 56 29
2 56 45
2 56 68
2 56 69
2 56 88
2 56 93
2 77 19
2 77 78
2 77 86
2 77 98
3 4 1
3 4 9
3 4 14
3 4 18
3 4 21
3 4 24
3 4 25
3 4 32
3 52 10
3 52 36
3 52 37
3 52 45
3 52 50
3 52 52
3 52 54
3 52 55
3 52 58
3 52 66
3 52 72
3 52 74
3 52 80
3 52 91
3 56 46
3 56 56
3 56 64
3 77 19
3 77 47
3 77 57
3 77 59
3 77 61
3 77 62
3 77 63
3 77 67
3 77 68
3 77 69
3 77 77
3 77 79
3 77 84
3 77 86
3 77 87
3 77 94
3 77 96
3 77 98
3 77 99
4 4 2
4 4 5
4 4 9
4 4 11
4 4 17
4 4 22
4 4 23
4 4 24
4 4 25
4 4 26
4 4 34
4 4 35
4 4 44
4 4 48
4 52 10
4 52 20
4 52 36
4 52 40
4 52 47
4 52 49
4 52 51
4 52 55
4 52 60
4 52 62
4 52 65
4 52 67
4 52 72
4 52 74
4 52 81
4 52 82
4 52 91
4 52 92
4 52 94
4 56 8
4 56 27
4 56 29
4 56 39
4 56 59
4 56 63
4 56 69
4 56 84
4 56 88
4 56 89
4 56 96
4 77 79
4 77 87
5 4 0
5 4 1
5 4 2
5 4 4
5 4 5
5 4 12
5 4 17
5 4 21
5 4 22
5 4 23
5 4 34
5 4 37
5 4 71
5 52 36
5 52 40
5 52 42
5 52 53
5 52 54
5 52 60
5 52 63
5 52 65
5 52 70
5 52 72
5 52 82
5 52 90
5 52 91
5 56 27
5 56 29
5 56 46
5 56 56
5 56 57
5 56 87
5 77 38
5 77 39
5 77 58
5 77 74
5 77 78
5 77 79
5 77 84
5 77 86
5 77 89
5 77 94
5 77 95
5 77 96
5 77 98
5 77 99
6 4 0
6 4 1
6 4 4
6 4 12
6 4 14
6 4 15
6 4 16
6 4 25
6 4 30
6 4 34
6 52 20
6 52 37
6 52 41
6 52 51
6 52 80
6 52 81
6 52 82
6 52 90
6 56 27
6 56 29
6 56 39
6 56 42
6 56 49
6 56 54
6 56 55
6 56 56
6 56 63
6 56 67
6 56 76
6 77 19
6 77 38
6 77 47
6 77 53
6 77 57
6 77 62
6 77 65
6 77 69
6 77 78
6 77 88
6 77 89
6 77 96
6 77 97
6 77 98
7 4 0
7 4 2
7 4 3
7 4 4
7 4 5
7 4 6
7 4 7
7 4 9
7 4 11
7 4 13
7 4 14
7 4 15
7 4 21
7 4 22
7 4 25
7 4 26
7 4 31
7 4 32
7 4 34
7 4 44
7 4 48
7 52 20
7 52 40
7 52 51
7 52 52
7 52 58
7 52 60
7 52 70
7 56 29
7 56 36
7 56 39
7 56 43
7 56 66
7 56 68
7 56 74
7 56 76
7 56 87
7 77 19
7 77 37
7 77 45
7 77 47
7 77 59
7 77 61
7 77 62
7 77 65
7 77 69
7 77 78
7 77 79
7 77 84
7 77 86
7 77 97
8 4 2
8 4 3
8 4 4
8 4 7
8 4 9
8 4 11
8 4 15
8 4 16
8 4 21
8 4 22
8 4 23
8 4 26
8 4 30
8 4 31
8 4 33
8 4 48
8 52 37
8 52 43
8 52 60
8 52 61
8 52 70
8 52 71
8 52 81
8 52 82
8 52 91
8 52 92
8 56 27
8 56 28
8 56 39
8 56 42
8 56 45
8 56 47
8 56 50
8 56 53
8 56 56
8 56 58
8 56 63
8 56 66
8 56 67
8 56 69
8 56 75
8 56 76
8 56 98
8 77 77
8 77 78
8 77 79
9 4 3
9 4 6
9 4 11
9 4 12
9 4 15
9 4 21
9 4 23
9 4 32
9 4 33
9 4 34
9 4 35
9 4 36
9 4 71
9 52 74
9 52 75
9 56 27
9 56 45
9 56 47
9 56 53
9 56 54
9 56 56
9 56 64
9 56 67
9 77 37
9 77 38
9 77 44
9 77 48
9 77 55
9 77 62
9 77 65
9 77 66
9 77 69
9 77 73
9 77 76
9 77 77
9 77 78
9 77 79
9 77 85
9 77 87
9 77 88
9 77 93
9 77 97
9 77 99
--- Done ---
