0 87 77
0 87 78
0 87 79
0 87 87
0 87 88
0 87 89
0 87 97
0 87 98
1 4 15
1 4 16
1 4 22
1 4 24
1 4 37
1 4 44
1 14 14
1 14 25
1 14 33
1 14 45
1 28 8
1 28 17
1 28 18
1 28 19
1 28 27
1 28 28
1 28 29
1 28 36
1 28 38
1 28 39
1 28 48
1 28 49
1 31 11
1 31 34
1 31 50
1 31 52
1 83 63
1 83 65
1 83 71
1 83 72
1 83 74
1 83 75
1 83 83
1 83 84
1 83 85
1 83 91
1 83 92
1 83 93
1 87 57
1 87 58
1 87 66
1 87 67
1 87 78
1 87 87
1 87 97
1 87 98
2 4 2
2 4 3
2 4 4
2 4 12
2 4 13
2 4 22
2 4 23
2 4 24
2 4 37
2 4 44
2 14 6
2 14 33
2 14 35
2 14 45
2 28 19
2 28 29
2 28 47
2 28 48
2 28 49
2 31 0
2 31 10
2 31 30
2 31 32
2 31 41
2 31 42
2 31 43
2 31 51
2 74 53
2 74 54
2 74 63
2 74 74
2 74 92
2 74 93
2 74 94
2 77 58
2 77 66
2 77 68
2 77 69
2 77 78
2 77 86
2 77 88
2 77 98
2 81 61
2 81 72
2 81 80
2 81 81
3 4 14
3 4 24
3 27 9
3 27 18
3 27 25
3 27 36
3 27 46
3 27 47
3 31 1
3 31 10
3 31 21
3 31 32
3 31 50
3 31 52
3 37 19
3 37 37
3 37 45
3 37 57
3 37 59
3 74 54
3 74 55
3 74 63
3 74 64
3 74 67
3 74 72
3 74 74
3 74 84
3 74 86
3 74 94
3 74 96
3 77 56
3 77 58
3 77 66
3 77 68
3 77 69
3 77 77
3 77 79
3 77 87
3 77 98
3 77 99
3 81 61
3 81 62
3 81 80
3 81 91
4 4 2
4 4 5
4 4 22
4 4 23
4 4 24
4 4 44
4 27 9
4 27 25
4 27 26
4 27 27
4 27 36
4 27 47
4 27 55
4 28 8
4 28 17
4 28 29
4 28 39
4 28 48
4 28 49
4 31 10
4 31 11
4 31 20
4 31 34
4 31 40
4 31 51
4 37 35
4 37 59
4 75 62
4 75 63
4 75 65
4 75 67
4 75 72
4 75 74
4 75 84
4 75 94
4 81 60
4 81 81
4 81 82
4 81 91
4 81 92
4 88 69
4 88 79
4 88 87
4 88 88
4 88 89
4 88 96
5 4 2
5 4 4
5 4 5
5 4 12
5 4 22
5 4 23
5 4 37
5 28 17
5 28 27
5 28 29
5 28 36
5 28 38
5 28 39
5 28 46
5 31 0
5 31 1
5 31 21
5 31 34
5 31 40
5 31 42
5 65 53
5 65 54
5 65 57
5 65 63
5 65 65
5 75 56
5 75 58
5 75 74
5 75 78
5 75 84
5 75 86
5 75 87
5 75 94
5 75 95
5 81 60
5 81 70
5 81 71
5 81 72
5 81 82
5 81 90
5 81 91
5 88 79
5 88 89
5 88 96
5 88 98
5 88 99
6 4 4
6 4 12
6 4 14
6 4 15
6 4 16
6 4 37
6 6 25
6 6 27
6 28 19
6 28 29
6 28 38
6 28 39
6 28 47
6 28 49
6 31 0
6 31 1
6 31 20
6 31 30
6 31 34
6 31 41
6 31 42
6 31 51
6 65 53
6 65 54
6 65 55
6 65 56
6 65 57
6 65 63
6 65 65
6 65 67
6 65 76
6 65 82
6 81 62
6 81 80
6 81 81
6 81 90
6 88 69
6 88 78
6 88 88
6 88 89
6 88 96
6 88 97
6 88 98
7 4 2
7 4 3
7 4 4
7 4 5
7 4 13
7 4 14
7 4 15
7 4 22
7 4 44
7 6 6
7 6 7
7 6 9
7 6 25
7 31 0
7 31 11
7 31 20
7 31 21
7 31 31
7 31 32
7 31 34
7 31 43
7 31 51
7 37 19
7 37 26
7 37 29
7 37 36
7 37 37
7 37 39
7 37 45
7 37 48
7 37 59
7 61 40
7 61 52
7 61 60
7 61 61
7 61 62
7 61 70
7 61 74
7 77 47
7 77 58
7 77 65
7 77 66
7 77 68
7 77 69
7 77 76
7 77 78
7 77 79
7 77 84
7 77 86
7 77 87
7 77 97
8 4 2
8 4 3
8 4 4
8 4 15
8 4 16
8 4 22
8 4 23
8 6 7
8 6 9
8 21 11
8 21 21
8 21 30
8 21 31
8 21 33
8 21 42
8 37 26
8 37 27
8 37 28
8 37 37
8 37 39
8 37 45
8 37 47
8 37 48
8 61 50
8 61 53
8 61 60
8 61 61
8 61 71
8 72 43
8 72 63
8 72 70
8 72 75
8 72 81
8 72 82
8 72 91
8 72 92
8 77 56
8 77 58
8 77 66
8 77 67
8 77 69
8 77 76
8 77 77
8 77 78
8 77 79
8 77 98
9 4 3
9 4 12
9 4 15
9 4 23
9 4 37
9 4 44
9 17 6
9 17 34
9 17 38
9 21 11
9 21 21
9 21 32
9 21 33
9 21 54
9 46 27
9 46 35
9 46 36
9 46 45
9 46 47
9 46 48
9 46 55
9 46 67
9 46 74
9 46 79
9 72 53
9 72 62
9 72 64
9 72 71
9 72 73
9 72 75
9 72 93
9 77 56
9 77 65
9 77 66
9 77 69
9 77 76
9 77 77
9 77 78
9 77 85
9 77 87
9 77 88
9 77 97
9 77 99
--- Done ---
