0 84 78
0 88 77
0 88 79
0 88 87
0 88 88
0 88 89
0 88 97
0 88 98
1 4 11
1 4 14
1 4 15
1 4 16
1 4 22
1 4 24
1 4 25
1 4 33
1 4 37
1 4 44
1 4 52
1 38 8
1 38 17
1 38 18
1 38 19
1 38 27
1 38 28
1 38 29
1 38 36
1 38 38
1 38 39
1 38 45
1 38 48
1 38 49
1 38 58
1 73 34
1 73 50
1 73 66
1 73 71
1 73 74
1 73 92
1 73 93
1 84 63
1 84 65
1 84 72
1 84 75
1 84 78
1 84 83
1 84 84
1 84 85
1 84 87
1 84 91
1 88 57
1 88 67
1 88 97
1 88 98
2 4 2
2 4 3
2 4 4
2 4 6
2 4 12
2 4 13
2 4 22
2 4 23
2 4 24
2 4 32
2 4 33
2 4 35
2 4 37
2 4 44
2 20 0
2 20 10
2 20 30
2 20 41
2 20 42
2 20 43
2 20 53
2 38 19
2 38 29
2 38 45
2 38 47
2 38 48
2 38 49
2 38 58
2 38 68
2 38 69
2 73 51
2 73 54
2 73 61
2 73 63
2 73 72
2 73 80
2 73 81
2 73 93
2 87 66
2 87 74
2 87 78
2 87 86
2 87 88
2 87 92
2 87 94
2 87 98
3 4 9
3 4 14
3 4 24
3 4 25
3 4 32
3 4 37
3 4 52
3 20 1
3 20 10
3 20 21
3 20 50
3 20 61
3 38 18
3 38 19
3 38 45
3 38 46
3 38 47
3 38 55
3 38 59
3 38 68
3 38 69
3 84 54
3 84 62
3 84 63
3 84 64
3 84 72
3 84 74
3 84 80
3 84 84
3 84 86
3 84 91
3 84 94
3 84 96
3 87 36
3 87 56
3 87 57
3 87 58
3 87 66
3 87 67
3 87 77
3 87 79
3 87 87
3 87 98
3 87 99
4 4 2
4 4 5
4 4 9
4 4 11
4 4 22
4 4 23
4 4 24
4 4 25
4 4 26
4 4 35
4 4 44
4 31 10
4 31 20
4 31 34
4 31 40
4 31 51
4 31 60
4 38 8
4 38 17
4 38 27
4 38 29
4 38 36
4 38 39
4 38 47
4 38 48
4 38 49
4 38 55
4 38 59
4 38 69
4 84 62
4 84 63
4 84 65
4 84 72
4 84 81
4 84 82
4 84 84
4 84 91
4 84 92
4 84 94
4 87 67
4 87 74
4 87 79
4 87 87
4 87 88
4 87 89
4 87 96
5 4 2
5 4 4
5 4 5
5 4 12
5 4 22
5 4 23
5 4 37
5 31 0
5 31 1
5 31 21
5 31 34
5 31 40
5 31 42
5 31 53
5 31 60
5 31 70
5 31 71
5 47 17
5 47 27
5 47 29
5 47 36
5 47 38
5 47 39
5 47 46
5 47 54
5 47 56
5 47 57
5 47 58
5 47 78
5 79 79
5 79 86
5 79 87
5 79 89
5 79 95
5 79 96
5 79 98
5 79 99
5 81 63
5 81 65
5 81 72
5 81 74
5 81 82
5 81 84
5 81 90
5 81 91
5 81 94
6 4 4
6 4 12
6 4 14
6 4 15
6 4 16
6 4 25
6 4 37
6 31 0
6 31 1
6 31 20
6 31 30
6 31 41
6 31 42
6 31 51
6 31 53
6 47 19
6 47 27
6 47 29
6 47 34
6 47 38
6 47 39
6 47 47
6 47 55
6 47 57
6 47 97
6 79 49
6 79 56
6 79 67
6 79 69
6 79 76
6 79 78
6 79 88
6 79 89
6 79 96
6 79 98
6 81 54
6 81 62
6 81 63
6 81 65
6 81 80
6 81 81
6 81 82
6 81 90
7 4 2
7 4 3
7 4 4
7 4 5
7 4 6
7 4 7
7 4 9
7 4 11
7 4 13
7 4 14
7 4 15
7 4 22
7 4 25
7 4 26
7 4 32
7 4 37
7 4 44
7 4 52
7 31 0
7 31 20
7 31 21
7 31 31
7 31 34
7 31 40
7 31 43
7 31 70
7 56 36
7 56 45
7 56 47
7 56 58
7 56 65
7 56 66
7 56 68
7 56 74
7 56 76
7 56 86
7 56 87
7 56 97
7 59 19
7 59 29
7 59 39
7 59 48
7 59 59
7 59 69
7 59 78
7 59 79
7 71 51
7 71 60
7 71 61
7 71 62
7 71 84
8 4 2
8 4 3
8 4 4
8 4 7
8 4 9
8 4 11
8 4 15
8 4 16
8 4 22
8 4 23
8 4 26
8 4 33
8 4 37
8 31 21
8 31 30
8 31 31
8 31 42
8 31 43
8 31 50
8 56 27
8 56 47
8 56 53
8 56 56
8 56 75
8 59 28
8 59 39
8 59 45
8 59 48
8 59 58
8 59 66
8 59 67
8 59 69
8 59 76
8 59 77
8 59 78
8 59 79
8 59 98
8 71 60
8 71 61
8 71 63
8 71 70
8 71 71
8 71 81
8 71 82
8 71 91
8 71 92
9 4 3
9 4 6
9 4 11
9 4 12
9 4 15
9 4 23
9 4 32
9 4 33
9 4 35
9 4 37
9 4 44
9 57 27
9 57 36
9 57 38
9 57 48
9 57 64
9 57 66
9 57 67
9 57 69
9 57 74
9 57 79
9 57 85
9 57 87
9 57 88
9 63 21
9 63 53
9 63 54
9 63 55
9 63 62
9 63 71
9 63 73
9 63 93
9 75 34
9 75 45
9 75 47
9 75 56
9 75 65
9 75 75
9 75 76
9 75 77
9 75 78
9 75 97
9 75 99
--- Done ---
