0 48 79
0 86 77
0 86 78
0 86 87
0 86 88
0 86 89
0 86 97
0 86 98
1 4 8
1 4 14
1 4 15
1 4 16
1 4 17
1 4 24
1 4 25
1 32 11
1 32 22
1 32 33
1 32 34
1 32 44
1 32 52
1 48 18
1 48 19
1 48 27
1 48 28
1 48 29
1 48 36
1 48 37
1 48 38
1 48 39
1 48 45
1 48 48
1 48 49
1 48 57
1 48 58
1 48 67
1 71 50
1 71 63
1 71 71
1 71 72
1 71 83
1 71 91
1 71 92
1 71 93
1 86 65
1 86 66
1 86 74
1 86 75
1 86 78
1 86 84
1 86 85
1 86 87
1 86 97
1 86 98
2 4 2
2 4 3
2 4 4
2 4 6
2 4 13
2 4 24
2 32 0
2 32 10
2 32 12
2 32 22
2 32 23
2 32 30
2 32 32
2 32 33
2 32 35
2 32 41
2 32 42
2 32 43
2 32 44
2 32 53
2 32 54
2 48 19
2 48 29
2 48 37
2 48 45
2 48 47
2 48 48
2 48 49
2 48 58
2 48 68
2 48 69
2 71 51
2 71 61
2 71 63
2 71 72
2 71 80
2 71 81
2 71 92
2 71 93
2 86 66
2 86 74
2 86 78
2 86 86
2 86 88
2 86 94
2 86 98
3 4 1
3 4 14
3 4 24
3 4 25
3 32 10
3 32 21
3 32 32
3 32 52
3 32 54
3 48 9
3 48 18
3 48 19
3 48 36
3 48 37
3 48 45
3 48 46
3 48 47
3 48 55
3 48 56
3 48 57
3 48 58
3 48 59
3 48 67
3 48 68
3 48 69
3 48 79
3 71 50
3 71 61
3 71 62
3 71 63
3 71 72
3 71 80
3 71 91
3 86 64
3 86 66
3 86 74
3 86 77
3 86 84
3 86 86
3 86 87
3 86 94
3 86 96
3 86 98
3 86 99
4 4 2
4 4 5
4 4 8
4 4 17
4 4 24
4 4 25
4 4 26
4 32 10
4 32 11
4 32 20
4 32 22
4 32 23
4 32 34
4 32 35
4 32 40
4 32 44
4 48 9
4 48 27
4 48 29
4 48 36
4 48 39
4 48 47
4 48 48
4 48 49
4 48 55
4 48 59
4 48 67
4 48 69
4 48 79
4 71 51
4 71 60
4 71 62
4 71 63
4 71 72
4 71 81
4 71 82
4 71 91
4 71 92
4 86 65
4 86 74
4 86 84
4 86 87
4 86 88
4 86 89
4 86 94
4 86 96
5 4 1
5 4 2
5 4 4
5 4 5
5 4 17
5 32 0
5 32 12
5 32 21
5 32 22
5 32 23
5 32 34
5 32 40
5 32 42
5 32 53
5 32 54
5 48 27
5 48 29
5 48 36
5 48 37
5 48 38
5 48 39
5 48 46
5 48 56
5 48 57
5 48 58
5 48 79
5 71 60
5 71 63
5 71 70
5 71 71
5 71 72
5 71 82
5 71 90
5 71 91
5 86 65
5 86 74
5 86 78
5 86 84
5 86 86
5 86 87
5 86 89
5 86 94
5 86 95
5 86 96
5 86 98
5 86 99
6 4 1
6 4 4
6 4 14
6 4 15
6 4 16
6 4 25
6 32 0
6 32 12
6 32 20
6 32 30
6 32 34
6 32 41
6 32 42
6 32 53
6 32 54
6 48 19
6 48 27
6 48 29
6 48 37
6 48 38
6 48 39
6 48 47
6 48 49
6 48 55
6 48 56
6 48 57
6 48 67
6 48 69
6 71 51
6 71 62
6 71 63
6 71 80
6 71 81
6 71 82
6 71 90
6 86 65
6 86 76
6 86 78
6 86 88
6 86 89
6 86 96
6 86 97
6 86 98
7 4 2
7 4 3
7 4 4
7 4 5
7 4 6
7 4 7
7 4 13
7 4 14
7 4 15
7 4 25
7 4 26
7 32 0
7 32 11
7 32 20
7 32 21
7 32 22
7 32 31
7 32 32
7 32 34
7 32 40
7 32 43
7 32 44
7 32 52
7 48 9
7 48 19
7 48 29
7 48 36
7 48 37
7 48 39
7 48 45
7 48 47
7 48 48
7 48 58
7 48 59
7 48 68
7 48 69
7 48 79
7 71 51
7 71 60
7 71 61
7 71 62
7 71 70
7 86 65
7 86 66
7 86 74
7 86 76
7 86 78
7 86 84
7 86 86
7 86 87
7 86 97
8 4 2
8 4 3
8 4 4
8 4 7
8 4 15
8 4 16
8 4 26
8 32 11
8 32 21
8 32 22
8 32 23
8 32 30
8 32 31
8 32 33
8 32 42
8 32 43
8 32 53
8 48 9
8 48 27
8 48 28
8 48 37
8 48 39
8 48 45
8 48 47
8 48 48
8 48 56
8 48 58
8 48 67
8 48 69
8 48 79
8 71 50
8 71 60
8 71 61
8 71 63
8 71 70
8 71 71
8 71 81
8 71 82
8 71 91
8 71 92
8 86 66
8 86 75
8 86 76
8 86 77
8 86 78
8 86 98
9 4 3
9 4 6
9 4 15
9 32 11
9 32 12
9 32 21
9 32 23
9 32 32
9 32 33
9 32 34
9 32 35
9 32 44
9 32 53
9 32 54
9 48 27
9 48 36
9 48 37
9 48 38
9 48 45
9 48 47
9 48 48
9 48 55
9 48 56
9 48 67
9 48 69
9 48 79
9 71 62
9 71 71
9 71 73
9 71 93
9 86 64
9 86 65
9 86 66
9 86 74
9 86 75
9 86 76
9 86 77
9 86 78
9 86 85
9 86 87
9 86 88
9 86 97
9 86 99
--- Done ---
