0 78 77
0 78 78
0 78 79
0 78 87
0 78 88
0 78 89
0 78 97
0 78 98
1 4 14
1 4 15
1 17 8
1 17 16
1 17 17
1 17 18
1 17 19
1 17 27
1 17 28
1 17 29
1 17 37
1 17 38
1 17 39
1 31 11
1 31 22
1 31 33
1 31 50
1 31 52
1 35 24
1 35 25
1 35 34
1 35 36
1 35 44
1 35 45
1 71 63
1 71 71
1 71 72
1 71 91
1 71 92
1 78 48
1 78 49
1 78 57
1 78 58
1 78 66
1 78 67
1 78 78
1 78 87
1 78 97
1 78 98
1 85 65
1 85 74
1 85 75
1 85 83
1 85 84
1 85 85
1 85 93
2 4 2
2 4 3
2 4 4
2 4 12
2 4 13
2 4 23
2 17 6
2 17 19
2 17 29
2 17 37
2 31 0
2 31 10
2 31 22
2 31 30
2 31 32
2 31 33
2 31 41
2 31 42
2 31 43
2 31 51
2 31 53
2 35 24
2 35 35
2 35 44
2 35 45
2 35 47
2 35 54
2 71 61
2 71 63
2 71 72
2 71 80
2 71 81
2 71 92
2 78 48
2 78 49
2 78 58
2 78 66
2 78 68
2 78 69
2 78 78
2 78 88
2 78 98
2 85 74
2 85 86
2 85 93
2 85 94
3 4 1
3 4 14
3 17 9
3 17 18
3 17 19
3 17 37
3 31 10
3 31 21
3 31 32
3 31 50
3 31 52
3 35 24
3 35 25
3 35 36
3 35 45
3 35 46
3 35 47
3 35 54
3 35 55
3 35 56
3 71 61
3 71 62
3 71 63
3 71 72
3 71 80
3 71 91
3 78 57
3 78 58
3 78 59
3 78 66
3 78 67
3 78 68
3 78 69
3 78 77
3 78 79
3 78 87
3 78 98
3 78 99
3 85 64
3 85 74
3 85 84
3 85 86
3 85 94
3 85 96
4 4 2
4 4 5
4 4 23
4 17 8
4 17 9
4 17 17
4 17 26
4 17 27
4 17 29
4 17 39
4 31 10
4 31 11
4 31 20
4 31 22
4 31 40
4 31 51
4 35 24
4 35 25
4 35 34
4 35 35
4 35 36
4 35 44
4 35 47
4 35 55
4 71 60
4 71 62
4 71 63
4 71 72
4 71 81
4 71 82
4 71 91
4 71 92
4 78 48
4 78 49
4 78 59
4 78 67
4 78 69
4 78 79
4 78 87
4 78 88
4 78 89
4 85 65
4 85 74
4 85 84
4 85 94
4 85 96
5 4 1
5 4 2
5 4 4
5 4 5
5 4 12
5 4 23
5 17 17
5 17 27
5 17 29
5 17 37
5 17 38
5 17 39
5 31 0
5 31 21
5 31 22
5 31 40
5 31 42
5 31 53
5 35 34
5 35 36
5 35 46
5 35 54
5 35 56
5 71 60
5 71 63
5 71 70
5 71 71
5 71 72
5 71 82
5 71 90
5 71 91
5 78 57
5 78 58
5 78 78
5 78 79
5 78 87
5 78 89
5 78 98
5 78 99
5 85 65
5 85 74
5 85 84
5 85 86
5 85 94
5 85 95
5 85 96
6 4 1
6 4 4
6 4 12
6 4 14
6 4 15
6 17 16
6 17 19
6 17 27
6 17 29
6 17 37
6 17 38
6 17 39
6 31 0
6 31 20
6 31 30
6 31 41
6 31 42
6 31 51
6 31 53
6 35 25
6 35 34
6 35 47
6 35 54
6 35 55
6 35 56
6 71 62
6 71 63
6 71 80
6 71 81
6 71 82
6 71 90
6 78 49
6 78 57
6 78 67
6 78 69
6 78 78
6 78 88
6 78 89
6 78 97
6 78 98
6 85 65
6 85 76
6 85 96
7 4 2
7 4 3
7 4 4
7 4 5
7 4 13
7 4 14
7 4 15
7 17 6
7 17 7
7 17 9
7 17 19
7 17 26
7 17 29
7 17 37
7 17 39
7 31 0
7 31 11
7 31 20
7 31 21
7 31 22
7 31 31
7 31 32
7 31 40
7 31 43
7 31 51
7 31 52
7 35 25
7 35 34
7 35 36
7 35 44
7 35 45
7 35 47
7 71 60
7 71 61
7 71 62
7 71 70
7 78 48
7 78 58
7 78 59
7 78 66
7 78 68
7 78 69
7 78 78
7 78 79
7 78 87
7 78 97
7 85 65
7 85 74
7 85 76
7 85 84
7 85 86
8 4 2
8 4 3
8 4 4
8 4 15
8 4 23
8 17 7
8 17 9
8 17 16
8 17 26
8 17 27
8 17 28
8 17 37
8 17 39
8 31 11
8 31 21
8 31 22
8 31 30
8 31 31
8 31 33
8 31 42
8 31 43
8 31 50
8 31 53
8 35 45
8 35 47
8 35 56
8 71 60
8 71 61
8 71 63
8 71 70
8 71 71
8 71 81
8 71 82
8 71 91
8 71 92
8 78 48
8 78 58
8 78 66
8 78 67
8 78 69
8 78 77
8 78 78
8 78 79
8 78 98
8 85 75
8 85 76
9 4 3
9 4 12
9 4 15
9 4 23
9 17 6
9 17 27
9 17 37
9 17 38
9 31 11
9 31 21
9 31 32
9 31 33
9 31 53
9 35 34
9 35 35
9 35 36
9 35 44
9 35 45
9 35 47
9 35 54
9 35 55
9 35 56
9 71 62
9 71 71
9 71 73
9 78 48
9 78 66
9 78 67
9 78 69
9 78 77
9 78 78
9 78 79
9 78 87
9 78 88
9 78 97
9 78 99
9 85 64
9 85 65
9 85 74
9 85 75
9 85 76
9 85 85
9 85 93
--- Done ---
