0 11 43
0 61 42
0 61 52
0 61 53
0 61 62
0 82 63
1 11 1
1 11 2
1 11 12
1 11 21
1 11 22
1 11 40
1 14 3
1 14 5
1 14 13
1 14 14
1 14 15
1 14 24
1 14 34
1 17 6
1 17 9
1 17 16
1 17 25
1 17 26
1 17 38
1 17 46
1 61 42
1 61 53
1 61 70
1 61 71
1 66 44
1 66 45
1 66 55
1 66 57
1 66 66
1 66 75
1 66 85
1 82 54
1 82 63
1 82 72
1 82 82
1 82 91
1 82 93
1 88 79
1 88 87
1 88 89
1 88 95
1 88 98
1 88 99
2 11 0
2 11 2
2 11 12
2 14 3
2 14 14
2 14 15
2 14 24
2 14 33
2 14 35
2 17 7
2 17 8
2 17 16
2 17 17
2 17 36
2 17 46
2 57 9
2 57 27
2 57 39
2 57 48
2 57 49
2 57 55
2 57 56
2 57 57
2 61 31
2 61 52
2 61 60
2 61 70
2 61 73
2 61 80
2 66 58
2 66 65
2 66 66
2 66 68
2 66 76
2 66 85
2 82 82
2 82 83
2 82 90
2 82 91
2 82 93
2 88 59
2 88 67
2 88 79
2 88 86
2 88 87
2 88 96
3 11 1
3 11 2
3 11 10
3 11 21
3 11 43
3 14 3
3 14 14
3 14 23
3 14 26
3 14 34
3 17 6
3 17 19
3 17 25
3 17 29
3 57 37
3 57 46
3 57 56
3 57 57
3 57 58
3 57 78
3 61 42
3 61 50
3 61 52
3 61 60
3 61 61
3 61 63
3 61 70
3 61 72
3 61 73
3 66 44
3 66 55
3 66 75
3 66 85
3 66 86
3 82 54
3 82 74
3 82 82
3 82 83
3 82 90
3 82 91
3 82 92
3 88 65
3 88 88
3 88 97
3 88 98
3 88 99
4 11 1
4 11 10
4 11 12
4 11 21
4 11 30
4 11 32
4 11 40
4 11 43
4 14 3
4 14 14
4 14 24
4 14 34
4 14 35
4 17 4
4 17 8
4 17 9
4 17 16
4 17 17
4 17 38
4 57 27
4 57 28
4 57 29
4 57 37
4 57 45
4 57 47
4 57 55
4 57 56
4 61 50
4 61 52
4 61 53
4 61 60
4 61 61
4 61 62
4 66 44
4 66 58
4 66 67
4 66 75
4 66 77
4 66 85
4 82 54
4 82 71
4 82 74
4 82 90
4 82 92
4 82 93
4 82 94
4 88 76
4 88 86
4 88 87
4 88 89
4 88 97
5 11 0
5 11 11
5 11 12
5 11 20
5 11 21
5 14 3
5 14 13
5 14 23
5 14 24
5 14 34
5 17 4
5 17 16
5 17 17
5 17 25
5 17 29
5 57 26
5 57 39
5 57 46
5 57 47
5 57 55
5 57 58
5 61 31
5 61 41
5 61 50
5 61 61
5 61 62
5 61 73
5 66 44
5 66 53
5 66 65
5 66 66
5 66 67
5 66 68
5 66 75
5 66 76
5 66 77
5 82 54
5 82 63
5 82 71
5 82 83
5 82 90
5 82 91
5 82 92
5 82 93
5 82 94
5 88 87
5 88 88
5 88 89
5 88 98
5 88 99
6 11 11
6 11 12
6 11 21
6 11 22
6 14 34
6 17 6
6 17 7
6 17 15
6 17 17
6 17 26
6 57 29
6 57 49
6 57 55
6 57 68
6 61 31
6 61 41
6 61 42
6 61 51
6 61 53
6 61 60
6 61 61
6 61 70
6 61 73
6 66 35
6 66 44
6 66 46
6 66 48
6 66 64
6 66 65
6 66 66
6 66 75
6 66 85
6 66 86
6 82 54
6 82 63
6 82 71
6 82 72
6 82 74
6 82 80
6 82 92
6 88 76
6 88 87
6 88 96
6 88 97
6 88 98
7 11 12
7 11 22
7 11 32
7 11 40
7 14 3
7 14 23
7 14 24
7 14 33
7 14 34
7 17 7
7 17 26
7 17 36
7 17 38
7 57 45
7 57 48
7 57 49
7 57 55
7 57 57
7 57 58
7 57 74
7 57 78
7 61 31
7 61 41
7 61 52
7 61 60
7 61 61
7 61 72
7 61 73
7 66 35
7 66 64
7 66 66
7 66 75
7 82 83
7 82 84
7 82 94
7 88 59
7 88 76
7 88 79
7 88 88
7 88 89
7 88 96
7 88 98
7 88 99
8 11 2
8 11 10
8 11 12
8 11 20
8 11 21
8 11 22
8 11 30
8 11 32
8 11 43
8 14 1
8 14 3
8 14 24
8 17 7
8 17 8
8 17 38
8 57 29
8 57 45
8 57 55
8 57 58
8 61 42
8 61 53
8 61 60
8 61 62
8 61 70
8 61 73
8 61 81
8 66 35
8 66 44
8 66 46
8 66 66
8 66 67
8 82 54
8 82 80
8 82 83
8 82 91
8 82 92
8 82 94
8 88 59
8 88 76
8 88 79
8 88 86
8 88 88
8 88 97
8 88 99
9 11 11
9 11 21
9 11 30
9 11 31
9 11 32
9 11 43
9 14 1
9 14 3
9 17 4
9 17 6
9 17 15
9 17 26
9 17 27
9 17 28
9 17 37
9 17 38
9 57 45
9 57 46
9 57 57
9 57 58
9 57 67
9 61 41
9 61 50
9 61 62
9 66 55
9 66 64
9 66 65
9 66 75
9 66 76
9 66 85
9 66 95
9 82 54
9 82 81
9 82 82
9 82 83
9 82 90
9 82 94
9 88 56
9 88 59
9 88 68
9 88 77
9 88 86
--- Done ---
