0 43 42
0 43 43
0 43 52
0 43 53
0 43 63
0 82 62
1 17 5
1 17 6
1 17 9
1 17 14
1 17 15
1 17 16
1 17 25
1 17 26
1 17 38
1 21 1
1 21 2
1 21 3
1 21 12
1 21 13
1 21 21
1 21 22
1 21 40
1 43 24
1 43 34
1 43 42
1 43 44
1 43 45
1 43 53
1 43 54
1 43 63
1 57 46
1 57 55
1 57 57
1 57 66
1 57 79
1 57 87
1 57 89
1 57 98
1 57 99
1 82 70
1 82 71
1 82 72
1 82 82
1 82 91
1 82 93
1 84 75
1 84 85
1 84 95
2 17 7
2 17 8
2 17 9
2 17 14
2 17 15
2 17 16
2 17 17
2 17 27
2 17 36
2 17 39
2 21 0
2 21 2
2 21 3
2 21 12
2 21 31
2 43 24
2 43 33
2 43 35
2 43 52
2 57 46
2 57 48
2 57 49
2 57 55
2 57 56
2 57 57
2 57 58
2 57 59
2 57 65
2 57 66
2 57 67
2 57 68
2 57 76
2 57 79
2 57 87
2 82 60
2 82 70
2 82 73
2 82 80
2 82 82
2 82 83
2 82 90
2 82 91
2 82 93
2 84 85
2 84 86
2 84 96
3 17 6
3 17 14
3 17 19
3 17 25
3 17 26
3 17 29
3 17 37
3 21 1
3 21 2
3 21 3
3 21 10
3 21 21
3 21 23
3 21 50
3 43 34
3 43 42
3 43 43
3 43 44
3 43 52
3 43 54
3 43 63
3 57 46
3 57 55
3 57 56
3 57 57
3 57 58
3 57 65
3 57 78
3 57 88
3 57 98
3 57 99
3 82 60
3 82 61
3 82 70
3 82 72
3 82 73
3 82 82
3 82 83
3 82 90
3 82 91
3 82 92
3 84 74
3 84 75
3 84 85
3 84 86
3 84 97
4 17 4
4 17 8
4 17 9
4 17 14
4 17 16
4 17 17
4 17 27
4 17 28
4 17 29
4 17 37
4 17 38
4 21 1
4 21 3
4 21 10
4 21 12
4 21 21
4 21 30
4 21 32
4 21 40
4 21 50
4 43 24
4 43 34
4 43 35
4 43 43
4 43 44
4 43 45
4 43 52
4 43 53
4 43 54
4 57 47
4 57 55
4 57 56
4 57 58
4 57 67
4 57 76
4 57 77
4 57 87
4 57 89
4 82 60
4 82 61
4 82 62
4 82 71
4 82 90
4 82 92
4 82 93
4 84 74
4 84 75
4 84 85
4 84 86
4 84 94
4 84 97
5 17 4
5 17 16
5 17 17
5 17 25
5 17 26
5 17 29
5 17 39
5 21 0
5 21 3
5 21 11
5 21 12
5 21 13
5 21 20
5 21 21
5 21 23
5 21 31
5 21 41
5 21 50
5 43 24
5 43 34
5 43 44
5 43 53
5 43 54
5 43 63
5 57 46
5 57 47
5 57 55
5 57 58
5 57 65
5 57 66
5 57 67
5 57 68
5 57 76
5 57 77
5 57 87
5 57 88
5 57 89
5 57 98
5 57 99
5 82 61
5 82 62
5 82 71
5 82 73
5 82 83
5 82 90
5 82 91
5 82 92
5 82 93
5 84 75
5 84 94
6 17 6
6 17 7
6 17 15
6 17 17
6 17 26
6 17 29
6 21 11
6 21 12
6 21 21
6 21 22
6 21 31
6 21 41
6 43 34
6 43 35
6 43 42
6 43 44
6 43 51
6 43 53
6 43 54
6 43 63
6 57 46
6 57 48
6 57 49
6 57 55
6 57 65
6 57 66
6 57 68
6 57 76
6 57 87
6 57 98
6 82 60
6 82 61
6 82 70
6 82 71
6 82 72
6 82 73
6 82 80
6 82 92
6 84 64
6 84 74
6 84 75
6 84 85
6 84 86
6 84 96
6 84 97
7 17 7
7 17 26
7 17 36
7 17 38
7 21 3
7 21 12
7 21 22
7 21 23
7 21 31
7 21 32
7 21 40
7 21 41
7 43 24
7 43 33
7 43 34
7 43 35
7 43 45
7 43 52
7 57 48
7 57 49
7 57 55
7 57 57
7 57 58
7 57 59
7 57 66
7 57 76
7 57 78
7 57 79
7 57 88
7 57 89
7 57 98
7 57 99
7 82 60
7 82 61
7 82 72
7 82 73
7 82 83
7 84 64
7 84 74
7 84 75
7 84 84
7 84 94
7 84 96
8 17 7
8 17 8
8 17 29
8 17 38
8 21 1
8 21 2
8 21 3
8 21 10
8 21 12
8 21 20
8 21 21
8 21 22
8 21 30
8 21 32
8 43 24
8 43 35
8 43 42
8 43 43
8 43 44
8 43 45
8 43 53
8 43 54
8 57 46
8 57 55
8 57 58
8 57 59
8 57 66
8 57 67
8 57 76
8 57 79
8 57 88
8 57 99
8 82 60
8 82 62
8 82 70
8 82 73
8 82 80
8 82 81
8 82 83
8 82 91
8 82 92
8 84 86
8 84 94
8 84 97
9 17 4
9 17 6
9 17 15
9 17 26
9 17 27
9 17 28
9 17 37
9 17 38
9 21 1
9 21 3
9 21 11
9 21 21
9 21 30
9 21 31
9 21 32
9 21 41
9 21 50
9 43 43
9 43 45
9 43 54
9 57 46
9 57 55
9 57 56
9 57 57
9 57 58
9 57 59
9 57 65
9 57 67
9 57 68
9 57 76
9 57 77
9 82 62
9 82 81
9 82 82
9 82 83
9 82 90
9 84 64
9 84 75
9 84 85
9 84 86
9 84 94
9 84 95
--- Done ---
