0 12 42
0 12 43
0 66 53
0 82 52
0 82 62
0 82 63
1 12 1
1 12 2
1 12 3
1 12 12
1 12 13
1 12 14
1 12 21
1 12 22
1 12 24
1 12 34
1 12 40
1 12 42
1 17 5
1 17 6
1 17 9
1 17 15
1 17 16
1 17 25
1 17 26
1 17 38
1 66 44
1 66 45
1 66 46
1 66 53
1 66 54
1 66 55
1 66 57
1 66 66
1 66 75
1 66 79
1 66 85
1 66 87
1 66 89
1 66 95
1 66 98
1 66 99
1 82 63
1 82 70
1 82 71
1 82 72
1 82 82
1 82 91
1 82 93
2 12 0
2 12 2
2 12 3
2 12 12
2 12 14
2 12 24
2 12 31
2 12 33
2 17 7
2 17 8
2 17 9
2 17 15
2 17 16
2 17 17
2 17 27
2 17 35
2 17 36
2 17 39
2 17 49
2 66 46
2 66 48
2 66 55
2 66 56
2 66 57
2 66 58
2 66 59
2 66 65
2 66 66
2 66 67
2 66 68
2 66 76
2 66 79
2 66 85
2 66 86
2 66 87
2 66 96
2 82 52
2 82 60
2 82 70
2 82 73
2 82 80
2 82 82
2 82 83
2 82 90
2 82 91
2 82 93
3 12 1
3 12 2
3 12 3
3 12 10
3 12 14
3 12 21
3 12 23
3 12 34
3 12 42
3 12 43
3 17 6
3 17 19
3 17 25
3 17 26
3 17 29
3 17 37
3 66 44
3 66 46
3 66 54
3 66 55
3 66 56
3 66 57
3 66 58
3 66 65
3 66 74
3 66 75
3 66 78
3 66 85
3 66 86
3 66 88
3 66 97
3 66 98
3 66 99
3 82 50
3 82 52
3 82 60
3 82 61
3 82 63
3 82 70
3 82 72
3 82 73
3 82 82
3 82 83
3 82 90
3 82 91
3 82 92
4 12 1
4 12 3
4 12 4
4 12 10
4 12 12
4 12 14
4 12 21
4 12 24
4 12 30
4 12 32
4 12 34
4 12 40
4 12 43
4 17 8
4 17 9
4 17 16
4 17 17
4 17 27
4 17 28
4 17 29
4 17 35
4 17 37
4 17 38
4 66 44
4 66 45
4 66 47
4 66 53
4 66 54
4 66 55
4 66 56
4 66 58
4 66 67
4 66 74
4 66 75
4 66 76
4 66 77
4 66 85
4 66 86
4 66 87
4 66 89
4 66 97
4 82 50
4 82 52
4 82 60
4 82 61
4 82 62
4 82 71
4 82 90
4 82 92
4 82 93
4 82 94
5 12 0
5 12 3
5 12 4
5 12 11
5 12 12
5 12 13
5 12 20
5 12 21
5 12 23
5 12 24
5 12 31
5 12 34
5 12 41
5 17 16
5 17 17
5 17 25
5 17 26
5 17 29
5 17 39
5 66 44
5 66 46
5 66 47
5 66 53
5 66 54
5 66 55
5 66 58
5 66 65
5 66 66
5 66 67
5 66 68
5 66 75
5 66 76
5 66 77
5 66 87
5 66 88
5 66 89
5 66 98
5 66 99
5 82 50
5 82 61
5 82 62
5 82 63
5 82 71
5 82 73
5 82 83
5 82 90
5 82 91
5 82 92
5 82 93
5 82 94
6 12 11
6 12 12
6 12 21
6 12 22
6 12 31
6 12 34
6 12 41
6 12 42
6 17 6
6 17 7
6 17 15
6 17 17
6 17 26
6 17 29
6 17 35
6 17 49
6 66 44
6 66 46
6 66 48
6 66 53
6 66 54
6 66 55
6 66 64
6 66 65
6 66 66
6 66 68
6 66 74
6 66 75
6 66 76
6 66 85
6 66 86
6 66 87
6 66 96
6 66 97
6 66 98
6 82 51
6 82 60
6 82 61
6 82 63
6 82 70
6 82 71
6 82 72
6 82 73
6 82 80
6 82 92
7 12 3
7 12 12
7 12 22
7 12 23
7 12 24
7 12 31
7 12 32
7 12 33
7 12 34
7 12 40
7 12 41
7 17 7
7 17 26
7 17 35
7 17 36
7 17 38
7 17 49
7 66 45
7 66 48
7 66 55
7 66 57
7 66 58
7 66 59
7 66 64
7 66 66
7 66 74
7 66 75
7 66 76
7 66 78
7 66 79
7 66 88
7 66 89
7 66 96
7 66 98
7 66 99
7 82 52
7 82 60
7 82 61
7 82 72
7 82 73
7 82 83
7 82 84
7 82 94
8 12 1
8 12 2
8 12 3
8 12 10
8 12 12
8 12 20
8 12 21
8 12 22
8 12 24
8 12 30
8 12 32
8 12 42
8 12 43
8 17 7
8 17 8
8 17 29
8 17 35
8 17 38
8 66 44
8 66 45
8 66 46
8 66 53
8 66 54
8 66 55
8 66 58
8 66 59
8 66 66
8 66 67
8 66 76
8 66 79
8 66 86
8 66 88
8 66 97
8 66 99
8 82 60
8 82 62
8 82 70
8 82 73
8 82 80
8 82 81
8 82 83
8 82 91
8 82 92
8 82 94
9 12 1
9 12 3
9 12 4
9 12 11
9 12 21
9 12 30
9 12 31
9 12 32
9 12 41
9 12 43
9 17 6
9 17 15
9 17 26
9 17 27
9 17 28
9 17 37
9 17 38
9 66 45
9 66 46
9 66 54
9 66 55
9 66 56
9 66 57
9 66 58
9 66 59
9 66 64
9 66 65
9 66 67
9 66 68
9 66 75
9 66 76
9 66 77
9 66 85
9 66 86
9 66 95
9 82 50
9 82 62
9 82 81
9 82 82
9 82 83
9 82 90
9 82 94
--- Done ---
