0 17 18
0 17 19
0 17 27
0 17 28
0 17 29
0 17 38
1 3 -1
1 17 1
1 17 4
1 17 5
1 17 8
1 17 13
1 17 14
1 17 18
1 17 19
1 17 21
1 17 24
1 17 28
1 17 29
1 17 32
1 17 35
1 17 36
1 17 38
1 17 39
1 17 40
1 17 43
1 17 46
1 17 49
1 17 51
1 17 52
1 17 54
1 17 56
1 17 57
1 17 61
1 17 78
1 17 79
1 17 82
1 17 85
1 17 88
1 17 93
1 17 97
1 17 99
1 52 -1
1 59 -1
1 66 -1
2 3 0
2 3 4
2 3 10
2 3 11
2 3 13
2 3 23
2 3 24
2 3 35
2 17 9
2 17 15
2 17 17
2 17 18
2 17 19
2 17 25
2 17 27
2 17 28
2 17 36
2 52 30
2 52 40
2 52 41
2 52 43
2 52 44
2 52 50
2 52 51
2 52 52
2 52 53
2 52 62
2 52 72
2 52 80
2 52 93
2 59 38
2 59 49
2 59 58
2 59 59
2 59 68
2 59 69
2 59 77
2 59 78
2 59 79
2 59 89
2 66 45
2 66 47
2 66 55
2 66 56
2 66 57
2 66 66
2 66 67
2 66 74
2 66 76
2 66 83
2 66 84
2 66 90
2 66 92
2 66 95
2 66 96
2 66 97
2 66 99
2 83 -1
3 3 0
3 3 2
3 3 3
3 3 4
3 3 11
3 3 12
3 3 13
3 3 35
3 17 6
3 17 7
3 17 8
3 17 9
3 17 16
3 17 18
3 17 19
3 17 25
3 17 26
3 17 27
3 17 28
3 17 29
3 26 -1
3 52 20
3 52 21
3 52 32
3 52 34
3 52 40
3 52 51
3 52 52
3 52 54
3 52 63
3 59 38
3 59 48
3 59 49
3 59 58
3 59 59
3 59 68
3 59 69
3 59 79
3 59 89
3 59 98
3 66 45
3 66 47
3 66 55
3 66 64
3 66 67
3 66 75
3 66 76
3 66 86
3 66 88
3 66 96
3 66 99
3 83 71
3 83 73
3 83 74
3 83 82
3 83 83
3 83 84
3 83 92
3 83 94
3 83 95
3 83 97
4 3 0
4 3 1
4 3 2
4 3 4
4 3 5
4 3 12
4 3 13
4 3 24
4 3 33
4 17 6
4 17 7
4 17 8
4 17 9
4 17 18
4 17 28
4 26 15
4 26 16
4 26 26
4 26 27
4 26 36
4 26 46
4 35 -1
4 52 20
4 52 21
4 52 31
4 52 40
4 52 42
4 52 43
4 52 44
4 52 50
4 52 52
4 52 53
4 52 61
4 52 62
4 52 70
4 52 80
4 52 91
4 59 38
4 59 39
4 59 48
4 59 58
4 59 59
4 59 77
4 59 78
4 59 79
4 59 89
4 59 98
4 66 45
4 66 47
4 66 56
4 66 57
4 66 64
4 66 66
4 66 67
4 66 75
4 66 86
4 66 96
4 66 99
4 83 71
4 83 72
4 83 73
4 83 74
4 83 81
4 83 82
4 83 83
4 83 84
4 83 90
4 83 92
4 83 94
4 83 97
5 3 1
5 3 2
5 3 3
5 3 4
5 3 5
5 3 10
5 3 11
5 3 12
5 3 13
5 3 14
5 3 33
5 17 6
5 17 7
5 17 8
5 17 9
5 17 17
5 17 18
5 17 28
5 17 29
5 18 -1
5 26 15
5 26 23
5 26 26
5 26 27
5 26 32
5 26 37
5 35 24
5 35 31
5 35 34
5 35 35
5 35 44
5 35 45
5 35 46
5 52 20
5 52 21
5 52 22
5 52 30
5 52 40
5 52 41
5 52 42
5 52 43
5 52 51
5 52 52
5 52 53
5 52 54
5 52 60
5 52 61
5 52 62
5 52 63
5 52 70
5 52 80
5 52 91
5 59 38
5 59 39
5 59 48
5 59 49
5 59 58
5 59 68
5 59 69
5 59 77
5 59 78
5 59 79
5 59 89
5 59 98
5 66 55
5 66 64
5 66 65
5 66 66
5 66 67
5 66 76
5 66 87
5 66 88
5 66 96
5 66 99
5 83 72
5 83 73
5 83 74
5 83 83
5 83 84
5 83 90
5 83 92
5 83 93
5 83 94
5 83 95
5 83 97
6 3 0
6 3 3
6 3 4
6 3 10
6 3 11
6 3 13
6 3 14
6 3 33
6 17 7
6 17 17
6 17 28
6 18 8
6 18 9
6 18 18
6 18 29
6 26 15
6 26 16
6 26 23
6 26 25
6 26 26
6 26 27
6 26 32
6 26 36
6 26 37
6 35 24
6 35 31
6 35 34
6 35 44
6 35 45
6 35 46
6 52 21
6 52 22
6 52 30
6 52 40
6 52 41
6 52 42
6 52 43
6 52 50
6 52 51
6 52 52
6 52 53
6 52 54
6 52 60
6 52 61
6 52 62
6 52 63
6 52 70
6 52 91
6 59 38
6 59 39
6 59 49
6 59 58
6 59 59
6 59 68
6 59 69
6 59 77
6 59 79
6 59 89
6 59 98
6 66 47
6 66 55
6 66 56
6 66 57
6 66 64
6 66 66
6 66 67
6 66 75
6 66 85
6 66 86
6 66 87
6 66 88
6 66 96
6 83 71
6 83 72
6 83 73
6 83 74
6 83 81
6 83 83
6 83 84
6 83 93
6 83 94
6 83 97
7 3 1
7 3 2
7 3 3
7 3 4
7 3 5
7 3 10
7 3 11
7 3 12
7 3 13
7 3 14
7 3 33
7 17 6
7 17 7
7 18 8
7 18 9
7 18 18
7 18 19
7 18 29
7 26 15
7 26 16
7 26 23
7 26 26
7 26 27
7 26 32
7 26 36
7 26 37
7 35 24
7 35 31
7 35 34
7 35 45
7 35 46
7 52 20
7 52 21
7 52 40
7 52 41
7 52 42
7 52 43
7 52 50
7 52 51
7 52 52
7 52 53
7 52 60
7 52 61
7 52 62
7 52 63
7 52 70
7 52 80
7 52 91
7 59 38
7 59 39
7 59 48
7 59 49
7 59 59
7 59 68
7 59 77
7 59 89
7 59 98
7 66 55
7 66 56
7 66 57
7 66 65
7 66 75
7 66 85
7 66 87
7 66 88
7 66 99
7 83 71
7 83 74
7 83 81
7 83 82
7 83 83
7 83 90
7 83 92
7 83 95
7 83 97
8 3 0
8 3 1
8 3 2
8 3 3
8 3 4
8 3 5
8 3 10
8 3 11
8 3 13
8 3 14
8 3 33
8 17 6
8 17 7
8 17 17
8 17 28
8 18 8
8 18 18
8 18 29
8 26 15
8 26 23
8 26 26
8 26 27
8 26 36
8 26 37
8 35 24
8 35 31
8 35 35
8 35 44
8 35 45
8 35 46
8 52 20
8 52 30
8 52 40
8 52 41
8 52 50
8 52 53
8 52 54
8 52 60
8 52 61
8 52 62
8 52 63
8 52 70
8 52 80
8 52 91
8 59 39
8 59 48
8 59 58
8 59 59
8 59 69
8 59 79
8 59 89
8 59 98
8 66 47
8 66 55
8 66 56
8 66 57
8 66 75
8 66 86
8 66 99
8 83 72
8 83 73
8 83 74
8 83 81
8 83 84
8 83 92
8 83 93
8 83 94
8 83 95
9 3 0
9 3 1
9 3 2
9 3 3
9 3 4
9 3 5
9 3 10
9 3 13
9 3 14
9 17 6
9 17 7
9 18 9
9 26 15
9 26 16
9 26 25
9 26 26
9 26 37
9 35 24
9 35 34
9 35 35
9 35 45
9 35 46
9 52 20
9 52 30
9 52 42
9 52 43
9 52 51
9 52 52
9 52 53
9 52 54
9 52 61
9 52 70
9 59 48
9 59 49
9 59 58
9 59 59
9 59 68
9 59 69
9 59 98
9 66 56
9 66 57
9 66 64
9 66 65
9 66 76
9 66 86
9 66 96
9 66 99
9 83 72
9 83 73
9 83 74
9 83 81
9 83 92
9 83 93
9 83 94
9 83 95
9 83 97
10 3 1
10 3 4
10 3 10
10 3 12
10 3 13
10 3 33
10 17 7
10 18 29
10 26 23
10 26 27
10 26 32
10 35 35
10 35 46
10 52 20
10 52 21
10 52 30
10 52 43
10 52 52
10 52 53
10 52 54
10 52 61
10 52 62
10 52 63
10 52 70
10 52 91
10 59 38
10 59 39
10 59 48
10 59 49
10 59 58
10 59 59
10 59 68
10 59 79
10 59 89
10 66 64
10 66 66
10 66 75
10 66 86
10 66 99
10 83 82
10 83 83
10 83 90
10 83 93
10 83 97
11 3 -1
11 17 -1
11 18 9
11 18 19
11 26 23
11 26 37
11 35 -1
11 52 22
11 52 30
11 52 51
11 52 52
11 59 -1
11 66 56
11 66 57
11 66 67
11 66 96
11 66 99
11 83 82
11 83 83
--- Done ---
