0 2 -1
0 5 -1
0 19 18
0 19 19
0 19 27
0 19 28
0 19 29
0 19 38
1 2 1
1 2 13
1 2 21
1 2 24
1 5 4
1 5 5
1 5 8
1 5 14
1 5 28
1 5 35
1 5 36
1 5 46
1 19 18
1 19 19
1 19 29
1 19 38
1 19 39
1 32 32
1 32 40
1 32 43
1 32 52
1 32 54
1 57 49
1 57 57
1 70 51
1 70 61
1 70 82
1 74 56
1 74 85
1 74 93
1 87 78
1 87 79
1 87 88
1 87 97
1 87 99
2 2 0
2 2 11
2 2 13
2 2 15
2 2 24
2 5 4
2 5 23
2 5 25
2 5 28
2 5 35
2 5 36
2 19 9
2 19 17
2 19 18
2 19 19
2 19 27
2 32 10
2 32 30
2 32 40
2 32 41
2 32 43
2 32 44
2 32 52
2 32 62
2 57 38
2 57 45
2 57 47
2 57 49
2 57 57
2 57 58
2 57 59
2 57 67
2 57 69
2 70 50
2 70 51
2 70 80
2 70 90
2 74 53
2 74 55
2 74 56
2 74 66
2 74 72
2 74 74
2 74 76
2 74 83
2 74 84
2 74 93
2 74 95
2 87 68
2 87 77
2 87 78
2 87 79
2 87 89
2 87 92
2 87 96
2 87 97
2 87 99
3 2 0
3 2 2
3 2 3
3 2 11
3 2 12
3 2 13
3 2 21
3 5 4
3 5 8
3 5 16
3 5 25
3 5 26
3 5 35
3 19 6
3 19 7
3 19 9
3 19 18
3 19 19
3 19 27
3 19 28
3 19 29
3 32 20
3 32 32
3 32 34
3 32 40
3 32 52
3 57 38
3 57 45
3 57 47
3 57 48
3 57 49
3 57 54
3 57 58
3 57 59
3 57 64
3 57 67
3 57 68
3 57 69
3 70 51
3 70 82
3 74 55
3 74 63
3 74 71
3 74 73
3 74 74
3 74 75
3 74 76
3 74 83
3 74 84
3 74 94
3 74 95
3 87 79
3 87 86
3 87 88
3 87 89
3 87 92
3 87 96
3 87 97
3 87 98
3 87 99
4 2 0
4 2 1
4 2 2
4 2 12
4 2 13
4 2 15
4 2 21
4 2 24
4 5 4
4 5 5
4 5 6
4 5 16
4 5 26
4 5 28
4 5 36
4 19 7
4 19 8
4 19 9
4 19 18
4 19 27
4 19 39
4 32 20
4 32 31
4 32 33
4 32 40
4 32 42
4 32 43
4 32 44
4 32 52
4 32 62
4 32 71
4 57 38
4 57 45
4 57 46
4 57 47
4 57 48
4 57 57
4 57 58
4 57 59
4 57 64
4 57 66
4 70 50
4 70 61
4 70 70
4 70 72
4 70 80
4 70 82
4 70 90
4 70 91
4 74 53
4 74 56
4 74 73
4 74 74
4 74 81
4 74 83
4 74 84
4 74 94
4 87 67
4 87 75
4 87 77
4 87 78
4 87 79
4 87 86
4 87 89
4 87 92
4 87 96
4 87 97
4 87 98
4 87 99
5 2 1
5 2 2
5 2 3
5 2 11
5 2 12
5 2 13
5 2 15
5 2 21
5 2 22
5 2 24
5 5 4
5 5 5
5 5 7
5 5 8
5 5 14
5 5 17
5 5 26
5 5 35
5 19 6
5 19 9
5 19 18
5 19 27
5 19 28
5 19 29
5 19 39
5 32 10
5 32 20
5 32 23
5 32 30
5 32 31
5 32 32
5 32 33
5 32 34
5 32 40
5 32 41
5 32 42
5 32 43
5 32 44
5 32 52
5 32 54
5 32 62
5 57 37
5 57 38
5 57 45
5 57 46
5 57 48
5 57 49
5 57 58
5 57 67
5 57 69
5 70 51
5 70 60
5 70 61
5 70 70
5 70 80
5 70 90
5 70 91
5 74 53
5 74 55
5 74 63
5 74 64
5 74 65
5 74 66
5 74 72
5 74 73
5 74 74
5 74 83
5 74 84
5 74 93
5 74 94
5 74 95
5 87 68
5 87 76
5 87 77
5 87 78
5 87 79
5 87 87
5 87 88
5 87 89
5 87 92
5 87 96
5 87 97
5 87 98
5 87 99
6 2 0
6 2 3
6 2 11
6 2 13
6 2 15
6 2 21
6 2 22
6 2 24
6 5 4
6 5 14
6 5 16
6 5 23
6 5 25
6 5 26
6 5 28
6 5 36
6 5 46
6 19 7
6 19 8
6 19 9
6 19 17
6 19 18
6 19 27
6 19 29
6 19 39
6 32 10
6 32 30
6 32 31
6 32 32
6 32 33
6 32 34
6 32 40
6 32 41
6 32 42
6 32 43
6 32 44
6 32 52
6 32 54
6 32 62
6 57 37
6 57 38
6 57 45
6 57 47
6 57 49
6 57 56
6 57 57
6 57 58
6 57 59
6 57 67
6 57 68
6 57 69
6 57 77
6 70 50
6 70 51
6 70 60
6 70 61
6 70 63
6 70 70
6 70 71
6 70 72
6 70 73
6 70 81
6 70 91
6 74 53
6 74 55
6 74 64
6 74 74
6 74 83
6 74 84
6 74 85
6 74 93
6 74 94
6 87 66
6 87 75
6 87 79
6 87 86
6 87 87
6 87 88
6 87 89
6 87 96
6 87 97
6 87 98
7 2 1
7 2 2
7 2 3
7 2 11
7 2 12
7 2 13
7 2 15
7 2 21
7 2 24
7 5 4
7 5 5
7 5 6
7 5 7
7 5 8
7 5 14
7 5 16
7 5 23
7 5 26
7 5 36
7 19 9
7 19 18
7 19 19
7 19 27
7 19 29
7 19 39
7 32 10
7 32 20
7 32 31
7 32 32
7 32 33
7 32 34
7 32 40
7 32 41
7 32 42
7 32 43
7 32 52
7 32 62
7 57 37
7 57 38
7 57 45
7 57 46
7 57 48
7 57 49
7 57 56
7 57 57
7 57 59
7 57 68
7 57 77
7 70 50
7 70 51
7 70 60
7 70 61
7 70 63
7 70 70
7 70 71
7 70 80
7 70 82
7 70 90
7 70 91
7 74 53
7 74 55
7 74 65
7 74 74
7 74 75
7 74 81
7 74 83
7 74 85
7 74 95
7 87 87
7 87 88
7 87 89
7 87 92
7 87 97
7 87 98
7 87 99
8 2 0
8 2 1
8 2 2
8 2 3
8 2 11
8 2 13
8 2 15
8 2 24
8 5 4
8 5 5
8 5 6
8 5 7
8 5 8
8 5 14
8 5 23
8 5 26
8 5 28
8 5 35
8 5 36
8 19 17
8 19 18
8 19 27
8 19 29
8 19 39
8 32 10
8 32 20
8 32 30
8 32 31
8 32 33
8 32 40
8 32 44
8 32 54
8 32 62
8 57 37
8 57 45
8 57 46
8 57 47
8 57 48
8 57 55
8 57 56
8 57 57
8 57 58
8 57 59
8 57 69
8 70 50
8 70 60
8 70 61
8 70 70
8 70 73
8 70 80
8 70 81
8 70 91
8 74 41
8 74 53
8 74 63
8 74 72
8 74 74
8 74 75
8 74 84
8 74 93
8 74 94
8 74 95
8 87 79
8 87 86
8 87 89
8 87 92
8 87 98
8 87 99
9 2 0
9 2 1
9 2 2
9 2 13
9 2 15
9 2 24
9 5 3
9 5 4
9 5 5
9 5 6
9 5 7
9 5 14
9 5 16
9 5 25
9 5 26
9 5 35
9 5 46
9 19 9
9 32 10
9 32 20
9 32 30
9 32 34
9 32 42
9 32 43
9 32 52
9 57 37
9 57 45
9 57 48
9 57 49
9 57 54
9 57 56
9 57 57
9 57 58
9 57 59
9 57 68
9 57 69
9 70 51
9 70 61
9 70 70
9 70 73
9 74 53
9 74 64
9 74 65
9 74 72
9 74 74
9 74 81
9 74 93
9 74 94
9 74 95
9 87 76
9 87 86
9 87 92
9 87 96
9 87 97
9 87 98
9 87 99
10 2 1
10 2 12
10 2 13
10 2 21
10 5 4
10 5 7
10 5 23
10 5 35
10 19 27
10 19 29
10 19 39
10 32 10
10 32 20
10 32 30
10 32 32
10 32 33
10 32 43
10 32 52
10 32 62
10 57 38
10 57 46
10 57 48
10 57 49
10 57 54
10 57 58
10 57 59
10 57 66
10 57 68
10 70 61
10 70 70
10 70 82
10 70 90
10 70 91
10 74 53
10 74 63
10 74 64
10 74 75
10 74 83
10 74 93
10 87 79
10 87 86
10 87 89
10 87 97
10 87 99
11 2 22
11 5 23
11 19 9
11 19 19
11 32 30
11 32 52
11 57 37
11 57 56
11 57 57
11 57 67
11 70 51
11 70 82
11 74 83
11 87 96
11 87 99
--- Done ---
