0 17 18
0 17 19
0 17 27
0 17 28
0 17 29
0 17 38
1 10 40
1 10 82
1 17 8
1 17 18
1 17 19
1 17 29
1 17 28
1 17 38
1 17 39
1 17 36
1 33 4
1 33 24
1 33 35
1 33 1
1 33 5
1 33 13
1 33 14
1 33 43
1 33 51
1 33 54
1 33 21
1 33 32
1 33 46
1 33 52
1 33 61
1 64 93
1 68 49
1 68 56
1 68 78
1 68 79
1 68 88
1 68 57
1 71 -1
1 87 97
1 87 99
1 87 85
2 10 10
2 10 40
2 17 9
2 17 18
2 17 19
2 17 27
2 17 15
2 17 17
2 17 28
2 17 38
2 17 25
2 17 36
2 33 4
2 33 24
2 33 35
2 33 0
2 33 11
2 33 13
2 33 23
2 33 43
2 33 44
2 33 45
2 33 51
2 33 53
2 33 41
2 33 47
2 33 52
2 33 55
2 64 -1
2 68 49
2 68 59
2 68 56
2 68 68
2 68 69
2 68 78
2 68 79
2 68 89
2 68 57
2 68 58
2 68 66
2 68 67
2 68 76
2 68 77
2 68 96
2 68 84
2 71 50
2 71 80
2 71 90
2 71 30
2 71 62
2 71 72
2 71 93
2 71 74
2 71 83
2 71 92
2 87 97
2 87 99
2 87 95
3 10 20
3 10 40
3 10 82
3 17 6
3 17 7
3 17 8
3 17 9
3 17 18
3 17 19
3 17 26
3 17 27
3 17 29
3 17 28
3 33 4
3 33 35
3 33 0
3 33 2
3 33 3
3 33 11
3 33 12
3 33 13
3 33 16
3 33 25
3 33 34
3 33 45
3 33 51
3 33 54
3 33 21
3 33 32
3 33 47
3 33 52
3 33 63
3 33 55
3 64 64
3 64 73
3 68 49
3 68 59
3 68 38
3 68 48
3 68 68
3 68 69
3 68 79
3 68 86
3 68 88
3 68 89
3 68 58
3 68 67
3 68 76
3 68 96
3 68 84
3 71 71
3 87 97
3 87 98
3 87 99
3 87 95
3 87 74
3 87 75
3 87 83
3 87 92
3 87 94
4 10 20
4 10 40
4 17 6
4 17 7
4 17 8
4 17 9
4 17 18
4 17 26
4 17 27
4 17 5
4 17 28
4 33 4
4 33 24
4 33 0
4 33 1
4 33 2
4 33 12
4 33 13
4 33 15
4 33 16
4 33 31
4 33 33
4 33 43
4 33 44
4 33 45
4 33 53
4 33 21
4 33 36
4 33 42
4 33 46
4 33 47
4 64 64
4 68 59
4 68 38
4 68 39
4 68 48
4 68 56
4 68 78
4 68 79
4 68 86
4 68 89
4 68 57
4 68 58
4 68 66
4 68 67
4 68 77
4 68 96
4 71 50
4 71 70
4 71 80
4 71 90
4 71 62
4 71 71
4 71 72
4 71 73
4 71 81
4 71 91
4 71 52
4 71 61
4 71 74
4 71 75
4 71 82
4 71 83
4 71 92
4 71 94
4 71 84
4 87 97
4 87 98
4 87 99
5 10 10
5 10 20
5 10 40
5 17 6
5 17 7
5 17 8
5 17 9
5 17 18
5 17 26
5 17 27
5 17 29
5 17 5
5 17 14
5 17 15
5 17 17
5 17 37
5 17 48
5 33 4
5 33 24
5 33 35
5 33 1
5 33 2
5 33 3
5 33 11
5 33 12
5 33 13
5 33 22
5 33 23
5 33 31
5 33 33
5 33 34
5 33 43
5 33 44
5 33 45
5 33 51
5 33 53
5 33 54
5 33 60
5 33 21
5 33 32
5 64 64
5 68 49
5 68 28
5 68 38
5 68 39
5 68 68
5 68 89
5 71 70
5 71 80
5 71 90
5 71 30
5 71 62
5 71 72
5 71 73
5 71 91
5 71 93
5 71 41
5 71 42
5 71 52
5 71 61
5 71 63
5 71 92
5 87 97
5 87 98
5 87 99
5 87 69
5 87 78
5 87 79
5 87 88
5 87 58
5 87 66
5 87 67
5 87 76
5 87 77
5 87 87
5 87 95
5 87 96
5 87 46
5 87 55
5 87 65
5 87 74
5 87 83
5 87 84
5 87 94
6 10 10
6 10 40
6 10 32
6 17 7
6 17 8
6 17 9
6 17 18
6 17 26
6 17 27
6 17 29
6 17 17
6 17 28
6 17 37
6 17 38
6 17 39
6 17 16
6 17 25
6 17 36
6 33 4
6 33 24
6 33 0
6 33 3
6 33 11
6 33 13
6 33 14
6 33 15
6 33 22
6 33 23
6 33 31
6 33 33
6 33 34
6 33 43
6 33 44
6 33 45
6 33 51
6 33 53
6 64 54
6 64 64
6 64 85
6 68 49
6 68 59
6 68 47
6 68 56
6 68 68
6 68 69
6 68 79
6 68 86
6 68 88
6 68 89
6 68 55
6 68 57
6 68 58
6 68 66
6 68 67
6 68 77
6 68 96
6 68 84
6 71 50
6 71 70
6 71 30
6 71 60
6 71 21
6 71 41
6 71 42
6 71 52
6 71 61
6 71 62
6 71 63
6 71 71
6 71 72
6 71 73
6 71 81
6 71 91
6 71 93
6 71 74
6 71 75
6 71 83
6 71 94
6 87 97
6 87 98
6 87 46
6 87 87
7 10 10
7 10 20
7 10 40
7 10 1
7 10 2
7 10 3
7 10 11
7 10 12
7 10 23
7 10 31
7 10 21
7 10 32
7 10 52
7 10 82
7 17 6
7 17 7
7 17 8
7 17 9
7 17 18
7 17 19
7 17 26
7 17 27
7 17 29
7 17 5
7 17 14
7 17 15
7 17 37
7 17 38
7 17 39
7 17 16
7 17 48
7 17 36
7 33 4
7 33 24
7 33 13
7 33 33
7 33 34
7 33 43
7 33 45
7 33 51
7 33 53
7 33 60
7 33 41
7 33 42
7 33 46
7 33 61
7 33 63
7 64 -1
7 68 49
7 68 59
7 68 56
7 68 68
7 71 50
7 71 70
7 71 80
7 71 90
7 71 62
7 71 71
7 71 81
7 71 91
7 87 97
7 87 98
7 87 99
7 87 85
7 87 88
7 87 89
7 87 95
7 87 57
7 87 74
7 87 75
7 87 77
7 87 83
7 87 87
7 87 92
7 87 55
7 87 65
8 10 10
8 10 20
8 10 40
8 17 6
8 17 7
8 17 8
8 17 18
8 17 26
8 17 27
8 17 29
8 17 17
8 17 28
8 17 37
8 17 39
8 17 48
8 17 36
8 33 4
8 33 24
8 33 35
8 33 0
8 33 1
8 33 2
8 33 3
8 33 5
8 33 11
8 33 13
8 33 14
8 33 15
8 33 23
8 33 31
8 33 33
8 33 44
8 33 45
8 33 53
8 33 54
8 33 60
8 33 41
8 33 46
8 33 47
8 33 61
8 33 63
8 64 -1
8 68 59
8 68 56
8 68 69
8 68 79
8 68 86
8 68 89
8 68 57
8 68 58
8 68 55
8 71 50
8 71 70
8 71 80
8 71 30
8 71 62
8 71 72
8 71 73
8 71 81
8 71 91
8 71 93
8 71 74
8 71 75
8 71 92
8 71 94
8 71 84
8 87 98
8 87 99
8 87 95
9 10 10
9 10 20
9 10 30
9 17 6
9 17 7
9 17 9
9 17 26
9 17 37
9 33 4
9 33 24
9 33 35
9 33 0
9 33 1
9 33 2
9 33 3
9 33 5
9 33 13
9 33 14
9 33 15
9 33 34
9 33 43
9 33 45
9 33 51
9 33 53
9 33 54
9 33 16
9 33 25
9 33 42
9 33 46
9 33 52
9 33 61
9 64 64
9 68 49
9 68 59
9 68 56
9 68 68
9 71 70
9 71 72
9 71 73
9 71 81
9 71 93
9 87 97
9 87 98
9 87 99
9 87 69
9 87 86
9 87 95
9 87 48
9 87 57
9 87 58
9 87 74
9 87 76
9 87 92
9 87 94
9 87 96
9 87 65
10 10 10
10 10 20
10 10 1
10 10 12
10 10 23
10 10 30
10 10 21
10 10 32
10 10 52
10 10 82
10 17 7
10 17 27
10 17 29
10 17 38
10 17 39
10 33 4
10 33 35
10 33 13
10 33 33
10 33 43
10 33 53
10 33 54
10 33 61
10 33 63
10 64 64
10 68 49
10 68 59
10 68 68
10 71 70
10 71 90
10 71 62
10 71 91
10 71 93
10 87 97
10 87 99
10 87 79
10 87 86
10 87 89
10 87 46
10 87 48
10 87 58
10 87 66
10 87 75
10 87 83
11 10 22
11 10 23
11 10 30
11 10 52
11 10 82
11 17 9
11 17 19
11 17 37
11 33 51
11 64 56
11 64 57
11 64 67
11 64 83
11 64 96
11 68 -1
11 71 -1
11 87 99
--- Done ---
