0 7 29
0 7 18
0 7 19
0 7 27
0 7 28
0 17 38
1 3 4
1 3 1
1 3 13
1 3 14
1 3 5
1 3 35
1 3 24
1 7 29
1 7 8
1 7 18
1 7 19
1 7 28
1 17 39
1 22 -1
1 27 -1
1 34 43
1 34 21
1 34 32
1 34 52
1 45 56
1 45 57
1 45 49
1 45 54
1 45 85
1 45 38
1 45 46
1 45 36
1 60 40
1 60 51
1 60 61
1 60 82
1 95 93
1 98 78
1 98 79
1 98 88
1 98 97
1 98 99
2 3 0
2 3 4
2 3 11
2 3 13
2 3 24
2 3 35
2 7 9
2 7 15
2 7 18
2 7 19
2 7 28
2 17 17
2 22 10
2 22 30
2 22 23
2 27 27
2 27 25
2 27 36
2 34 -1
2 45 45
2 54 41
2 54 74
2 54 43
2 54 53
2 54 76
2 54 52
2 54 44
2 57 59
2 57 67
2 57 69
2 57 57
2 57 58
2 57 68
2 57 77
2 57 78
2 57 47
2 57 49
2 57 56
2 57 66
2 57 38
2 57 55
2 60 40
2 60 50
2 60 51
2 60 62
2 60 72
2 60 90
2 81 80
2 81 92
2 95 83
2 95 84
2 95 93
2 95 95
2 95 96
2 98 79
2 98 89
2 98 97
2 98 99
3 3 0
3 3 3
3 3 4
3 3 2
3 3 11
3 3 12
3 3 13
3 3 35
3 7 29
3 7 6
3 7 8
3 7 9
3 7 7
3 7 18
3 7 19
3 7 28
3 7 16
3 17 -1
3 22 20
3 22 21
3 22 32
3 22 52
3 27 27
3 27 25
3 27 26
3 34 34
3 45 45
3 54 74
3 54 63
3 54 54
3 57 59
3 57 67
3 57 69
3 57 48
3 57 58
3 57 64
3 57 68
3 57 47
3 57 49
3 57 38
3 57 55
3 60 40
3 81 71
3 81 92
3 81 51
3 81 82
3 81 73
3 95 83
3 95 84
3 95 94
3 95 75
3 95 76
3 95 86
3 95 95
3 95 96
3 98 79
3 98 88
3 98 89
3 98 97
3 98 99
3 98 98
4 3 0
4 3 4
4 3 1
4 3 2
4 3 12
4 3 13
4 3 5
4 3 24
4 3 33
4 7 6
4 7 8
4 7 9
4 7 7
4 7 15
4 7 18
4 7 28
4 7 16
4 17 39
4 22 20
4 22 42
4 22 21
4 22 31
4 27 27
4 27 26
4 27 36
4 34 -1
4 45 45
4 54 74
4 54 43
4 54 53
4 54 52
4 54 44
4 57 59
4 57 67
4 57 48
4 57 57
4 57 58
4 57 64
4 57 77
4 57 78
4 57 47
4 57 56
4 57 66
4 57 38
4 57 46
4 60 40
4 60 50
4 81 71
4 81 80
4 81 91
4 81 92
4 81 61
4 81 62
4 81 70
4 81 72
4 81 81
4 81 82
4 81 90
4 81 73
4 95 83
4 95 84
4 95 94
4 95 75
4 95 86
4 95 96
4 98 79
4 98 89
4 98 97
4 98 99
4 98 98
5 3 3
5 3 4
5 3 5
5 7 29
5 7 6
5 7 8
5 7 9
5 7 7
5 7 15
5 7 18
5 17 39
5 17 17
5 17 28
5 17 37
5 17 26
5 17 38
5 22 10
5 22 20
5 22 30
5 22 42
5 22 1
5 22 2
5 22 11
5 22 12
5 22 13
5 22 14
5 22 21
5 22 22
5 22 23
5 22 31
5 22 32
5 22 52
5 22 24
5 22 33
5 22 44
5 27 27
5 34 34
5 45 45
5 54 41
5 54 65
5 54 74
5 54 43
5 54 53
5 54 63
5 54 76
5 54 35
5 54 54
5 57 67
5 57 69
5 57 48
5 57 58
5 57 64
5 57 68
5 57 77
5 57 78
5 57 49
5 57 66
5 57 46
5 57 55
5 60 40
5 60 60
5 81 80
5 81 91
5 81 92
5 81 51
5 81 61
5 81 62
5 81 70
5 81 72
5 81 90
5 81 73
5 95 83
5 95 84
5 95 93
5 95 94
5 95 95
5 98 79
5 98 88
5 98 89
5 98 97
5 98 99
5 98 87
5 98 96
5 98 98
6 3 0
6 3 3
6 3 4
6 3 11
6 3 13
6 3 14
6 3 24
6 3 33
6 3 55
6 7 29
6 7 8
6 7 9
6 7 7
6 7 15
6 7 18
6 7 28
6 7 16
6 17 39
6 17 17
6 17 25
6 17 26
6 17 36
6 22 10
6 22 30
6 22 42
6 22 21
6 22 22
6 22 23
6 22 31
6 22 32
6 22 52
6 22 44
6 27 27
6 34 34
6 45 45
6 54 41
6 54 74
6 54 43
6 54 53
6 54 63
6 54 73
6 54 54
6 57 59
6 57 67
6 57 69
6 57 57
6 57 58
6 57 64
6 57 68
6 57 77
6 57 37
6 57 47
6 57 49
6 57 56
6 57 66
6 57 38
6 57 46
6 60 40
6 60 50
6 60 51
6 60 60
6 60 61
6 60 62
6 60 70
6 60 72
6 81 71
6 81 91
6 81 81
6 95 83
6 95 84
6 95 93
6 95 94
6 95 75
6 95 85
6 95 86
6 95 87
6 95 96
6 98 79
6 98 88
6 98 89
6 98 97
6 98 98
7 3 3
7 3 4
7 3 1
7 3 2
7 3 11
7 3 12
7 3 13
7 3 14
7 3 5
7 3 24
7 3 33
7 3 55
7 7 29
7 7 6
7 7 8
7 7 9
7 7 7
7 7 15
7 7 18
7 7 19
7 7 16
7 17 39
7 17 26
7 17 36
7 22 10
7 22 20
7 22 42
7 22 21
7 22 23
7 22 31
7 22 32
7 22 52
7 27 27
7 34 34
7 45 45
7 54 41
7 54 65
7 54 74
7 54 43
7 54 53
7 54 63
7 54 56
7 57 59
7 57 48
7 57 57
7 57 37
7 57 49
7 57 38
7 57 46
7 60 40
7 60 50
7 60 60
7 81 71
7 81 80
7 81 91
7 81 92
7 81 51
7 81 61
7 81 62
7 81 70
7 81 81
7 81 82
7 81 90
7 95 83
7 95 75
7 95 85
7 95 95
7 98 88
7 98 89
7 98 97
7 98 99
7 98 68
7 98 77
7 98 87
7 98 98
8 3 0
8 3 3
8 3 4
8 3 1
8 3 2
8 3 11
8 3 13
8 3 14
8 3 5
8 3 24
8 3 33
8 3 35
8 3 55
8 7 29
8 7 6
8 7 8
8 7 7
8 7 15
8 7 18
8 7 28
8 17 39
8 17 17
8 17 26
8 17 36
8 22 10
8 22 20
8 22 30
8 22 23
8 22 31
8 27 27
8 34 -1
8 45 45
8 54 41
8 54 74
8 54 53
8 54 63
8 54 44
8 54 54
8 57 59
8 57 69
8 57 48
8 57 57
8 57 58
8 57 37
8 57 47
8 57 56
8 57 46
8 60 40
8 60 50
8 60 60
8 81 80
8 81 91
8 81 92
8 81 61
8 81 62
8 81 70
8 81 72
8 81 81
8 81 73
8 95 84
8 95 93
8 95 94
8 95 75
8 95 86
8 95 95
8 98 79
8 98 89
8 98 99
8 98 98
9 3 0
9 3 3
9 3 4
9 3 1
9 3 2
9 3 13
9 3 14
9 3 5
9 3 24
9 3 35
9 7 6
9 7 9
9 7 7
9 7 15
9 7 16
9 17 25
9 17 26
9 22 10
9 22 20
9 22 30
9 22 42
9 27 -1
9 34 34
9 45 45
9 54 65
9 54 74
9 54 43
9 54 53
9 54 76
9 54 52
9 54 73
9 54 54
9 57 59
9 57 69
9 57 48
9 57 57
9 57 58
9 57 64
9 57 68
9 57 37
9 57 49
9 57 56
9 57 46
9 60 -1
9 81 92
9 81 51
9 81 61
9 81 70
9 81 72
9 81 81
9 95 93
9 95 94
9 95 95
9 98 97
9 98 99
9 98 86
9 98 96
9 98 98
10 3 4
10 7 29
10 7 7
10 17 39
10 22 10
10 22 20
10 22 30
10 22 1
10 22 12
10 22 13
10 22 21
10 22 23
10 22 32
10 22 52
10 22 33
10 27 27
10 34 43
10 34 63
10 34 75
10 34 35
10 45 53
10 54 54
10 57 59
10 57 48
10 57 58
10 57 64
10 57 49
10 57 66
10 57 38
10 57 46
10 60 -1
10 81 91
10 81 61
10 81 62
10 81 70
10 81 82
10 81 90
10 95 83
10 95 93
10 98 79
10 98 89
10 98 97
10 98 99
10 98 68
10 98 86
11 3 -1
11 7 9
11 7 19
11 17 -1
11 22 30
11 22 22
11 22 23
11 22 52
11 27 -1
11 34 -1
11 45 -1
11 54 -1
11 57 67
11 57 57
11 57 37
11 57 56
11 60 51
11 60 82
11 81 -1
11 95 83
11 95 96
11 98 99
--- Done ---
