0 2 -1
0 27 27
0 27 28
0 38 18
0 38 19
0 38 29
0 38 38
1 2 1
1 2 4
1 2 13
1 2 14
1 2 21
1 2 24
1 2 32
1 2 43
1 27 5
1 27 36
1 38 8
1 38 18
1 38 19
1 38 28
1 38 29
1 38 35
1 38 38
1 38 39
1 38 46
1 38 49
1 38 99
1 73 40
1 73 51
1 73 52
1 73 54
1 73 61
1 73 82
1 73 85
1 73 93
1 86 56
1 86 57
1 86 78
1 86 79
1 86 88
1 86 97
2 2 0
2 2 4
2 2 10
2 2 11
2 2 13
2 2 15
2 2 23
2 2 24
2 2 41
2 2 43
2 27 17
2 27 18
2 27 19
2 27 27
2 27 35
2 27 36
2 27 45
2 27 58
2 38 9
2 38 25
2 38 28
2 38 38
2 38 44
2 38 49
2 38 69
2 38 99
2 60 30
2 60 50
2 60 80
2 60 90
2 73 40
2 73 51
2 73 52
2 73 53
2 73 55
2 73 62
2 73 67
2 73 72
2 73 84
2 73 92
2 73 93
2 73 95
2 86 47
2 86 56
2 86 57
2 86 59
2 86 66
2 86 68
2 86 74
2 86 76
2 86 77
2 86 78
2 86 79
2 86 83
2 86 89
2 86 96
2 86 97
3 2 0
3 2 2
3 2 3
3 2 4
3 2 7
3 2 11
3 2 12
3 2 13
3 2 21
3 2 32
3 2 34
3 2 45
3 27 6
3 27 8
3 27 19
3 27 27
3 27 28
3 27 29
3 27 35
3 27 48
3 27 49
3 27 58
3 38 9
3 38 16
3 38 18
3 38 25
3 38 26
3 38 38
3 38 69
3 38 99
3 60 20
3 60 40
3 60 54
3 60 82
3 73 51
3 73 52
3 73 55
3 73 63
3 73 64
3 73 67
3 73 71
3 73 73
3 73 74
3 73 75
3 73 83
3 73 84
3 73 92
3 73 94
3 73 95
3 86 47
3 86 59
3 86 68
3 86 76
3 86 79
3 86 86
3 86 88
3 86 89
3 86 96
3 86 97
3 86 98
4 2 0
4 2 1
4 2 2
4 2 4
4 2 7
4 2 12
4 2 13
4 2 15
4 2 21
4 2 24
4 2 33
4 2 43
4 2 45
4 27 5
4 27 6
4 27 16
4 27 18
4 27 26
4 27 27
4 27 36
4 27 39
4 27 46
4 27 48
4 27 58
4 38 8
4 38 9
4 38 28
4 38 38
4 38 44
4 38 99
4 60 20
4 60 40
4 60 42
4 60 50
4 60 52
4 60 61
4 60 62
4 60 70
4 60 72
4 60 80
4 60 81
4 60 82
4 60 90
4 60 91
4 73 31
4 73 53
4 73 67
4 73 73
4 73 92
4 86 47
4 86 56
4 86 57
4 86 59
4 86 64
4 86 66
4 86 71
4 86 74
4 86 75
4 86 77
4 86 78
4 86 79
4 86 83
4 86 84
4 86 86
4 86 89
4 86 94
4 86 96
4 86 97
4 86 98
5 2 1
5 2 2
5 2 3
5 2 4
5 2 7
5 2 10
5 2 11
5 2 12
5 2 13
5 2 14
5 2 15
5 2 21
5 2 22
5 2 23
5 2 24
5 2 32
5 2 33
5 2 34
5 2 41
5 2 43
5 2 45
5 27 5
5 27 6
5 27 27
5 27 28
5 27 29
5 38 8
5 38 9
5 38 17
5 38 18
5 38 26
5 38 35
5 38 37
5 38 38
5 38 39
5 38 44
5 38 46
5 38 48
5 38 49
5 38 58
5 38 69
5 38 87
5 38 99
5 60 20
5 60 30
5 60 40
5 60 42
5 60 51
5 60 52
5 60 54
5 60 60
5 60 61
5 60 62
5 60 63
5 60 70
5 60 72
5 60 80
5 60 90
5 60 91
5 73 31
5 73 53
5 73 67
5 73 73
5 73 84
5 73 92
5 73 93
5 73 95
5 86 55
5 86 64
5 86 65
5 86 66
5 86 68
5 86 74
5 86 76
5 86 77
5 86 78
5 86 79
5 86 83
5 86 88
5 86 89
5 86 94
5 86 96
5 86 97
5 86 98
6 2 0
6 2 3
6 2 4
6 2 10
6 2 11
6 2 13
6 2 14
6 2 15
6 2 21
6 2 22
6 2 23
6 2 24
6 2 32
6 2 33
6 2 34
6 2 41
6 2 43
6 2 45
6 27 7
6 27 8
6 27 16
6 27 27
6 27 29
6 27 36
6 27 39
6 27 47
6 27 49
6 27 57
6 27 66
6 27 83
6 38 9
6 38 17
6 38 18
6 38 25
6 38 26
6 38 28
6 38 37
6 38 38
6 38 44
6 38 46
6 38 58
6 38 68
6 38 69
6 38 77
6 38 87
6 60 30
6 60 40
6 60 42
6 60 50
6 60 51
6 60 52
6 60 54
6 60 60
6 60 61
6 60 62
6 60 63
6 60 70
6 60 72
6 60 81
6 60 91
6 73 31
6 73 53
6 73 64
6 73 67
6 73 73
6 73 85
6 73 93
6 73 94
6 86 55
6 86 56
6 86 59
6 86 71
6 86 74
6 86 75
6 86 79
6 86 84
6 86 86
6 86 88
6 86 89
6 86 96
6 86 97
6 86 98
7 2 1
7 2 2
7 2 3
7 2 4
7 2 7
7 2 10
7 2 11
7 2 12
7 2 13
7 2 14
7 2 15
7 2 21
7 2 23
7 2 24
7 2 33
7 2 34
7 2 41
7 2 43
7 27 5
7 27 6
7 27 19
7 27 26
7 27 27
7 27 29
7 27 36
7 27 37
7 27 46
7 27 48
7 27 49
7 38 8
7 38 9
7 38 16
7 38 18
7 38 38
7 38 39
7 38 99
7 60 20
7 60 40
7 60 42
7 60 50
7 60 51
7 60 52
7 60 60
7 60 61
7 60 62
7 60 63
7 60 70
7 60 71
7 60 80
7 60 81
7 60 82
7 60 90
7 60 91
7 73 31
7 73 32
7 73 45
7 73 53
7 73 92
7 86 55
7 86 56
7 86 57
7 86 59
7 86 65
7 86 68
7 86 74
7 86 75
7 86 77
7 86 83
7 86 85
7 86 87
7 86 88
7 86 89
7 86 95
7 86 97
7 86 98
8 2 0
8 2 1
8 2 2
8 2 3
8 2 4
8 2 7
8 2 10
8 2 11
8 2 13
8 2 14
8 2 15
8 2 23
8 2 24
8 2 33
8 2 41
8 2 45
8 27 5
8 27 6
8 27 18
8 27 27
8 27 28
8 27 29
8 27 36
8 27 37
8 27 39
8 27 47
8 27 48
8 27 57
8 27 58
8 38 8
8 38 17
8 38 26
8 38 35
8 38 44
8 38 46
8 38 55
8 38 69
8 38 99
8 60 20
8 60 30
8 60 40
8 60 50
8 60 54
8 60 60
8 60 61
8 60 63
8 60 70
8 60 72
8 60 80
8 60 81
8 60 91
8 73 31
8 73 53
8 73 62
8 73 73
8 73 74
8 73 75
8 73 84
8 73 92
8 73 93
8 73 94
8 73 95
8 86 56
8 86 59
8 86 79
8 86 86
8 86 89
8 86 98
9 2 0
9 2 1
9 2 2
9 2 3
9 2 4
9 2 7
9 2 10
9 2 13
9 2 14
9 2 15
9 2 24
9 2 34
9 2 45
9 27 5
9 27 6
9 27 16
9 27 25
9 27 26
9 27 35
9 27 37
9 27 48
9 27 49
9 27 57
9 27 58
9 38 9
9 38 46
9 38 59
9 38 68
9 38 69
9 38 99
9 60 20
9 60 30
9 60 42
9 73 43
9 73 51
9 73 52
9 73 53
9 73 54
9 73 61
9 73 64
9 73 65
9 73 70
9 73 72
9 73 73
9 73 74
9 73 81
9 73 92
9 73 93
9 73 94
9 73 95
9 86 56
9 86 76
9 86 86
9 86 96
9 86 97
9 86 98
10 2 1
10 2 4
10 2 7
10 2 10
10 2 12
10 2 13
10 2 21
10 2 23
10 2 32
10 2 33
10 2 43
10 27 27
10 27 29
10 27 35
10 27 39
10 27 46
10 27 48
10 27 49
10 27 58
10 27 66
10 38 38
10 38 68
10 38 99
10 60 20
10 60 30
10 60 52
10 60 54
10 60 61
10 60 63
10 60 70
10 60 82
10 60 90
10 60 91
10 73 53
10 73 62
10 73 75
10 73 83
10 73 93
10 86 59
10 86 64
10 86 79
10 86 86
10 86 89
10 86 97
11 2 22
11 2 23
11 27 19
11 27 37
11 27 57
11 38 9
11 38 99
11 60 30
11 60 51
11 60 52
11 60 82
11 73 67
11 86 56
11 86 83
11 86 96
--- Done ---
