0 17 18
0 17 19
0 17 27
0 17 28
0 17 29
0 17 38
1 17 1
1 17 5
1 17 8
1 17 18
1 17 19
1 17 28
1 17 29
1 17 39
1 17 49
1 17 4
1 17 24
1 53 13
1 53 21
1 53 32
1 53 40
1 65 78
1 65 79
1 65 85
1 65 93
1 65 97
1 65 99
1 65 38
1 65 14
1 65 35
1 65 36
1 65 43
1 65 46
1 65 51
1 65 52
1 65 54
1 65 56
1 65 57
1 65 61
1 65 82
1 65 88
2 17 9
2 17 17
2 17 18
2 17 19
2 17 4
2 17 28
2 17 49
2 17 15
2 17 24
2 17 25
2 17 27
2 44 0
2 44 80
2 44 44
2 53 10
2 53 53
2 54 59
2 54 90
2 54 13
2 54 50
2 54 69
2 54 30
2 54 40
2 54 77
2 54 96
2 65 79
2 65 89
2 65 93
2 65 99
2 65 11
2 65 68
2 65 78
2 65 97
2 65 74
2 65 84
2 65 95
2 65 38
2 65 58
2 65 92
2 65 23
2 65 35
2 65 36
2 65 41
2 65 43
2 65 45
2 65 47
2 65 51
2 65 52
2 65 55
2 65 56
2 65 57
2 65 62
2 65 66
2 65 67
2 65 72
2 65 76
2 65 83
3 17 9
3 17 18
3 17 6
3 17 7
3 17 8
3 17 19
3 17 29
3 17 4
3 17 28
3 17 49
3 17 16
3 17 26
3 44 0
3 44 83
3 46 3
3 53 -1
3 54 20
3 54 2
3 54 12
3 54 13
3 54 59
3 54 97
3 54 98
3 54 11
3 54 21
3 54 40
3 54 68
3 54 69
3 54 71
3 54 48
3 54 32
3 54 38
3 54 74
3 54 82
3 54 84
3 54 86
3 54 96
3 54 34
3 54 35
3 54 51
3 65 89
3 65 99
3 65 79
3 65 88
3 65 94
3 65 95
3 65 92
3 65 25
3 65 27
3 65 58
3 65 45
3 65 47
3 65 52
3 65 54
3 65 55
3 65 63
3 65 64
3 65 67
3 65 73
3 65 75
3 65 76
4 17 9
4 17 18
4 17 1
4 17 6
4 17 7
4 17 8
4 17 39
4 17 4
4 17 5
4 17 92
4 17 27
4 17 36
4 17 42
4 17 44
4 17 47
4 17 57
4 17 58
4 44 0
4 44 80
4 44 81
4 44 28
4 44 40
4 44 71
4 44 94
4 44 15
4 44 16
4 44 26
4 44 61
4 46 46
4 53 70
4 53 53
4 54 20
4 54 90
4 54 2
4 54 12
4 54 13
4 54 50
4 54 59
4 54 91
4 54 97
4 54 98
4 54 21
4 54 78
4 54 48
4 54 62
4 54 74
4 54 82
4 54 86
4 54 96
4 54 24
4 54 31
4 54 33
4 54 38
4 65 89
4 65 99
4 65 79
4 65 43
4 65 45
4 65 52
4 65 56
4 65 64
4 65 66
4 65 72
4 65 73
4 65 75
4 65 77
4 65 83
4 65 84
4 65 67
5 17 9
5 17 18
5 17 1
5 17 6
5 17 7
5 17 8
5 17 17
5 17 29
5 17 39
5 17 4
5 17 5
5 17 49
5 17 15
5 17 26
5 17 92
5 17 27
5 17 33
5 17 37
5 44 80
5 44 28
5 44 30
5 44 40
5 44 60
5 44 69
5 44 87
5 44 94
5 46 3
5 46 46
5 53 10
5 53 70
5 53 53
5 53 55
5 53 64
5 53 65
5 53 66
5 53 67
5 53 72
5 53 73
5 53 76
5 53 77
5 53 83
5 53 84
5 54 20
5 54 90
5 54 2
5 54 12
5 54 13
5 54 91
5 54 97
5 54 98
5 54 11
5 54 21
5 54 68
5 54 78
5 54 22
5 54 32
5 54 61
5 54 62
5 54 74
5 54 96
5 54 23
5 54 24
5 54 31
5 65 89
5 65 93
5 65 99
5 65 79
5 65 88
5 65 95
5 65 38
5 65 41
5 65 48
5 65 14
5 65 34
5 65 35
5 65 42
5 65 43
5 65 44
5 65 45
5 65 51
5 65 52
5 65 54
5 65 58
5 65 63
6 17 9
6 17 18
6 17 7
6 17 8
6 17 17
6 17 29
6 17 39
6 17 4
6 17 28
6 17 49
6 17 87
6 17 15
6 17 16
6 17 26
6 17 23
6 17 24
6 17 41
6 44 0
6 44 44
6 44 77
6 44 83
6 46 3
6 46 59
6 46 79
6 46 11
6 46 68
6 46 69
6 46 22
6 46 32
6 46 74
6 46 84
6 46 25
6 46 27
6 46 31
6 46 37
6 46 14
6 46 34
6 53 10
6 53 70
6 53 13
6 53 50
6 53 81
6 53 88
6 53 91
6 53 21
6 53 30
6 53 40
6 53 60
6 53 71
6 53 94
6 53 61
6 53 62
6 53 86
6 53 96
6 53 33
6 53 58
6 53 36
6 53 42
6 53 43
6 53 45
6 53 52
6 54 54
6 65 89
6 65 93
6 65 85
6 65 97
6 65 98
6 65 38
6 65 46
6 65 47
6 65 51
6 65 53
6 65 55
6 65 56
6 65 57
6 65 63
6 65 64
6 65 66
6 65 67
6 65 72
6 65 73
6 65 75
7 17 9
7 17 18
7 17 1
7 17 6
7 17 7
7 17 8
7 17 19
7 17 29
7 17 39
7 17 4
7 17 5
7 17 49
7 17 15
7 17 26
7 17 23
7 17 24
7 17 33
7 17 37
7 17 38
7 17 41
7 17 92
7 17 14
7 44 80
7 46 3
7 46 46
7 46 42
7 46 55
7 46 57
7 46 63
7 53 10
7 53 70
7 53 81
7 53 53
7 54 20
7 54 90
7 54 2
7 54 12
7 54 13
7 54 50
7 54 59
7 54 85
7 54 91
7 54 97
7 54 98
7 54 11
7 54 21
7 54 40
7 54 60
7 54 68
7 54 71
7 54 87
7 54 16
7 54 32
7 54 48
7 54 61
7 54 62
7 65 89
7 65 99
7 65 88
7 65 95
7 65 74
7 65 82
7 65 31
7 65 43
7 65 45
7 65 51
7 65 52
7 65 56
7 65 65
7 65 75
7 65 77
7 65 83
7 65 27
7 65 34
7 65 36
8 17 18
8 17 8
8 17 17
8 17 29
8 17 39
8 44 0
8 44 80
8 44 1
8 44 6
8 44 7
8 44 81
8 44 5
8 44 28
8 44 30
8 44 40
8 44 60
8 44 69
8 44 94
8 44 95
8 44 15
8 44 26
8 44 61
8 44 62
8 44 74
8 44 86
8 44 92
8 44 23
8 44 24
8 44 27
8 44 31
8 44 33
8 44 41
8 46 3
8 46 59
8 46 46
8 53 10
8 53 70
8 53 2
8 53 13
8 53 50
8 53 91
8 53 4
8 53 37
8 53 53
8 53 57
8 53 63
8 54 20
8 54 54
8 65 89
8 65 93
8 65 99
8 65 79
8 65 98
8 65 11
8 65 48
8 65 84
8 65 45
8 65 56
8 65 58
8 65 72
8 65 73
8 65 75
8 65 14
8 65 35
8 65 36
8 65 44
8 65 47
8 65 55
9 17 9
9 44 0
9 44 1
9 44 6
9 44 7
9 44 81
9 44 5
9 44 30
9 44 69
9 44 94
9 44 95
9 44 15
9 44 16
9 44 26
9 44 61
9 44 74
9 44 86
9 44 92
9 44 96
9 44 24
9 44 25
9 44 37
9 44 43
9 44 45
9 44 51
9 44 52
9 44 56
9 44 58
9 46 3
9 46 59
9 46 4
9 46 49
9 46 68
9 46 48
9 46 46
9 46 64
9 46 72
9 46 73
9 46 76
9 46 14
9 46 34
9 46 35
9 46 42
9 46 57
9 53 10
9 53 70
9 53 2
9 53 13
9 53 53
9 54 20
9 54 54
9 65 93
9 65 99
9 65 97
9 65 98
9 65 65
10 17 1
10 17 7
10 17 29
10 17 39
10 17 4
10 17 49
10 44 -1
10 46 46
10 53 10
10 53 70
10 53 12
10 53 13
10 53 91
10 53 21
10 53 30
10 53 32
10 53 53
10 54 20
10 54 90
10 54 59
10 54 54
10 65 89
10 65 93
10 65 99
10 65 79
10 65 97
10 65 68
10 65 48
10 65 61
10 65 62
10 65 82
10 65 86
10 65 23
10 65 27
10 65 33
10 65 38
10 65 43
10 65 52
10 65 58
10 65 64
10 65 66
10 65 75
10 65 83
10 65 35
10 65 63
11 17 9
11 17 19
11 44 30
11 44 22
11 44 82
11 44 96
11 44 23
11 44 37
11 44 51
11 44 52
11 44 56
11 44 83
11 44 57
11 44 67
11 46 -1
11 53 -1
11 54 -1
11 65 99
--- Done ---
