0 2 -1
0 47 18
0 47 19
0 47 27
0 47 28
0 47 29
0 47 38
0 84 -1
1 2 1
1 2 4
1 2 5
1 2 8
1 2 13
1 2 14
1 2 21
1 2 24
1 2 32
1 2 40
1 2 43
1 2 52
1 47 18
1 47 19
1 47 28
1 47 29
1 47 35
1 47 36
1 47 38
1 47 49
1 47 54
1 47 79
1 47 99
1 84 39
1 84 46
1 84 51
1 84 56
1 84 57
1 84 61
1 84 78
1 84 82
1 84 85
1 84 88
1 84 93
1 84 97
2 2 0
2 2 4
2 2 10
2 2 11
2 2 13
2 2 15
2 2 23
2 2 30
2 2 40
2 2 41
2 2 43
2 2 45
2 2 50
2 47 9
2 47 17
2 47 18
2 47 19
2 47 24
2 47 27
2 47 36
2 47 38
2 47 47
2 47 49
2 47 58
2 47 59
2 47 78
2 47 79
2 47 89
2 47 99
2 52 25
2 52 28
2 52 35
2 52 52
2 52 69
2 52 80
2 52 93
2 84 44
2 84 51
2 84 53
2 84 55
2 84 56
2 84 57
2 84 62
2 84 66
2 84 67
2 84 68
2 84 72
2 84 74
2 84 76
2 84 77
2 84 83
2 84 84
2 84 90
2 84 92
2 84 95
2 84 96
2 84 97
3 2 0
3 2 2
3 2 4
3 2 7
3 2 8
3 2 11
3 2 12
3 2 13
3 2 16
3 2 21
3 2 32
3 2 34
3 2 40
3 2 45
3 47 6
3 47 9
3 47 18
3 47 19
3 47 26
3 47 27
3 47 29
3 47 38
3 47 47
3 47 48
3 47 49
3 47 55
3 47 58
3 47 59
3 47 79
3 47 88
3 47 89
3 47 97
3 47 99
3 52 20
3 52 25
3 52 28
3 52 35
3 52 51
3 52 52
3 52 54
3 52 63
3 52 64
3 52 69
3 52 71
3 52 76
3 52 82
3 52 86
3 84 3
3 84 67
3 84 68
3 84 73
3 84 74
3 84 75
3 84 83
3 84 84
3 84 92
3 84 94
3 84 95
3 84 96
3 84 98
4 2 0
4 2 1
4 2 2
4 2 4
4 2 5
4 2 7
4 2 8
4 2 12
4 2 13
4 2 15
4 2 16
4 2 21
4 2 24
4 2 31
4 2 33
4 2 40
4 2 42
4 2 43
4 2 45
4 2 50
4 47 6
4 47 9
4 47 18
4 47 26
4 47 27
4 47 36
4 47 38
4 47 46
4 47 47
4 47 48
4 47 58
4 47 59
4 47 64
4 47 67
4 47 74
4 47 75
4 47 78
4 47 79
4 47 81
4 47 89
4 47 97
4 47 99
4 52 20
4 52 28
4 52 52
4 52 62
4 52 66
4 52 72
4 52 73
4 52 80
4 52 82
4 52 91
4 84 39
4 84 44
4 84 53
4 84 56
4 84 57
4 84 61
4 84 70
4 84 71
4 84 77
4 84 83
4 84 84
4 84 86
4 84 90
4 84 92
4 84 94
4 84 96
4 84 98
5 2 1
5 2 2
5 2 3
5 2 4
5 2 5
5 2 7
5 2 8
5 2 10
5 2 11
5 2 12
5 2 13
5 2 14
5 2 15
5 2 21
5 2 22
5 2 23
5 2 24
5 2 30
5 2 31
5 2 33
5 2 34
5 2 40
5 2 41
5 2 43
5 47 6
5 47 9
5 47 17
5 47 18
5 47 26
5 47 27
5 47 29
5 47 39
5 47 49
5 47 58
5 47 68
5 47 78
5 47 79
5 47 88
5 47 89
5 47 97
5 47 99
5 48 28
5 48 32
5 48 38
5 48 44
5 48 48
5 48 54
5 52 20
5 52 35
5 52 37
5 52 45
5 52 46
5 52 52
5 52 60
5 52 61
5 52 62
5 52 63
5 52 65
5 52 66
5 52 69
5 52 73
5 52 80
5 52 91
5 84 42
5 84 51
5 84 53
5 84 55
5 84 64
5 84 67
5 84 70
5 84 72
5 84 74
5 84 76
5 84 77
5 84 83
5 84 84
5 84 87
5 84 90
5 84 92
5 84 93
5 84 94
5 84 95
5 84 96
5 84 98
6 2 0
6 2 3
6 2 4
6 2 7
6 2 8
6 2 11
6 2 13
6 2 14
6 2 15
6 2 21
6 2 23
6 2 24
6 2 32
6 2 33
6 2 34
6 2 40
6 2 41
6 2 42
6 2 50
6 47 9
6 47 17
6 47 25
6 47 26
6 47 36
6 47 37
6 47 38
6 47 39
6 47 47
6 47 49
6 47 58
6 47 59
6 47 68
6 47 69
6 47 81
6 47 97
6 48 18
6 48 27
6 48 28
6 48 29
6 48 53
6 48 55
6 48 56
6 48 57
6 48 67
6 48 74
6 48 77
6 48 79
6 48 83
6 48 85
6 48 87
6 48 88
6 48 89
6 52 10
6 52 16
6 52 22
6 52 30
6 52 31
6 52 43
6 52 45
6 52 52
6 52 54
6 52 60
6 52 61
6 52 62
6 52 63
6 52 64
6 52 66
6 52 71
6 52 72
6 52 73
6 52 75
6 52 91
6 52 93
6 52 94
6 84 44
6 84 46
6 84 51
6 84 70
6 84 84
6 84 86
6 84 96
6 84 98
7 2 1
7 2 2
7 2 3
7 2 4
7 2 7
7 2 8
7 2 10
7 2 11
7 2 12
7 2 13
7 2 14
7 2 15
7 2 21
7 2 23
7 2 24
7 2 31
7 2 33
7 2 34
7 2 40
7 2 41
7 2 42
7 2 50
7 47 16
7 47 19
7 47 27
7 47 29
7 47 36
7 47 38
7 47 59
7 47 88
7 47 89
7 47 99
7 48 5
7 48 6
7 48 9
7 48 18
7 48 26
7 48 32
7 48 37
7 48 39
7 48 43
7 48 45
7 48 48
7 48 49
7 48 65
7 52 20
7 52 46
7 52 52
7 52 53
7 52 56
7 52 61
7 52 62
7 52 63
7 52 71
7 52 74
7 52 80
7 52 81
7 52 82
7 52 83
7 52 85
7 52 91
7 84 51
7 84 55
7 84 57
7 84 60
7 84 68
7 84 70
7 84 75
7 84 77
7 84 87
7 84 90
7 84 92
7 84 95
7 84 97
7 84 98
8 2 0
8 2 1
8 2 2
8 2 3
8 2 4
8 2 5
8 2 7
8 2 8
8 2 10
8 2 11
8 2 13
8 2 14
8 2 15
8 2 23
8 2 24
8 2 30
8 2 33
8 2 40
8 2 41
8 2 50
8 47 6
8 47 17
8 47 18
8 47 26
8 47 27
8 47 28
8 47 29
8 47 35
8 47 36
8 47 37
8 47 39
8 47 44
8 47 46
8 47 47
8 47 54
8 47 56
8 47 58
8 47 59
8 47 62
8 47 63
8 47 69
8 47 74
8 47 79
8 47 81
8 47 89
8 47 99
8 48 48
8 48 53
8 48 55
8 48 57
8 52 20
8 52 31
8 52 45
8 52 60
8 52 61
8 52 70
8 52 72
8 52 73
8 52 75
8 52 80
8 52 86
8 52 91
8 52 93
8 52 94
8 84 84
8 84 92
8 84 95
8 84 98
9 2 0
9 2 1
9 2 2
9 2 3
9 2 4
9 2 5
9 2 7
9 2 13
9 2 15
9 2 16
9 2 34
9 47 25
9 47 35
9 47 46
9 47 53
9 47 64
9 47 73
9 47 81
9 47 97
9 47 99
9 48 6
9 48 9
9 48 26
9 48 37
9 48 48
9 48 49
9 48 54
9 48 56
9 48 57
9 48 58
9 48 59
9 48 68
9 48 74
9 48 76
9 52 10
9 52 14
9 52 20
9 52 24
9 52 30
9 52 42
9 52 43
9 52 45
9 52 52
9 52 61
9 52 69
9 52 72
9 52 93
9 84 51
9 84 65
9 84 70
9 84 86
9 84 92
9 84 94
9 84 95
9 84 96
9 84 98
10 2 1
10 2 4
10 2 7
10 2 10
10 2 12
10 2 13
10 2 21
10 2 23
10 2 30
10 2 33
10 2 43
10 47 29
10 47 49
10 47 54
10 47 59
10 47 89
10 47 99
10 48 27
10 48 38
10 48 48
10 48 58
10 48 79
10 52 20
10 52 35
10 52 52
10 84 32
10 84 39
10 84 46
10 84 53
10 84 61
10 84 62
10 84 63
10 84 64
10 84 66
10 84 68
10 84 70
10 84 75
10 84 82
10 84 83
10 84 86
10 84 90
10 84 91
10 84 93
10 84 97
11 2 22
11 2 23
11 47 19
11 47 67
11 47 99
11 48 9
11 48 57
11 52 30
11 52 37
11 52 51
11 52 52
11 52 56
11 52 82
11 52 83
11 84 96
--- Done ---
