0 20 63
0 20 51
0 20 52
0 20 53
0 20 61
0 20 62
0 20 72
0 21 -1
1 20 -1
1 21 21
1 21 30
1 56 29
1 56 39
1 56 49
1 56 79
1 56 89
1 56 57
1 56 65
1 56 66
1 56 75
1 56 76
1 56 84
1 56 85
1 56 14
1 56 44
1 56 63
1 56 40
1 56 61
1 56 62
1 73 81
1 73 82
1 73 90
1 73 91
1 73 95
1 73 3
1 73 51
1 73 52
1 73 72
2 20 0
2 20 1
2 20 10
2 20 11
2 20 20
2 21 -1
2 45 9
2 45 99
2 45 4
2 45 5
2 45 28
2 45 29
2 45 37
2 45 13
2 45 17
2 45 22
2 45 25
2 45 26
2 45 27
2 45 38
2 45 48
2 45 66
2 45 68
2 45 76
2 45 31
2 45 44
2 45 51
2 45 52
2 45 54
2 45 55
2 45 60
2 45 63
2 45 72
2 45 43
2 45 53
2 56 19
2 56 49
2 56 59
2 56 56
2 73 80
2 73 81
2 73 90
2 73 93
2 73 94
2 73 95
2 73 98
2 73 71
2 73 77
2 73 3
2 73 61
2 73 62
3 20 10
3 20 12
3 21 21
3 45 9
3 45 99
3 45 5
3 45 6
3 45 16
3 45 18
3 45 39
3 45 47
3 45 58
3 45 69
3 45 78
3 45 97
3 45 13
3 45 17
3 45 23
3 45 27
3 45 38
3 45 46
3 45 48
3 45 64
3 45 65
3 45 66
3 45 75
3 45 76
3 45 86
3 45 15
3 45 31
3 45 45
3 56 8
3 56 19
3 56 49
3 56 59
3 56 79
3 56 87
3 56 84
3 56 85
3 56 56
3 56 70
3 56 54
3 56 63
3 56 74
3 56 40
3 56 43
3 56 53
3 73 92
3 73 94
3 73 98
3 73 71
3 73 73
3 73 3
3 73 51
3 73 52
3 73 72
3 73 61
3 73 62
4 20 0
4 20 1
4 20 10
4 20 11
4 20 12
4 20 30
4 20 2
4 20 13
4 20 22
4 20 23
4 20 14
4 20 15
4 20 20
4 20 32
4 20 33
4 20 40
4 20 42
4 20 43
4 20 52
4 20 53
4 21 21
4 45 7
4 45 9
4 45 99
4 45 4
4 45 74
4 45 61
4 45 62
4 45 72
4 56 49
4 56 59
4 56 79
4 56 87
4 56 88
4 56 89
4 56 18
4 56 29
4 56 37
4 56 47
4 56 58
4 56 77
4 56 78
4 56 85
4 56 97
4 56 25
4 56 26
4 56 27
4 56 34
4 56 36
4 56 38
4 56 46
4 56 48
4 73 80
4 73 90
4 73 91
4 73 93
4 73 95
4 73 71
4 73 73
4 73 82
4 73 3
4 73 56
4 73 57
4 73 64
4 73 65
4 73 68
4 73 70
4 73 75
4 73 83
4 73 86
4 73 35
4 73 44
4 73 54
4 73 60
4 73 63
4 73 31
5 20 10
5 20 12
5 20 30
5 20 23
5 20 20
5 20 32
5 20 50
5 20 51
5 20 72
5 20 14
5 20 15
5 20 24
5 20 33
5 20 40
5 20 41
5 20 42
5 20 43
5 20 62
5 21 53
5 21 61
5 45 7
5 45 9
5 45 99
5 45 4
5 45 5
5 45 6
5 45 18
5 45 28
5 45 29
5 45 37
5 45 39
5 45 47
5 45 58
5 45 78
5 45 82
5 45 97
5 45 2
5 45 13
5 45 17
5 45 22
5 56 8
5 56 19
5 56 59
5 56 79
5 56 88
5 56 25
5 56 48
5 56 56
5 56 66
5 56 67
5 56 68
5 56 76
5 56 83
5 56 86
5 56 35
5 56 45
5 56 54
5 56 60
5 56 63
5 56 70
5 56 74
5 73 80
5 73 81
5 73 91
5 73 92
5 73 93
5 73 94
5 73 95
5 73 96
5 73 98
5 73 71
5 73 73
5 73 84
5 73 85
5 73 3
5 73 34
5 73 36
5 73 38
5 73 46
5 73 57
5 73 64
5 73 65
6 20 0
6 20 1
6 20 10
6 20 11
6 20 12
6 20 2
6 20 13
6 20 22
6 20 23
6 20 70
6 20 35
6 20 41
6 20 43
6 20 51
6 20 52
6 20 53
6 20 61
6 20 62
6 20 72
6 21 21
6 45 9
6 45 99
6 45 4
6 45 6
6 45 25
6 45 48
6 45 75
6 45 76
6 45 83
6 45 86
6 45 44
6 45 45
6 45 54
6 45 60
6 45 63
6 45 14
6 45 15
6 45 24
6 45 31
6 45 32
6 45 33
6 56 8
6 56 19
6 56 59
6 56 79
6 56 87
6 56 89
6 56 16
6 56 18
6 56 28
6 56 29
6 56 37
6 56 39
6 56 47
6 56 58
6 56 69
6 56 77
6 56 78
6 56 85
6 56 97
6 56 17
6 56 34
6 73 80
6 73 91
6 73 94
6 73 95
6 73 96
6 73 98
6 73 71
6 73 73
6 73 82
6 73 3
6 73 26
6 73 27
6 73 36
6 73 38
6 73 46
6 73 56
6 73 57
6 73 64
6 73 65
6 73 67
6 73 68
7 20 0
7 20 1
7 20 12
7 20 30
7 20 2
7 20 13
7 20 23
7 20 14
7 20 15
7 20 24
7 20 31
7 20 40
7 20 41
7 20 42
7 20 43
7 20 51
7 20 61
7 20 72
7 21 21
7 45 7
7 45 99
7 45 4
7 45 6
7 45 74
7 56 8
7 56 19
7 56 49
7 56 59
7 56 79
7 56 87
7 56 89
7 56 18
7 56 37
7 56 39
7 56 47
7 56 77
7 56 78
7 56 84
7 56 85
7 56 97
7 56 17
7 56 34
7 56 36
7 56 38
7 56 46
7 56 48
7 56 57
7 56 64
7 56 65
7 56 66
7 73 80
7 73 81
7 73 90
7 73 91
7 73 92
7 73 93
7 73 94
7 73 96
7 73 98
7 73 3
7 73 50
7 73 67
7 73 68
7 73 70
7 73 75
7 73 83
7 73 86
7 73 35
7 73 44
7 73 54
7 73 60
7 73 63
7 73 33
8 20 0
8 20 1
8 20 11
8 20 12
8 20 30
8 21 -1
8 45 7
8 45 9
8 45 99
8 45 4
8 45 5
8 45 6
8 45 28
8 45 47
8 45 58
8 45 78
8 45 97
8 45 2
8 45 13
8 45 22
8 45 23
8 45 27
8 45 34
8 45 36
8 45 38
8 45 46
8 45 64
8 45 65
8 45 66
8 45 76
8 56 19
8 56 49
8 56 79
8 56 87
8 56 88
8 56 89
8 56 77
8 56 84
8 56 85
8 56 56
8 56 70
8 56 83
8 56 86
8 56 14
8 56 15
8 56 35
8 56 45
8 56 54
8 56 55
8 56 60
8 56 61
8 56 62
8 73 80
8 73 93
8 73 94
8 73 95
8 73 3
8 73 50
8 73 72
9 20 0
9 20 10
9 20 12
9 21 -1
9 45 99
9 45 4
9 45 5
9 45 6
9 45 18
9 45 39
9 45 58
9 45 97
9 45 17
9 45 23
9 45 34
9 45 46
9 45 65
9 45 66
9 45 68
9 45 83
9 45 86
9 45 14
9 45 24
9 45 45
9 45 51
9 45 41
9 45 53
9 45 61
9 56 8
9 56 59
9 56 87
9 73 80
9 73 81
9 73 91
9 73 93
9 73 94
9 73 96
9 73 98
9 73 71
9 73 77
9 73 82
9 73 84
9 73 3
9 73 50
10 20 -1
10 21 4
10 45 -1
10 56 59
10 56 16
10 56 18
10 56 69
10 73 93
10 73 96
10 73 98
10 73 73
10 73 3
10 73 34
10 73 64
10 73 65
10 73 76
10 73 86
10 73 31
10 73 52
10 73 60
10 73 72
10 73 40
10 73 43
11 20 -1
11 21 -1
11 45 36
11 45 38
11 45 48
11 45 67
11 56 -1
11 73 -1
--- Done ---
