0 61 52
0 61 61
0 61 62
0 61 63
0 61 72
0 83 51
0 83 53
0 99 -1
1 13 3
1 13 30
1 27 14
1 27 29
1 27 39
1 27 44
1 27 49
1 27 79
1 61 21
1 61 40
1 61 51
1 61 52
1 61 61
1 61 62
1 61 63
1 61 72
1 61 81
1 61 82
1 61 84
1 61 90
1 61 91
1 83 65
1 83 66
1 83 75
1 83 95
1 99 57
1 99 76
1 99 85
1 99 89
2 13 0
2 13 1
2 13 3
2 13 4
2 13 5
2 13 11
2 13 13
2 13 20
2 13 22
2 13 31
2 13 43
2 13 44
2 27 9
2 27 17
2 27 19
2 27 25
2 27 26
2 27 27
2 27 28
2 27 29
2 27 37
2 27 38
2 27 48
2 27 49
2 27 56
2 27 59
2 27 63
2 61 10
2 61 51
2 61 52
2 61 54
2 61 55
2 61 60
2 61 61
2 61 71
2 61 72
2 61 80
2 61 81
2 61 90
2 83 53
2 83 62
2 83 66
2 83 93
2 83 94
2 83 95
2 99 68
2 99 76
2 99 77
2 99 98
2 99 99
3 13 3
3 13 5
3 13 12
3 13 13
3 13 16
3 13 21
3 13 23
3 13 31
3 13 43
3 13 45
3 27 6
3 27 8
3 27 9
3 27 15
3 27 17
3 27 18
3 27 19
3 27 27
3 27 38
3 27 39
3 27 46
3 27 47
3 27 48
3 27 49
3 27 56
3 27 58
3 27 59
3 61 10
3 61 40
3 61 51
3 61 53
3 61 54
3 61 61
3 83 52
3 83 62
3 83 63
3 83 64
3 83 65
3 83 66
3 83 71
3 83 72
3 83 73
3 83 74
3 83 75
3 83 84
3 83 92
3 83 94
3 99 69
3 99 70
3 99 76
3 99 78
3 99 79
3 99 85
3 99 86
3 99 87
3 99 97
3 99 98
3 99 99
4 13 0
4 13 1
4 13 2
4 13 3
4 13 4
4 13 11
4 13 12
4 13 13
4 13 14
4 13 15
4 13 20
4 13 21
4 13 22
4 13 23
4 13 26
4 13 30
4 13 31
4 13 32
4 13 33
4 13 34
4 13 35
4 13 42
4 13 43
4 13 44
4 27 7
4 27 9
4 27 18
4 27 25
4 27 27
4 27 29
4 27 36
4 27 37
4 27 38
4 27 46
4 27 47
4 27 48
4 27 49
4 27 56
4 27 58
4 27 59
4 27 63
4 61 10
4 61 40
4 61 54
4 61 60
4 61 61
4 61 71
4 61 72
4 61 73
4 61 74
4 61 82
4 61 90
4 83 52
4 83 53
4 83 62
4 83 64
4 83 65
4 83 75
4 83 80
4 83 83
4 83 91
4 83 95
4 99 57
4 99 68
4 99 70
4 99 77
4 99 78
4 99 79
4 99 85
4 99 86
4 99 87
4 99 88
4 99 89
4 99 93
4 99 97
4 99 99
5 13 2
5 13 3
5 13 4
5 13 5
5 13 12
5 13 13
5 13 14
5 13 20
5 13 22
5 13 23
5 13 30
5 13 32
5 13 33
5 13 34
5 13 35
5 13 41
5 13 42
5 13 43
5 27 6
5 27 7
5 27 8
5 27 9
5 27 15
5 27 17
5 27 18
5 27 19
5 27 24
5 27 25
5 27 28
5 27 29
5 27 36
5 27 37
5 27 38
5 27 39
5 27 45
5 27 46
5 27 47
5 27 48
5 27 56
5 27 58
5 27 59
5 27 63
5 61 10
5 61 40
5 61 50
5 61 54
5 61 60
5 61 61
5 61 82
5 83 51
5 83 53
5 83 62
5 83 64
5 83 65
5 83 66
5 83 71
5 83 72
5 83 73
5 83 74
5 83 80
5 83 81
5 83 83
5 83 84
5 83 91
5 83 92
5 83 94
5 83 95
5 99 57
5 99 67
5 99 68
5 99 70
5 99 76
5 99 78
5 99 79
5 99 85
5 99 86
5 99 88
5 99 93
5 99 96
5 99 97
5 99 98
5 99 99
6 13 0
6 13 1
6 13 2
6 13 3
6 13 4
6 13 11
6 13 12
6 13 13
6 13 14
6 13 15
6 13 22
6 13 23
6 13 24
6 13 31
6 13 32
6 13 34
6 13 35
6 13 41
6 13 43
6 13 44
6 13 45
6 27 6
6 27 8
6 27 9
6 27 16
6 27 17
6 27 18
6 27 19
6 27 25
6 27 26
6 27 27
6 27 28
6 27 29
6 27 36
6 27 37
6 27 38
6 27 39
6 27 46
6 27 47
6 27 48
6 27 56
6 27 58
6 27 59
6 61 10
6 61 21
6 61 33
6 61 51
6 61 54
6 61 60
6 61 61
6 61 62
6 61 71
6 61 80
6 61 91
6 83 52
6 83 53
6 83 63
6 83 64
6 83 65
6 83 72
6 83 73
6 83 75
6 83 82
6 83 83
6 83 94
6 83 95
6 99 57
6 99 67
6 99 68
6 99 69
6 99 70
6 99 76
6 99 77
6 99 78
6 99 79
6 99 85
6 99 86
6 99 87
6 99 89
6 99 96
6 99 97
6 99 98
6 99 99
7 13 0
7 13 1
7 13 2
7 13 3
7 13 4
7 13 12
7 13 13
7 13 14
7 13 21
7 13 23
7 13 24
7 13 30
7 13 33
7 13 34
7 13 35
7 13 41
7 13 42
7 13 43
7 13 44
7 27 6
7 27 7
7 27 8
7 27 15
7 27 17
7 27 18
7 27 19
7 27 36
7 27 37
7 27 38
7 27 39
7 27 46
7 27 47
7 27 48
7 27 49
7 27 59
7 27 63
7 61 31
7 61 40
7 61 50
7 61 51
7 61 54
7 61 60
7 61 61
7 61 64
7 61 72
7 61 74
7 61 81
7 61 84
7 61 90
7 61 91
7 61 92
7 83 65
7 83 66
7 83 75
7 83 80
7 83 83
7 83 94
7 99 57
7 99 67
7 99 68
7 99 70
7 99 77
7 99 78
7 99 79
7 99 85
7 99 86
7 99 87
7 99 89
7 99 93
7 99 96
7 99 97
7 99 98
7 99 99
8 13 0
8 13 1
8 13 2
8 13 3
8 13 4
8 13 5
8 13 11
8 13 12
8 13 13
8 13 14
8 13 22
8 13 23
8 13 30
8 13 34
8 13 35
8 13 45
8 27 6
8 27 7
8 27 9
8 27 15
8 27 19
8 27 27
8 27 28
8 27 36
8 27 38
8 27 46
8 27 47
8 27 49
8 27 56
8 27 58
8 61 50
8 61 54
8 61 55
8 61 60
8 61 61
8 61 80
8 83 62
8 83 64
8 83 65
8 83 66
8 83 72
8 83 77
8 83 83
8 83 84
8 83 86
8 83 94
8 83 95
8 99 70
8 99 76
8 99 78
8 99 79
8 99 85
8 99 87
8 99 88
8 99 89
8 99 93
8 99 97
8 99 99
9 13 0
9 13 3
9 13 4
9 13 5
9 13 12
9 13 14
9 13 23
9 13 24
9 13 34
9 13 41
9 27 6
9 27 8
9 27 17
9 27 18
9 27 39
9 27 45
9 27 46
9 27 58
9 27 59
9 61 10
9 61 50
9 61 51
9 61 53
9 61 61
9 61 80
9 61 82
9 61 84
9 61 91
9 83 65
9 83 66
9 83 71
9 83 81
9 83 83
9 83 94
9 99 68
9 99 77
9 99 86
9 99 87
9 99 93
9 99 96
9 99 97
9 99 98
9 99 99
10 13 3
10 13 4
10 13 16
10 13 31
10 13 34
10 13 43
10 27 18
10 27 59
10 61 40
10 61 52
10 61 60
10 61 64
10 83 65
10 83 72
10 83 73
10 99 69
10 99 76
10 99 86
10 99 93
10 99 96
10 99 98
11 13 -1
11 27 36
11 27 38
11 27 48
11 61 -1
11 83 -1
11 99 67
--- Done ---
