0 21 51
0 21 52
0 21 53
0 21 61
0 21 62
0 21 63
0 21 72
0 54 -1
1 21 3
1 21 14
1 21 21
1 21 30
1 21 40
1 21 51
1 21 61
1 48 -1
1 52 -1
1 54 29
1 54 39
1 54 44
1 54 49
1 54 52
1 54 57
1 54 62
1 54 63
1 54 65
1 54 66
1 54 72
1 54 75
1 54 76
1 54 79
1 54 81
1 54 82
1 54 84
1 54 85
1 54 89
1 54 90
1 54 91
1 54 95
2 21 0
2 21 1
2 21 3
2 21 10
2 21 11
2 21 13
2 21 20
2 21 22
2 21 31
2 46 -1
2 48 9
2 48 19
2 48 27
2 48 28
2 48 29
2 48 37
2 48 38
2 48 48
2 48 49
2 48 59
2 48 68
2 48 98
2 48 99
2 52 5
2 52 26
2 52 43
2 52 51
2 52 52
2 52 53
2 52 60
2 52 61
2 52 62
2 52 71
2 52 81
2 52 90
2 54 4
2 54 17
2 54 25
2 54 44
2 54 54
2 54 55
2 54 56
2 54 63
2 54 66
2 54 72
2 54 76
2 54 77
2 54 80
2 54 93
2 54 94
2 54 95
3 21 3
3 21 10
3 21 12
3 21 13
3 21 21
3 21 23
3 21 31
3 43 -1
3 46 15
3 46 17
3 46 27
3 46 45
3 46 46
3 46 47
3 46 56
3 46 65
3 46 84
3 46 98
3 48 8
3 48 9
3 48 16
3 48 18
3 48 19
3 48 38
3 48 39
3 48 48
3 48 49
3 48 58
3 48 59
3 48 69
3 48 78
3 48 79
3 48 86
3 48 87
3 48 99
3 52 5
3 52 40
3 52 43
3 52 51
3 52 52
3 52 53
3 52 61
3 52 62
3 52 71
3 52 73
3 52 92
3 54 6
3 54 54
3 54 63
3 54 64
3 54 66
3 54 70
3 54 72
3 54 74
3 54 75
3 54 76
3 54 85
3 54 94
3 54 97
4 21 0
4 21 1
4 21 2
4 21 3
4 21 10
4 21 11
4 21 12
4 21 13
4 21 20
4 21 21
4 21 22
4 21 23
4 21 31
4 43 15
4 43 30
4 43 32
4 43 33
4 43 34
4 43 40
4 43 42
4 43 43
4 43 77
4 43 97
4 46 14
4 46 26
4 46 27
4 46 35
4 46 36
4 46 46
4 46 47
4 46 56
4 46 65
4 48 7
4 48 9
4 48 18
4 48 29
4 48 37
4 48 38
4 48 48
4 48 49
4 48 57
4 48 58
4 48 59
4 48 68
4 48 78
4 48 79
4 48 86
4 48 87
4 48 88
4 48 89
4 48 99
4 51 -1
4 52 52
4 52 53
4 52 60
4 52 61
4 52 62
4 52 71
4 52 73
4 52 82
4 52 83
4 52 90
4 52 91
4 54 4
4 54 25
4 54 44
4 54 54
4 54 63
4 54 64
4 54 70
4 54 72
4 54 74
4 54 75
4 54 80
4 54 85
4 54 93
4 54 95
5 14 -1
5 16 -1
5 21 2
5 21 3
5 21 10
5 21 12
5 21 13
5 21 20
5 21 22
5 21 23
5 22 -1
5 43 15
5 43 24
5 43 30
5 43 32
5 43 33
5 43 34
5 43 42
5 43 43
5 43 96
5 43 97
5 46 14
5 46 17
5 46 35
5 46 36
5 46 45
5 46 46
5 46 47
5 46 56
5 46 65
5 46 84
5 46 98
5 48 7
5 48 8
5 48 9
5 48 18
5 48 19
5 48 28
5 48 29
5 48 37
5 48 38
5 48 39
5 48 48
5 48 57
5 48 58
5 48 59
5 48 67
5 48 68
5 48 78
5 48 79
5 48 86
5 48 88
5 48 99
5 51 40
5 51 41
5 51 50
5 51 51
5 51 60
5 51 61
5 51 62
5 51 70
5 51 71
5 51 72
5 51 80
5 51 83
5 51 91
5 52 5
5 52 53
5 52 73
5 52 81
5 52 82
5 52 92
5 54 4
5 54 6
5 54 25
5 54 54
5 54 63
5 54 64
5 54 66
5 54 74
5 54 76
5 54 85
5 54 93
5 54 94
5 54 95
5 71 -1
6 14 4
6 14 13
6 14 14
6 14 25
6 14 29
6 16 6
6 16 8
6 16 9
6 16 15
6 16 16
6 16 17
6 16 18
6 16 19
6 16 26
6 16 27
6 21 0
6 21 1
6 21 12
6 21 21
6 22 2
6 22 3
6 22 10
6 22 11
6 22 22
6 22 23
6 22 32
6 43 24
6 43 33
6 43 34
6 43 43
6 43 77
6 43 96
6 43 97
6 46 35
6 46 36
6 46 45
6 46 46
6 46 47
6 46 56
6 46 65
6 46 98
6 48 28
6 48 37
6 48 38
6 48 39
6 48 48
6 48 57
6 48 58
6 48 59
6 48 67
6 48 68
6 48 69
6 48 78
6 48 79
6 48 86
6 48 87
6 48 89
6 48 99
6 51 31
6 51 41
6 51 51
6 51 61
6 51 62
6 52 52
6 52 53
6 52 73
6 54 44
6 54 54
6 54 64
6 54 75
6 54 76
6 54 85
6 54 95
6 71 60
6 71 63
6 71 70
6 71 71
6 71 72
6 71 80
6 71 82
6 71 83
6 71 91
6 71 94
7 14 4
7 14 13
7 14 14
7 16 6
7 16 7
7 16 8
7 16 15
7 16 17
7 16 18
7 16 19
7 21 0
7 21 1
7 21 12
7 21 21
7 22 2
7 22 3
7 22 23
7 22 30
7 43 24
7 43 33
7 43 34
7 43 42
7 43 43
7 43 77
7 43 96
7 43 97
7 46 35
7 46 36
7 46 46
7 46 47
7 46 65
7 46 84
7 46 98
7 48 37
7 48 38
7 48 39
7 48 48
7 48 49
7 48 57
7 48 59
7 48 67
7 48 68
7 48 78
7 48 79
7 48 86
7 48 87
7 48 89
7 48 99
7 51 31
7 51 40
7 51 41
7 51 50
7 51 51
7 51 61
7 52 -1
7 54 44
7 54 54
7 54 64
7 54 66
7 54 74
7 54 75
7 54 85
7 71 60
7 71 63
7 71 70
7 71 72
7 71 80
7 71 81
7 71 83
7 71 90
7 71 91
7 71 92
7 71 93
7 71 94
8 14 4
8 14 13
8 14 14
8 16 5
8 16 6
8 16 7
8 16 9
8 16 15
8 16 19
8 16 27
8 21 0
8 21 1
8 21 12
8 22 2
8 22 3
8 22 11
8 22 22
8 22 23
8 22 30
8 43 34
8 43 77
8 43 97
8 46 35
8 46 36
8 46 45
8 46 46
8 46 47
8 46 56
8 46 65
8 46 84
8 48 28
8 48 38
8 48 49
8 48 58
8 48 78
8 48 79
8 48 86
8 48 87
8 48 88
8 48 89
8 48 99
8 51 50
8 51 61
8 51 62
8 52 -1
8 54 54
8 54 55
8 54 64
8 54 66
8 54 76
8 54 85
8 54 95
8 71 60
8 71 70
8 71 72
8 71 80
8 71 83
8 71 93
8 71 94
9 14 4
9 14 14
9 16 5
9 16 6
9 16 8
9 16 17
9 16 18
9 21 0
9 21 12
9 22 3
9 22 10
9 22 23
9 43 24
9 43 34
9 43 77
9 43 96
9 43 97
9 46 45
9 46 46
9 46 65
9 46 84
9 46 98
9 48 39
9 48 58
9 48 59
9 48 68
9 48 86
9 48 87
9 48 99
9 51 41
9 51 50
9 51 51
9 51 61
9 52 53
9 54 66
9 71 71
9 71 80
9 71 81
9 71 82
9 71 83
9 71 91
9 71 93
9 71 94
10 14 4
10 16 16
10 16 18
10 21 -1
10 22 3
10 43 34
10 43 43
10 43 96
10 46 65
10 46 98
10 48 59
10 48 69
10 48 86
10 51 31
10 51 40
10 52 52
10 52 73
10 54 64
10 54 76
10 71 60
10 71 72
10 71 93
11 14 -1
11 16 -1
11 21 -1
11 22 -1
11 43 -1
11 46 36
11 48 38
11 48 48
11 48 67
11 51 -1
11 52 -1
11 54 -1
11 71 -1
--- Done ---
