0 36 53
0 36 61
0 73 51
0 73 52
0 73 62
0 73 63
0 73 72
0 99 -1
1 36 14
1 36 21
1 36 29
1 36 30
1 36 39
1 36 44
1 36 49
1 36 75
1 73 3
1 73 40
1 73 51
1 73 52
1 73 61
1 73 62
1 73 63
1 73 66
1 73 72
1 73 81
1 73 82
1 73 90
1 73 91
1 73 95
1 99 57
1 99 65
1 99 76
1 99 79
1 99 84
1 99 85
1 99 89
2 3 0
2 3 1
2 3 3
2 3 4
2 3 5
2 3 9
2 3 10
2 3 11
2 3 13
2 3 17
2 3 20
2 3 22
2 3 25
2 3 26
2 3 31
2 3 43
2 3 44
2 3 51
2 3 53
2 3 54
2 36 19
2 36 28
2 36 29
2 36 38
2 36 49
2 36 55
2 36 56
2 73 27
2 73 52
2 73 60
2 73 61
2 73 62
2 73 63
2 73 66
2 73 71
2 73 72
2 73 80
2 73 81
2 73 90
2 73 94
2 73 95
2 99 37
2 99 48
2 99 59
2 99 68
2 99 76
2 99 77
2 99 93
2 99 98
2 99 99
3 3 3
3 3 5
3 3 6
3 3 8
3 3 9
3 3 10
3 3 12
3 3 13
3 3 15
3 3 16
3 3 17
3 3 18
3 3 21
3 3 23
3 3 27
3 3 31
3 3 43
3 3 45
3 3 51
3 3 53
3 3 54
3 36 19
3 36 38
3 36 39
3 36 46
3 36 47
3 36 49
3 36 61
3 36 65
3 36 72
3 73 40
3 73 52
3 73 56
3 73 62
3 73 63
3 73 64
3 73 66
3 73 71
3 73 73
3 73 74
3 73 75
3 73 92
3 73 94
3 99 48
3 99 58
3 99 59
3 99 69
3 99 70
3 99 76
3 99 78
3 99 79
3 99 84
3 99 85
3 99 86
3 99 87
3 99 97
3 99 98
3 99 99
4 3 0
4 3 1
4 3 2
4 3 3
4 3 4
4 3 7
4 3 9
4 3 10
4 3 11
4 3 12
4 3 14
4 3 15
4 3 18
4 3 20
4 3 22
4 3 23
4 3 25
4 3 26
4 3 30
4 3 31
4 3 32
4 3 33
4 3 43
4 3 44
4 3 53
4 3 54
4 36 13
4 36 21
4 36 29
4 36 34
4 36 35
4 36 36
4 36 46
4 36 47
4 36 49
4 36 56
4 36 61
4 36 64
4 73 27
4 73 38
4 73 40
4 73 42
4 73 52
4 73 60
4 73 62
4 73 63
4 73 71
4 73 72
4 73 73
4 73 75
4 73 80
4 73 82
4 73 83
4 73 90
4 73 91
4 73 95
4 99 37
4 99 48
4 99 57
4 99 58
4 99 59
4 99 65
4 99 68
4 99 70
4 99 74
4 99 77
4 99 78
4 99 79
4 99 85
4 99 86
4 99 87
4 99 88
4 99 89
4 99 93
4 99 97
4 99 99
5 3 2
5 3 3
5 3 5
5 3 6
5 3 7
5 3 9
5 3 10
5 3 13
5 3 15
5 3 20
5 3 22
5 3 23
5 3 25
5 3 30
5 3 41
5 3 42
5 3 43
5 3 45
5 3 51
5 3 53
5 36 4
5 36 8
5 36 14
5 36 17
5 36 18
5 36 19
5 36 24
5 36 28
5 36 29
5 36 33
5 36 36
5 36 38
5 36 39
5 36 47
5 36 54
5 36 72
5 73 32
5 73 40
5 73 46
5 73 50
5 73 60
5 73 62
5 73 63
5 73 71
5 73 73
5 73 80
5 73 81
5 73 82
5 73 83
5 73 92
5 73 94
5 73 95
5 85 12
5 85 34
5 85 35
5 85 56
5 85 61
5 85 64
5 85 66
5 85 85
5 85 91
5 99 37
5 99 48
5 99 57
5 99 58
5 99 59
5 99 65
5 99 67
5 99 68
5 99 70
5 99 74
5 99 76
5 99 78
5 99 79
5 99 84
5 99 86
5 99 88
5 99 93
5 99 96
5 99 97
5 99 98
5 99 99
6 3 0
6 3 1
6 3 2
6 3 3
6 3 4
6 3 6
6 3 8
6 3 9
6 3 10
6 3 11
6 3 12
6 3 13
6 3 15
6 3 16
6 3 17
6 3 18
6 3 21
6 3 22
6 3 23
6 3 25
6 3 32
6 3 34
6 3 43
6 3 51
6 36 14
6 36 19
6 36 24
6 36 27
6 36 28
6 36 29
6 36 35
6 36 36
6 36 38
6 36 39
6 36 45
6 36 47
6 36 53
6 36 54
6 36 56
6 36 64
6 36 75
6 73 31
6 73 33
6 73 41
6 73 44
6 73 46
6 73 52
6 73 60
6 73 61
6 73 62
6 73 63
6 73 71
6 73 72
6 73 73
6 73 77
6 73 80
6 73 82
6 73 83
6 73 91
6 73 94
6 73 95
6 85 26
6 85 85
6 85 96
6 99 37
6 99 48
6 99 57
6 99 58
6 99 59
6 99 65
6 99 67
6 99 68
6 99 69
6 99 70
6 99 76
6 99 78
6 99 79
6 99 86
6 99 87
6 99 89
6 99 97
6 99 98
6 99 99
7 3 0
7 3 1
7 3 2
7 3 3
7 3 6
7 3 7
7 3 12
7 3 17
7 3 18
7 3 23
7 3 35
7 3 51
7 3 54
7 36 4
7 36 8
7 36 13
7 36 14
7 36 15
7 36 19
7 36 21
7 36 24
7 36 30
7 36 33
7 36 34
7 36 36
7 36 38
7 36 39
7 36 41
7 36 44
7 36 47
7 36 49
7 73 31
7 73 40
7 73 42
7 73 43
7 73 46
7 73 50
7 73 60
7 73 61
7 73 63
7 73 64
7 73 66
7 73 72
7 73 75
7 73 80
7 73 81
7 73 83
7 73 90
7 73 91
7 73 92
7 73 94
7 85 85
7 85 93
7 99 37
7 99 48
7 99 57
7 99 59
7 99 65
7 99 67
7 99 68
7 99 70
7 99 74
7 99 77
7 99 78
7 99 79
7 99 84
7 99 86
7 99 87
7 99 89
7 99 96
7 99 97
7 99 98
7 99 99
8 3 0
8 3 1
8 3 2
8 3 3
8 3 4
8 3 5
8 3 6
8 3 7
8 3 9
8 3 11
8 3 12
8 3 13
8 3 14
8 3 22
8 3 23
8 3 27
8 3 30
8 3 35
8 3 45
8 3 54
8 36 15
8 36 19
8 36 28
8 36 36
8 36 47
8 36 49
8 36 55
8 73 34
8 73 38
8 73 46
8 73 50
8 73 56
8 73 60
8 73 61
8 73 62
8 73 64
8 73 66
8 73 72
8 73 80
8 73 83
8 73 94
8 73 95
8 85 77
8 85 85
8 85 89
8 99 58
8 99 65
8 99 70
8 99 76
8 99 78
8 99 79
8 99 84
8 99 86
8 99 87
8 99 88
8 99 93
8 99 97
8 99 99
9 3 0
9 3 3
9 3 4
9 3 10
9 3 18
9 3 41
9 3 51
9 36 5
9 36 6
9 36 8
9 36 12
9 36 14
9 36 17
9 36 23
9 36 24
9 36 39
9 36 45
9 36 46
9 36 53
9 36 61
9 36 87
9 36 93
9 73 66
9 73 71
9 73 80
9 73 81
9 73 82
9 73 83
9 73 86
9 73 91
9 73 94
9 85 34
9 85 50
9 85 58
9 85 84
9 85 97
9 99 59
9 99 65
9 99 68
9 99 77
9 99 96
9 99 98
9 99 99
10 3 3
10 3 4
10 3 31
10 3 43
10 36 16
10 36 18
10 36 64
10 36 72
10 36 93
10 73 40
10 73 60
10 73 73
10 85 34
10 85 52
10 85 96
10 99 59
10 99 65
10 99 69
10 99 76
10 99 86
10 99 98
11 3 -1
11 36 36
11 36 38
11 73 -1
11 85 -1
11 99 48
11 99 67
--- Done ---
