0 21 51
0 21 52
0 21 53
0 21 61
0 21 62
0 21 63
0 21 72
0 62 -1
1 21 3
1 21 14
1 21 21
1 21 29
1 21 30
1 21 39
1 21 66
1 21 75
1 35 -1
1 38 -1
1 54 -1
1 62 40
1 62 44
1 62 49
1 62 51
1 62 52
1 62 57
1 62 61
1 62 62
1 62 63
1 62 65
1 62 72
1 62 76
1 62 79
1 62 81
1 62 82
1 62 84
1 62 85
1 62 89
1 62 90
1 62 91
1 62 95
1 78 -1
1 82 -1
1 83 -1
2 10 -1
2 13 -1
2 15 -1
2 17 -1
2 21 0
2 21 1
2 21 3
2 21 10
2 21 11
2 21 13
2 21 20
2 21 22
2 21 31
2 35 5
2 35 17
2 35 25
2 35 26
2 35 27
2 38 9
2 38 19
2 38 28
2 38 29
2 38 37
2 38 38
2 38 48
2 38 49
2 38 59
2 45 -1
2 47 -1
2 49 -1
2 53 -1
2 54 4
2 54 43
2 54 44
2 54 53
2 54 54
2 54 55
2 54 56
2 54 66
2 54 76
2 62 51
2 62 52
2 62 60
2 62 61
2 62 62
2 62 63
2 62 71
2 62 72
2 62 80
2 66 -1
2 72 -1
2 78 68
2 78 77
2 78 98
2 78 99
2 82 81
2 82 90
2 83 93
2 83 94
2 83 95
2 87 -1
2 89 -1
2 91 -1
2 92 -1
2 93 -1
3 10 10
3 13 3
3 13 13
3 13 23
3 15 5
3 15 15
3 17 6
3 17 8
3 17 16
3 17 17
3 17 18
3 17 27
3 21 12
3 21 21
3 21 31
3 35 -1
3 38 9
3 38 19
3 38 38
3 38 48
3 45 45
3 45 46
3 47 47
3 47 58
3 49 39
3 49 49
3 49 59
3 53 43
3 53 53
3 53 64
3 54 54
3 54 74
3 62 40
3 62 51
3 62 52
3 62 61
3 62 62
3 62 63
3 62 70
3 66 56
3 66 65
3 66 66
3 66 75
3 66 76
3 72 71
3 72 72
3 72 73
3 78 69
3 78 78
3 78 79
3 82 -1
3 83 84
3 83 85
3 87 86
3 87 87
3 87 97
3 89 98
3 89 99
3 91 -1
3 92 92
3 93 94
4 10 0
4 10 1
4 10 10
4 10 11
4 10 20
4 13 2
4 13 3
4 13 13
4 13 23
4 13 32
4 15 4
4 15 14
4 15 15
4 15 25
4 17 7
4 17 18
4 17 27
4 21 12
4 21 21
4 21 22
4 21 30
4 21 31
4 35 26
4 35 34
4 35 35
4 35 36
4 38 9
4 38 29
4 38 38
4 38 48
4 45 46
4 47 37
4 47 47
4 47 57
4 47 58
4 49 49
4 49 59
4 53 33
4 53 42
4 53 43
4 53 53
4 53 64
4 54 44
4 54 54
4 54 74
4 62 40
4 62 52
4 62 60
4 62 61
4 62 62
4 62 63
4 62 70
4 66 56
4 66 65
4 66 75
4 72 71
4 72 72
4 72 73
4 72 80
4 78 68
4 78 77
4 78 78
4 78 79
4 82 82
4 83 83
4 83 85
4 83 95
4 87 86
4 87 87
4 87 88
4 87 97
4 89 89
4 89 99
4 91 90
4 91 91
4 92 -1
4 93 93
5 10 10
5 10 20
5 13 2
5 13 3
5 13 13
5 13 23
5 13 32
5 15 4
5 15 5
5 15 14
5 15 15
5 15 24
5 15 25
5 17 6
5 17 7
5 17 8
5 17 17
5 17 18
5 21 12
5 21 22
5 21 30
5 21 41
5 35 34
5 35 35
5 35 36
5 38 9
5 38 19
5 38 28
5 38 29
5 38 38
5 38 48
5 45 45
5 45 46
5 47 37
5 47 47
5 47 57
5 47 58
5 49 39
5 49 59
5 53 33
5 53 42
5 53 43
5 53 50
5 53 53
5 53 64
5 54 54
5 54 74
5 62 40
5 62 51
5 62 60
5 62 61
5 62 62
5 62 63
5 62 70
5 66 56
5 66 65
5 66 66
5 66 67
5 66 76
5 72 71
5 72 72
5 72 73
5 72 80
5 78 68
5 78 78
5 78 79
5 82 81
5 82 82
5 83 83
5 83 84
5 83 85
5 83 95
5 87 86
5 87 88
5 87 96
5 87 97
5 89 98
5 89 99
5 91 91
5 92 92
5 93 93
5 93 94
6 10 0
6 10 1
6 10 10
6 10 11
6 13 2
6 13 3
6 13 13
6 13 23
6 13 32
6 15 4
6 15 14
6 15 15
6 15 24
6 15 25
6 17 6
6 17 8
6 17 16
6 17 17
6 17 18
6 17 27
6 21 12
6 21 21
6 21 22
6 21 31
6 21 41
6 35 26
6 35 34
6 35 35
6 35 36
6 38 9
6 38 19
6 38 28
6 38 29
6 38 38
6 38 48
6 45 45
6 45 46
6 47 37
6 47 47
6 47 57
6 47 58
6 49 39
6 49 59
6 53 33
6 53 43
6 53 53
6 53 64
6 54 44
6 54 54
6 62 51
6 62 52
6 62 60
6 62 61
6 62 62
6 62 63
6 62 70
6 66 56
6 66 65
6 66 67
6 66 75
6 66 76
6 72 71
6 72 72
6 72 73
6 72 80
6 78 68
6 78 69
6 78 77
6 78 78
6 78 79
6 82 82
6 83 83
6 83 85
6 83 95
6 87 86
6 87 87
6 87 96
6 87 97
6 89 89
6 89 98
6 89 99
6 91 91
6 92 -1
6 93 94
7 10 0
7 10 1
7 13 2
7 13 3
7 13 13
7 13 23
7 15 4
7 15 14
7 15 15
7 15 24
7 17 6
7 17 7
7 17 8
7 17 17
7 17 18
7 21 12
7 21 21
7 21 30
7 21 31
7 21 41
7 35 34
7 35 35
7 35 36
7 38 19
7 38 38
7 38 48
7 45 46
7 47 37
7 47 47
7 47 57
7 49 39
7 49 49
7 49 59
7 53 33
7 53 42
7 53 43
7 53 50
7 53 64
7 54 44
7 54 54
7 54 74
7 62 40
7 62 51
7 62 60
7 62 61
7 62 63
7 62 70
7 66 65
7 66 66
7 66 67
7 66 75
7 72 72
7 72 80
7 78 68
7 78 77
7 78 78
7 78 79
7 82 81
7 83 83
7 83 84
7 83 85
7 87 86
7 87 87
7 87 96
7 87 97
7 89 89
7 89 98
7 89 99
7 91 90
7 91 91
7 92 92
7 93 93
7 93 94
8 10 0
8 10 1
8 10 11
8 13 2
8 13 3
8 13 13
8 13 23
8 15 4
8 15 5
8 15 14
8 15 15
8 17 6
8 17 7
8 17 27
8 21 12
8 21 22
8 21 30
8 35 34
8 35 35
8 35 36
8 38 9
8 38 19
8 38 28
8 38 38
8 45 45
8 45 46
8 47 47
8 47 58
8 49 49
8 53 50
8 53 64
8 54 54
8 54 55
8 62 60
8 62 61
8 62 62
8 62 70
8 66 56
8 66 65
8 66 66
8 66 76
8 72 72
8 72 80
8 78 77
8 78 78
8 78 79
8 82 -1
8 83 83
8 83 84
8 83 85
8 83 95
8 87 86
8 87 87
8 87 88
8 87 97
8 89 89
8 89 99
8 91 -1
8 92 -1
8 93 93
8 93 94
9 10 0
9 10 10
9 13 3
9 13 23
9 15 4
9 15 5
9 15 14
9 15 24
9 17 6
9 17 8
9 17 17
9 17 18
9 21 12
9 21 41
9 35 34
9 38 -1
9 45 45
9 45 46
9 47 58
9 49 39
9 49 59
9 53 50
9 53 53
9 54 -1
9 62 51
9 62 61
9 66 65
9 66 66
9 72 71
9 72 80
9 78 68
9 78 77
9 82 81
9 82 82
9 83 83
9 83 84
9 87 86
9 87 87
9 87 96
9 87 97
9 89 98
9 89 99
9 91 91
9 92 -1
9 93 93
9 93 94
10 10 -1
10 13 3
10 15 4
10 17 16
10 17 18
10 21 31
10 35 34
10 38 -1
10 45 -1
10 47 -1
10 49 59
10 53 43
10 53 64
10 54 -1
10 62 40
10 62 52
10 62 60
10 66 65
10 66 76
10 72 72
10 72 73
10 78 69
10 82 -1
10 83 -1
10 87 86
10 87 96
10 89 98
10 91 -1
10 92 -1
10 93 93
11 10 -1
11 13 -1
11 15 -1
11 17 -1
11 21 -1
11 35 36
11 38 38
11 38 48
11 45 -1
11 47 -1
11 49 -1
11 53 -1
11 54 -1
11 62 -1
11 66 67
11 72 -1
11 78 -1
11 82 -1
11 83 -1
11 87 -1
11 89 -1
11 91 -1
11 92 -1
11 93 -1
--- Done ---
