0 21 51
0 21 52
0 21 53
0 21 61
0 21 62
0 21 63
0 21 72
0 64 -1
1 21 3
1 21 14
1 21 21
1 21 30
1 21 40
1 21 51
1 21 61
1 27 -1
1 64 29
1 64 39
1 64 44
1 64 49
1 64 52
1 64 57
1 64 62
1 64 63
1 64 65
1 64 66
1 64 72
1 64 75
1 64 76
1 64 79
1 64 81
1 64 82
1 64 84
1 64 85
1 64 89
1 64 90
1 64 91
1 64 95
1 71 -1
1 98 -1
2 4 -1
2 21 0
2 21 1
2 21 3
2 21 4
2 21 5
2 21 10
2 21 11
2 21 13
2 21 20
2 21 22
2 21 31
2 27 9
2 27 17
2 27 19
2 27 25
2 27 26
2 27 27
2 27 28
2 27 29
2 27 37
2 27 38
2 27 48
2 27 49
2 27 56
2 64 43
2 64 44
2 64 52
2 64 54
2 64 55
2 64 66
2 64 95
2 71 51
2 71 53
2 71 60
2 71 61
2 71 62
2 71 63
2 71 71
2 71 72
2 71 80
2 71 81
2 71 90
2 71 93
2 71 94
2 98 59
2 98 68
2 98 76
2 98 77
2 98 98
2 98 99
3 4 3
3 4 5
3 4 13
3 4 15
3 21 10
3 21 12
3 21 21
3 21 23
3 21 31
3 21 40
3 27 6
3 27 8
3 27 9
3 27 16
3 27 17
3 27 18
3 27 19
3 27 27
3 27 38
3 27 39
3 27 45
3 27 46
3 27 47
3 27 48
3 27 49
3 27 56
3 40 -1
3 62 -1
3 64 43
3 64 52
3 64 54
3 64 64
3 64 65
3 64 66
3 64 73
3 64 74
3 64 75
3 64 84
3 64 85
3 71 51
3 71 53
3 71 61
3 71 62
3 71 63
3 71 70
3 71 71
3 71 72
3 71 92
3 71 94
3 98 58
3 98 59
3 98 69
3 98 76
3 98 78
3 98 79
3 98 86
3 98 87
3 98 97
3 98 98
3 98 99
4 4 3
4 4 4
4 4 7
4 4 13
4 4 15
4 4 77
4 21 0
4 21 1
4 21 2
4 21 10
4 21 11
4 21 12
4 21 20
4 21 21
4 21 22
4 21 23
4 21 31
4 21 33
4 27 9
4 27 14
4 27 18
4 27 25
4 27 26
4 27 27
4 27 29
4 27 35
4 27 36
4 27 37
4 27 38
4 27 46
4 27 47
4 27 48
4 27 49
4 27 56
4 33 -1
4 40 30
4 40 32
4 40 40
4 61 -1
4 62 42
4 62 52
4 62 53
4 62 61
4 62 62
4 62 63
4 62 73
4 62 83
4 64 34
4 64 43
4 64 44
4 64 54
4 64 57
4 64 64
4 64 65
4 64 74
4 64 75
4 64 85
4 64 95
4 71 60
4 71 70
4 71 71
4 71 72
4 71 80
4 71 82
4 71 90
4 71 91
4 71 93
4 98 58
4 98 59
4 98 68
4 98 78
4 98 79
4 98 86
4 98 87
4 98 88
4 98 89
4 98 97
4 98 99
5 4 3
5 4 4
5 4 5
5 4 7
5 4 13
5 4 15
5 21 2
5 21 10
5 21 12
5 21 20
5 21 22
5 27 6
5 27 8
5 27 9
5 27 14
5 27 17
5 27 18
5 27 19
5 27 25
5 27 28
5 27 29
5 27 35
5 27 36
5 27 37
5 27 38
5 27 39
5 27 45
5 27 46
5 27 47
5 27 48
5 27 56
5 33 23
5 33 24
5 33 32
5 33 33
5 33 34
5 33 43
5 40 30
5 40 40
5 40 41
5 40 50
5 61 51
5 61 61
5 61 83
5 62 42
5 62 53
5 62 62
5 62 63
5 62 67
5 62 73
5 62 92
5 64 54
5 64 57
5 64 64
5 64 65
5 64 66
5 64 74
5 64 84
5 64 85
5 64 95
5 71 60
5 71 70
5 71 71
5 71 72
5 71 80
5 71 81
5 71 82
5 71 91
5 71 93
5 71 94
5 98 58
5 98 59
5 98 68
5 98 76
5 98 78
5 98 79
5 98 86
5 98 88
5 98 96
5 98 97
5 98 98
5 98 99
6 4 3
6 4 4
6 4 13
6 4 15
6 4 77
6 10 -1
6 11 -1
6 21 0
6 21 1
6 21 2
6 21 10
6 21 11
6 21 12
6 21 21
6 21 22
6 21 31
6 27 6
6 27 8
6 27 9
6 27 14
6 27 17
6 27 18
6 27 19
6 27 25
6 27 26
6 27 27
6 27 28
6 27 29
6 27 35
6 27 36
6 27 37
6 27 38
6 27 39
6 27 45
6 27 46
6 27 47
6 27 48
6 27 56
6 30 -1
6 33 16
6 33 23
6 33 24
6 33 32
6 33 33
6 33 34
6 33 43
6 33 44
6 40 41
6 42 -1
6 57 -1
6 58 -1
6 61 51
6 61 61
6 61 83
6 62 52
6 62 53
6 62 62
6 62 63
6 62 67
6 62 73
6 64 54
6 64 57
6 64 64
6 64 65
6 64 75
6 64 85
6 64 95
6 71 60
6 71 70
6 71 71
6 71 72
6 71 80
6 71 82
6 71 91
6 71 94
6 98 58
6 98 59
6 98 68
6 98 69
6 98 76
6 98 78
6 98 79
6 98 86
6 98 87
6 98 89
6 98 96
6 98 97
6 98 98
6 98 99
7 4 3
7 4 4
7 4 7
7 4 13
7 4 15
7 10 0
7 11 1
7 11 2
7 11 6
7 11 12
7 21 21
7 27 8
7 27 14
7 27 17
7 27 18
7 27 19
7 27 35
7 27 36
7 27 37
7 27 38
7 30 30
7 30 31
7 33 23
7 33 24
7 33 33
7 33 34
7 33 43
7 33 44
7 40 40
7 40 41
7 40 50
7 42 42
7 57 46
7 57 47
7 57 48
7 57 57
7 57 66
7 57 68
7 57 78
7 58 39
7 58 49
7 58 59
7 58 67
7 58 77
7 61 51
7 61 61
7 61 83
7 62 63
7 62 92
7 64 54
7 64 64
7 64 65
7 64 74
7 64 75
7 64 84
7 64 85
7 71 60
7 71 70
7 71 72
7 71 80
7 71 81
7 71 90
7 71 91
7 71 93
7 71 94
7 98 79
7 98 86
7 98 87
7 98 89
7 98 96
7 98 97
7 98 98
7 98 99
8 4 3
8 4 4
8 4 5
8 4 7
8 4 13
8 4 15
8 10 0
8 11 1
8 11 2
8 11 6
8 11 11
8 11 12
8 21 22
8 27 9
8 27 14
8 27 19
8 27 27
8 27 28
8 27 35
8 27 36
8 27 38
8 27 45
8 30 30
8 33 23
8 33 34
8 33 55
8 40 50
8 42 -1
8 57 46
8 57 47
8 57 56
8 57 66
8 57 78
8 58 49
8 58 58
8 58 76
8 58 77
8 61 61
8 61 83
8 62 62
8 64 54
8 64 64
8 64 65
8 64 84
8 64 85
8 64 95
8 71 60
8 71 70
8 71 72
8 71 80
8 71 93
8 71 94
8 98 79
8 98 86
8 98 87
8 98 88
8 98 89
8 98 97
8 98 99
9 4 3
9 4 4
9 4 5
9 10 0
9 10 10
9 11 6
9 11 12
9 21 -1
9 27 8
9 27 14
9 27 17
9 27 18
9 27 45
9 30 -1
9 33 23
9 33 24
9 33 34
9 40 41
9 40 50
9 42 53
9 57 46
9 57 66
9 57 68
9 58 39
9 58 58
9 58 59
9 58 77
9 61 51
9 61 61
9 61 83
9 62 -1
9 64 65
9 64 84
9 71 71
9 71 80
9 71 81
9 71 82
9 71 91
9 71 93
9 71 94
9 98 86
9 98 87
9 98 96
9 98 97
9 98 98
9 98 99
10 4 3
10 4 4
10 10 -1
10 11 -1
10 21 -1
10 27 18
10 30 31
10 33 16
10 33 34
10 33 43
10 40 40
10 42 -1
10 57 -1
10 58 59
10 58 69
10 58 76
10 61 -1
10 62 52
10 62 73
10 64 64
10 64 65
10 71 60
10 71 72
10 71 93
10 98 86
10 98 96
10 98 98
11 4 -1
11 10 -1
11 11 -1
11 21 -1
11 27 36
11 27 38
11 30 -1
11 33 -1
11 40 -1
11 42 -1
11 57 48
11 58 67
11 61 -1
11 62 -1
11 64 -1
11 71 -1
11 98 -1
--- Done ---
