0 42 51
0 42 52
0 42 53
0 42 61
0 42 62
0 42 63
0 92 72
0 99 -1
1 2 3
1 38 29
1 38 39
1 38 49
1 38 57
1 38 65
1 42 14
1 42 21
1 42 30
1 42 40
1 42 44
1 42 51
1 42 52
1 42 61
1 42 62
1 42 63
1 76 66
1 76 75
1 76 76
1 76 84
1 76 95
1 92 72
1 92 81
1 92 82
1 92 90
1 92 91
1 99 79
1 99 85
1 99 89
2 2 0
2 2 1
2 2 3
2 2 10
2 2 11
2 2 13
2 2 20
2 6 4
2 6 5
2 6 17
2 6 25
2 6 26
2 38 9
2 38 19
2 38 27
2 38 28
2 38 29
2 38 37
2 38 38
2 38 48
2 38 49
2 38 56
2 38 59
2 38 68
2 42 71
2 43 22
2 43 31
2 43 43
2 43 44
2 43 51
2 43 52
2 43 53
2 43 54
2 43 55
2 43 60
2 43 62
2 43 63
2 76 66
2 76 76
2 76 77
2 76 95
2 92 61
2 92 72
2 92 80
2 92 81
2 92 90
2 92 93
2 92 94
2 99 98
2 99 99
3 2 3
3 2 10
3 2 12
3 2 13
3 2 21
3 2 23
3 2 31
3 6 5
3 6 6
3 6 8
3 6 15
3 6 16
3 6 17
3 6 18
3 38 9
3 38 19
3 38 27
3 38 38
3 38 39
3 38 47
3 38 49
3 38 58
3 38 59
3 38 65
3 42 71
3 43 40
3 43 43
3 43 45
3 43 51
3 43 52
3 43 53
3 43 62
3 43 63
3 43 64
3 43 73
3 76 46
3 76 48
3 76 54
3 76 56
3 76 66
3 76 74
3 76 75
3 76 76
3 76 84
3 76 87
3 92 61
3 92 70
3 92 72
3 92 92
3 92 94
3 99 69
3 99 78
3 99 79
3 99 85
3 99 86
3 99 97
3 99 98
3 99 99
4 2 0
4 2 1
4 2 2
4 2 3
4 2 10
4 2 11
4 2 12
4 2 13
4 2 20
4 2 21
4 2 23
4 2 31
4 2 32
4 6 4
4 6 7
4 6 15
4 6 25
4 6 33
4 38 9
4 38 18
4 38 26
4 38 27
4 38 29
4 38 36
4 38 37
4 38 38
4 38 47
4 38 48
4 38 49
4 38 56
4 38 57
4 38 58
4 38 59
4 38 65
4 38 68
4 42 14
4 42 30
4 42 34
4 42 35
4 42 40
4 42 42
4 42 44
4 42 63
4 42 71
4 43 22
4 43 43
4 43 52
4 43 53
4 43 60
4 43 62
4 43 64
4 43 73
4 76 46
4 76 54
4 76 74
4 76 75
4 76 77
4 76 95
4 92 61
4 92 70
4 92 72
4 92 80
4 92 82
4 92 83
4 92 90
4 92 91
4 92 93
4 99 78
4 99 79
4 99 85
4 99 86
4 99 87
4 99 88
4 99 89
4 99 97
4 99 99
5 2 2
5 2 3
5 2 10
5 2 12
5 2 13
5 2 20
5 2 23
5 2 32
5 6 4
5 6 5
5 6 6
5 6 7
5 6 8
5 6 15
5 6 17
5 6 18
5 6 25
5 6 33
5 38 9
5 38 19
5 38 28
5 38 29
5 38 36
5 38 37
5 38 38
5 38 39
5 38 47
5 38 57
5 38 58
5 38 59
5 38 65
5 38 68
5 42 14
5 42 22
5 42 35
5 42 42
5 42 50
5 42 61
5 42 71
5 43 24
5 43 30
5 43 34
5 43 40
5 43 41
5 43 43
5 43 45
5 43 51
5 43 53
5 43 60
5 43 62
5 43 63
5 43 73
5 76 46
5 76 48
5 76 54
5 76 56
5 76 64
5 76 66
5 76 74
5 76 76
5 76 84
5 76 95
5 92 70
5 92 72
5 92 80
5 92 81
5 92 82
5 92 83
5 92 91
5 92 92
5 92 93
5 92 94
5 99 67
5 99 78
5 99 79
5 99 85
5 99 86
5 99 88
5 99 96
5 99 97
5 99 98
5 99 99
6 2 0
6 2 1
6 2 2
6 2 3
6 2 10
6 2 11
6 2 12
6 2 13
6 2 21
6 2 23
6 2 31
6 2 32
6 6 4
6 6 6
6 6 8
6 6 15
6 6 16
6 6 17
6 38 9
6 38 18
6 38 19
6 38 26
6 38 27
6 38 28
6 38 29
6 38 36
6 38 37
6 38 38
6 38 39
6 38 47
6 38 56
6 38 57
6 38 58
6 38 59
6 38 65
6 42 14
6 42 22
6 42 25
6 42 33
6 42 34
6 42 35
6 42 41
6 42 44
6 42 51
6 42 52
6 42 71
6 43 24
6 43 43
6 43 45
6 43 53
6 43 60
6 43 62
6 43 63
6 43 64
6 43 73
6 76 46
6 76 48
6 76 54
6 76 68
6 76 75
6 76 76
6 76 77
6 76 95
6 92 61
6 92 70
6 92 72
6 92 80
6 92 82
6 92 83
6 92 91
6 92 94
6 99 67
6 99 69
6 99 78
6 99 79
6 99 85
6 99 86
6 99 87
6 99 89
6 99 96
6 99 97
6 99 98
6 99 99
7 2 0
7 2 1
7 2 2
7 2 3
7 2 12
7 2 13
7 2 21
7 2 23
7 6 4
7 6 6
7 6 7
7 6 8
7 6 17
7 38 18
7 38 19
7 38 36
7 38 37
7 38 38
7 38 39
7 38 47
7 38 48
7 38 49
7 38 57
7 38 59
7 38 65
7 38 68
7 42 14
7 42 30
7 42 31
7 42 33
7 42 34
7 42 35
7 42 40
7 42 41
7 42 42
7 42 44
7 42 50
7 42 51
7 42 54
7 42 61
7 42 63
7 43 15
7 43 24
7 43 43
7 43 60
7 43 64
7 76 46
7 76 66
7 76 74
7 76 75
7 76 77
7 76 84
7 92 70
7 92 72
7 92 80
7 92 81
7 92 83
7 92 90
7 92 91
7 92 92
7 92 93
7 92 94
7 99 67
7 99 78
7 99 79
7 99 85
7 99 86
7 99 87
7 99 89
7 99 96
7 99 97
7 99 98
7 99 99
8 2 0
8 2 1
8 2 2
8 2 3
8 2 11
8 2 12
8 2 13
8 2 23
8 6 4
8 6 5
8 6 6
8 6 7
8 38 9
8 38 19
8 38 27
8 38 28
8 38 36
8 38 38
8 38 47
8 38 49
8 38 56
8 38 58
8 42 14
8 42 35
8 42 50
8 43 15
8 43 22
8 43 30
8 43 34
8 43 45
8 43 54
8 43 55
8 43 60
8 43 62
8 43 64
8 43 65
8 76 46
8 76 66
8 76 76
8 76 77
8 76 84
8 76 95
8 92 61
8 92 70
8 92 72
8 92 80
8 92 83
8 92 93
8 92 94
8 99 78
8 99 79
8 99 85
8 99 86
8 99 87
8 99 88
8 99 89
8 99 97
8 99 99
9 2 0
9 2 3
9 2 10
9 2 12
9 2 23
9 6 4
9 6 5
9 6 6
9 6 8
9 6 17
9 38 18
9 38 39
9 38 58
9 38 59
9 38 65
9 38 68
9 42 14
9 42 34
9 42 41
9 42 50
9 42 51
9 42 61
9 42 71
9 43 24
9 43 45
9 43 53
9 76 46
9 76 66
9 76 77
9 76 84
9 92 80
9 92 81
9 92 82
9 92 83
9 92 91
9 92 93
9 92 94
9 99 86
9 99 87
9 99 96
9 99 97
9 99 98
9 99 99
10 2 3
10 6 4
10 6 16
10 38 18
10 38 59
10 42 34
10 43 31
10 43 40
10 43 43
10 43 52
10 43 60
10 43 64
10 43 65
10 43 73
10 76 76
10 92 72
10 92 93
10 99 69
10 99 86
10 99 96
10 99 98
11 2 -1
11 6 -1
11 38 36
11 38 38
11 38 48
11 42 -1
11 43 -1
11 76 -1
11 92 -1
11 99 67
--- Done ---
