0 64 54
0 64 55
0 64 64
0 64 65
0 75 75
1 64 0
1 64 2
1 64 4
1 64 5
1 64 7
1 64 8
1 64 9
1 64 10
1 64 11
1 64 12
1 64 14
1 64 22
1 64 24
1 64 25
1 64 27
1 64 28
1 64 29
1 64 30
1 64 31
1 64 36
1 64 37
1 64 41
1 64 42
1 64 43
1 64 44
1 64 45
1 64 50
1 64 60
1 64 62
1 64 63
1 64 65
1 64 71
1 64 72
1 64 74
1 64 82
1 75 48
1 75 49
1 75 58
1 75 66
1 75 67
1 75 79
1 75 88
1 75 89
1 75 93
1 75 96
1 75 98
2 64 2
2 64 6
2 64 7
2 64 8
2 64 10
2 64 11
2 64 13
2 64 14
2 64 17
2 64 20
2 64 23
2 64 25
2 64 29
2 64 30
2 64 31
2 64 32
2 64 33
2 64 40
2 64 43
2 64 44
2 64 45
2 64 46
2 64 47
2 64 50
2 64 52
2 64 53
2 64 54
2 64 56
2 64 62
2 64 63
2 64 65
2 64 72
2 64 82
2 75 49
2 75 66
2 75 69
2 75 75
2 75 78
2 75 87
2 75 88
2 75 89
2 75 98
3 64 0
3 64 11
3 64 13
3 64 14
3 64 15
3 64 19
3 64 25
3 64 26
3 64 29
3 64 31
3 64 32
3 64 34
3 64 35
3 64 40
3 64 42
3 64 45
3 64 46
3 64 47
3 64 50
3 64 52
3 64 54
3 64 55
3 64 56
3 64 63
3 64 65
3 64 71
3 64 72
3 64 73
3 64 74
3 64 81
3 64 82
3 64 83
3 64 92
3 75 66
3 75 67
3 75 68
3 75 76
3 75 78
3 75 86
3 75 87
3 75 88
3 75 94
3 75 95
3 75 96
4 64 1
4 64 6
4 64 7
4 64 10
4 64 12
4 64 15
4 64 21
4 64 22
4 64 24
4 64 25
4 64 26
4 64 29
4 64 30
4 64 34
4 64 35
4 64 37
4 64 40
4 64 45
4 64 46
4 64 47
4 64 51
4 64 52
4 64 53
4 64 54
4 64 56
4 64 63
4 64 64
4 64 71
4 64 72
4 64 73
4 64 74
4 64 82
4 64 83
4 64 90
4 75 48
4 75 57
4 75 58
4 75 59
4 75 67
4 75 69
4 75 76
4 75 77
4 75 78
4 75 79
4 75 85
4 75 86
4 75 89
4 75 94
5 64 0
5 64 2
5 64 3
5 64 4
5 64 8
5 64 10
5 64 11
5 64 12
5 64 19
5 64 23
5 64 26
5 64 27
5 64 31
5 64 34
5 64 35
5 64 37
5 64 40
5 64 41
5 64 42
5 64 44
5 64 47
5 64 51
5 64 53
5 64 55
5 64 56
5 64 70
5 64 72
5 64 81
5 64 91
5 64 92
5 75 49
5 75 57
5 75 58
5 75 59
5 75 66
5 75 67
5 75 75
5 75 76
5 75 84
5 75 85
5 75 87
5 75 89
5 75 94
5 75 96
6 64 5
6 64 7
6 64 8
6 64 11
6 64 12
6 64 13
6 64 20
6 64 21
6 64 25
6 64 28
6 64 29
6 64 30
6 64 31
6 64 32
6 64 34
6 64 35
6 64 36
6 64 37
6 64 38
6 64 41
6 64 44
6 64 45
6 64 46
6 64 47
6 64 50
6 64 51
6 64 52
6 64 60
6 64 61
6 64 63
6 64 70
6 64 72
6 64 73
6 64 80
6 64 81
6 64 83
6 64 91
6 75 48
6 75 57
6 75 66
6 75 67
6 75 68
6 75 77
6 75 79
6 75 84
6 75 88
6 75 93
6 75 96
6 75 99
7 64 0
7 64 6
7 64 8
7 64 11
7 64 13
7 64 16
7 64 17
7 64 20
7 64 22
7 64 24
7 64 25
7 64 27
7 64 32
7 64 34
7 64 36
7 64 37
7 64 41
7 64 42
7 64 47
7 64 53
7 64 55
7 64 56
7 64 61
7 64 62
7 64 65
7 64 72
7 64 73
7 64 74
7 64 80
7 64 83
7 64 92
7 75 48
7 75 49
7 75 57
7 75 59
7 75 67
7 75 76
7 75 77
7 75 85
7 75 88
7 75 89
7 75 96
7 75 97
7 75 98
8 64 0
8 64 3
8 64 4
8 64 5
8 64 7
8 64 9
8 64 12
8 64 14
8 64 19
8 64 23
8 64 24
8 64 25
8 64 26
8 64 27
8 64 32
8 64 33
8 64 35
8 64 36
8 64 38
8 64 40
8 64 43
8 64 44
8 64 51
8 64 53
8 64 54
8 64 56
8 64 62
8 64 71
8 64 73
8 64 81
8 64 82
8 64 91
8 64 92
8 75 57
8 75 75
8 75 76
8 75 77
8 75 79
8 75 86
8 75 87
8 75 88
8 75 89
8 75 95
8 75 96
9 64 1
9 64 2
9 64 4
9 64 8
9 64 13
9 64 16
9 64 17
9 64 22
9 64 24
9 64 25
9 64 26
9 64 29
9 64 32
9 64 33
9 64 34
9 64 36
9 64 45
9 64 46
9 64 47
9 64 50
9 64 52
9 64 53
9 64 55
9 64 60
9 64 61
9 64 62
9 64 63
9 64 70
9 64 73
9 64 74
9 64 82
9 64 83
9 64 90
9 64 91
9 75 49
9 75 57
9 75 59
9 75 66
9 75 69
9 75 76
9 75 77
9 75 78
9 75 79
9 75 87
--- Done ---
