0 64 54
0 64 55
0 64 64
0 64 65
0 64 75
1 36 0
1 36 4
1 36 8
1 36 9
1 36 10
1 36 12
1 36 14
1 36 27
1 36 28
1 36 29
1 36 36
1 36 88
1 64 2
1 64 5
1 64 7
1 64 11
1 64 22
1 64 24
1 64 25
1 64 30
1 64 31
1 64 37
1 64 41
1 64 42
1 64 43
1 64 44
1 64 45
1 64 48
1 64 49
1 64 50
1 64 58
1 64 60
1 64 62
1 64 63
1 64 65
1 64 66
1 64 67
1 64 71
1 64 72
1 64 74
1 64 79
1 64 82
1 64 89
1 64 93
1 64 96
1 64 98
2 36 8
2 36 10
2 36 13
2 36 14
2 36 29
2 36 88
2 64 2
2 64 6
2 64 7
2 64 11
2 64 17
2 64 20
2 64 23
2 64 25
2 64 30
2 64 31
2 64 32
2 64 33
2 64 40
2 64 43
2 64 44
2 64 45
2 64 46
2 64 47
2 64 49
2 64 50
2 64 52
2 64 53
2 64 54
2 64 56
2 64 62
2 64 63
2 64 65
2 64 66
2 64 69
2 64 72
2 64 75
2 64 78
2 64 82
2 64 87
2 64 89
2 64 98
3 36 0
3 36 13
3 36 14
3 36 19
3 36 29
3 36 52
3 36 88
3 64 11
3 64 15
3 64 25
3 64 26
3 64 31
3 64 32
3 64 34
3 64 35
3 64 40
3 64 42
3 64 45
3 64 46
3 64 47
3 64 50
3 64 54
3 64 55
3 64 56
3 64 63
3 64 65
3 64 66
3 64 67
3 64 68
3 64 71
3 64 72
3 64 73
3 64 74
3 64 76
3 64 78
3 64 81
3 64 82
3 64 83
3 64 86
3 64 87
3 64 92
3 64 94
3 64 95
3 64 96
4 36 1
4 36 10
4 36 12
4 36 29
4 36 59
4 64 6
4 64 7
4 64 15
4 64 21
4 64 22
4 64 24
4 64 25
4 64 26
4 64 30
4 64 34
4 64 35
4 64 37
4 64 40
4 64 45
4 64 46
4 64 47
4 64 48
4 64 51
4 64 52
4 64 53
4 64 54
4 64 56
4 64 57
4 64 58
4 64 63
4 64 64
4 64 67
4 64 69
4 64 71
4 64 72
4 64 73
4 64 74
4 64 76
4 64 77
4 64 78
4 64 79
4 64 82
4 64 83
4 64 85
4 64 86
4 64 89
4 64 90
4 64 94
5 36 0
5 36 4
5 36 8
5 36 10
5 36 12
5 36 19
5 36 27
5 36 59
5 36 96
5 64 2
5 64 3
5 64 11
5 64 23
5 64 26
5 64 31
5 64 34
5 64 35
5 64 37
5 64 40
5 64 41
5 64 42
5 64 44
5 64 47
5 64 49
5 64 51
5 64 53
5 64 55
5 64 56
5 64 57
5 64 58
5 64 66
5 64 67
5 64 70
5 64 72
5 64 75
5 64 76
5 64 81
5 64 84
5 64 85
5 64 87
5 64 89
5 64 91
5 64 92
5 64 94
6 36 8
6 36 12
6 36 13
6 36 28
6 36 36
6 36 88
6 47 29
6 47 38
6 47 47
6 47 99
6 64 5
6 64 7
6 64 11
6 64 20
6 64 21
6 64 25
6 64 30
6 64 31
6 64 32
6 64 34
6 64 35
6 64 37
6 64 41
6 64 44
6 64 45
6 64 46
6 64 48
6 64 50
6 64 51
6 64 52
6 64 57
6 64 60
6 64 61
6 64 63
6 64 66
6 64 67
6 64 68
6 64 70
6 64 72
6 64 73
6 64 77
6 64 79
6 64 80
6 64 81
6 64 83
6 64 84
6 64 91
6 64 93
6 64 96
7 36 0
7 36 8
7 36 13
7 36 36
7 36 97
7 47 27
7 47 47
7 47 59
7 47 88
7 64 6
7 64 11
7 64 16
7 64 17
7 64 20
7 64 22
7 64 24
7 64 25
7 64 32
7 64 34
7 64 37
7 64 41
7 64 42
7 64 48
7 64 49
7 64 53
7 64 55
7 64 56
7 64 57
7 64 61
7 64 62
7 64 65
7 64 67
7 64 72
7 64 73
7 64 74
7 64 76
7 64 77
7 64 80
7 64 83
7 64 85
7 64 89
7 64 92
7 64 96
7 64 98
8 36 0
8 36 9
8 36 12
8 36 14
8 36 19
8 36 33
8 36 36
8 47 4
8 47 27
8 47 38
8 47 88
8 47 92
8 64 3
8 64 5
8 64 7
8 64 23
8 64 24
8 64 25
8 64 26
8 64 32
8 64 35
8 64 40
8 64 43
8 64 44
8 64 51
8 64 53
8 64 54
8 64 56
8 64 57
8 64 62
8 64 71
8 64 73
8 64 75
8 64 76
8 64 77
8 64 79
8 64 81
8 64 82
8 64 86
8 64 87
8 64 89
8 64 91
8 64 95
8 64 96
9 36 1
9 36 4
9 36 13
9 36 36
9 36 46
9 47 8
9 47 29
9 47 47
9 47 59
9 64 2
9 64 16
9 64 17
9 64 22
9 64 24
9 64 25
9 64 26
9 64 32
9 64 33
9 64 34
9 64 45
9 64 49
9 64 50
9 64 52
9 64 53
9 64 55
9 64 57
9 64 60
9 64 61
9 64 62
9 64 63
9 64 66
9 64 69
9 64 70
9 64 73
9 64 74
9 64 76
9 64 77
9 64 78
9 64 79
9 64 82
9 64 83
9 64 87
9 64 90
9 64 91
--- Done ---
