0 64 54
0 64 55
0 64 64
0 64 65
0 64 75
1 33 0
1 33 2
1 33 4
1 33 5
1 33 10
1 33 12
1 33 14
1 33 27
1 33 30
1 33 41
1 33 60
1 33 74
1 48 8
1 48 9
1 48 24
1 48 28
1 48 29
1 48 36
1 48 37
1 48 48
1 48 49
1 48 58
1 48 66
1 48 79
1 48 88
1 48 89
1 48 98
1 64 7
1 64 11
1 64 22
1 64 25
1 64 31
1 64 42
1 64 43
1 64 44
1 64 45
1 64 50
1 64 62
1 64 63
1 64 65
1 64 67
1 64 71
1 64 72
1 64 82
1 64 93
1 64 96
2 33 2
2 33 7
2 33 10
2 33 13
2 33 14
2 33 20
2 33 30
2 33 33
2 33 46
2 33 62
2 48 6
2 48 8
2 48 17
2 48 29
2 48 78
2 48 88
2 48 98
2 64 11
2 64 23
2 64 25
2 64 31
2 64 32
2 64 40
2 64 43
2 64 44
2 64 45
2 64 47
2 64 49
2 64 50
2 64 52
2 64 53
2 64 54
2 64 56
2 64 63
2 64 65
2 64 66
2 64 69
2 64 72
2 64 75
2 64 82
2 64 87
2 64 89
3 33 0
3 33 13
3 33 15
3 33 26
3 33 31
3 33 32
3 33 35
3 33 40
3 33 42
3 33 45
3 33 71
3 48 14
3 48 19
3 48 29
3 48 47
3 48 65
3 48 66
3 48 67
3 48 68
3 48 88
3 64 11
3 64 25
3 64 34
3 64 46
3 64 50
3 64 52
3 64 54
3 64 55
3 64 56
3 64 63
3 64 72
3 64 73
3 64 74
3 64 76
3 64 78
3 64 81
3 64 82
3 64 83
3 64 86
3 64 87
3 64 92
3 64 94
3 64 95
3 64 96
4 37 1
4 37 15
4 37 29
4 37 37
4 37 48
4 37 58
4 37 59
4 37 79
4 40 10
4 40 12
4 40 21
4 40 24
4 40 30
4 40 40
4 40 82
4 64 6
4 64 7
4 64 22
4 64 25
4 64 26
4 64 34
4 64 35
4 64 45
4 64 46
4 64 47
4 64 51
4 64 52
4 64 53
4 64 54
4 64 56
4 64 57
4 64 63
4 64 64
4 64 67
4 64 69
4 64 71
4 64 72
4 64 73
4 64 74
4 64 76
4 64 77
4 64 78
4 64 83
4 64 85
4 64 86
4 64 89
4 64 90
4 64 94
5 37 8
5 37 19
5 37 27
5 37 37
5 37 58
5 37 59
5 37 72
5 40 0
5 40 2
5 40 4
5 40 10
5 40 12
5 40 40
5 40 41
5 64 3
5 64 11
5 64 23
5 64 26
5 64 31
5 64 34
5 64 35
5 64 42
5 64 44
5 64 47
5 64 49
5 64 51
5 64 53
5 64 55
5 64 56
5 64 57
5 64 66
5 64 67
5 64 75
5 64 76
5 64 81
5 64 84
5 64 85
5 64 87
5 64 89
5 64 92
5 64 94
5 64 96
5 83 70
5 83 91
6 42 12
6 42 13
6 42 20
6 42 21
6 42 41
6 42 60
6 42 70
6 42 91
6 48 8
6 48 28
6 48 29
6 48 38
6 48 48
6 48 79
6 48 88
6 64 7
6 64 11
6 64 25
6 64 31
6 64 32
6 64 34
6 64 35
6 64 36
6 64 37
6 64 44
6 64 45
6 64 46
6 64 47
6 64 50
6 64 51
6 64 52
6 64 57
6 64 61
6 64 63
6 64 66
6 64 67
6 64 68
6 64 72
6 64 73
6 64 77
6 64 80
6 64 81
6 64 84
6 64 93
6 64 96
6 83 5
6 83 30
6 83 83
6 83 99
7 42 0
7 42 13
7 42 17
7 42 20
7 42 24
7 42 25
7 42 34
7 42 41
7 42 42
7 42 56
7 42 61
7 42 62
7 42 65
7 48 8
7 48 16
7 48 27
7 48 36
7 48 47
7 48 48
7 48 49
7 48 59
7 48 67
7 48 76
7 48 88
7 48 89
7 48 98
7 64 6
7 64 11
7 64 22
7 64 32
7 64 37
7 64 53
7 64 55
7 64 57
7 64 72
7 64 73
7 64 74
7 64 77
7 64 80
7 64 83
7 64 85
7 64 92
7 64 96
7 64 97
8 42 0
8 42 4
8 42 5
8 42 12
8 42 26
8 42 32
8 42 35
8 42 40
8 42 54
8 42 62
8 42 71
8 42 73
8 42 81
8 42 91
8 48 9
8 48 14
8 48 19
8 48 24
8 48 27
8 48 38
8 48 77
8 48 79
8 48 88
8 48 96
8 64 3
8 64 7
8 64 23
8 64 25
8 64 33
8 64 36
8 64 43
8 64 44
8 64 51
8 64 53
8 64 56
8 64 57
8 64 75
8 64 76
8 64 82
8 64 86
8 64 87
8 64 89
8 64 92
8 64 95
9 37 1
9 37 8
9 37 16
9 37 17
9 37 24
9 37 29
9 37 33
9 37 36
9 37 53
9 37 57
9 37 59
9 37 63
9 37 69
9 37 74
9 37 77
9 37 79
9 50 2
9 50 4
9 50 13
9 50 50
9 50 52
9 50 60
9 50 70
9 50 73
9 50 91
9 64 22
9 64 25
9 64 26
9 64 32
9 64 34
9 64 45
9 64 46
9 64 47
9 64 49
9 64 55
9 64 61
9 64 62
9 64 66
9 64 76
9 64 78
9 64 82
9 64 83
9 64 87
9 64 90
--- Done ---
