0 43 52
0 43 53
0 43 62
0 43 63
1 35 1
1 35 2
1 35 7
1 35 8
1 35 13
1 35 14
1 35 16
1 35 19
1 35 20
1 35 27
1 35 37
1 35 45
1 35 46
1 35 64
1 35 73
1 43 12
1 43 23
1 43 24
1 43 30
1 43 40
1 43 53
1 43 60
1 43 62
1 43 63
1 43 81
1 77 48
1 77 68
1 77 69
1 77 77
1 77 78
1 77 88
1 77 92
1 77 93
1 77 96
1 77 98
1 77 99
2 31 1
2 31 2
2 31 10
2 31 14
2 31 20
2 31 40
2 31 41
2 31 70
2 31 90
2 35 7
2 35 11
2 35 17
2 35 19
2 35 34
2 35 44
2 35 49
2 35 52
2 35 53
2 35 61
2 35 68
2 35 69
2 35 73
2 43 5
2 43 12
2 43 15
2 43 22
2 43 24
2 43 32
2 43 33
2 43 46
2 43 50
2 43 51
2 43 62
2 43 63
2 43 80
2 43 81
2 43 82
2 43 91
2 77 45
2 77 72
2 77 74
2 77 76
2 77 77
2 77 79
2 77 89
2 77 92
2 77 93
2 77 94
2 77 99
3 31 0
3 31 10
3 31 13
3 31 22
3 31 24
3 31 25
3 31 31
3 31 41
3 31 42
3 31 51
3 31 52
3 31 61
3 31 62
3 31 63
3 31 64
3 31 90
3 35 2
3 35 3
3 35 4
3 35 8
3 35 11
3 35 16
3 35 20
3 35 28
3 35 35
3 35 36
3 35 37
3 35 48
3 35 54
3 35 75
3 35 85
3 43 7
3 43 21
3 43 23
3 43 26
3 43 40
3 43 43
3 43 44
3 43 46
3 43 50
3 43 53
3 43 57
3 43 58
3 43 60
3 43 66
3 43 80
3 43 82
3 43 83
3 43 91
3 77 29
3 77 39
3 77 45
3 77 67
3 77 73
3 77 74
3 77 78
3 77 79
3 77 84
3 77 87
3 77 88
3 77 89
3 77 92
3 77 93
3 77 94
3 77 95
3 77 97
3 77 98
3 77 99
4 31 0
4 31 1
4 31 2
4 31 10
4 31 20
4 31 21
4 31 23
4 31 24
4 31 25
4 31 31
4 31 33
4 31 52
4 31 70
4 31 90
4 31 96
4 35 8
4 35 9
4 35 18
4 35 19
4 35 27
4 35 28
4 35 34
4 35 35
4 35 36
4 35 42
4 35 44
4 35 45
4 35 46
4 35 53
4 35 54
4 35 55
4 35 64
4 43 7
4 43 11
4 43 12
4 43 13
4 43 14
4 43 15
4 43 16
4 43 22
4 43 32
4 43 40
4 43 50
4 43 51
4 43 56
4 43 57
4 43 60
4 43 61
4 43 62
4 43 66
4 43 67
4 43 73
4 43 80
4 43 81
4 43 82
4 43 91
4 77 29
4 77 37
4 77 39
4 77 47
4 77 48
4 77 58
4 77 59
4 77 65
4 77 68
4 77 72
4 77 74
4 77 75
4 77 76
4 77 77
4 77 79
4 77 84
4 77 85
4 77 87
4 77 88
4 77 89
4 77 97
4 77 98
4 77 99
5 6 1
5 6 3
5 6 5
5 6 6
5 6 8
5 6 10
5 6 13
5 6 14
5 6 15
5 6 16
5 6 18
5 6 19
5 6 22
5 6 23
5 6 24
5 6 26
5 6 27
5 6 48
5 6 55
5 6 58
5 31 0
5 31 2
5 31 11
5 31 12
5 31 20
5 31 21
5 31 25
5 31 30
5 31 31
5 31 32
5 31 33
5 31 41
5 31 42
5 31 51
5 31 52
5 31 60
5 31 62
5 31 64
5 31 70
5 35 9
5 35 17
5 35 53
5 43 7
5 43 38
5 43 43
5 43 44
5 43 46
5 43 54
5 43 57
5 43 61
5 43 63
5 43 66
5 43 71
5 43 73
5 43 74
5 43 80
5 43 81
5 43 82
5 43 91
5 43 94
5 77 29
5 77 47
5 77 49
5 77 65
5 77 67
5 77 68
5 77 69
5 77 75
5 77 76
5 77 78
5 77 79
5 77 83
5 77 84
5 77 85
5 77 86
5 77 88
5 77 89
5 77 93
5 77 95
5 77 98
5 77 99
6 6 6
6 6 21
6 6 22
6 6 25
6 6 27
6 6 28
6 6 34
6 6 36
6 6 37
6 6 45
6 6 55
6 31 0
6 31 10
6 31 11
6 31 12
6 31 14
6 31 20
6 31 40
6 31 42
6 31 70
6 31 73
6 31 90
6 31 96
6 35 4
6 35 5
6 35 7
6 35 8
6 35 9
6 35 17
6 35 18
6 35 19
6 35 23
6 35 35
6 35 47
6 35 49
6 35 56
6 35 58
6 35 68
6 35 69
6 35 85
6 43 2
6 43 3
6 43 13
6 43 16
6 43 24
6 43 26
6 43 30
6 43 33
6 43 38
6 43 43
6 43 50
6 43 51
6 43 52
6 43 53
6 43 54
6 43 60
6 43 61
6 43 62
6 43 63
6 43 71
6 43 80
6 43 81
6 43 82
6 43 94
6 77 29
6 77 39
6 77 46
6 77 48
6 77 57
6 77 74
6 77 75
6 77 77
6 77 84
6 77 86
6 77 89
6 77 92
6 77 93
6 77 95
6 77 97
6 77 98
6 77 99
7 6 1
7 6 4
7 6 8
7 6 9
7 6 16
7 6 17
7 6 18
7 6 24
7 6 25
7 6 26
7 6 27
7 6 28
7 6 37
7 6 45
7 6 48
7 6 58
7 31 0
7 31 2
7 31 3
7 31 10
7 31 12
7 31 21
7 31 23
7 31 30
7 31 31
7 31 32
7 31 36
7 31 40
7 31 42
7 31 62
7 31 63
7 31 64
7 31 70
7 31 90
7 35 7
7 35 20
7 35 35
7 35 44
7 35 53
7 35 55
7 35 57
7 35 68
7 43 5
7 43 11
7 43 22
7 43 34
7 43 38
7 43 41
7 43 43
7 43 46
7 43 51
7 43 54
7 43 60
7 43 61
7 43 66
7 43 67
7 43 71
7 43 72
7 43 73
7 43 74
7 43 76
7 43 80
7 43 82
7 43 91
7 43 94
7 77 29
7 77 39
7 77 49
7 77 59
7 77 69
7 77 75
7 77 78
7 77 79
7 77 84
7 77 85
7 77 87
7 77 88
7 77 89
7 77 92
7 77 95
7 77 96
7 77 97
7 77 99
8 6 3
8 6 4
8 6 6
8 6 8
8 6 18
8 6 21
8 6 28
8 6 29
8 6 39
8 31 0
8 31 10
8 31 12
8 31 31
8 31 36
8 31 41
8 31 60
8 31 63
8 31 67
8 31 90
8 31 96
8 35 1
8 35 5
8 35 9
8 35 20
8 35 24
8 35 27
8 35 35
8 35 45
8 35 47
8 35 48
8 35 49
8 35 52
8 35 56
8 35 65
8 35 66
8 35 68
8 35 75
8 35 85
8 43 2
8 43 7
8 43 11
8 43 13
8 43 14
8 43 25
8 43 30
8 43 32
8 43 33
8 43 37
8 43 38
8 43 46
8 43 50
8 43 51
8 43 55
8 43 57
8 43 62
8 43 71
8 43 76
8 43 80
8 43 82
8 43 83
8 43 91
8 43 94
8 77 59
8 77 77
8 77 79
8 77 84
8 77 86
8 77 87
8 77 88
8 77 93
8 77 95
8 77 97
8 77 98
8 77 99
9 6 1
9 6 3
9 6 6
9 6 8
9 6 10
9 6 15
9 6 17
9 6 19
9 6 24
9 6 28
9 6 48
9 31 21
9 31 31
9 31 36
9 31 41
9 31 51
9 31 56
9 31 60
9 31 70
9 35 7
9 35 20
9 35 23
9 35 26
9 35 33
9 35 35
9 35 42
9 35 44
9 35 46
9 35 53
9 35 54
9 35 55
9 35 62
9 43 2
9 43 30
9 43 34
9 43 40
9 43 43
9 43 45
9 43 50
9 43 52
9 43 63
9 43 65
9 43 71
9 43 80
9 43 81
9 43 91
9 77 39
9 77 59
9 77 74
9 77 75
9 77 77
9 77 78
9 77 85
9 77 86
9 77 92
9 77 93
9 77 98
9 77 99
10 6 28
10 6 39
10 31 10
10 31 20
10 31 34
10 35 17
10 35 27
10 35 35
10 35 68
10 35 75
10 43 2
10 43 7
10 43 12
10 43 15
10 43 16
10 43 30
10 43 32
10 43 36
10 43 37
10 43 43
10 43 46
10 43 52
10 43 53
10 43 57
10 43 58
10 43 67
10 43 71
10 43 72
10 43 74
10 43 76
10 43 81
10 43 82
10 43 83
10 43 94
10 77 77
10 77 78
10 77 88
10 77 89
10 77 93
10 77 97
10 77 99
11 6 55
11 31 0
11 31 34
11 31 50
11 31 72
11 35 8
11 35 9
11 35 18
11 35 19
11 35 28
11 35 35
11 35 49
11 35 63
11 43 13
11 43 38
11 43 40
11 43 73
11 43 82
11 77 79
11 77 87
--- Done ---
