0 33 52
0 33 53
0 33 62
0 47 63
1 11 -1
1 33 53
1 33 1
1 33 2
1 33 12
1 33 13
1 33 20
1 33 23
1 33 30
1 33 45
1 33 62
1 33 92
1 33 14
1 33 16
1 39 8
1 39 19
1 39 27
1 39 37
1 39 48
1 39 68
1 39 88
1 39 46
1 47 7
1 47 24
1 71 60
1 71 73
1 71 81
1 71 93
1 71 40
1 71 63
1 71 64
1 89 77
1 89 98
1 89 99
1 89 69
1 89 78
1 89 96
2 11 5
2 11 11
2 33 15
2 33 53
2 33 1
2 33 2
2 33 10
2 33 12
2 33 20
2 33 22
2 33 32
2 33 33
2 33 45
2 33 50
2 33 51
2 33 52
2 33 92
2 39 -1
2 47 7
2 47 17
2 47 19
2 47 49
2 47 68
2 47 14
2 47 24
2 47 34
2 47 46
2 71 61
2 71 72
2 71 73
2 71 74
2 71 80
2 71 81
2 71 82
2 71 90
2 71 91
2 71 93
2 71 40
2 71 62
2 71 63
2 71 70
2 71 41
2 71 44
2 89 76
2 89 77
2 89 79
2 89 94
2 89 99
2 89 69
2 89 89
3 11 0
3 11 2
3 11 3
3 11 10
3 11 11
3 11 20
3 11 21
3 11 22
3 11 40
3 11 24
3 33 -1
3 39 8
3 39 29
3 39 28
3 39 39
3 39 16
3 44 4
3 44 53
3 44 61
3 44 83
3 44 13
3 44 23
3 44 25
3 44 26
3 44 31
3 44 45
3 44 52
3 44 54
3 44 63
3 44 64
3 44 74
3 47 7
3 71 60
3 71 73
3 71 80
3 71 82
3 71 90
3 71 91
3 71 93
3 71 50
3 71 51
3 71 62
3 71 92
3 71 41
3 71 42
3 71 43
3 71 44
3 71 84
3 71 35
3 77 85
3 77 95
3 77 97
3 77 79
3 77 87
3 77 98
3 77 37
3 77 67
3 77 75
3 77 36
3 77 48
3 77 78
3 77 88
3 77 46
3 77 57
3 77 58
3 77 66
3 89 94
3 89 99
3 89 89
4 11 0
4 11 1
4 11 2
4 11 10
4 11 11
4 11 20
4 11 21
4 11 22
4 11 40
4 11 70
4 11 33
4 11 14
4 11 34
4 11 42
4 33 15
4 33 53
4 33 62
4 33 12
4 33 13
4 33 23
4 33 24
4 33 25
4 33 31
4 33 32
4 39 8
4 39 9
4 39 29
4 39 18
4 39 19
4 39 27
4 39 28
4 39 39
4 39 16
4 39 37
4 39 59
4 39 68
4 39 88
4 39 36
4 39 46
4 39 48
4 39 57
4 39 58
4 39 66
4 44 44
4 47 7
4 47 45
4 47 47
4 71 60
4 71 73
4 71 80
4 71 81
4 71 82
4 71 90
4 71 91
4 71 50
4 71 51
4 71 61
4 71 72
4 71 52
4 71 64
4 71 74
4 71 84
4 71 35
4 71 55
4 77 85
4 77 97
4 77 77
4 77 79
4 77 87
4 77 98
4 77 54
4 77 56
4 77 67
4 77 75
4 77 76
4 77 96
4 77 65
4 89 99
4 89 89
5 11 0
5 11 5
5 11 1
5 11 2
5 11 3
5 11 10
5 11 11
5 11 20
5 11 21
5 11 22
5 11 30
5 11 12
5 11 13
5 11 23
5 11 31
5 11 32
5 11 70
5 11 14
5 11 24
5 11 41
5 33 33
5 33 54
5 39 8
5 39 9
5 39 29
5 39 17
5 39 18
5 39 19
5 39 27
5 39 38
5 39 26
5 39 16
5 39 48
5 39 49
5 39 68
5 39 88
5 39 46
5 39 57
5 39 58
5 39 66
5 44 6
5 44 15
5 44 53
5 44 61
5 47 7
5 47 25
5 47 47
5 47 55
5 71 60
5 71 71
5 71 73
5 71 80
5 71 81
5 71 82
5 71 91
5 71 93
5 71 51
5 71 83
5 71 52
5 71 62
5 71 63
5 71 64
5 71 74
5 71 42
5 71 43
5 71 44
5 71 84
5 77 85
5 77 95
5 89 94
5 89 99
5 89 75
5 89 76
5 89 79
5 89 86
5 89 98
5 89 65
5 89 67
5 89 69
5 89 78
5 89 89
6 11 0
6 11 5
6 11 2
6 11 3
6 11 10
6 11 11
6 11 20
6 11 21
6 11 22
6 11 30
6 11 40
6 11 12
6 11 13
6 11 23
6 11 24
6 11 14
6 11 34
6 11 43
6 33 33
6 39 8
6 39 9
6 39 29
6 39 17
6 39 18
6 39 19
6 39 27
6 39 28
6 39 38
6 39 39
6 39 26
6 39 37
6 39 49
6 39 68
6 39 16
6 39 36
6 39 48
6 39 57
6 39 58
6 39 46
6 44 4
6 44 6
6 44 53
6 44 25
6 44 45
6 44 42
6 47 7
6 47 47
6 71 60
6 71 71
6 71 73
6 71 80
6 71 81
6 71 82
6 71 90
6 71 93
6 71 50
6 71 51
6 71 61
6 71 62
6 71 70
6 71 92
6 71 52
6 71 63
6 71 74
6 71 35
6 71 55
6 77 85
6 77 95
6 77 97
6 77 77
6 77 86
6 77 98
6 77 54
6 77 56
6 77 69
6 77 75
6 77 84
6 77 96
6 89 94
6 89 99
6 89 89
7 11 0
7 11 5
7 11 1
7 11 2
7 11 3
7 11 10
7 11 11
7 11 20
7 11 21
7 11 22
7 11 30
7 11 40
7 11 70
7 11 12
7 11 23
7 11 24
7 11 31
7 11 32
7 11 34
7 11 41
7 11 42
7 11 43
7 33 -1
7 39 8
7 39 9
7 39 29
7 39 17
7 39 18
7 39 27
7 39 28
7 39 38
7 39 39
7 39 26
7 39 37
7 39 49
7 39 59
7 39 68
7 39 88
7 39 16
7 39 36
7 39 48
7 39 57
7 39 58
7 39 66
7 44 4
7 44 53
7 44 25
7 44 45
7 44 54
7 44 75
7 44 76
7 44 44
7 44 46
7 47 7
7 71 60
7 71 71
7 71 73
7 71 80
7 71 82
7 71 90
7 71 91
7 71 51
7 71 61
7 71 62
7 71 72
7 71 92
7 71 63
7 71 64
7 71 74
7 71 84
7 71 35
7 71 55
7 77 85
7 77 95
7 77 97
7 89 94
7 89 99
7 89 79
7 89 87
7 89 67
7 89 69
7 89 78
7 89 89
7 89 96
8 11 0
8 11 5
8 11 1
8 11 2
8 11 3
8 11 10
8 11 11
8 11 20
8 11 21
8 11 30
8 11 12
8 11 13
8 11 24
8 11 31
8 11 32
8 11 14
8 11 41
8 33 33
8 39 8
8 39 9
8 39 29
8 39 18
8 39 27
8 39 28
8 39 38
8 39 39
8 39 46
8 39 66
8 44 4
8 44 6
8 47 7
8 47 25
8 47 45
8 47 47
8 71 60
8 71 71
8 71 80
8 71 82
8 71 90
8 71 91
8 71 93
8 71 50
8 71 51
8 71 62
8 71 83
8 71 52
8 71 63
8 71 35
8 71 55
8 77 85
8 77 95
8 77 97
8 77 77
8 77 79
8 77 86
8 77 87
8 77 98
8 77 37
8 77 49
8 77 56
8 77 59
8 77 67
8 77 68
8 77 75
8 77 76
8 77 84
8 77 88
8 77 96
8 77 36
8 77 48
8 77 57
8 77 65
8 89 94
8 89 99
9 11 1
9 11 2
9 11 3
9 11 10
9 11 20
9 11 21
9 11 30
9 11 40
9 11 23
9 11 24
9 11 31
9 11 34
9 33 33
9 39 8
9 39 17
9 39 19
9 39 28
9 39 39
9 39 26
9 39 59
9 44 6
9 44 15
9 44 53
9 44 45
9 44 54
9 44 56
9 44 75
9 44 36
9 44 44
9 44 48
9 44 65
9 44 46
9 47 7
9 71 60
9 71 71
9 71 80
9 71 81
9 71 91
9 71 93
9 71 50
9 71 51
9 71 62
9 71 70
9 71 92
9 71 52
9 71 63
9 71 74
9 71 41
9 71 42
9 71 43
9 71 35
9 71 55
9 77 85
9 77 77
9 89 99
9 89 86
9 89 98
9 89 78
10 11 2
10 11 10
10 11 20
10 11 30
10 11 12
10 11 32
10 33 15
10 33 53
10 39 39
10 44 -1
10 47 7
10 47 17
10 47 27
10 47 28
10 47 37
10 47 67
10 47 68
10 47 78
10 47 16
10 47 34
10 47 36
10 47 57
10 47 58
10 47 35
10 47 46
10 71 71
10 71 81
10 71 82
10 71 93
10 71 72
10 71 83
10 71 52
10 71 74
10 71 43
10 77 97
10 77 77
10 77 75
10 77 76
10 77 88
10 89 94
10 89 99
10 89 89
11 11 0
11 11 13
11 11 34
11 33 -1
11 39 8
11 39 9
11 39 18
11 39 19
11 39 28
11 39 38
11 39 49
11 44 -1
11 47 -1
11 71 73
11 71 82
11 71 40
11 71 50
11 71 72
11 71 63
11 71 35
11 71 55
11 77 79
11 77 87
11 89 -1
--- Done ---
