0 33 52
0 33 53
0 33 62
0 33 63
1 33 12
1 33 30
1 33 40
1 35 7
1 35 8
1 35 19
1 35 48
1 35 1
1 35 2
1 35 13
1 35 14
1 35 16
1 35 20
1 35 24
1 35 27
1 35 37
1 35 62
1 35 63
1 35 69
1 35 73
1 35 23
1 35 45
1 35 46
1 85 60
1 85 78
1 85 81
1 85 88
1 85 93
1 85 96
1 85 98
1 85 99
1 85 77
1 85 92
1 85 53
1 85 64
1 85 68
2 33 12
2 33 50
2 33 33
2 35 7
2 35 17
2 35 19
2 35 49
2 35 1
2 35 2
2 35 5
2 35 69
2 35 11
2 35 14
2 35 15
2 35 20
2 35 22
2 35 24
2 35 44
2 35 51
2 35 52
2 35 62
2 35 63
2 35 73
2 35 76
2 35 32
2 35 34
2 35 61
2 54 89
2 54 90
2 54 10
2 54 40
2 54 53
2 54 68
2 85 79
2 85 81
2 85 82
2 85 91
2 85 99
2 85 70
2 85 72
2 85 74
2 85 80
2 85 93
2 85 94
2 85 41
2 85 77
2 85 92
2 85 45
2 85 46
3 33 0
3 33 29
3 33 50
3 33 2
3 33 4
3 33 10
3 33 21
3 33 31
3 33 40
3 33 3
3 33 11
3 33 13
3 33 16
3 33 20
3 33 22
3 33 41
3 33 43
3 33 51
3 33 52
3 33 23
3 33 24
3 33 25
3 33 37
3 33 42
3 33 44
3 33 63
3 35 8
3 35 28
3 35 35
3 35 45
3 35 46
3 35 53
3 35 57
3 35 61
3 35 64
3 35 66
3 35 67
3 35 73
3 35 75
3 54 90
3 54 54
3 66 39
3 66 7
3 66 78
3 66 79
3 66 82
3 66 87
3 66 89
3 66 95
3 66 97
3 66 98
3 66 48
3 66 58
3 66 74
3 66 80
3 66 83
3 66 84
3 66 88
3 66 93
3 66 94
3 66 62
3 66 92
3 66 26
3 66 36
3 85 91
3 85 99
3 85 60
3 85 85
4 33 0
4 33 12
4 33 29
4 33 50
4 33 1
4 33 2
4 33 10
4 33 21
4 33 31
4 33 40
4 33 70
4 33 11
4 33 13
4 33 14
4 33 16
4 33 20
4 33 22
4 33 27
4 33 51
4 33 52
4 33 15
4 33 24
4 35 8
4 35 9
4 35 18
4 35 19
4 35 28
4 35 23
4 35 35
4 35 42
4 35 62
4 35 32
4 35 34
4 35 36
4 35 45
4 35 46
4 35 47
4 35 73
4 35 75
4 35 76
4 35 85
4 54 90
4 54 54
4 66 39
4 66 59
4 66 7
4 66 79
4 66 81
4 66 82
4 66 87
4 66 89
4 66 97
4 66 98
4 66 48
4 66 56
4 66 58
4 66 72
4 66 74
4 66 80
4 66 84
4 66 88
4 66 96
4 66 25
4 66 33
4 66 37
4 66 44
4 85 91
4 85 99
4 85 60
4 85 77
4 85 53
4 85 55
4 85 57
4 85 61
4 85 64
4 85 65
4 85 66
4 85 67
4 85 68
5 33 0
5 33 12
5 33 29
5 33 30
5 33 10
5 33 31
5 33 70
5 33 22
5 33 27
5 33 43
5 33 51
5 33 52
5 33 15
5 33 23
5 33 24
5 33 25
5 33 33
5 33 38
5 33 41
5 33 42
5 33 44
5 33 32
5 33 46
5 35 6
5 35 8
5 35 9
5 35 18
5 35 19
5 35 1
5 35 2
5 35 5
5 35 7
5 35 17
5 35 21
5 35 49
5 35 3
5 35 11
5 35 13
5 35 14
5 35 16
5 35 20
5 54 71
5 54 89
5 54 48
5 54 58
5 54 62
5 54 63
5 54 94
5 54 26
5 54 54
5 54 61
5 54 64
5 54 65
5 54 66
5 54 68
5 54 75
5 66 53
5 66 55
5 66 57
5 85 91
5 85 99
5 85 60
5 85 78
5 85 79
5 85 81
5 85 82
5 85 95
5 85 98
5 85 69
5 85 47
5 85 67
5 85 73
5 85 74
5 85 76
5 85 80
5 85 83
5 85 84
5 85 85
5 85 86
5 85 88
5 85 93
6 33 0
6 33 12
6 33 29
6 33 30
6 33 50
6 33 2
6 33 4
6 33 5
6 33 10
6 33 21
6 33 40
6 33 70
6 33 3
6 33 11
6 33 13
6 33 14
6 33 16
6 33 20
6 33 22
6 35 6
6 35 8
6 35 9
6 35 18
6 35 19
6 35 7
6 35 17
6 35 28
6 35 49
6 35 27
6 35 43
6 35 51
6 35 52
6 35 23
6 35 24
6 35 25
6 35 33
6 35 35
6 35 37
6 35 38
6 35 48
6 35 58
6 54 71
6 54 90
6 54 60
6 54 89
6 54 56
6 54 62
6 54 63
6 54 54
6 54 73
6 54 74
6 54 75
6 54 77
6 54 80
6 54 84
6 54 85
6 54 86
6 54 92
6 54 94
6 66 39
6 66 93
6 66 96
6 85 99
6 85 81
6 85 82
6 85 95
6 85 97
6 85 98
6 85 42
6 85 69
6 85 26
6 85 34
6 85 36
6 85 45
6 85 46
6 85 47
6 85 53
6 85 55
6 85 57
6 85 61
6 85 68
7 33 0
7 33 12
7 33 29
7 33 30
7 33 1
7 33 2
7 33 4
7 33 5
7 33 10
7 33 21
7 33 31
7 33 40
7 33 70
7 33 3
7 33 11
7 33 16
7 33 20
7 33 22
7 33 27
7 33 41
7 33 43
7 33 51
7 33 23
7 33 24
7 33 25
7 35 8
7 35 9
7 35 18
7 35 7
7 35 17
7 35 28
7 35 49
7 35 48
7 35 58
7 35 69
7 35 35
7 35 37
7 35 38
7 35 44
7 35 62
7 35 63
7 35 36
7 35 46
7 54 71
7 54 90
7 54 54
7 66 39
7 66 59
7 66 89
7 66 45
7 66 53
7 66 55
7 66 57
7 66 61
7 66 64
7 66 66
7 66 67
7 66 68
7 66 73
7 66 75
7 66 76
7 66 85
7 85 91
7 85 99
7 85 60
7 85 78
7 85 79
7 85 82
7 85 87
7 85 95
7 85 97
7 85 72
7 85 74
7 85 80
7 85 84
7 85 88
7 85 94
7 85 96
7 85 42
7 85 92
7 85 26
7 85 32
7 85 34
8 33 0
8 33 12
8 33 29
8 33 30
8 33 50
8 33 1
8 33 2
8 33 4
8 33 5
8 33 10
8 33 21
8 33 31
8 33 3
8 33 11
8 33 13
8 33 14
8 33 20
8 33 27
8 33 41
8 33 51
8 33 52
8 33 24
8 33 25
8 35 6
8 35 8
8 35 9
8 35 18
8 35 7
8 35 28
8 35 49
8 35 48
8 35 56
8 35 33
8 35 35
8 35 37
8 35 38
8 35 62
8 35 63
8 35 57
8 35 65
8 35 67
8 35 68
8 35 75
8 35 76
8 35 85
8 54 71
8 54 90
8 66 39
8 66 59
8 66 66
8 85 91
8 85 99
8 85 60
8 85 79
8 85 82
8 85 87
8 85 95
8 85 97
8 85 98
8 85 80
8 85 83
8 85 84
8 85 86
8 85 88
8 85 93
8 85 94
8 85 96
8 85 77
8 85 32
8 85 36
8 85 45
8 85 46
8 85 47
8 85 55
9 33 30
9 33 50
9 33 10
9 33 31
9 33 40
9 33 33
9 35 6
9 35 8
9 35 19
9 35 1
9 35 2
9 35 7
9 35 17
9 35 21
9 35 28
9 35 3
9 35 20
9 35 43
9 35 48
9 35 51
9 35 52
9 35 56
9 35 15
9 35 23
9 35 24
9 35 35
9 35 42
9 35 44
9 35 62
9 35 63
9 35 26
9 35 34
9 35 36
9 54 71
9 54 54
9 66 39
9 66 59
9 85 91
9 85 99
9 85 60
9 85 70
9 85 78
9 85 81
9 85 98
9 85 41
9 85 74
9 85 80
9 85 86
9 85 93
9 85 77
9 85 85
9 85 92
9 85 45
9 85 46
9 85 53
9 85 55
9 85 65
9 85 75
10 33 12
10 33 30
10 33 2
10 33 10
10 33 16
10 33 20
10 33 27
10 33 43
10 33 52
10 35 35
10 54 71
10 54 28
10 66 39
10 66 7
10 66 17
10 66 78
10 66 81
10 66 82
10 66 89
10 66 97
10 66 58
10 66 72
10 66 74
10 66 83
10 66 88
10 66 93
10 66 94
10 66 15
10 66 37
10 66 67
10 66 76
10 66 77
10 66 32
10 66 34
10 66 36
10 66 46
10 66 53
10 66 57
10 66 68
10 66 75
10 85 99
11 33 0
11 33 50
11 33 40
11 35 8
11 35 9
11 35 18
11 35 19
11 35 28
11 35 49
11 35 13
11 35 35
11 35 38
11 35 63
11 35 73
11 35 34
11 35 55
11 54 -1
11 66 79
11 66 82
11 66 87
11 66 72
11 85 -1
--- Done ---
