0 33 52
0 33 53
0 33 62
0 33 63
0 62 -1
1 12 -1
1 14 -1
1 28 -1
1 33 1
1 33 2
1 33 8
1 33 12
1 33 13
1 33 14
1 33 16
1 33 19
1 33 20
1 33 23
1 33 24
1 33 27
1 33 30
1 33 37
1 33 45
1 33 46
1 33 68
1 33 77
1 33 92
1 33 98
1 62 7
1 62 40
1 62 48
1 62 53
1 62 60
1 62 62
1 62 63
1 62 64
1 62 69
1 62 73
1 62 78
1 62 81
1 62 88
1 62 93
1 62 96
1 62 99
1 67 -1
1 74 -1
1 77 -1
2 8 -1
2 12 1
2 12 2
2 12 10
2 12 11
2 12 12
2 14 5
2 14 14
2 14 15
2 14 24
2 28 7
2 28 17
2 28 19
2 33 20
2 33 22
2 33 32
2 33 33
2 33 34
2 33 44
2 33 51
2 62 40
2 62 41
2 62 50
2 62 52
2 62 53
2 62 61
2 62 62
2 62 63
2 62 81
2 62 90
2 65 -1
2 67 45
2 67 46
2 67 49
2 67 68
2 67 69
2 67 99
2 74 70
2 74 72
2 74 73
2 74 74
2 74 80
2 74 82
2 74 91
2 74 92
2 74 93
2 74 94
2 77 76
2 77 77
2 77 79
2 77 89
2 88 -1
2 91 -1
3 8 7
3 8 8
3 12 0
3 12 2
3 12 3
3 12 10
3 12 11
3 12 13
3 12 21
3 12 31
3 14 4
3 14 16
3 14 24
3 14 25
3 14 26
3 28 28
3 28 29
3 28 37
3 28 39
3 28 48
3 33 20
3 33 22
3 33 23
3 33 42
3 33 43
3 33 44
3 33 51
3 62 40
3 62 41
3 62 50
3 62 52
3 62 53
3 62 54
3 62 60
3 62 61
3 62 62
3 62 63
3 65 35
3 65 36
3 65 45
3 65 64
3 65 66
3 65 93
3 67 46
3 67 58
3 67 67
3 67 78
3 74 73
3 74 74
3 74 75
3 74 83
3 74 84
3 74 85
3 74 94
3 77 57
3 77 87
3 88 79
3 88 88
3 88 89
3 88 95
3 88 97
3 88 98
3 88 99
3 91 80
3 91 82
3 91 90
3 91 91
3 91 92
4 8 7
4 8 8
4 8 9
4 8 19
4 12 0
4 12 1
4 12 2
4 12 10
4 12 11
4 12 12
4 12 13
4 12 21
4 12 31
4 14 14
4 14 15
4 14 16
4 14 24
4 14 25
4 28 18
4 28 27
4 28 28
4 28 29
4 28 37
4 28 39
4 28 48
4 33 20
4 33 22
4 33 23
4 33 32
4 33 33
4 33 34
4 33 42
4 33 44
4 33 51
4 62 40
4 62 50
4 62 52
4 62 53
4 62 54
4 62 60
4 62 61
4 62 62
4 65 35
4 65 36
4 65 45
4 65 55
4 65 56
4 65 64
4 65 65
4 65 66
4 67 46
4 67 58
4 67 67
4 67 68
4 74 72
4 74 73
4 74 74
4 74 75
4 74 84
4 74 85
4 74 96
4 77 47
4 77 57
4 77 59
4 77 76
4 77 77
4 77 87
4 88 79
4 88 88
4 88 89
4 88 97
4 88 98
4 88 99
4 91 70
4 91 80
4 91 81
4 91 82
4 91 90
4 91 91
5 8 6
5 8 7
5 8 8
5 8 9
5 8 19
5 12 0
5 12 1
5 12 2
5 12 3
5 12 10
5 12 11
5 12 12
5 12 13
5 12 21
5 12 31
5 14 5
5 14 14
5 14 15
5 14 16
5 14 24
5 14 25
5 14 26
5 28 17
5 28 18
5 28 27
5 28 29
5 28 38
5 28 48
5 33 20
5 33 22
5 33 23
5 33 30
5 33 32
5 33 33
5 33 42
5 33 43
5 33 44
5 33 51
5 62 41
5 62 52
5 62 53
5 62 54
5 62 60
5 62 61
5 62 62
5 62 63
5 62 71
5 65 55
5 65 64
5 65 65
5 65 66
5 65 93
5 67 46
5 67 49
5 67 58
5 67 67
5 67 68
5 67 69
5 67 78
5 74 73
5 74 74
5 74 75
5 74 83
5 74 84
5 74 85
5 74 94
5 77 47
5 77 57
5 77 76
5 77 86
5 88 79
5 88 88
5 88 89
5 88 95
5 88 98
5 88 99
5 91 70
5 91 80
5 91 81
5 91 82
5 91 91
6 8 6
6 8 7
6 8 8
6 8 9
6 8 19
6 12 0
6 12 2
6 12 3
6 12 10
6 12 11
6 12 12
6 12 13
6 12 21
6 14 4
6 14 5
6 14 14
6 14 16
6 14 24
6 14 25
6 14 26
6 28 17
6 28 18
6 28 27
6 28 28
6 28 29
6 28 37
6 28 38
6 28 39
6 28 48
6 33 20
6 33 22
6 33 23
6 33 30
6 33 33
6 33 34
6 33 42
6 33 43
6 33 51
6 62 40
6 62 50
6 62 52
6 62 53
6 62 54
6 62 60
6 62 61
6 62 62
6 62 63
6 62 71
6 65 35
6 65 36
6 65 45
6 65 55
6 65 56
6 65 93
6 67 46
6 67 49
6 67 58
6 67 68
6 67 69
6 74 73
6 74 74
6 74 75
6 74 84
6 74 85
6 74 94
6 74 96
6 77 47
6 77 57
6 77 77
6 77 86
6 88 89
6 88 95
6 88 97
6 88 98
6 88 99
6 91 70
6 91 80
6 91 81
6 91 82
6 91 90
6 91 92
7 8 7
7 8 8
7 8 9
7 12 0
7 12 1
7 12 2
7 12 3
7 12 10
7 12 11
7 12 12
7 12 21
7 12 31
7 14 4
7 14 5
7 14 16
7 14 24
7 14 25
7 14 26
7 28 17
7 28 18
7 28 27
7 28 28
7 28 29
7 28 37
7 28 38
7 28 39
7 28 48
7 33 20
7 33 22
7 33 23
7 33 30
7 33 32
7 33 34
7 33 42
7 33 43
7 33 44
7 33 51
7 62 40
7 62 41
7 62 53
7 62 54
7 62 60
7 62 61
7 62 62
7 62 63
7 62 71
7 65 35
7 65 36
7 65 45
7 65 55
7 65 64
7 65 66
7 67 46
7 67 49
7 67 58
7 67 67
7 67 68
7 67 69
7 67 78
7 74 72
7 74 73
7 74 74
7 74 75
7 74 84
7 74 85
7 74 94
7 74 96
7 77 57
7 77 59
7 77 76
7 77 87
7 88 79
7 88 88
7 88 89
7 88 95
7 88 97
7 88 99
7 91 70
7 91 80
7 91 82
7 91 90
7 91 91
7 91 92
8 8 6
8 8 7
8 8 8
8 8 9
8 12 0
8 12 1
8 12 2
8 12 3
8 12 10
8 12 11
8 12 12
8 12 13
8 12 21
8 12 31
8 14 4
8 14 5
8 14 14
8 14 24
8 14 25
8 28 18
8 28 27
8 28 28
8 28 29
8 28 37
8 28 38
8 28 39
8 28 48
8 33 20
8 33 30
8 33 32
8 33 33
8 33 51
8 62 41
8 62 50
8 62 52
8 62 60
8 62 62
8 62 63
8 62 71
8 65 35
8 65 36
8 65 45
8 65 55
8 65 56
8 65 65
8 65 66
8 65 93
8 67 46
8 67 49
8 67 67
8 67 68
8 74 75
8 74 83
8 74 84
8 74 85
8 74 94
8 74 96
8 77 47
8 77 57
8 77 59
8 77 76
8 77 77
8 77 86
8 77 87
8 88 79
8 88 88
8 88 95
8 88 97
8 88 98
8 88 99
8 91 80
8 91 82
8 91 90
8 91 91
9 8 6
9 8 7
9 8 8
9 8 19
9 12 1
9 12 2
9 12 3
9 12 10
9 12 21
9 12 31
9 14 15
9 14 24
9 14 26
9 28 17
9 28 28
9 28 39
9 28 48
9 33 20
9 33 23
9 33 30
9 33 33
9 33 34
9 33 42
9 33 43
9 33 44
9 33 51
9 62 40
9 62 41
9 62 50
9 62 52
9 62 53
9 62 54
9 62 60
9 62 62
9 62 63
9 62 71
9 65 35
9 65 36
9 65 45
9 65 55
9 65 56
9 65 65
9 65 93
9 67 46
9 67 78
9 74 74
9 74 75
9 74 85
9 77 59
9 77 77
9 77 86
9 88 98
9 88 99
9 91 70
9 91 80
9 91 81
9 91 91
9 91 92
10 8 7
10 12 2
10 12 10
10 12 12
10 14 15
10 14 16
10 28 17
10 28 27
10 28 28
10 28 37
10 28 39
10 33 20
10 33 30
10 33 32
10 33 34
10 33 43
10 62 52
10 62 53
10 62 71
10 65 35
10 65 36
10 65 93
10 67 46
10 67 58
10 67 67
10 67 68
10 67 78
10 74 72
10 74 74
10 74 75
10 74 83
10 74 94
10 77 57
10 77 76
10 77 77
10 88 88
10 88 89
10 88 97
10 88 99
10 91 81
10 91 82
11 8 8
11 8 9
11 8 19
11 12 0
11 12 13
11 14 -1
11 28 18
11 28 28
11 28 38
11 33 34
11 62 40
11 62 50
11 62 63
11 65 35
11 65 55
11 67 49
11 74 72
11 74 73
11 77 87
11 88 79
11 91 82
--- Done ---
