0 13 -1
0 42 61
0 42 62
0 42 63
0 42 71
0 42 72
1 13 3
1 13 14
1 13 15
1 13 2
1 38 8
1 42 0
1 42 30
1 57 69
1 66 83
1 66 98
1 66 46
1 66 47
1 66 68
1 66 78
1 66 87
1 66 72
1 66 58
1 66 77
1 72 60
1 72 80
1 72 81
1 72 92
1 72 93
1 72 51
1 72 52
1 72 61
1 72 62
1 72 63
1 72 71
1 72 43
1 97 89
1 97 99
2 13 3
2 13 4
2 13 10
2 13 2
2 13 12
2 13 22
2 13 32
2 13 33
2 13 34
2 38 49
2 38 39
2 38 47
2 42 20
2 42 25
2 42 42
2 42 44
2 42 45
2 42 55
2 57 57
2 66 66
2 72 73
2 72 80
2 72 81
2 72 82
2 72 91
2 72 92
2 72 21
2 72 52
2 72 61
2 72 62
2 72 63
2 72 70
2 72 83
2 72 65
2 72 54
2 72 72
2 72 85
2 97 94
2 97 86
2 97 96
2 97 98
2 97 67
2 97 68
2 97 78
2 97 79
2 97 87
2 97 97
2 97 58
2 97 77
2 97 75
3 13 1
3 13 3
3 13 14
3 13 15
3 13 12
3 13 13
3 13 22
3 13 23
3 13 31
3 13 32
3 13 33
3 13 43
3 38 6
3 38 8
3 38 9
3 38 29
3 38 17
3 38 18
3 38 27
3 38 25
3 38 45
3 38 46
3 38 47
3 38 48
3 38 55
3 38 58
3 38 75
3 38 76
3 38 56
3 42 0
3 42 20
3 42 30
3 42 40
3 42 62
3 42 70
3 42 24
3 57 44
3 57 57
3 66 -1
3 72 80
3 72 81
3 72 82
3 72 90
3 72 91
3 72 93
3 72 51
3 72 52
3 72 61
3 72 71
3 72 84
3 72 64
3 72 65
3 72 72
3 72 95
3 72 37
3 72 85
3 97 89
3 97 94
3 97 86
3 97 98
3 97 67
3 97 77
3 97 78
3 97 79
3 97 97
4 13 1
4 13 3
4 13 4
4 13 10
4 13 11
4 13 15
4 13 2
4 13 5
4 13 13
4 13 23
4 13 32
4 13 33
4 38 7
4 38 8
4 38 9
4 38 29
4 38 17
4 38 18
4 38 28
4 38 35
4 38 38
4 38 59
4 38 26
4 38 36
4 38 39
4 38 46
4 38 47
4 38 48
4 38 55
4 38 75
4 42 20
4 42 40
4 42 50
4 42 62
4 42 63
4 42 70
4 42 71
4 42 24
4 42 25
4 42 34
4 42 42
4 42 44
4 57 69
4 57 57
4 66 -1
4 72 80
4 72 81
4 72 90
4 72 91
4 72 93
4 72 41
4 72 51
4 72 52
4 72 61
4 72 74
4 72 84
4 72 43
4 72 53
4 72 72
4 72 95
4 97 89
4 97 94
4 97 86
4 97 96
4 97 98
4 97 67
4 97 77
4 97 78
4 97 79
4 97 87
4 97 88
4 97 56
5 11 3
5 11 10
5 11 14
5 11 20
5 11 30
5 11 40
5 11 2
5 11 12
5 11 22
5 11 23
5 11 31
5 11 33
5 13 13
5 13 43
5 38 6
5 38 7
5 38 9
5 38 19
5 38 29
5 38 17
5 38 18
5 38 27
5 38 28
5 38 25
5 38 34
5 38 45
5 38 26
5 38 36
5 38 39
5 38 46
5 38 47
5 38 48
5 38 75
5 42 50
5 42 0
5 42 32
5 42 62
5 42 71
5 57 69
5 57 44
5 57 54
5 57 64
5 57 65
5 57 57
5 57 67
5 57 68
5 57 77
5 57 78
5 57 79
5 57 85
5 57 87
5 57 88
5 57 58
5 57 76
5 57 56
5 66 66
5 72 60
5 72 73
5 72 80
5 72 81
5 72 82
5 72 90
5 72 92
5 72 93
5 72 52
5 72 61
5 72 63
5 72 21
5 72 24
5 72 41
5 72 51
5 72 84
5 72 42
5 97 89
5 97 99
5 97 86
5 97 98
5 97 72
5 97 95
6 11 11
6 13 15
6 13 1
6 13 3
6 13 4
6 13 10
6 13 14
6 13 2
6 13 12
6 13 13
6 13 22
6 13 31
6 13 33
6 13 43
6 13 53
6 13 56
6 38 6
6 38 9
6 38 19
6 38 29
6 38 49
6 38 5
6 38 17
6 38 18
6 38 27
6 38 28
6 38 38
6 38 59
6 38 16
6 38 25
6 38 26
6 38 34
6 38 36
6 38 39
6 38 45
6 38 47
6 42 50
6 42 0
6 42 20
6 42 30
6 42 44
6 42 37
6 42 42
6 42 54
6 57 69
6 57 48
6 66 66
6 72 60
6 72 80
6 72 81
6 72 82
6 72 90
6 72 91
6 72 92
6 72 93
6 72 52
6 72 61
6 72 62
6 72 63
6 72 70
6 72 71
6 72 84
6 72 21
6 72 24
6 72 41
6 72 51
6 72 64
6 72 95
6 97 94
6 97 86
6 97 96
6 97 98
6 97 67
6 97 68
6 97 78
6 97 79
6 97 87
6 97 88
6 97 72
6 97 85
6 97 97
6 97 77
7 11 11
7 13 15
7 13 1
7 13 3
7 13 4
7 13 14
7 13 32
7 13 2
7 13 12
7 13 22
7 13 23
7 13 31
7 13 33
7 38 6
7 38 7
7 38 9
7 38 19
7 38 29
7 38 49
7 38 17
7 38 18
7 38 27
7 38 28
7 38 35
7 38 38
7 38 59
7 38 16
7 38 25
7 38 34
7 38 36
7 38 39
7 38 45
7 38 46
7 38 47
7 38 48
7 38 37
7 38 55
7 38 58
7 38 56
7 42 50
7 42 0
7 42 20
7 42 30
7 42 44
7 42 54
7 57 69
7 57 57
7 66 -1
7 72 60
7 72 73
7 72 80
7 72 81
7 72 90
7 72 91
7 72 61
7 72 62
7 72 63
7 72 70
7 72 71
7 72 74
7 72 83
7 72 84
7 72 21
7 72 24
7 72 41
7 72 51
7 72 65
7 72 95
7 72 43
7 72 53
7 97 89
7 97 99
7 97 96
7 97 98
7 97 67
7 97 68
7 97 87
7 97 97
7 97 85
7 97 76
7 97 77
7 97 75
8 11 0
8 11 1
8 11 3
8 11 4
8 11 11
8 11 20
8 11 30
8 11 40
8 11 2
8 11 12
8 11 22
8 11 23
8 11 31
8 13 15
8 13 32
8 13 13
8 38 7
8 38 8
8 38 9
8 38 19
8 38 29
8 38 49
8 38 5
8 38 17
8 38 27
8 38 28
8 38 35
8 38 59
8 38 16
8 38 25
8 38 26
8 38 36
8 38 39
8 38 45
8 38 46
8 38 47
8 38 48
8 38 55
8 38 76
8 38 37
8 38 56
8 42 -1
8 57 69
8 57 44
8 57 57
8 57 67
8 57 78
8 57 88
8 57 77
8 66 66
8 72 73
8 72 80
8 72 81
8 72 90
8 72 91
8 72 92
8 72 93
8 72 52
8 72 61
8 72 62
8 72 70
8 72 71
8 72 74
8 72 83
8 72 21
8 72 24
8 72 41
8 72 43
8 72 53
8 72 72
8 72 85
8 97 99
8 97 86
8 97 98
9 11 0
9 11 1
9 11 4
9 11 40
9 11 12
9 11 22
9 11 31
9 11 33
9 11 41
9 11 51
9 13 13
9 38 19
9 38 29
9 38 17
9 38 18
9 38 35
9 38 38
9 38 16
9 38 26
9 38 39
9 38 45
9 38 46
9 38 55
9 38 58
9 38 56
9 42 42
9 57 -1
9 66 -1
9 72 82
9 72 90
9 72 91
9 72 93
9 72 52
9 72 62
9 72 70
9 72 74
9 72 83
9 72 21
9 72 24
9 72 64
9 72 95
9 72 43
9 72 53
9 72 72
9 72 85
9 97 99
9 97 86
9 97 96
9 97 98
9 97 67
9 97 87
9 97 88
9 97 77
10 11 1
10 11 3
10 11 30
10 11 40
10 11 12
10 11 22
10 11 31
10 13 -1
10 38 6
10 38 9
10 38 29
10 38 49
10 38 5
10 38 18
10 38 27
10 38 28
10 38 59
10 38 16
10 38 26
10 38 34
10 38 36
10 38 45
10 38 48
10 38 58
10 38 76
10 38 37
10 38 56
10 42 50
10 42 0
10 42 42
10 57 -1
10 66 66
10 72 73
10 72 90
10 72 91
10 72 92
10 72 93
10 72 62
10 72 70
10 72 71
10 72 21
10 72 51
10 72 53
10 72 54
10 97 94
10 97 99
10 97 68
10 97 97
10 97 77
11 11 0
11 11 4
11 11 20
11 11 31
11 13 32
11 38 6
11 38 7
11 38 8
11 38 19
11 38 16
11 38 25
11 38 45
11 38 47
11 38 48
11 42 -1
11 57 69
11 57 44
11 57 57
11 66 -1
11 72 81
11 72 82
11 72 90
11 72 92
11 72 52
11 72 61
11 72 63
11 72 83
11 72 84
11 72 64
11 72 72
11 97 89
11 97 94
11 97 86
11 97 96
11 97 67
11 97 68
11 97 88
--- Done ---
