0 31 -1
0 72 61
0 72 62
0 72 63
0 72 71
0 72 72
1 4 2
1 4 3
1 4 14
1 4 15
1 8 8
1 31 0
1 31 30
1 31 51
1 31 52
1 37 46
1 37 47
1 37 58
1 64 43
1 64 93
1 72 60
1 72 62
1 72 80
1 72 92
1 72 61
1 72 63
1 72 71
1 72 72
1 72 81
1 72 83
1 87 69
1 87 77
1 87 87
1 87 89
1 87 98
1 87 99
1 87 68
1 87 78
2 4 2
2 4 3
2 4 4
2 8 -1
2 24 12
2 31 10
2 31 20
2 31 21
2 31 22
2 31 32
2 31 33
2 31 44
2 31 34
2 37 47
2 37 39
2 37 25
2 37 49
2 64 54
2 64 55
2 64 65
2 64 94
2 68 79
2 68 45
2 68 58
2 68 68
2 72 62
2 72 70
2 72 80
2 72 82
2 72 91
2 72 92
2 72 61
2 72 63
2 72 72
2 72 73
2 72 81
2 72 83
2 72 85
2 72 42
2 72 52
2 87 87
2 87 96
2 87 97
2 87 98
2 87 57
2 87 75
2 87 77
2 87 86
2 87 66
2 87 67
2 87 78
3 4 -1
3 8 8
3 8 9
3 8 6
3 24 1
3 24 12
3 24 3
3 24 14
3 24 15
3 24 45
3 24 24
3 31 0
3 31 20
3 31 30
3 31 31
3 31 40
3 31 51
3 31 22
3 31 32
3 31 33
3 31 44
3 31 52
3 31 13
3 31 23
3 37 27
3 37 29
3 37 47
3 37 17
3 37 18
3 37 46
3 37 48
3 37 57
3 37 58
3 37 25
3 37 37
3 37 67
3 37 78
3 64 43
3 64 55
3 64 65
3 64 61
3 64 71
3 64 72
3 64 81
3 64 84
3 64 85
3 64 93
3 64 94
3 64 64
3 64 75
3 64 56
3 68 79
3 72 62
3 72 70
3 72 80
3 72 82
3 72 90
3 72 91
3 87 89
3 87 95
3 87 97
3 87 98
3 87 76
3 87 77
3 87 86
4 4 2
4 4 11
4 4 3
4 4 4
4 4 15
4 8 7
4 8 8
4 8 9
4 8 17
4 8 18
4 8 28
4 8 5
4 24 1
4 24 24
4 31 10
4 31 20
4 31 40
4 31 50
4 31 51
4 31 32
4 31 33
4 31 41
4 31 44
4 31 13
4 31 23
4 37 29
4 37 38
4 37 47
4 37 26
4 37 36
4 37 39
4 37 46
4 37 48
4 37 57
4 37 59
4 37 25
4 64 43
4 64 55
4 64 74
4 64 94
4 64 71
4 64 72
4 64 81
4 64 84
4 64 93
4 64 42
4 64 52
4 64 75
4 64 34
4 64 35
4 64 56
4 68 79
4 72 62
4 72 70
4 72 80
4 72 90
4 72 91
4 72 53
4 72 61
4 72 63
4 87 87
4 87 89
4 87 95
4 87 96
4 87 98
4 87 69
4 87 77
4 87 86
4 87 88
4 87 67
4 87 78
5 4 2
5 4 3
5 4 6
5 4 14
5 8 7
5 8 9
5 8 19
5 24 12
5 24 24
5 31 0
5 31 10
5 31 20
5 31 30
5 31 31
5 31 21
5 31 22
5 31 33
5 31 40
5 31 41
5 31 44
5 31 50
5 31 51
5 31 42
5 31 52
5 31 13
5 31 23
5 31 32
5 37 27
5 37 29
5 37 47
5 37 17
5 37 18
5 37 26
5 37 28
5 37 36
5 37 39
5 37 46
5 37 48
5 37 57
5 37 58
5 37 25
5 37 67
5 37 78
5 60 60
5 60 90
5 64 43
5 64 54
5 64 65
5 64 64
5 64 75
5 64 84
5 64 85
5 64 93
5 64 61
5 64 63
5 64 71
5 64 72
5 64 34
5 64 66
5 64 56
5 68 79
5 68 45
5 68 68
5 72 80
5 72 92
5 72 62
5 72 73
5 72 81
5 72 82
5 87 87
5 87 89
5 87 95
5 87 98
5 87 99
5 87 69
5 87 76
5 87 77
5 87 86
5 87 88
6 4 2
6 4 11
6 4 4
6 4 6
6 4 14
6 4 15
6 4 21
6 4 5
6 8 9
6 8 19
6 24 1
6 24 12
6 24 3
6 24 45
6 24 24
6 31 0
6 31 10
6 31 20
6 31 30
6 31 31
6 31 22
6 31 33
6 31 41
6 31 44
6 31 50
6 31 51
6 31 13
6 31 34
6 31 42
6 31 52
6 37 27
6 37 29
6 37 38
6 37 47
6 37 16
6 37 17
6 37 18
6 37 26
6 37 28
6 37 36
6 37 39
6 37 48
6 37 59
6 37 25
6 37 37
6 37 49
6 37 67
6 37 78
6 37 56
6 60 60
6 64 43
6 64 54
6 64 94
6 64 53
6 64 64
6 64 81
6 68 79
6 68 68
6 72 80
6 72 91
6 72 92
6 72 62
6 72 70
6 72 82
6 72 84
6 72 85
6 72 90
6 72 93
6 72 61
6 72 63
6 72 71
6 72 72
6 87 87
6 87 95
6 87 96
6 87 97
6 87 98
6 87 69
6 87 77
6 87 86
6 87 88
6 87 66
7 4 2
7 4 11
7 4 4
7 4 6
7 4 14
7 4 15
7 8 7
7 8 9
7 8 19
7 24 1
7 24 12
7 24 3
7 24 16
7 24 45
7 24 24
7 31 0
7 31 20
7 31 30
7 31 31
7 31 21
7 31 22
7 31 33
7 31 41
7 31 44
7 31 50
7 31 51
7 31 23
7 31 32
7 37 27
7 37 29
7 37 38
7 37 47
7 37 17
7 37 18
7 37 28
7 37 36
7 37 39
7 37 46
7 37 48
7 37 57
7 37 58
7 37 59
7 37 25
7 37 37
7 37 49
7 37 67
7 60 60
7 64 43
7 64 54
7 64 55
7 64 65
7 64 74
7 64 53
7 64 73
7 64 75
7 64 81
7 64 83
7 64 84
7 64 85
7 64 34
7 64 35
7 64 61
7 64 63
7 64 71
7 64 56
7 68 68
7 72 80
7 72 91
7 72 62
7 72 70
7 72 90
7 87 87
7 87 89
7 87 95
7 87 96
7 87 97
7 87 98
7 87 99
7 87 69
7 87 76
7 87 77
8 4 2
8 4 11
8 4 4
8 8 7
8 8 8
8 8 9
8 8 19
8 8 17
8 8 28
8 24 1
8 24 12
8 24 3
8 24 15
8 24 16
8 24 26
8 24 36
8 24 45
8 24 5
8 24 13
8 24 23
8 24 24
8 24 25
8 24 32
8 24 35
8 31 0
8 31 20
8 31 30
8 31 31
8 31 21
8 31 22
8 31 40
8 31 41
8 31 44
8 37 27
8 37 29
8 37 47
8 37 39
8 37 46
8 37 48
8 37 57
8 37 59
8 37 37
8 37 49
8 37 67
8 37 78
8 37 56
8 60 -1
8 64 43
8 64 55
8 64 74
8 68 -1
8 72 80
8 72 91
8 72 92
8 72 53
8 72 62
8 72 70
8 72 73
8 72 81
8 72 83
8 72 85
8 72 90
8 72 93
8 72 52
8 72 61
8 72 71
8 72 72
8 87 98
8 87 99
8 87 69
8 87 76
8 87 77
8 87 86
8 87 88
8 87 66
9 4 4
9 8 19
9 24 1
9 24 12
9 24 16
9 24 22
9 24 26
9 24 33
9 24 45
9 24 13
9 24 24
9 24 35
9 31 0
9 31 31
9 31 21
9 31 40
9 31 41
9 31 51
9 37 29
9 37 38
9 37 17
9 37 18
9 37 39
9 37 46
9 37 58
9 60 -1
9 64 43
9 64 55
9 64 74
9 64 53
9 64 64
9 64 83
9 64 85
9 64 93
9 64 42
9 64 52
9 64 56
9 68 -1
9 72 91
9 72 62
9 72 70
9 72 82
9 72 90
9 72 72
9 87 87
9 87 95
9 87 96
9 87 98
9 87 99
9 87 77
9 87 86
9 87 88
9 87 67
10 4 -1
10 8 9
10 8 6
10 8 18
10 8 28
10 24 1
10 24 12
10 24 3
10 24 16
10 24 26
10 24 36
10 24 45
10 24 5
10 31 0
10 31 30
10 31 31
10 31 21
10 31 22
10 31 40
10 31 50
10 31 51
10 31 34
10 31 42
10 37 27
10 37 29
10 37 48
10 37 58
10 37 59
10 37 37
10 37 49
10 37 56
10 60 -1
10 64 54
10 64 94
10 64 53
10 64 73
10 64 66
10 68 68
10 72 91
10 72 92
10 72 62
10 72 70
10 72 90
10 72 93
10 72 71
10 87 97
10 87 99
10 87 76
10 87 77
11 4 4
11 8 7
11 8 8
11 8 19
11 8 6
11 24 -1
11 31 0
11 31 20
11 31 31
11 31 44
11 31 32
11 37 47
11 37 16
11 37 48
11 37 57
11 37 25
11 60 -1
11 64 94
11 64 64
11 64 81
11 64 83
11 64 84
11 64 52
11 64 61
11 64 63
11 68 45
11 68 69
11 68 86
11 68 88
11 68 67
11 68 68
11 72 92
11 72 82
11 72 90
11 72 72
11 87 89
11 87 96
--- Done ---
