0 13 -1
0 33 61
0 33 62
0 33 63
0 33 71
0 33 72
1 13 58
1 13 81
1 33 8
1 33 47
1 33 68
1 33 69
1 33 0
1 33 2
1 33 3
1 33 14
1 33 15
1 33 30
1 33 43
1 33 46
1 33 51
1 33 71
1 33 52
1 33 61
1 33 72
1 33 80
1 91 60
1 95 77
1 95 78
1 95 87
1 95 89
1 95 98
1 95 99
1 95 83
1 95 92
1 95 93
1 95 62
1 95 63
2 13 2
2 13 3
2 13 4
2 13 10
2 13 12
2 13 20
2 13 21
2 13 32
2 13 58
2 13 81
2 13 52
2 13 54
2 33 33
2 37 39
2 37 49
2 37 67
2 37 79
2 37 47
2 37 68
2 37 77
2 37 78
2 37 22
2 37 25
2 37 34
2 37 44
2 37 45
2 37 55
2 37 57
2 37 75
2 37 63
2 37 66
2 37 42
2 37 82
2 91 91
2 91 72
2 91 73
2 91 80
2 95 87
2 95 98
2 95 70
2 95 83
2 95 85
2 95 86
2 95 92
2 95 94
2 95 96
2 95 97
2 95 61
2 95 62
2 95 65
3 13 81
3 13 13
3 33 40
3 33 0
3 33 1
3 33 3
3 33 12
3 33 20
3 33 30
3 33 31
3 33 32
3 33 47
3 33 71
3 33 6
3 33 14
3 33 15
3 33 22
3 33 23
3 33 25
3 33 27
3 33 43
3 33 44
3 33 45
3 33 46
3 33 51
3 33 52
3 37 9
3 37 17
3 37 29
3 37 37
3 37 67
3 37 79
3 37 8
3 37 18
3 37 48
3 37 58
3 37 77
3 37 78
3 37 89
3 37 55
3 37 65
3 37 75
3 37 76
3 37 24
3 37 56
3 37 57
3 37 82
3 91 91
3 91 62
3 91 64
3 91 72
3 91 80
3 91 33
3 91 84
3 95 98
3 95 70
3 95 85
3 95 86
3 95 90
3 95 93
3 95 94
3 95 95
3 95 97
3 95 61
4 13 81
4 13 13
4 13 42
4 13 53
4 13 84
4 33 40
4 33 1
4 33 2
4 33 3
4 33 4
4 33 10
4 33 11
4 33 20
4 33 32
4 33 41
4 33 71
4 33 50
4 33 52
4 33 61
4 33 69
4 33 75
4 33 24
4 33 55
4 33 63
4 33 80
4 37 9
4 37 17
4 37 5
4 37 7
4 37 8
4 37 18
4 37 29
4 37 39
4 37 59
4 37 67
4 37 79
4 37 23
4 37 25
4 37 28
4 37 34
4 37 35
4 37 38
4 37 47
4 37 48
4 37 51
4 37 77
4 68 88
4 68 87
4 68 89
4 68 57
4 68 15
4 68 26
4 68 36
4 68 43
4 68 44
4 68 46
4 68 56
4 68 86
4 68 93
4 68 95
4 68 96
4 68 33
4 91 91
4 95 98
4 95 70
4 95 90
4 95 94
4 95 62
4 95 72
4 95 74
4 95 78
5 13 13
5 13 50
5 33 40
5 33 0
5 33 2
5 33 3
5 33 10
5 33 12
5 33 18
5 33 20
5 33 21
5 33 30
5 33 31
5 33 32
5 33 41
5 33 71
5 33 6
5 33 14
5 33 22
5 33 25
5 37 9
5 37 17
5 37 7
5 37 19
5 37 29
5 37 39
5 37 67
5 37 79
5 37 23
5 37 27
5 37 34
5 37 47
5 37 51
5 37 69
5 37 24
5 37 63
5 37 76
5 37 77
5 37 78
5 68 88
5 68 87
5 68 99
5 68 68
5 68 89
5 68 26
5 68 28
5 68 43
5 68 44
5 68 45
5 68 46
5 68 48
5 68 56
5 68 57
5 68 58
5 68 66
5 68 64
5 91 60
5 91 81
5 91 85
5 91 90
5 91 92
5 91 52
5 91 54
5 91 61
5 91 80
5 91 36
5 91 42
5 91 82
5 91 84
5 91 86
5 91 93
5 91 95
5 91 33
5 95 98
5 95 62
5 95 65
5 95 72
5 95 73
5 95 75
6 13 0
6 13 1
6 13 2
6 13 3
6 13 4
6 13 5
6 13 11
6 13 20
6 13 21
6 13 30
6 13 31
6 13 41
6 13 6
6 13 10
6 13 12
6 13 13
6 13 14
6 13 22
6 13 25
6 13 28
6 13 34
6 33 33
6 37 9
6 37 17
6 37 18
6 37 19
6 37 39
6 37 79
6 37 27
6 37 29
6 37 48
6 37 51
6 37 15
6 37 16
6 37 24
6 37 26
6 37 37
6 37 38
6 37 49
6 37 59
6 37 67
6 68 88
6 68 68
6 68 69
6 68 43
6 68 44
6 68 45
6 68 47
6 74 -1
6 91 60
6 91 91
6 91 81
6 91 52
6 91 54
6 91 36
6 91 42
6 91 71
6 91 64
6 91 82
6 91 86
6 91 93
6 91 95
6 91 96
6 91 97
6 95 98
6 95 70
6 95 50
6 95 78
6 95 77
6 95 84
6 95 85
6 95 87
6 95 90
6 95 92
6 95 94
6 95 53
6 95 56
6 95 61
6 95 62
6 95 63
6 95 66
6 95 72
6 95 80
7 13 0
7 13 1
7 13 2
7 13 3
7 13 4
7 13 7
7 13 11
7 13 20
7 13 21
7 13 30
7 13 31
7 13 32
7 13 41
7 13 6
7 13 12
7 13 14
7 13 22
7 13 25
7 13 27
7 13 28
7 13 34
7 13 48
7 13 50
7 13 51
7 13 15
7 33 33
7 37 9
7 37 17
7 37 18
7 37 19
7 37 39
7 37 29
7 37 37
7 37 38
7 37 49
7 37 59
7 37 67
7 37 69
7 37 89
7 37 16
7 37 23
7 37 24
7 37 35
7 37 58
7 37 36
7 37 43
7 37 44
7 37 45
7 37 46
7 37 47
7 37 57
7 37 65
7 68 68
7 74 74
7 91 60
7 91 91
7 91 71
7 91 81
7 91 83
7 91 85
7 91 90
7 91 54
7 91 84
7 91 61
7 91 62
7 91 53
7 95 98
7 95 70
7 95 99
7 95 87
7 95 75
7 95 77
7 95 55
7 95 56
7 95 63
7 95 73
7 95 76
7 95 80
7 95 95
7 95 96
7 95 97
8 13 13
8 33 40
8 33 0
8 33 1
8 33 2
8 33 3
8 33 4
8 33 8
8 33 11
8 33 20
8 33 21
8 33 30
8 33 31
8 33 32
8 33 41
8 33 12
8 33 22
8 33 25
8 33 27
8 33 69
8 33 71
8 33 15
8 33 16
8 33 23
8 33 24
8 37 9
8 37 17
8 37 5
8 37 7
8 37 19
8 37 39
8 37 28
8 37 29
8 37 37
8 37 48
8 37 49
8 37 59
8 37 67
8 37 78
8 37 26
8 37 35
8 37 36
8 37 47
8 37 43
8 37 44
8 37 45
8 37 46
8 37 55
8 37 76
8 37 77
8 37 53
8 37 56
8 37 57
8 68 88
8 74 74
8 91 91
8 91 81
8 91 52
8 95 98
8 95 70
8 95 99
8 95 83
8 95 85
8 95 90
8 95 92
8 95 61
8 95 62
8 95 72
8 95 73
8 95 80
8 95 86
8 95 93
8 95 66
9 6 17
9 13 13
9 33 40
9 33 0
9 33 1
9 33 31
9 33 41
9 33 4
9 33 12
9 33 18
9 33 21
9 33 22
9 33 51
9 33 38
9 33 62
9 33 72
9 33 16
9 33 24
9 33 26
9 33 35
9 33 42
9 33 45
9 33 46
9 33 52
9 33 55
9 33 64
9 37 -1
9 68 88
9 68 99
9 68 19
9 68 39
9 68 67
9 68 87
9 68 29
9 68 58
9 68 77
9 68 86
9 68 93
9 68 96
9 68 33
9 68 43
9 68 56
9 74 74
9 91 91
9 91 83
9 91 85
9 91 90
9 91 53
9 91 82
9 95 98
9 95 70
9 95 95
10 6 9
10 6 5
10 6 6
10 6 28
10 6 29
10 13 -1
10 33 40
10 33 0
10 33 1
10 33 30
10 33 31
10 33 3
10 33 12
10 33 18
10 33 21
10 33 22
10 33 34
10 33 50
10 33 51
10 33 71
10 33 27
10 33 54
10 33 62
10 33 73
10 33 16
10 33 26
10 33 36
10 33 42
10 33 45
10 33 76
10 33 53
10 33 56
10 33 66
10 37 37
10 68 99
10 68 48
10 68 49
10 68 59
10 68 58
10 68 68
10 68 77
10 68 93
10 68 97
10 74 -1
10 91 70
10 91 91
10 91 90
10 91 92
10 91 94
10 95 -1
11 6 8
11 6 19
11 6 6
11 13 0
11 13 20
11 13 31
11 13 4
11 13 7
11 13 32
11 13 48
11 13 81
11 13 25
11 13 84
11 13 16
11 13 45
11 13 52
11 13 57
11 13 64
11 13 44
11 13 82
11 33 -1
11 37 -1
11 68 88
11 68 67
11 68 69
11 68 89
11 68 68
11 74 83
11 74 90
11 74 92
11 74 94
11 74 61
11 74 72
11 74 86
11 74 96
11 74 47
11 74 63
11 91 -1
11 95 -1
--- Done ---
