0 31 -1
0 62 61
0 62 62
0 62 63
0 62 71
0 62 72
1 31 0
1 31 2
1 31 14
1 31 30
1 31 47
1 31 63
1 31 68
1 31 69
1 31 71
1 31 72
1 31 77
1 31 78
1 31 80
1 31 81
1 31 83
1 31 87
1 31 89
1 31 92
1 31 93
1 31 98
1 31 99
1 62 3
1 62 8
1 62 15
1 62 43
1 62 46
1 62 51
1 62 52
1 62 58
1 62 60
1 62 61
1 62 62
2 31 2
2 31 4
2 31 10
2 31 12
2 31 20
2 31 21
2 31 22
2 31 32
2 31 33
2 31 34
2 31 39
2 31 42
2 31 44
2 31 47
2 31 49
2 31 67
2 31 70
2 31 72
2 31 73
2 31 75
2 31 77
2 31 78
2 31 79
2 31 80
2 31 81
2 31 82
2 31 83
2 31 85
2 31 86
2 31 87
2 62 3
2 62 25
2 62 45
2 62 52
2 62 54
2 62 55
2 62 57
2 62 58
2 62 61
2 62 62
2 62 63
2 62 65
2 62 66
2 62 68
3 31 0
3 31 1
3 31 6
3 31 12
3 31 13
3 31 14
3 31 17
3 31 18
3 31 20
3 31 22
3 31 23
3 31 24
3 31 27
3 31 29
3 31 30
3 31 31
3 31 32
3 31 33
3 31 37
3 31 40
3 31 44
3 31 47
3 31 77
3 31 78
3 31 79
3 31 80
3 62 3
3 62 8
3 62 9
3 62 15
3 62 25
3 62 43
3 62 45
3 62 46
3 62 48
3 62 51
3 62 52
3 62 55
3 62 56
3 62 57
3 62 58
3 62 61
3 62 64
3 62 65
3 62 67
3 62 70
3 62 71
3 62 72
3 62 75
3 62 76
4 31 1
4 31 2
4 31 4
4 31 5
4 31 10
4 31 11
4 31 13
4 31 17
4 31 18
4 31 20
4 31 23
4 31 24
4 31 26
4 31 28
4 31 29
4 31 32
4 31 33
4 31 34
4 31 35
4 31 39
4 31 40
4 31 41
4 31 42
4 31 44
4 31 67
4 62 3
4 62 7
4 62 8
4 62 9
4 62 15
4 62 25
4 62 36
4 62 38
4 62 43
4 62 46
4 62 47
4 62 48
4 62 50
4 62 51
4 62 52
4 62 53
4 62 55
4 62 56
4 62 57
4 62 59
5 31 0
5 31 2
5 31 6
5 31 10
5 31 12
5 31 13
5 31 14
5 31 17
5 31 18
5 31 20
5 31 21
5 31 22
5 31 23
5 31 24
5 31 26
5 31 27
5 31 28
5 31 30
5 62 3
5 62 7
5 62 9
5 62 19
5 62 25
5 62 29
5 62 31
5 62 32
5 62 33
5 62 34
5 62 36
5 62 39
5 62 40
5 62 41
5 62 42
5 62 43
5 62 44
5 62 45
6 31 0
6 31 1
6 31 2
6 31 4
6 31 5
6 31 6
6 31 10
6 31 11
6 31 12
6 31 13
6 31 14
6 31 16
6 31 17
6 31 18
6 31 20
6 31 21
6 31 22
6 31 26
6 62 3
6 62 9
6 62 15
6 62 19
6 62 24
6 62 25
6 62 27
6 62 28
6 62 29
6 62 30
6 62 31
6 62 33
6 62 34
6 62 36
6 62 37
6 62 38
6 62 39
6 62 41
6 62 42
6 62 47
7 31 0
7 31 1
7 31 2
7 31 4
7 31 6
7 31 11
7 31 12
7 31 14
7 31 16
7 31 17
7 31 18
7 31 20
7 31 21
7 31 22
7 31 23
7 31 24
7 31 27
7 31 28
7 31 29
7 31 30
7 31 31
7 31 32
7 31 33
7 31 34
7 31 35
7 31 37
7 62 3
7 62 7
7 62 9
7 62 15
7 62 19
7 62 25
7 62 36
7 62 38
7 62 39
7 62 41
7 62 43
7 62 44
7 62 45
7 62 46
7 62 47
7 62 48
7 62 49
7 62 50
7 62 51
7 62 53
7 62 54
7 62 55
7 62 56
7 62 57
7 62 58
8 31 0
8 31 1
8 31 2
8 31 4
8 31 5
8 31 11
8 31 12
8 31 13
8 31 16
8 31 17
8 31 20
8 31 21
8 31 22
8 31 23
8 31 24
8 31 26
8 31 27
8 31 28
8 31 29
8 31 30
8 31 31
8 31 32
8 31 35
8 31 37
8 31 39
8 31 40
8 62 3
8 62 7
8 62 8
8 62 9
8 62 15
8 62 19
8 62 25
8 62 36
8 62 41
8 62 43
8 62 44
8 62 45
8 62 46
8 62 47
8 62 48
8 62 49
8 62 52
8 62 53
8 62 55
8 62 56
8 62 57
8 62 59
8 62 61
8 62 62
9 31 0
9 31 1
9 31 4
9 31 12
9 31 13
9 31 16
9 31 17
9 31 18
9 31 21
9 31 22
9 31 24
9 31 26
9 31 29
9 31 31
9 31 33
9 31 35
9 31 39
9 31 40
9 31 41
9 31 42
9 31 77
9 31 88
9 62 19
9 62 38
9 62 43
9 62 45
9 62 46
9 62 51
9 62 52
9 62 53
9 62 55
9 62 56
9 62 58
9 62 62
9 62 64
9 62 67
9 62 70
9 62 72
9 62 74
9 62 82
9 62 83
9 62 85
9 62 86
9 62 87
9 62 91
10 31 0
10 31 1
10 31 5
10 31 6
10 31 12
10 31 16
10 31 18
10 31 21
10 31 22
10 31 26
10 31 27
10 31 28
10 31 29
10 31 30
10 31 31
10 31 34
10 31 37
10 31 40
10 31 42
10 31 49
10 31 59
10 31 77
10 31 99
10 62 3
10 62 9
10 62 36
10 62 45
10 62 48
10 62 50
10 62 51
10 62 53
10 62 54
10 62 56
10 62 58
10 62 62
10 62 66
10 62 68
10 62 70
10 62 71
10 62 73
10 62 76
10 62 90
10 62 91
10 62 92
10 62 93
10 62 94
10 62 97
11 31 0
11 31 4
11 31 6
11 31 16
11 31 20
11 31 31
11 31 32
11 31 44
11 31 47
11 31 69
11 31 88
11 31 96
11 62 7
11 62 8
11 62 19
11 62 25
11 62 45
11 62 48
11 62 52
11 62 57
11 62 61
11 62 63
11 62 64
11 62 67
11 62 68
11 62 72
11 62 81
11 62 82
11 62 83
11 62 84
11 62 86
11 62 89
11 62 90
11 62 92
11 62 94
--- Done ---
