0 31 61
0 31 62
0 31 72
0 41 63
0 41 71
1 31 0
1 31 2
1 31 14
1 31 15
1 31 30
1 31 47
1 31 63
1 31 69
1 31 71
1 31 72
1 31 77
1 31 78
1 31 80
1 31 81
1 31 83
1 31 87
1 31 89
1 31 92
1 31 93
1 31 98
1 31 99
1 41 3
1 41 8
1 41 43
1 41 46
1 41 51
1 41 52
1 41 58
1 41 60
1 41 61
1 41 62
1 41 68
2 31 2
2 31 10
2 31 20
2 31 21
2 31 22
2 31 32
2 31 33
2 31 34
2 31 39
2 31 44
2 31 47
2 31 49
2 31 65
2 31 66
2 31 67
2 31 68
2 31 70
2 31 72
2 31 73
2 31 75
2 31 77
2 31 78
2 31 79
2 31 80
2 31 81
2 31 82
2 31 83
2 31 85
2 31 86
2 31 87
2 41 3
2 41 4
2 41 12
2 41 25
2 41 42
2 41 45
2 41 52
2 41 54
2 41 55
2 41 57
2 41 58
2 41 61
2 41 62
2 41 63
3 31 0
3 31 1
3 31 6
3 31 13
3 31 14
3 31 15
3 31 17
3 31 18
3 31 20
3 31 22
3 31 23
3 31 24
3 31 27
3 31 29
3 31 30
3 31 31
3 31 32
3 31 33
3 31 40
3 31 44
3 31 47
3 31 64
3 31 72
3 31 76
3 31 77
3 41 3
3 41 8
3 41 9
3 41 12
3 41 25
3 41 37
3 41 43
3 41 45
3 41 46
3 41 48
3 41 51
3 41 52
3 41 55
3 41 56
3 41 57
3 41 58
3 41 61
3 41 65
3 41 67
3 41 70
3 41 71
3 41 75
3 41 78
3 41 79
3 41 80
4 31 1
4 31 2
4 31 5
4 31 10
4 31 11
4 31 13
4 31 15
4 31 17
4 31 18
4 31 20
4 31 23
4 31 24
4 31 26
4 31 28
4 31 29
4 31 32
4 31 33
4 31 34
4 31 35
4 31 36
4 31 38
4 31 39
4 31 40
4 31 44
4 41 3
4 41 4
4 41 7
4 41 8
4 41 9
4 41 25
4 41 41
4 41 42
4 41 43
4 41 46
4 41 47
4 41 48
4 41 50
4 41 51
4 41 52
4 41 53
4 41 55
4 41 56
4 41 57
4 41 59
4 41 67
5 31 0
5 31 2
5 31 6
5 31 10
5 31 13
5 31 14
5 31 17
5 31 18
5 31 19
5 31 20
5 31 21
5 31 22
5 31 23
5 31 24
5 31 26
5 31 27
5 31 28
5 41 3
5 41 7
5 41 9
5 41 12
5 41 25
5 41 29
5 41 30
5 41 31
5 41 32
5 41 33
5 41 34
5 41 36
5 41 39
5 41 40
5 41 41
5 41 42
5 41 43
5 41 44
5 41 45
6 31 0
6 31 1
6 31 2
6 31 5
6 31 6
6 31 10
6 31 11
6 31 13
6 31 14
6 31 15
6 31 16
6 31 17
6 31 18
6 31 19
6 31 20
6 31 21
6 31 22
6 31 24
6 41 3
6 41 4
6 41 9
6 41 12
6 41 25
6 41 26
6 41 27
6 41 28
6 41 29
6 41 30
6 41 31
6 41 33
6 41 34
6 41 36
6 41 37
6 41 38
6 41 39
6 41 41
6 41 42
6 41 47
7 31 0
7 31 1
7 31 2
7 31 6
7 31 11
7 31 14
7 31 15
7 31 16
7 31 17
7 31 18
7 31 19
7 31 20
7 31 21
7 31 22
7 31 23
7 31 24
7 31 27
7 31 28
7 31 29
7 31 30
7 31 31
7 31 32
7 31 33
7 31 34
7 31 35
7 31 36
7 41 3
7 41 4
7 41 7
7 41 9
7 41 12
7 41 25
7 41 37
7 41 38
7 41 39
7 41 41
7 41 43
7 41 44
7 41 45
7 41 46
7 41 47
7 41 48
7 41 49
7 41 50
7 41 51
7 41 53
7 41 54
7 41 55
7 41 56
7 41 57
7 41 58
8 31 0
8 31 1
8 31 2
8 31 5
8 31 11
8 31 13
8 31 15
8 31 16
8 31 17
8 31 19
8 31 20
8 31 21
8 31 22
8 31 23
8 31 24
8 31 26
8 31 27
8 31 28
8 31 29
8 31 30
8 31 31
8 31 32
8 31 35
8 31 36
8 31 39
8 41 3
8 41 4
8 41 7
8 41 8
8 41 9
8 41 12
8 41 25
8 41 37
8 41 40
8 41 41
8 41 43
8 41 44
8 41 45
8 41 46
8 41 47
8 41 48
8 41 49
8 41 52
8 41 53
8 41 55
8 41 56
8 41 57
8 41 59
8 41 61
8 41 62
9 31 0
9 31 1
9 31 13
9 31 16
9 31 17
9 31 18
9 31 19
9 31 21
9 31 22
9 31 24
9 31 26
9 31 29
9 31 31
9 31 33
9 31 35
9 31 38
9 31 39
9 31 40
9 31 64
9 31 72
9 31 77
9 31 82
9 31 83
9 31 86
9 31 95
9 41 4
9 41 12
9 41 41
9 41 42
9 41 43
9 41 45
9 41 46
9 41 51
9 41 52
9 41 53
9 41 55
9 41 56
9 41 58
9 41 62
9 41 67
9 41 70
9 41 74
9 41 85
9 41 87
9 41 88
9 41 93
10 31 0
10 31 1
10 31 5
10 31 6
10 31 16
10 31 18
10 31 21
10 31 22
10 31 26
10 31 27
10 31 28
10 31 29
10 31 30
10 31 31
10 31 34
10 31 36
10 31 40
10 31 49
10 31 76
10 31 77
10 31 91
10 41 3
10 41 9
10 41 12
10 41 37
10 41 42
10 41 45
10 41 48
10 41 50
10 41 51
10 41 53
10 41 54
10 41 56
10 41 58
10 41 59
10 41 62
10 41 66
10 41 68
10 41 70
10 41 71
10 41 73
10 41 90
10 41 92
10 41 93
10 41 94
10 41 97
10 41 99
11 31 0
11 31 6
11 31 16
11 31 19
11 31 20
11 31 31
11 31 32
11 31 44
11 31 47
11 31 64
11 31 69
11 31 72
11 31 82
11 31 83
11 31 86
11 41 4
11 41 7
11 41 8
11 41 25
11 41 45
11 41 48
11 41 52
11 41 57
11 41 61
11 41 63
11 41 67
11 41 68
11 41 81
11 41 84
11 41 88
11 41 89
11 41 90
11 41 92
11 41 94
11 41 96
--- Done ---
