0 13 61
0 13 62
0 13 63
0 13 71
0 13 72
0 51 -1
1 13 0
1 13 2
1 13 3
1 13 14
1 13 15
1 13 43
1 13 46
1 13 58
1 13 98
1 13 99
1 18 -1
1 32 -1
1 51 8
1 51 30
1 51 47
1 51 51
1 51 52
1 51 60
1 51 61
1 51 62
1 51 63
1 51 68
1 51 69
1 51 71
1 51 72
1 51 77
1 51 78
1 51 80
1 51 81
1 51 83
1 51 87
1 51 89
1 51 92
1 51 93
1 66 -1
1 79 -1
1 80 -1
2 13 2
2 13 3
2 13 4
2 13 12
2 13 22
2 13 25
2 17 -1
2 18 39
2 18 45
2 32 10
2 32 20
2 32 21
2 32 32
2 32 33
2 32 34
2 32 42
2 32 44
2 51 52
2 51 54
2 51 61
2 51 62
2 51 63
2 51 72
2 53 -1
2 66 47
2 66 55
2 66 57
2 66 65
2 66 66
2 66 67
2 66 75
2 66 77
2 66 85
2 66 86
2 66 87
2 66 94
2 66 96
2 79 49
2 79 58
2 79 68
2 79 78
2 79 79
2 79 97
2 79 98
2 80 70
2 80 73
2 80 80
2 80 81
2 80 82
2 80 83
2 80 91
2 80 92
2 96 -1
3 3 -1
3 13 1
3 13 3
3 13 12
3 13 13
3 13 14
3 13 22
3 13 24
3 16 -1
3 17 6
3 17 8
3 17 9
3 17 15
3 17 17
3 17 25
3 17 27
3 18 18
3 18 29
3 23 -1
3 24 -1
3 27 -1
3 32 0
3 32 20
3 32 23
3 32 30
3 32 31
3 32 32
3 32 33
3 39 -1
3 44 -1
3 50 -1
3 51 40
3 51 51
3 51 61
3 51 62
3 51 72
3 53 43
3 53 44
3 53 45
3 53 52
3 53 64
3 55 -1
3 56 -1
3 64 -1
3 66 37
3 66 47
3 66 48
3 66 55
3 66 56
3 66 57
3 66 65
3 66 67
3 66 75
3 66 76
3 66 77
3 66 85
3 72 -1
3 74 -1
3 79 46
3 79 58
3 79 78
3 79 79
3 79 89
3 80 70
3 80 71
3 80 80
3 80 81
3 80 82
3 80 84
3 80 90
3 80 91
3 80 93
3 87 -1
3 89 -1
3 96 86
3 96 94
3 96 95
3 96 97
3 96 98
3 99 -1
4 3 2
4 3 3
4 3 4
4 13 11
4 13 13
4 16 5
4 16 15
4 17 8
4 17 9
4 17 17
4 17 36
4 18 7
4 18 18
4 18 29
4 23 20
4 23 23
4 24 1
4 24 24
4 24 25
4 27 26
4 27 47
4 32 10
4 32 32
4 32 33
4 32 41
4 32 42
4 39 28
4 39 38
4 39 39
4 39 48
4 44 34
4 44 35
4 44 43
4 44 44
4 44 62
4 50 40
4 50 50
4 51 51
4 51 61
4 53 52
4 53 53
4 53 63
4 55 55
4 56 46
4 56 56
4 64 94
4 66 57
4 66 77
4 72 72
4 72 93
4 74 74
4 74 75
4 74 84
4 79 59
4 79 69
4 79 79
4 80 70
4 80 71
4 80 80
4 80 81
4 80 90
4 80 91
4 87 67
4 87 78
4 87 87
4 87 98
4 89 88
4 89 89
4 96 86
4 96 95
4 96 96
4 99 -1
5 3 0
5 3 2
5 3 3
5 13 12
5 13 13
5 13 14
5 16 6
5 17 9
5 17 17
5 17 36
5 18 7
5 18 18
5 18 19
5 18 29
5 23 20
5 23 22
5 23 23
5 24 24
5 24 25
5 27 26
5 27 27
5 27 47
5 32 10
5 32 21
5 32 30
5 32 31
5 32 32
5 32 33
5 32 41
5 32 42
5 39 28
5 39 39
5 39 48
5 44 34
5 44 43
5 44 44
5 44 62
5 50 40
5 50 50
5 50 60
5 51 51
5 51 61
5 53 52
5 53 63
5 55 45
5 56 46
5 56 56
5 56 58
5 64 54
5 64 64
5 64 65
5 66 57
5 66 66
5 66 77
5 66 85
5 72 72
5 72 82
5 72 93
5 74 73
5 74 75
5 74 84
5 79 68
5 79 69
5 79 79
5 80 71
5 80 80
5 80 81
5 80 90
5 80 92
5 87 67
5 87 76
5 87 78
5 87 87
5 87 98
5 89 88
5 89 89
5 96 86
5 96 95
5 99 99
6 3 0
6 3 2
6 3 3
6 3 4
6 13 11
6 13 12
6 13 13
6 13 14
6 16 5
6 16 6
6 16 15
6 16 16
6 17 9
6 17 17
6 17 36
6 18 18
6 18 19
6 18 29
6 23 20
6 23 22
6 24 1
6 24 24
6 24 25
6 27 26
6 27 27
6 27 47
6 32 10
6 32 21
6 32 30
6 32 31
6 32 33
6 32 41
6 32 42
6 39 28
6 39 38
6 39 39
6 39 48
6 39 49
6 44 34
6 44 43
6 44 44
6 44 62
6 50 50
6 50 60
6 51 51
6 51 61
6 53 52
6 53 53
6 53 63
6 55 45
6 56 37
6 56 56
6 64 54
6 64 64
6 64 94
6 66 66
6 66 77
6 66 85
6 72 72
6 72 82
6 72 93
6 74 84
6 79 59
6 79 68
6 79 69
6 79 79
6 80 70
6 80 71
6 80 80
6 80 81
6 80 90
6 80 91
6 80 92
6 87 67
6 87 78
6 87 87
6 87 97
6 87 98
6 89 88
6 96 86
6 96 95
6 96 96
6 99 -1
7 3 0
7 3 2
7 3 3
7 3 4
7 13 11
7 13 12
7 13 14
7 16 6
7 16 15
7 16 16
7 17 9
7 17 17
7 17 36
7 18 7
7 18 18
7 18 19
7 18 29
7 23 20
7 23 22
7 23 23
7 24 1
7 24 24
7 24 25
7 27 27
7 27 47
7 32 21
7 32 30
7 32 31
7 32 32
7 32 33
7 32 41
7 39 28
7 39 38
7 39 39
7 39 48
7 39 49
7 44 34
7 44 35
7 44 43
7 44 44
7 44 62
7 50 50
7 50 60
7 51 51
7 51 61
7 53 53
7 53 63
7 55 45
7 55 55
7 56 37
7 56 46
7 56 56
7 56 58
7 64 54
7 64 65
7 66 57
7 66 77
7 66 85
7 72 83
7 74 73
7 74 74
7 74 75
7 74 84
7 79 59
7 79 68
7 79 69
7 80 70
7 80 71
7 80 80
7 80 81
7 80 90
7 80 91
7 87 67
7 87 76
7 87 87
7 87 97
7 87 98
7 89 89
7 96 95
7 96 96
7 99 99
8 3 0
8 3 2
8 3 3
8 3 4
8 13 11
8 13 12
8 13 13
8 16 5
8 16 15
8 16 16
8 17 8
8 17 9
8 17 17
8 17 36
8 18 7
8 18 19
8 18 29
8 23 20
8 23 22
8 23 23
8 24 1
8 24 24
8 24 25
8 27 26
8 27 27
8 27 47
8 32 21
8 32 30
8 32 31
8 32 32
8 32 41
8 39 28
8 39 39
8 39 48
8 39 49
8 44 35
8 44 43
8 44 44
8 44 62
8 50 40
8 51 61
8 53 52
8 53 53
8 55 45
8 55 55
8 56 37
8 56 46
8 56 56
8 64 -1
8 66 57
8 66 66
8 66 77
8 66 85
8 72 72
8 72 83
8 72 93
8 74 73
8 74 74
8 79 59
8 79 69
8 80 70
8 80 71
8 80 80
8 80 81
8 80 90
8 80 91
8 80 92
8 87 67
8 87 76
8 87 78
8 87 98
8 89 88
8 96 86
8 99 99
9 3 0
9 3 4
9 13 12
9 13 13
9 16 16
9 17 17
9 18 18
9 18 19
9 18 29
9 23 22
9 24 1
9 24 24
9 27 26
9 32 21
9 32 31
9 32 33
9 32 41
9 32 42
9 39 38
9 39 39
9 44 35
9 44 43
9 44 62
9 50 40
9 51 51
9 53 52
9 53 53
9 55 45
9 55 55
9 56 46
9 56 56
9 56 58
9 64 64
9 66 77
9 66 85
9 72 72
9 72 82
9 72 83
9 72 93
9 74 74
9 79 -1
9 80 70
9 80 90
9 80 91
9 87 67
9 87 87
9 87 98
9 89 88
9 96 86
9 96 95
9 96 96
9 99 99
10 3 0
10 3 3
10 13 12
10 16 5
10 16 6
10 16 16
10 17 9
10 17 36
10 18 18
10 18 29
10 23 22
10 24 1
10 27 26
10 27 27
10 32 21
10 32 30
10 32 31
10 32 42
10 39 28
10 39 48
10 39 49
10 44 34
10 44 62
10 50 40
10 50 50
10 51 51
10 53 53
10 55 45
10 56 37
10 56 56
10 56 58
10 64 54
10 64 94
10 66 66
10 66 77
10 72 93
10 74 73
10 79 59
10 79 68
10 80 70
10 80 71
10 80 90
10 80 91
10 80 92
10 87 76
10 87 97
10 89 -1
10 96 -1
10 99 99
11 3 0
11 3 4
11 13 -1
11 16 6
11 16 16
11 17 8
11 18 7
11 18 19
11 23 20
11 24 25
11 27 47
11 32 31
11 32 32
11 39 48
11 44 44
11 50 -1
11 51 61
11 53 52
11 53 63
11 55 45
11 56 -1
11 64 64
11 64 94
11 66 57
11 72 72
11 72 82
11 72 83
11 74 84
11 79 68
11 79 69
11 80 81
11 80 90
11 80 92
11 87 67
11 89 88
11 89 89
11 96 86
11 96 96
11 99 -1
--- Done ---
