0 31 -1
0 54 71
0 54 61
0 54 62
0 54 63
0 54 72
1 31 0
1 31 2
1 31 3
1 31 30
1 31 80
1 31 83
1 31 14
1 31 43
1 31 51
1 31 61
1 31 72
1 31 78
1 31 52
1 47 8
1 47 69
1 47 89
1 47 58
1 47 68
1 47 98
1 47 15
1 47 46
1 47 47
1 47 77
1 47 62
1 54 99
1 63 60
1 63 81
1 63 87
1 63 92
1 63 71
1 63 93
1 63 63
2 31 2
2 31 3
2 31 10
2 31 62
2 47 39
2 47 47
2 54 4
2 54 96
2 54 20
2 54 49
2 54 57
2 54 58
2 54 66
2 54 75
2 54 82
2 54 86
2 54 94
2 54 97
2 54 98
2 54 12
2 54 22
2 54 25
2 54 32
2 54 45
2 54 55
2 54 61
2 54 65
2 54 67
2 54 70
2 54 72
2 63 81
2 63 87
2 63 91
2 63 92
2 63 21
2 63 68
2 63 80
2 63 83
2 63 73
2 63 77
2 63 79
2 63 85
2 63 33
2 63 34
2 63 42
2 63 44
2 63 52
2 63 54
2 63 63
2 63 78
3 31 0
3 31 1
3 31 3
3 31 13
3 31 20
3 31 30
3 31 31
3 31 70
3 31 52
3 47 6
3 47 8
3 47 9
3 47 17
3 47 18
3 47 29
3 47 48
3 47 89
3 47 27
3 47 37
3 47 56
3 47 57
3 47 58
3 47 97
3 47 98
3 47 14
3 47 22
3 47 23
3 47 24
3 47 25
3 47 47
3 47 65
3 47 67
3 47 77
3 47 78
3 47 79
3 47 85
3 47 33
3 47 44
3 47 64
3 54 62
3 63 81
3 63 90
3 63 91
3 63 71
3 63 75
3 63 76
3 63 80
3 63 82
3 63 84
3 63 86
3 63 93
3 63 94
3 63 95
3 63 12
3 63 15
3 63 32
3 63 40
3 63 43
3 63 45
3 63 46
3 63 51
3 63 55
3 63 61
3 63 72
4 2 1
4 2 2
4 2 3
4 2 4
4 2 10
4 2 26
4 2 13
4 2 15
4 2 20
4 2 23
4 2 24
4 2 25
4 2 42
4 2 62
4 31 63
4 47 5
4 47 7
4 47 8
4 47 9
4 47 17
4 47 18
4 47 29
4 47 39
4 47 48
4 47 59
4 47 69
4 47 88
4 47 89
4 47 28
4 47 38
4 47 56
4 54 96
4 54 57
4 54 98
4 54 36
4 54 46
4 54 47
4 54 55
4 54 67
4 54 71
4 54 74
4 54 75
4 54 77
4 54 79
4 54 84
4 54 86
4 54 93
4 54 94
4 54 95
4 54 11
4 63 81
4 63 87
4 63 90
4 63 91
4 63 78
4 63 80
4 63 33
4 63 41
4 63 43
4 63 44
4 63 50
4 63 51
4 63 52
4 63 53
4 63 61
4 63 70
4 63 72
4 63 32
4 63 34
4 63 35
4 63 40
5 2 0
5 2 2
5 2 3
5 2 10
5 2 13
5 2 20
5 2 58
5 2 23
5 2 25
5 2 32
5 2 34
5 2 40
5 2 42
5 2 54
5 31 78
5 31 31
5 31 62
5 31 63
5 47 7
5 47 9
5 47 17
5 47 18
5 47 29
5 47 39
5 47 48
5 47 69
5 47 88
5 47 89
5 47 6
5 47 27
5 47 28
5 47 56
5 47 57
5 47 66
5 47 68
5 47 98
5 47 26
5 47 45
5 54 19
5 54 99
5 54 47
5 54 65
5 54 67
5 54 73
5 54 79
5 54 85
5 54 33
5 54 44
5 54 50
5 54 51
5 54 52
5 54 61
5 54 64
5 54 72
5 54 12
5 54 14
5 54 22
5 54 24
5 63 60
5 63 81
5 63 87
5 63 90
5 63 92
5 63 71
5 63 75
5 63 76
5 63 80
5 63 82
5 63 84
5 63 86
5 63 93
5 63 95
5 63 21
5 63 30
5 63 36
5 63 41
5 63 43
5 63 46
5 63 77
6 2 0
6 2 1
6 2 2
6 2 3
6 2 4
6 2 10
6 2 11
6 2 13
6 2 20
6 2 14
6 2 15
6 2 16
6 2 22
6 2 24
6 2 25
6 2 30
6 2 34
6 2 42
6 2 54
6 2 62
6 31 78
6 31 31
6 31 63
6 47 5
6 47 9
6 47 17
6 47 18
6 47 29
6 47 39
6 47 48
6 47 59
6 47 69
6 47 88
6 47 6
6 47 27
6 47 28
6 47 37
6 47 38
6 47 49
6 47 56
6 47 66
6 47 68
6 47 97
6 47 26
6 54 19
6 54 96
6 54 98
6 54 77
6 54 79
6 54 33
6 54 43
6 54 44
6 54 50
6 54 51
6 54 52
6 54 53
6 54 61
6 54 64
6 54 70
6 54 72
6 54 12
6 63 60
6 63 81
6 63 87
6 63 90
6 63 91
6 63 92
6 63 71
6 63 80
6 63 82
6 63 84
6 63 86
6 63 93
6 63 94
6 63 95
6 63 21
6 63 36
6 63 45
6 63 47
6 63 67
6 63 85
6 63 41
7 2 0
7 2 1
7 2 2
7 2 3
7 2 4
7 2 11
7 2 20
7 2 34
7 2 35
7 2 54
7 2 62
7 2 63
7 31 31
7 47 7
7 47 9
7 47 17
7 47 18
7 47 29
7 47 39
7 47 48
7 47 59
7 47 69
7 47 89
7 47 6
7 47 27
7 47 28
7 47 37
7 47 38
7 47 49
7 47 56
7 47 57
7 47 68
7 47 97
7 47 98
7 47 36
7 47 45
7 47 46
7 47 47
7 47 58
7 47 15
7 54 19
7 54 96
7 54 99
7 54 65
7 54 67
7 54 70
7 54 73
7 54 77
7 54 85
7 54 12
7 54 33
7 54 44
7 54 53
7 54 14
7 54 16
7 54 22
7 54 23
7 54 24
7 54 25
7 54 32
7 63 60
7 63 81
7 63 87
7 63 90
7 63 91
7 63 71
7 63 74
7 63 75
7 63 76
7 63 80
7 63 83
7 63 84
7 63 95
7 63 21
7 63 30
7 63 41
7 63 43
7 63 50
7 63 51
7 63 55
7 63 61
8 2 0
8 2 1
8 2 2
8 2 3
8 2 4
8 2 11
8 2 13
8 2 20
8 2 16
8 2 22
8 2 23
8 2 24
8 2 25
8 2 35
8 2 40
8 2 62
8 31 31
8 47 5
8 47 7
8 47 8
8 47 9
8 47 17
8 47 29
8 47 39
8 47 48
8 47 59
8 47 69
8 47 88
8 47 27
8 47 28
8 47 37
8 47 49
8 47 56
8 47 57
8 47 66
8 47 98
8 47 26
8 47 36
8 47 45
8 47 46
8 47 47
8 47 55
8 47 67
8 47 73
8 47 78
8 54 19
8 54 99
8 63 81
8 63 90
8 63 91
8 63 92
8 63 71
8 63 74
8 63 76
8 63 80
8 63 83
8 63 86
8 63 93
8 63 21
8 63 30
8 63 41
8 63 43
8 63 61
8 63 70
8 63 72
8 63 77
8 63 85
8 63 15
8 63 44
8 63 52
8 63 53
8 63 12
8 63 32
9 2 0
9 2 1
9 2 4
9 2 13
9 31 31
9 47 17
9 47 18
9 47 29
9 47 39
9 47 88
9 47 38
9 47 56
9 47 98
9 47 26
9 47 58
9 47 16
9 47 22
9 47 24
9 47 33
9 47 52
9 47 53
9 47 64
9 47 35
9 47 42
9 47 62
9 54 19
9 54 96
9 54 99
9 63 87
9 63 90
9 63 91
9 63 74
9 63 82
9 63 83
9 63 86
9 63 93
9 63 95
9 63 21
9 63 41
9 63 43
9 63 45
9 63 46
9 63 51
9 63 55
9 63 67
9 63 70
9 63 72
9 63 77
9 63 85
9 63 12
9 63 40
10 2 0
10 2 1
10 2 3
10 31 31
10 47 5
10 47 9
10 47 18
10 47 29
10 47 48
10 47 59
10 47 6
10 47 27
10 47 28
10 47 37
10 47 49
10 47 56
10 47 66
10 47 68
10 47 97
10 47 26
10 47 36
10 47 45
10 47 58
10 47 73
10 47 77
10 47 16
10 47 22
10 47 53
10 47 34
10 47 42
10 47 62
10 54 99
10 54 54
10 63 90
10 63 91
10 63 92
10 63 71
10 63 76
10 63 93
10 63 94
10 63 21
10 63 30
10 63 50
10 63 51
10 63 70
10 63 12
10 63 40
11 2 0
11 31 31
11 47 7
11 47 8
11 47 48
11 47 69
11 47 88
11 47 89
11 47 6
11 47 57
11 47 68
11 47 45
11 47 47
11 47 67
11 47 16
11 47 25
11 47 44
11 47 52
11 47 64
11 54 19
11 54 96
11 54 4
11 54 20
11 63 81
11 63 90
11 63 92
11 63 82
11 63 83
11 63 84
11 63 86
11 63 94
11 63 61
11 63 72
11 63 32
11 63 63
--- Done ---
