0 13 -1
0 33 61
0 33 62
0 33 63
0 33 71
0 33 72
1 13 58
1 13 81
1 33 8
1 33 47
1 33 68
1 33 69
1 33 0
1 33 2
1 33 14
1 33 15
1 33 30
1 33 43
1 33 46
1 33 52
1 33 63
1 33 71
1 33 3
1 33 51
1 33 61
1 90 60
1 95 77
1 95 78
1 95 87
1 95 89
1 95 98
1 95 99
1 95 83
1 95 92
1 95 93
1 95 62
1 95 72
1 95 80
2 13 2
2 13 10
2 13 12
2 13 20
2 13 21
2 13 42
2 13 58
2 13 81
2 13 3
2 13 22
2 13 66
2 33 33
2 66 39
2 66 49
2 66 67
2 66 79
2 66 47
2 66 68
2 66 77
2 66 78
2 66 86
2 66 87
2 66 97
2 66 98
2 66 4
2 66 25
2 66 32
2 66 34
2 66 44
2 66 45
2 66 52
2 66 54
2 66 55
2 66 57
2 66 63
2 66 65
2 66 73
2 66 75
2 66 83
2 90 70
2 90 91
2 90 92
2 90 80
2 90 85
2 90 94
2 90 96
2 90 61
2 90 62
2 90 72
2 90 82
2 95 -1
3 13 13
3 33 40
3 33 0
3 33 1
3 33 8
3 33 12
3 33 18
3 33 20
3 33 30
3 33 31
3 33 6
3 33 15
3 33 23
3 33 27
3 33 43
3 33 47
3 33 52
3 33 71
3 33 80
3 33 3
3 33 14
3 33 25
3 33 32
3 33 33
3 33 44
3 33 45
3 36 9
3 66 67
3 66 79
3 66 17
3 66 29
3 66 37
3 66 77
3 66 86
3 66 89
3 66 98
3 66 48
3 66 58
3 66 78
3 66 84
3 66 85
3 66 93
3 66 94
3 66 97
3 66 46
3 66 55
3 66 61
3 66 65
3 66 22
3 66 64
3 66 75
3 66 76
3 66 82
3 66 24
3 90 70
3 90 90
3 90 91
3 90 81
3 90 51
3 90 62
3 90 72
3 95 95
3 95 56
3 95 57
4 13 13
4 13 81
4 33 40
4 33 1
4 33 2
4 33 10
4 33 20
4 33 43
4 33 52
4 33 71
4 33 41
4 33 61
4 33 63
4 33 3
4 33 33
4 33 51
4 33 75
4 33 80
4 33 24
4 33 50
4 33 53
4 33 56
4 36 9
4 36 7
4 36 8
4 36 18
4 36 11
4 36 15
4 36 23
4 36 36
4 36 47
4 36 48
4 36 78
4 36 87
4 36 25
4 36 26
4 36 32
4 36 34
4 36 35
4 36 42
4 36 44
4 36 46
4 36 55
4 36 74
4 66 67
4 66 79
4 66 88
4 66 17
4 66 29
4 66 39
4 66 59
4 66 69
4 66 77
4 66 86
4 66 89
4 66 98
4 66 4
4 66 5
4 66 28
4 66 38
4 90 70
4 90 90
4 90 91
4 90 93
4 90 94
4 90 96
4 90 62
4 90 72
4 95 95
4 95 84
4 95 57
5 13 13
5 13 66
5 13 84
5 33 40
5 33 0
5 33 2
5 33 10
5 33 12
5 33 18
5 33 20
5 33 21
5 33 30
5 33 31
5 33 68
5 33 69
5 33 6
5 33 23
5 33 27
5 33 41
5 33 71
5 36 9
5 36 19
5 36 7
5 36 17
5 36 29
5 36 39
5 36 28
5 36 36
5 36 42
5 36 47
5 36 48
5 36 58
5 36 3
5 36 14
5 36 25
5 36 26
5 36 32
5 36 33
5 36 45
5 66 67
5 66 79
5 66 88
5 66 77
5 66 86
5 66 89
5 66 98
5 66 43
5 66 52
5 66 34
5 66 44
5 66 46
5 66 54
5 66 63
5 66 65
5 66 73
5 66 75
5 66 76
5 66 78
5 66 87
5 66 22
5 90 60
5 90 90
5 90 92
5 90 80
5 90 51
5 90 81
5 90 61
5 90 72
5 90 85
5 90 93
5 90 50
5 90 64
5 90 82
5 95 99
5 95 95
5 95 24
5 95 56
5 95 57
5 95 62
6 13 0
6 13 1
6 13 2
6 13 10
6 13 12
6 13 20
6 13 21
6 13 30
6 13 31
6 13 4
6 13 5
6 13 6
6 13 11
6 13 15
6 13 27
6 13 28
6 13 41
6 13 81
6 33 33
6 33 24
6 33 53
6 33 63
6 33 66
6 36 9
6 36 19
6 36 17
6 36 18
6 36 29
6 36 37
6 36 39
6 36 59
6 36 36
6 36 38
6 36 42
6 36 47
6 36 48
6 36 78
6 36 3
6 36 13
6 36 14
6 36 16
6 36 25
6 36 26
6 36 34
6 66 49
6 66 67
6 66 79
6 66 88
6 66 68
6 66 69
6 66 77
6 66 86
6 66 98
6 66 43
6 66 52
6 66 71
6 66 84
6 66 44
6 66 45
6 66 54
6 66 87
6 66 97
6 66 22
6 66 56
6 90 60
6 90 70
6 90 90
6 90 91
6 90 92
6 90 80
6 90 51
6 90 64
6 90 85
6 90 93
6 90 94
6 90 96
6 90 50
6 90 61
6 90 62
6 90 72
6 90 82
6 95 95
7 13 0
7 13 1
7 13 2
7 13 7
7 13 12
7 13 20
7 13 21
7 13 30
7 13 31
7 13 6
7 13 11
7 13 15
7 13 23
7 13 27
7 13 41
7 13 81
7 13 84
7 13 14
7 13 16
7 13 25
7 13 32
7 13 34
7 13 35
7 13 44
7 13 45
7 33 33
7 36 9
7 36 19
7 36 18
7 36 36
7 36 87
7 36 97
7 36 46
7 36 54
7 36 57
7 36 3
7 36 22
7 36 24
7 36 51
7 36 53
7 36 55
7 36 56
7 36 63
7 36 65
7 36 73
7 36 74
7 36 75
7 66 49
7 66 67
7 66 17
7 66 29
7 66 37
7 66 39
7 66 59
7 66 68
7 66 69
7 66 77
7 66 89
7 66 98
7 66 4
7 66 28
7 66 38
7 66 43
7 66 47
7 66 48
7 66 58
7 66 71
7 66 83
7 90 60
7 90 70
7 90 90
7 90 91
7 90 80
7 90 85
7 90 96
7 90 50
7 90 61
7 90 62
7 95 99
7 95 95
7 95 76
8 13 13
8 33 40
8 33 0
8 33 1
8 33 2
8 33 8
8 33 12
8 33 20
8 33 21
8 33 30
8 33 31
8 33 69
8 33 4
8 33 11
8 33 15
8 33 23
8 33 27
8 33 41
8 33 43
8 33 47
8 33 52
8 33 71
8 33 80
8 33 3
8 36 9
8 36 19
8 36 7
8 36 36
8 36 81
8 36 22
8 66 49
8 66 67
8 66 88
8 66 17
8 66 29
8 66 37
8 66 39
8 66 59
8 66 77
8 66 86
8 66 98
8 66 5
8 66 28
8 66 48
8 66 78
8 66 83
8 66 85
8 66 93
8 66 16
8 66 25
8 66 26
8 66 32
8 66 35
8 66 44
8 66 45
8 66 46
8 66 55
8 66 61
8 90 90
8 95 99
8 95 70
8 95 91
8 95 92
8 95 62
8 95 66
8 95 72
8 95 73
8 95 76
8 95 24
8 95 53
8 95 56
8 95 57
8 95 74
9 13 13
9 33 40
9 33 0
9 33 1
9 33 12
9 33 18
9 33 21
9 33 31
9 33 4
9 33 38
9 33 41
9 33 42
9 33 43
9 33 52
9 33 16
9 33 26
9 33 33
9 33 35
9 33 45
9 33 46
9 33 51
9 33 55
9 36 19
9 66 67
9 66 88
9 66 17
9 66 29
9 66 39
9 66 77
9 66 86
9 66 98
9 66 58
9 66 83
9 66 85
9 66 87
9 66 93
9 66 96
9 66 62
9 66 72
9 66 22
9 66 24
9 66 53
9 66 56
9 66 64
9 66 74
9 66 82
9 90 90
9 90 91
9 95 99
9 95 70
9 95 95
10 13 -1
10 33 40
10 33 0
10 33 1
10 33 12
10 33 18
10 33 21
10 33 30
10 33 31
10 33 68
10 33 6
10 33 27
10 33 42
10 33 71
10 33 3
10 33 16
10 33 26
10 33 34
10 33 45
10 33 51
10 33 54
10 33 62
10 33 73
10 33 76
10 33 22
10 33 50
10 33 53
10 33 56
10 36 9
10 36 29
10 36 37
10 36 59
10 36 5
10 36 28
10 36 36
10 36 48
10 36 58
10 36 97
10 66 49
10 66 66
10 90 90
10 95 99
10 95 70
10 95 77
10 95 91
10 95 92
10 95 93
10 95 94
11 13 0
11 13 7
11 13 20
11 13 31
11 13 6
11 13 81
11 33 -1
11 36 19
11 36 8
11 66 67
11 66 88
11 66 68
11 66 69
11 66 86
11 66 89
11 66 4
11 66 47
11 66 48
11 66 52
11 66 83
11 66 84
11 66 94
11 66 96
11 66 16
11 66 25
11 66 32
11 66 44
11 66 45
11 66 57
11 66 61
11 66 63
11 66 72
11 66 64
11 66 82
11 90 90
11 90 92
11 95 -1
--- Done ---
