0 13 61
0 13 62
0 13 63
0 13 71
0 13 72
0 63 -1
1 13 0
1 13 2
1 13 3
1 13 8
1 13 14
1 13 15
1 13 30
1 13 43
1 13 46
1 13 58
1 13 89
1 13 99
1 25 -1
1 63 47
1 63 51
1 63 52
1 63 60
1 63 61
1 63 62
1 63 63
1 63 68
1 63 69
1 63 71
1 63 72
1 63 77
1 63 78
1 63 80
1 63 81
1 63 83
1 63 87
1 63 92
1 63 93
1 63 98
1 74 -1
1 76 -1
2 13 2
2 13 3
2 13 4
2 13 10
2 13 12
2 13 20
2 13 22
2 13 32
2 25 25
2 25 33
2 25 34
2 25 45
2 63 21
2 63 42
2 63 44
2 63 52
2 63 54
2 63 61
2 63 62
2 63 63
2 63 70
2 63 72
2 63 78
2 63 80
2 63 81
2 63 91
2 74 58
2 74 65
2 74 73
2 74 75
2 74 82
2 74 83
2 74 92
2 74 94
2 74 97
2 76 39
2 76 47
2 76 49
2 76 55
2 76 57
2 76 66
2 76 67
2 76 68
2 76 77
2 76 79
2 76 85
2 76 86
2 76 87
2 76 96
2 76 98
3 13 0
3 13 1
3 13 3
3 13 12
3 13 13
3 13 14
3 13 20
3 13 22
3 13 23
3 13 24
3 13 30
3 13 31
3 13 32
3 13 43
3 25 6
3 25 8
3 25 9
3 25 15
3 25 17
3 25 18
3 25 25
3 25 27
3 25 29
3 25 33
3 25 37
3 25 45
3 25 46
3 36 -1
3 50 -1
3 63 40
3 63 44
3 63 51
3 63 52
3 63 61
3 63 62
3 63 70
3 63 71
3 63 72
3 63 78
3 63 80
3 63 81
3 63 91
3 74 58
3 74 64
3 74 65
3 74 75
3 74 82
3 74 84
3 74 90
3 74 93
3 74 94
3 74 95
3 74 97
3 76 47
3 76 48
3 76 55
3 76 56
3 76 57
3 76 67
3 76 76
3 76 77
3 76 79
3 76 85
3 76 86
3 76 89
3 76 98
4 13 1
4 13 2
4 13 3
4 13 4
4 13 10
4 13 11
4 13 13
4 13 23
4 13 24
4 13 32
4 13 43
4 25 5
4 25 7
4 25 8
4 25 15
4 25 18
4 25 25
4 25 26
4 25 28
4 25 33
4 25 34
4 36 9
4 36 17
4 36 29
4 36 35
4 36 36
4 36 38
4 36 39
4 36 44
4 36 46
4 36 47
4 36 48
4 36 56
4 36 59
4 50 20
4 50 40
4 50 41
4 50 50
4 50 51
4 50 61
4 50 70
4 50 71
4 50 80
4 50 90
4 63 42
4 63 52
4 63 53
4 63 62
4 63 63
4 63 72
4 63 78
4 63 81
4 63 91
4 74 74
4 74 75
4 74 84
4 74 93
4 74 94
4 74 95
4 76 55
4 76 57
4 76 67
4 76 69
4 76 77
4 76 79
4 76 86
4 76 87
4 76 88
4 76 89
4 76 96
4 76 98
5 13 0
5 13 2
5 13 3
5 13 10
5 13 12
5 13 13
5 13 14
5 13 22
5 13 23
5 13 24
5 13 32
5 13 43
5 25 7
5 25 18
5 25 25
5 25 26
5 25 28
5 25 33
5 25 34
5 36 6
5 36 9
5 36 17
5 36 19
5 36 27
5 36 29
5 36 36
5 36 39
5 36 44
5 36 45
5 36 46
5 36 47
5 36 48
5 36 56
5 36 58
5 40 -1
5 42 -1
5 46 -1
5 50 20
5 50 30
5 50 31
5 50 40
5 50 41
5 50 50
5 50 51
5 50 60
5 50 61
5 50 71
5 50 80
5 50 90
5 62 -1
5 63 21
5 63 42
5 63 52
5 63 54
5 63 62
5 63 63
5 63 72
5 63 78
5 63 81
5 74 64
5 74 65
5 74 73
5 74 75
5 74 82
5 74 84
5 74 92
5 74 93
5 74 95
5 76 57
5 76 66
5 76 67
5 76 68
5 76 69
5 76 76
5 76 77
5 76 79
5 76 85
5 76 86
5 76 87
5 76 88
5 76 89
5 76 98
5 76 99
5 98 -1
6 13 1
6 13 2
6 13 3
6 13 4
6 13 11
6 13 12
6 13 13
6 13 14
6 13 22
6 13 24
6 25 5
6 25 15
6 25 16
6 25 18
6 25 25
6 25 26
6 25 28
6 25 33
6 25 34
6 36 17
6 36 19
6 36 27
6 36 29
6 36 36
6 36 38
6 36 44
6 40 10
6 40 20
6 40 30
6 40 31
6 42 0
6 42 21
6 42 42
6 42 43
6 46 6
6 46 9
6 46 37
6 46 39
6 46 45
6 46 47
6 46 48
6 46 49
6 46 56
6 46 59
6 46 69
6 50 41
6 50 50
6 50 51
6 50 60
6 50 70
6 50 80
6 50 90
6 62 52
6 62 61
6 62 62
6 62 71
6 63 53
6 63 54
6 63 63
6 63 72
6 63 78
6 63 81
6 63 91
6 74 64
6 74 82
6 74 84
6 74 92
6 74 93
6 74 94
6 74 95
6 76 66
6 76 67
6 76 68
6 76 77
6 76 79
6 76 85
6 76 86
6 76 87
6 76 96
6 98 88
6 98 97
6 98 98
7 13 1
7 13 2
7 13 3
7 13 4
7 13 11
7 13 12
7 13 14
7 13 22
7 13 23
7 13 24
7 25 7
7 25 15
7 25 16
7 25 18
7 25 25
7 25 28
7 25 33
7 25 34
7 36 17
7 36 19
7 36 27
7 36 29
7 36 35
7 36 36
7 36 38
7 36 44
7 36 58
7 40 20
7 40 30
7 40 31
7 42 0
7 42 21
7 42 32
7 42 43
7 46 6
7 46 9
7 46 37
7 46 39
7 46 45
7 46 46
7 46 47
7 46 48
7 46 49
7 46 56
7 46 57
7 46 59
7 46 65
7 46 69
7 50 41
7 50 50
7 50 51
7 50 60
7 50 70
7 50 80
7 50 90
7 62 61
7 62 62
7 62 71
7 63 53
7 63 54
7 63 63
7 63 81
7 63 91
7 74 73
7 74 74
7 74 75
7 74 83
7 74 84
7 74 95
7 76 55
7 76 67
7 76 68
7 76 76
7 76 77
7 76 85
7 76 87
7 76 96
7 98 89
7 98 97
7 98 98
7 98 99
8 13 1
8 13 2
8 13 3
8 13 4
8 13 11
8 13 12
8 13 13
8 13 22
8 13 23
8 13 24
8 25 5
8 25 7
8 25 8
8 25 15
8 25 16
8 25 25
8 25 26
8 25 28
8 36 17
8 36 19
8 36 27
8 36 29
8 36 35
8 36 36
8 36 44
8 40 20
8 40 30
8 40 31
8 40 40
8 42 0
8 42 21
8 42 32
8 42 43
8 46 9
8 46 37
8 46 39
8 46 45
8 46 46
8 46 47
8 46 48
8 46 49
8 46 56
8 46 57
8 46 59
8 46 69
8 50 41
8 50 70
8 50 80
8 50 90
8 62 52
8 62 61
8 62 62
8 62 71
8 63 53
8 63 72
8 63 78
8 63 81
8 63 91
8 74 73
8 74 74
8 74 83
8 74 92
8 74 93
8 76 55
8 76 66
8 76 67
8 76 76
8 76 77
8 76 85
8 76 86
8 98 88
8 98 98
8 98 99
9 13 1
9 13 4
9 13 12
9 13 13
9 13 22
9 13 24
9 25 16
9 25 18
9 25 26
9 25 33
9 36 17
9 36 19
9 36 29
9 36 35
9 36 38
9 36 58
9 40 31
9 40 40
9 42 0
9 42 21
9 42 42
9 42 43
9 46 39
9 46 45
9 46 46
9 46 56
9 50 41
9 50 51
9 50 70
9 50 90
9 62 52
9 62 62
9 63 53
9 63 72
9 63 91
9 74 64
9 74 74
9 74 82
9 74 83
9 74 93
9 74 95
9 76 55
9 76 67
9 76 77
9 76 85
9 76 86
9 76 87
9 76 96
9 98 88
9 98 98
9 98 99
10 13 1
10 13 3
10 13 12
10 13 22
10 25 5
10 25 16
10 25 18
10 25 26
10 25 28
10 25 34
10 36 27
10 36 29
10 36 36
10 36 58
10 40 30
10 40 31
10 40 40
10 42 0
10 42 21
10 42 42
10 46 6
10 46 9
10 46 37
10 46 45
10 46 48
10 46 49
10 46 56
10 46 59
10 50 50
10 50 51
10 50 70
10 50 90
10 62 62
10 62 71
10 63 53
10 63 54
10 63 91
10 74 73
10 74 92
10 74 93
10 74 94
10 76 66
10 76 68
10 76 76
10 76 77
10 98 97
10 98 99
11 13 4
11 25 7
11 25 8
11 25 16
11 25 25
11 36 19
11 36 44
11 40 20
11 40 31
11 42 0
11 42 32
11 46 6
11 46 45
11 46 47
11 46 48
11 46 57
11 46 69
11 50 90
11 62 52
11 62 61
11 63 63
11 63 72
11 63 81
11 74 64
11 74 82
11 74 83
11 74 84
11 74 92
11 74 94
11 76 67
11 76 68
11 76 86
11 76 96
11 98 88
11 98 89
--- Done ---
