0 31 61
0 31 62
0 72 63
0 72 71
0 72 72
1 24 3
1 24 8
1 24 14
1 24 15
1 24 46
1 24 47
1 24 63
1 28 69
1 31 0
1 31 2
1 31 30
1 31 43
1 31 51
1 31 52
1 31 61
1 31 62
1 31 83
1 72 60
1 72 71
1 72 72
1 72 80
1 72 81
1 72 93
1 77 58
1 77 68
1 77 77
1 77 78
1 77 87
1 77 89
1 77 92
1 77 98
1 77 99
2 24 3
2 24 4
2 24 25
2 24 45
2 24 54
2 24 63
2 28 39
2 28 49
2 31 2
2 31 10
2 31 12
2 31 20
2 31 21
2 31 22
2 31 32
2 31 33
2 31 34
2 31 42
2 31 44
2 31 52
2 31 61
2 31 62
2 31 70
2 31 83
2 72 72
2 72 73
2 72 80
2 72 81
2 72 82
2 72 85
2 72 91
2 77 47
2 77 55
2 77 57
2 77 58
2 77 65
2 77 66
2 77 67
2 77 68
2 77 75
2 77 77
2 77 78
2 77 79
2 77 86
2 77 87
2 77 92
2 77 94
2 77 96
2 77 97
2 77 98
3 24 0
3 24 1
3 24 3
3 24 12
3 24 13
3 24 15
3 24 17
3 24 22
3 24 23
3 24 24
3 24 32
3 24 33
3 24 43
3 24 44
3 24 45
3 28 6
3 28 8
3 28 9
3 28 14
3 28 18
3 28 25
3 28 29
3 28 48
3 28 78
3 31 20
3 31 30
3 31 31
3 31 40
3 31 51
3 31 62
3 72 52
3 72 61
3 72 70
3 72 71
3 72 72
3 72 80
3 72 81
3 72 82
3 72 90
3 72 91
3 72 93
3 77 27
3 77 37
3 77 46
3 77 47
3 77 55
3 77 56
3 77 57
3 77 58
3 77 64
3 77 65
3 77 67
3 77 75
3 77 76
3 77 77
3 77 79
3 77 84
3 77 85
3 77 86
3 77 89
3 77 94
3 77 95
3 77 97
3 77 98
4 24 1
4 24 3
4 24 4
4 24 5
4 24 13
4 24 15
4 24 23
4 24 24
4 24 32
4 24 33
4 24 35
4 24 53
4 24 55
4 24 63
4 28 7
4 28 8
4 28 9
4 28 17
4 28 18
4 28 25
4 28 26
4 28 28
4 28 29
4 28 36
4 28 38
4 28 39
4 28 44
4 28 46
4 28 47
4 28 48
4 28 69
4 28 78
4 31 2
4 31 10
4 31 11
4 31 20
4 31 34
4 31 40
4 31 41
4 31 43
4 31 50
4 31 51
4 31 52
4 31 61
4 31 70
4 72 42
4 72 62
4 72 71
4 72 72
4 72 80
4 72 81
4 72 90
4 72 91
4 72 93
4 77 56
4 77 57
4 77 59
4 77 67
4 77 74
4 77 75
4 77 77
4 77 79
4 77 84
4 77 86
4 77 87
4 77 88
4 77 89
4 77 94
4 77 95
4 77 96
4 77 98
5 24 0
5 24 3
5 24 12
5 24 13
5 24 21
5 24 22
5 24 23
5 24 24
5 24 32
5 24 34
5 24 42
5 24 43
5 24 47
5 24 50
5 24 54
5 24 63
5 28 6
5 28 7
5 28 9
5 28 14
5 28 17
5 28 18
5 28 19
5 28 25
5 28 26
5 28 27
5 28 28
5 28 29
5 28 36
5 28 39
5 28 44
5 28 45
5 28 56
5 28 69
5 31 2
5 31 10
5 31 20
5 31 30
5 31 31
5 31 33
5 31 40
5 31 41
5 31 51
5 31 52
5 31 61
5 55 62
5 55 80
5 55 82
5 72 60
5 72 71
5 72 72
5 72 73
5 72 81
5 72 90
5 72 93
5 77 46
5 77 48
5 77 57
5 77 58
5 77 64
5 77 65
5 77 66
5 77 67
5 77 68
5 77 75
5 77 76
5 77 77
5 77 78
5 77 79
5 77 84
5 77 85
5 77 86
5 77 87
5 77 88
5 77 89
5 77 92
5 77 95
5 77 98
5 77 99
6 24 1
6 24 3
6 24 4
6 24 5
6 24 11
6 24 13
6 24 14
6 24 15
6 24 17
6 24 24
6 24 25
6 24 26
6 24 27
6 24 36
6 24 42
6 24 53
6 24 54
6 24 63
6 28 6
6 28 9
6 28 18
6 28 19
6 28 28
6 28 29
6 28 37
6 28 38
6 28 39
6 28 45
6 28 47
6 28 48
6 28 49
6 28 56
6 28 59
6 28 69
6 28 78
6 31 0
6 31 2
6 31 10
6 31 12
6 31 16
6 31 20
6 31 21
6 31 22
6 31 30
6 31 31
6 31 33
6 31 34
6 31 41
6 31 43
6 31 44
6 31 50
6 31 51
6 31 52
6 31 61
6 31 70
6 55 -1
6 72 60
6 72 62
6 72 64
6 72 71
6 72 72
6 72 80
6 72 81
6 72 82
6 72 84
6 72 85
6 72 90
6 72 91
6 72 92
6 72 93
6 77 66
6 77 67
6 77 68
6 77 77
6 77 79
6 77 86
6 77 87
6 77 88
6 77 94
6 77 95
6 77 96
6 77 97
6 77 98
7 24 1
7 24 3
7 24 4
7 24 7
7 24 14
7 24 15
7 24 24
7 24 37
7 24 47
7 24 53
7 24 54
7 24 63
7 28 6
7 28 9
7 28 17
7 28 18
7 28 19
7 28 25
7 28 28
7 28 29
7 28 36
7 28 38
7 28 39
7 28 45
7 28 46
7 28 48
7 28 49
7 28 56
7 28 57
7 28 59
7 28 69
7 31 0
7 31 2
7 31 11
7 31 12
7 31 16
7 31 20
7 31 21
7 31 22
7 31 23
7 31 30
7 31 31
7 31 32
7 31 33
7 31 34
7 31 35
7 31 41
7 31 43
7 31 44
7 31 50
7 31 51
7 31 61
7 31 62
7 31 70
7 31 83
7 55 55
7 55 80
7 72 60
7 72 71
7 72 73
7 72 81
7 72 84
7 72 85
7 72 90
7 72 91
7 72 95
7 77 27
7 77 58
7 77 65
7 77 67
7 77 68
7 77 74
7 77 75
7 77 76
7 77 77
7 77 87
7 77 89
7 77 96
7 77 97
7 77 98
7 77 99
8 24 1
8 24 3
8 24 4
8 24 5
8 24 7
8 24 15
8 24 24
8 24 27
8 28 8
8 28 9
8 28 16
8 28 17
8 28 19
8 28 26
8 28 28
8 28 29
8 28 36
8 28 39
8 28 45
8 28 46
8 28 47
8 28 48
8 28 49
8 28 56
8 28 57
8 28 59
8 28 69
8 28 78
8 31 0
8 31 2
8 31 11
8 31 12
8 31 13
8 31 20
8 31 21
8 31 22
8 31 23
8 31 30
8 31 31
8 31 32
8 31 35
8 31 40
8 31 41
8 31 43
8 31 44
8 31 52
8 31 62
8 31 70
8 31 83
8 55 25
8 55 37
8 55 53
8 55 55
8 55 80
8 72 61
8 72 71
8 72 72
8 72 73
8 72 74
8 72 81
8 72 85
8 72 90
8 72 91
8 72 92
8 72 93
8 77 66
8 77 67
8 77 76
8 77 77
8 77 86
8 77 88
8 77 98
8 77 99
9 24 1
9 24 4
9 24 18
9 24 24
9 24 26
9 24 46
9 28 17
9 28 19
9 28 29
9 28 38
9 28 39
9 28 45
9 31 0
9 31 12
9 31 13
9 31 21
9 31 22
9 31 31
9 31 33
9 31 35
9 31 40
9 31 41
9 31 42
9 31 43
9 31 51
9 31 52
9 31 70
9 31 83
9 55 16
9 55 55
9 55 62
9 72 53
9 72 72
9 72 82
9 72 90
9 72 91
9 72 93
9 77 56
9 77 58
9 77 64
9 77 67
9 77 74
9 77 77
9 77 85
9 77 86
9 77 87
9 77 88
9 77 95
9 77 96
9 77 98
9 77 99
10 24 1
10 24 3
10 24 5
10 24 18
10 24 26
10 24 27
10 24 36
10 24 37
10 24 45
10 28 6
10 28 9
10 28 28
10 28 29
10 28 48
10 28 49
10 31 0
10 31 12
10 31 16
10 31 21
10 31 22
10 31 30
10 31 31
10 31 34
10 31 40
10 31 42
10 31 50
10 31 51
10 31 70
10 55 62
10 72 53
10 72 54
10 72 71
10 72 73
10 72 90
10 72 91
10 72 92
10 72 93
10 77 56
10 77 58
10 77 59
10 77 66
10 77 68
10 77 76
10 77 77
10 77 94
10 77 97
10 77 99
11 24 4
11 24 7
11 24 8
11 24 45
11 28 6
11 28 19
11 28 25
11 28 47
11 28 48
11 28 57
11 28 69
11 31 0
11 31 16
11 31 20
11 31 31
11 31 32
11 31 44
11 31 52
11 31 61
11 31 83
11 55 -1
11 72 63
11 72 72
11 72 81
11 72 82
11 72 90
11 77 64
11 77 67
11 77 68
11 77 84
11 77 86
11 77 88
11 77 89
11 77 92
11 77 94
11 77 96
--- Done ---
