0 13 -1
0 51 61
0 51 62
0 51 63
0 51 71
0 51 72
1 6 8
1 13 3
1 13 14
1 23 -1
1 32 0
1 32 30
1 32 2
1 32 15
1 44 -1
1 45 -1
1 51 61
1 51 63
1 51 51
1 51 60
1 51 71
1 51 72
1 51 52
1 51 62
1 51 43
1 57 58
1 57 68
1 57 46
1 57 47
1 57 78
1 81 80
1 81 83
1 81 92
1 81 93
1 81 81
1 88 69
1 88 77
1 88 87
1 88 89
1 88 98
1 88 99
2 6 -1
2 13 3
2 13 4
2 23 -1
2 32 10
2 32 21
2 32 2
2 32 20
2 32 12
2 32 42
2 32 52
2 32 22
2 32 32
2 32 33
2 35 39
2 35 63
2 35 25
2 35 34
2 35 55
2 35 54
2 44 75
2 44 44
2 45 49
2 45 45
2 51 -1
2 57 58
2 57 68
2 57 57
2 57 66
2 57 47
2 57 65
2 81 80
2 81 81
2 81 62
2 81 70
2 81 72
2 88 77
2 88 79
2 88 86
2 88 87
2 88 98
2 88 78
2 88 97
2 88 67
2 93 73
2 93 85
2 93 96
2 93 61
2 93 82
2 93 83
2 93 91
2 93 92
2 93 94
3 6 6
3 11 1
3 13 3
3 13 13
3 13 14
3 13 24
3 19 9
3 19 18
3 19 8
3 19 17
3 19 27
3 19 29
3 23 23
3 23 25
3 32 30
3 32 0
3 32 40
3 32 20
3 32 12
3 32 31
3 32 32
3 32 15
3 32 22
3 32 33
3 35 -1
3 44 44
3 45 45
3 51 51
3 51 61
3 51 71
3 57 48
3 57 58
3 57 57
3 57 37
3 57 46
3 57 47
3 57 67
3 57 76
3 57 55
3 57 56
3 74 95
3 74 64
3 74 75
3 74 85
3 74 86
3 74 82
3 74 94
3 74 84
3 74 97
3 74 52
3 74 65
3 74 43
3 81 80
3 81 81
3 81 90
3 81 91
3 81 62
3 81 70
3 81 72
3 88 77
3 88 79
3 88 89
3 88 98
3 88 78
3 93 93
4 6 5
4 6 26
4 6 25
4 6 15
4 6 24
4 11 1
4 11 10
4 11 2
4 11 4
4 11 11
4 11 20
4 13 3
4 13 13
4 19 9
4 19 18
4 19 7
4 19 8
4 19 17
4 19 28
4 19 29
4 19 38
4 19 39
4 23 23
4 23 34
4 32 40
4 32 32
4 32 33
4 35 35
4 44 44
4 45 -1
4 51 51
4 51 61
4 51 41
4 51 42
4 51 62
4 51 63
4 51 70
4 57 48
4 57 59
4 57 57
4 57 46
4 57 47
4 57 36
4 57 55
4 57 56
4 74 95
4 74 75
4 74 53
4 74 52
4 74 74
4 74 84
4 74 43
4 81 80
4 81 50
4 81 81
4 81 90
4 81 91
4 81 71
4 81 72
4 81 94
4 88 69
4 88 77
4 88 79
4 88 87
4 88 89
4 88 98
4 88 78
4 88 86
4 88 88
4 88 67
4 93 96
4 93 93
5 6 6
5 6 26
5 6 25
5 11 -1
5 13 3
5 13 13
5 13 14
5 13 24
5 19 9
5 19 18
5 19 19
5 19 7
5 19 17
5 19 27
5 19 28
5 19 29
5 19 39
5 23 23
5 23 34
5 32 30
5 32 0
5 32 10
5 32 21
5 32 40
5 32 2
5 32 20
5 32 41
5 32 42
5 32 12
5 32 31
5 32 32
5 32 52
5 32 33
5 32 43
5 35 -1
5 44 44
5 45 45
5 51 51
5 51 61
5 51 62
5 51 63
5 51 22
5 57 48
5 57 58
5 57 68
5 57 57
5 57 46
5 57 47
5 57 66
5 57 67
5 57 76
5 57 36
5 57 56
5 57 65
5 57 54
5 74 95
5 74 64
5 74 73
5 74 75
5 74 85
5 74 84
5 81 80
5 81 50
5 81 60
5 81 81
5 81 90
5 81 92
5 81 71
5 81 72
5 81 82
5 88 69
5 88 77
5 88 79
5 88 87
5 88 89
5 88 98
5 88 99
5 88 78
5 88 86
5 88 88
5 93 93
6 6 5
6 6 6
6 6 16
6 6 26
6 6 25
6 6 15
6 6 24
6 11 1
6 11 0
6 11 10
6 11 21
6 11 2
6 11 4
6 11 11
6 11 20
6 11 12
6 11 14
6 11 31
6 11 22
6 13 3
6 13 13
6 19 9
6 19 18
6 19 19
6 19 17
6 19 27
6 19 28
6 19 29
6 19 38
6 19 39
6 23 -1
6 32 30
6 35 -1
6 44 44
6 45 49
6 45 34
6 45 45
6 45 33
6 51 51
6 51 61
6 51 41
6 51 42
6 57 48
6 57 59
6 57 68
6 57 37
6 57 47
6 57 36
6 57 56
6 74 95
6 74 64
6 74 85
6 74 53
6 74 63
6 74 66
6 74 84
6 74 52
6 74 54
6 74 43
6 81 80
6 81 50
6 81 60
6 81 81
6 81 90
6 81 91
6 81 92
6 81 62
6 81 70
6 81 71
6 81 72
6 81 82
6 81 94
6 88 69
6 88 77
6 88 79
6 88 87
6 88 98
6 88 78
6 88 86
6 88 88
6 88 67
6 88 97
6 93 96
6 93 93
7 6 6
7 6 16
7 6 25
7 6 15
7 6 24
7 11 1
7 11 0
7 11 21
7 11 2
7 11 4
7 11 11
7 11 20
7 11 12
7 11 14
7 11 31
7 11 22
7 13 3
7 19 9
7 19 18
7 19 19
7 19 7
7 19 17
7 19 27
7 19 29
7 19 39
7 23 23
7 23 34
7 23 33
7 32 30
7 32 32
7 35 35
7 44 44
7 45 49
7 45 45
7 51 51
7 51 61
7 51 41
7 57 48
7 57 58
7 57 59
7 57 68
7 57 28
7 57 38
7 57 57
7 57 37
7 57 46
7 57 47
7 57 67
7 57 76
7 57 97
7 57 36
7 57 55
7 57 56
7 57 65
7 57 54
7 74 95
7 74 73
7 74 75
7 74 85
7 74 53
7 74 63
7 74 74
7 74 83
7 74 84
7 74 43
7 81 80
7 81 50
7 81 60
7 81 81
7 81 90
7 81 91
7 81 62
7 81 70
7 81 71
7 88 69
7 88 77
7 88 87
7 88 89
7 88 98
7 88 99
7 93 96
8 6 5
8 6 16
8 6 7
8 6 8
8 6 17
8 6 27
8 6 29
8 6 26
8 6 25
8 6 15
8 6 24
8 11 1
8 11 0
8 11 21
8 11 2
8 11 4
8 11 11
8 11 20
8 11 12
8 11 31
8 11 22
8 13 3
8 13 13
8 19 9
8 19 19
8 19 28
8 19 39
8 23 23
8 32 30
8 32 40
8 32 41
8 32 32
8 32 52
8 35 35
8 44 44
8 45 49
8 45 37
8 45 46
8 45 47
8 45 66
8 45 36
8 45 45
8 45 55
8 45 56
8 45 43
8 51 61
8 57 48
8 57 59
8 57 57
8 74 73
8 74 85
8 74 53
8 74 74
8 81 80
8 81 81
8 81 90
8 81 91
8 81 92
8 81 62
8 81 70
8 81 71
8 81 72
8 81 83
8 88 69
8 88 77
8 88 98
8 88 99
8 88 78
8 88 86
8 88 88
8 88 67
8 88 76
8 93 93
9 6 16
9 6 17
9 6 29
9 6 26
9 6 24
9 11 1
9 11 0
9 11 21
9 11 4
9 11 12
9 11 31
9 11 22
9 13 13
9 19 18
9 19 19
9 19 38
9 19 39
9 23 -1
9 32 40
9 32 41
9 32 42
9 32 70
9 35 35
9 44 -1
9 45 45
9 45 55
9 45 56
9 45 33
9 51 51
9 51 62
9 57 58
9 57 46
9 74 95
9 74 64
9 74 85
9 74 53
9 74 74
9 74 82
9 74 83
9 74 52
9 74 43
9 81 -1
9 88 77
9 88 87
9 88 98
9 88 99
9 88 86
9 88 88
9 88 67
9 93 96
9 93 90
9 93 91
9 93 72
9 93 93
10 6 5
10 6 6
10 6 16
10 6 27
10 6 29
10 6 26
10 11 1
10 13 3
10 19 9
10 19 18
10 23 -1
10 32 30
10 32 0
10 32 21
10 32 40
10 32 42
10 32 70
10 32 12
10 32 31
10 32 22
10 35 -1
10 44 -1
10 45 49
10 45 34
10 45 45
10 51 50
10 51 51
10 57 48
10 57 58
10 57 59
10 57 68
10 57 28
10 57 37
10 57 66
10 57 76
10 57 97
10 57 36
10 57 56
10 57 54
10 74 73
10 74 53
10 81 90
10 81 91
10 81 92
10 81 62
10 81 71
10 81 94
10 88 77
10 88 99
10 93 93
11 6 6
11 6 16
11 6 7
11 6 8
11 6 25
11 11 0
11 11 4
11 11 20
11 11 31
11 13 -1
11 19 19
11 23 -1
11 32 32
11 32 52
11 35 63
11 44 44
11 45 64
11 45 45
11 51 -1
11 57 48
11 57 68
11 57 57
11 57 47
11 57 67
11 74 -1
11 81 81
11 88 69
11 88 89
11 88 86
11 88 88
11 93 96
11 93 61
11 93 90
11 93 92
11 93 72
11 93 82
11 93 83
11 93 84
11 93 94
--- Done ---
