0 31 61
0 44 63
0 44 71
0 44 62
0 44 72
1 12 3
1 31 0
1 31 30
1 31 2
1 38 8
1 38 58
1 44 63
1 44 14
1 44 15
1 44 43
1 44 47
1 44 51
1 44 52
1 44 71
1 44 77
1 44 78
1 44 62
1 81 60
1 81 80
1 81 81
1 81 92
1 81 93
1 81 61
1 81 83
1 81 72
1 87 68
1 87 69
1 87 87
1 87 89
1 87 98
1 87 99
1 87 46
2 12 3
2 12 2
2 12 10
2 12 12
2 12 20
2 31 -1
2 38 39
2 38 49
2 38 58
2 38 47
2 44 54
2 44 63
2 44 73
2 44 4
2 44 52
2 44 55
2 44 22
2 44 25
2 44 32
2 44 33
2 44 34
2 44 42
2 44 44
2 44 45
2 44 62
2 44 72
2 81 80
2 81 81
2 81 91
2 81 92
2 81 94
2 81 61
2 81 70
2 81 83
2 81 21
2 87 67
2 87 68
2 87 79
2 87 86
2 87 87
2 87 96
2 87 97
2 87 98
2 87 65
2 87 66
2 87 77
2 87 78
2 87 82
2 87 85
2 87 57
2 87 75
3 12 1
3 12 3
3 12 12
3 12 14
3 12 15
3 12 20
3 31 0
3 31 30
3 31 31
3 31 43
3 31 51
3 31 52
3 31 61
3 31 70
3 31 13
3 31 22
3 31 23
3 31 24
3 31 32
3 31 33
3 38 8
3 38 9
3 38 17
3 38 18
3 38 27
3 38 29
3 38 37
3 38 58
3 38 6
3 38 46
3 38 47
3 38 48
3 38 55
3 38 25
3 38 45
3 44 44
3 44 62
3 44 72
3 44 75
3 44 76
3 44 84
3 81 80
3 81 81
3 81 90
3 81 91
3 81 93
3 81 94
3 81 40
3 81 64
3 81 71
3 87 67
3 87 79
3 87 86
3 87 89
3 87 95
3 87 97
3 87 98
3 87 65
3 87 77
3 87 78
3 87 82
3 87 85
3 87 56
3 87 57
4 12 1
4 12 3
4 12 2
4 12 4
4 12 10
4 12 11
4 12 15
4 12 20
4 31 62
4 31 72
4 31 35
4 38 5
4 38 7
4 38 8
4 38 9
4 38 17
4 38 18
4 38 28
4 38 29
4 38 38
4 38 39
4 38 59
4 38 26
4 38 36
4 38 47
4 38 48
4 38 55
4 38 25
4 38 34
4 38 56
4 44 53
4 44 63
4 44 41
4 44 43
4 44 51
4 44 52
4 44 13
4 44 23
4 44 24
4 44 32
4 44 33
4 44 42
4 44 44
4 81 80
4 81 81
4 81 90
4 81 91
4 81 93
4 81 94
4 81 40
4 81 50
4 81 61
4 81 70
4 81 71
4 81 74
4 87 67
4 87 69
4 87 79
4 87 86
4 87 87
4 87 88
4 87 89
4 87 95
4 87 96
4 87 98
4 87 46
4 87 77
4 87 78
4 87 57
4 87 75
4 87 84
5 0 0
5 0 30
5 0 2
5 0 10
5 0 20
5 12 3
5 12 12
5 12 42
5 12 44
5 31 31
5 31 62
5 31 72
5 31 40
5 31 21
5 38 7
5 38 9
5 38 17
5 38 18
5 38 19
5 38 27
5 38 28
5 38 29
5 38 39
5 38 58
5 38 6
5 38 26
5 38 36
5 38 46
5 38 47
5 38 48
5 38 25
5 38 34
5 44 54
5 44 63
5 44 73
5 44 41
5 44 43
5 44 51
5 44 52
5 44 65
5 44 66
5 44 77
5 44 78
5 44 85
5 44 13
5 44 14
5 44 22
5 44 23
5 44 24
5 44 32
5 44 33
5 44 45
5 44 57
5 44 75
5 44 76
5 81 60
5 81 80
5 81 81
5 81 90
5 81 92
5 81 93
5 81 50
5 81 61
5 81 64
5 81 71
5 81 82
5 81 84
5 87 67
5 87 68
5 87 69
5 87 79
5 87 86
5 87 87
5 87 88
5 87 89
5 87 95
5 87 98
5 87 99
5 87 56
6 0 0
6 0 1
6 0 30
6 0 2
6 0 10
6 0 11
6 0 20
6 12 3
6 12 12
6 31 31
6 38 5
6 38 9
6 38 17
6 38 18
6 38 19
6 38 27
6 38 28
6 38 29
6 38 37
6 38 38
6 38 39
6 38 49
6 38 59
6 38 6
6 38 26
6 38 36
6 38 47
6 38 48
6 38 16
6 38 25
6 44 53
6 44 54
6 44 63
6 44 4
6 44 15
6 44 41
6 44 43
6 44 51
6 44 52
6 44 13
6 44 14
6 44 22
6 44 24
6 44 34
6 44 45
6 44 33
6 44 42
6 44 44
6 44 62
6 44 72
6 44 84
6 81 60
6 81 80
6 81 81
6 81 90
6 81 91
6 81 92
6 81 93
6 81 94
6 81 50
6 81 61
6 81 64
6 81 70
6 81 71
6 81 21
6 87 67
6 87 68
6 87 69
6 87 79
6 87 86
6 87 87
6 87 88
6 87 95
6 87 96
6 87 97
6 87 98
6 87 66
6 87 77
6 87 78
6 87 82
6 87 85
6 87 56
7 0 0
7 0 1
7 0 30
7 0 2
7 0 11
7 0 20
7 12 3
7 12 12
7 31 31
7 38 7
7 38 9
7 38 17
7 38 18
7 38 19
7 38 27
7 38 28
7 38 29
7 38 37
7 38 38
7 38 39
7 38 49
7 38 58
7 38 59
7 38 6
7 38 36
7 38 46
7 38 47
7 38 48
7 38 55
7 38 16
7 38 25
7 38 34
7 38 45
7 38 56
7 44 53
7 44 54
7 44 63
7 44 73
7 44 4
7 44 15
7 44 41
7 44 43
7 44 51
7 44 71
7 44 74
7 44 14
7 44 22
7 44 23
7 44 24
7 44 32
7 44 33
7 44 44
7 44 57
7 44 62
7 44 75
7 44 76
7 44 35
7 81 60
7 81 80
7 81 81
7 81 90
7 81 91
7 81 50
7 81 61
7 81 70
7 81 83
7 81 21
7 87 67
7 87 68
7 87 69
7 87 87
7 87 89
7 87 95
7 87 96
7 87 97
7 87 98
7 87 99
7 87 65
7 87 77
7 87 85
7 87 84
8 0 0
8 0 1
8 0 30
8 0 2
8 0 11
8 0 20
8 12 3
8 12 12
8 31 31
8 38 5
8 38 7
8 38 8
8 38 9
8 38 17
8 38 19
8 38 27
8 38 28
8 38 29
8 38 37
8 38 39
8 38 49
8 38 59
8 38 26
8 38 36
8 38 46
8 38 47
8 38 48
8 38 55
8 38 16
8 38 25
8 38 45
8 38 56
8 38 57
8 38 76
8 38 35
8 44 53
8 44 73
8 44 4
8 44 15
8 44 41
8 44 43
8 44 52
8 44 66
8 44 77
8 44 78
8 44 85
8 44 13
8 44 22
8 44 23
8 44 24
8 44 32
8 44 44
8 44 62
8 44 72
8 44 21
8 81 80
8 81 81
8 81 90
8 81 91
8 81 92
8 81 93
8 81 61
8 81 70
8 81 71
8 81 74
8 81 83
8 81 40
8 87 67
8 87 69
8 87 86
8 87 88
8 87 98
8 87 99
9 0 0
9 0 1
9 12 12
9 31 31
9 38 17
9 38 18
9 38 19
9 38 29
9 38 38
9 38 39
9 38 58
9 38 26
9 38 55
9 44 53
9 44 4
9 44 41
9 44 43
9 44 51
9 44 52
9 44 64
9 44 74
9 44 13
9 44 16
9 44 22
9 44 24
9 44 33
9 44 42
9 44 45
9 44 56
9 44 62
9 44 72
9 44 35
9 44 21
9 81 90
9 81 91
9 81 93
9 81 70
9 81 83
9 81 40
9 87 67
9 87 86
9 87 87
9 87 88
9 87 95
9 87 96
9 87 98
9 87 99
9 87 46
9 87 77
9 87 82
9 87 85
10 0 0
10 0 1
10 0 30
10 12 3
10 12 12
10 31 31
10 38 5
10 38 9
10 38 18
10 38 27
10 38 28
10 38 29
10 38 37
10 38 49
10 38 58
10 38 59
10 38 6
10 38 26
10 38 36
10 38 48
10 38 16
10 38 34
10 38 45
10 38 56
10 38 76
10 44 53
10 44 54
10 44 73
10 44 51
10 44 66
10 44 77
10 44 22
10 44 42
10 44 62
10 44 21
10 81 90
10 81 91
10 81 92
10 81 93
10 81 94
10 81 50
10 81 70
10 81 71
10 81 40
10 87 68
10 87 97
10 87 99
11 0 0
11 0 20
11 12 -1
11 31 31
11 38 7
11 38 8
11 38 19
11 38 6
11 38 47
11 38 48
11 38 16
11 38 25
11 38 45
11 38 57
11 44 63
11 44 4
11 44 52
11 44 32
11 44 44
11 81 81
11 81 90
11 81 92
11 81 94
11 81 61
11 81 64
11 81 83
11 81 72
11 81 84
11 87 67
11 87 68
11 87 69
11 87 86
11 87 88
11 87 89
11 87 96
11 87 82
--- Done ---
