0 76 55
0 76 65
0 76 66
0 76 75
0 76 76
1 12 0
1 12 14
1 12 32
1 12 33
1 12 52
1 17 9
1 68 69
1 68 98
1 68 54
1 68 55
1 68 58
1 68 65
1 68 56
1 68 63
1 72 40
1 72 82
1 72 93
1 72 64
1 72 72
1 72 83
1 72 92
1 72 21
1 76 66
1 76 73
1 76 75
1 76 79
2 12 11
2 12 12
2 12 13
2 12 34
2 12 31
2 12 41
2 17 7
2 17 9
2 17 15
2 17 16
2 17 17
2 17 18
2 17 27
2 17 29
2 17 38
2 17 2
2 17 24
2 17 25
2 17 35
2 17 46
2 17 56
2 68 47
2 68 59
2 68 69
2 68 68
2 72 50
2 72 60
2 72 61
2 72 42
2 72 62
2 72 70
2 72 71
2 72 80
2 72 64
2 72 72
2 72 73
2 72 74
2 72 75
2 72 83
2 72 92
2 72 52
2 72 85
2 76 44
2 76 89
2 76 55
2 76 58
2 76 65
2 76 66
2 76 76
2 76 78
2 76 94
2 76 95
2 76 26
2 93 -1
3 12 1
3 12 3
3 12 10
3 12 12
3 12 13
3 12 20
3 12 22
3 12 23
3 12 30
3 12 34
3 12 5
3 12 14
3 12 24
3 12 31
3 12 32
3 12 33
3 12 41
3 12 21
3 12 52
3 17 4
3 17 8
3 17 9
3 17 17
3 17 19
3 17 27
3 17 29
3 17 28
3 17 35
3 17 37
3 17 39
3 17 46
3 68 45
3 68 59
3 68 69
3 68 98
3 68 99
3 68 54
3 68 55
3 68 65
3 68 66
3 68 78
3 68 79
3 68 88
3 68 26
3 68 77
3 72 51
3 72 60
3 72 42
3 72 53
3 72 62
3 72 70
3 72 82
3 72 72
3 76 44
3 76 97
3 76 76
3 76 86
3 76 95
3 76 64
3 76 74
3 76 75
3 76 84
3 76 85
3 93 93
4 12 0
4 12 3
4 12 10
4 12 12
4 12 20
4 12 22
4 12 30
4 12 34
4 17 4
4 17 7
4 17 8
4 17 9
4 17 15
4 17 16
4 17 17
4 17 19
4 17 27
4 17 29
4 17 2
4 17 5
4 17 14
4 17 25
4 17 32
4 17 33
4 17 36
4 17 39
4 17 46
4 17 26
4 68 45
4 68 47
4 68 48
4 68 59
4 68 69
4 68 98
4 68 54
4 68 65
4 68 68
4 68 78
4 68 87
4 68 88
4 68 56
4 68 57
4 68 63
4 68 77
4 68 85
4 72 40
4 72 43
4 72 60
4 72 61
4 72 42
4 72 53
4 72 62
4 72 71
4 72 21
4 72 64
4 72 72
4 72 73
4 72 74
4 72 75
4 72 80
4 72 81
4 72 84
4 72 90
4 72 91
4 72 92
4 72 96
4 72 52
4 76 44
4 76 89
4 76 97
4 76 66
4 76 67
4 76 76
4 76 79
4 93 86
4 93 94
4 93 93
5 12 0
5 12 1
5 12 3
5 12 10
5 12 11
5 12 12
5 12 13
5 12 22
5 12 30
5 12 2
5 12 5
5 12 14
5 12 25
5 12 31
5 12 32
5 12 41
5 12 21
5 12 52
5 17 4
5 17 9
5 17 15
5 17 16
5 17 19
5 17 27
5 17 38
5 17 35
5 17 39
5 17 56
5 68 45
5 68 48
5 68 49
5 68 59
5 68 69
5 68 98
5 68 99
5 68 28
5 68 37
5 68 46
5 68 54
5 68 58
5 68 68
5 68 78
5 68 79
5 68 87
5 68 88
5 68 26
5 68 55
5 72 51
5 72 60
5 72 61
5 72 42
5 72 57
5 72 63
5 72 53
5 72 64
5 72 70
5 72 71
5 72 72
5 72 75
5 72 80
5 72 81
5 72 82
5 76 89
5 76 97
5 76 44
5 76 66
5 76 67
5 76 76
5 83 65
5 83 86
5 83 94
5 83 95
5 83 83
5 83 84
5 83 85
5 83 92
5 93 77
5 93 93
6 12 1
6 12 3
6 12 11
6 12 12
6 12 20
6 12 22
6 12 23
6 12 30
6 12 34
6 12 31
6 12 32
6 12 33
6 12 21
6 12 41
6 12 52
6 17 4
6 17 6
6 17 7
6 17 9
6 17 16
6 17 17
6 17 19
6 17 27
6 17 29
6 17 38
6 17 2
6 17 5
6 17 14
6 17 25
6 17 35
6 68 45
6 68 48
6 68 49
6 68 69
6 68 98
6 68 99
6 68 28
6 68 36
6 68 37
6 68 46
6 68 26
6 68 56
6 68 58
6 68 66
6 68 67
6 68 78
6 68 79
6 68 88
6 72 43
6 72 50
6 72 51
6 72 61
6 72 53
6 72 62
6 72 71
6 72 80
6 72 81
6 72 82
6 72 90
6 72 64
6 72 72
6 72 73
6 72 74
6 72 75
6 72 84
6 72 85
6 72 96
6 76 89
6 76 97
6 76 39
6 76 44
6 76 76
6 76 55
6 76 65
6 76 42
6 76 63
6 76 94
6 83 83
6 93 93
7 12 1
7 12 3
7 12 10
7 12 12
7 12 13
7 12 20
7 12 22
7 12 30
7 12 34
7 12 5
7 12 24
7 12 25
7 12 31
7 12 32
7 12 33
7 12 41
7 12 21
7 12 52
7 17 6
7 17 7
7 17 8
7 17 15
7 17 17
7 17 18
7 17 27
7 17 29
7 17 39
7 68 45
7 68 47
7 68 48
7 68 49
7 68 59
7 68 69
7 68 98
7 68 28
7 68 36
7 68 46
7 68 54
7 68 58
7 68 66
7 68 67
7 68 68
7 68 78
7 68 79
7 68 87
7 68 26
7 68 55
7 68 56
7 72 43
7 72 50
7 72 51
7 72 60
7 72 61
7 72 42
7 72 53
7 72 63
7 72 70
7 72 71
7 72 81
7 72 90
7 72 91
7 72 73
7 72 74
7 72 75
7 72 84
7 72 85
7 72 96
7 76 89
7 76 97
7 76 44
7 76 76
7 76 65
7 76 77
7 76 86
7 76 94
7 76 95
7 83 -1
7 93 93
8 12 0
8 12 10
8 12 11
8 12 12
8 12 20
8 12 23
8 12 30
8 12 24
8 12 25
8 12 33
8 12 41
8 12 21
8 12 52
8 17 7
8 17 15
8 17 16
8 17 17
8 17 19
8 17 38
8 68 45
8 68 47
8 68 48
8 68 59
8 68 98
8 68 99
8 68 28
8 68 36
8 68 37
8 68 46
8 68 54
8 68 68
8 68 79
8 68 88
8 68 26
8 68 56
8 68 57
8 68 77
8 68 63
8 68 85
8 72 40
8 72 50
8 72 61
8 72 53
8 72 62
8 72 70
8 72 80
8 72 82
8 72 91
8 72 64
8 72 73
8 72 75
8 72 84
8 72 92
8 72 96
8 76 89
8 76 97
8 76 44
8 76 76
8 76 42
8 76 86
8 76 94
8 76 95
8 83 83
8 93 -1
9 12 0
9 12 1
9 12 11
9 12 30
9 12 34
9 12 31
9 17 4
9 17 6
9 17 8
9 17 15
9 17 16
9 17 18
9 17 19
9 17 27
9 17 29
9 17 38
9 17 5
9 17 25
9 17 35
9 17 37
9 17 46
9 17 56
9 68 48
9 68 59
9 68 69
9 68 79
9 68 87
9 68 88
9 68 77
9 72 40
9 72 43
9 72 50
9 72 51
9 72 41
9 72 42
9 72 57
9 72 62
9 72 70
9 72 80
9 72 81
9 72 82
9 72 90
9 72 91
9 72 64
9 72 72
9 72 73
9 72 75
9 72 96
9 76 76
9 76 86
9 76 95
9 83 83
9 93 -1
10 12 10
10 12 12
10 12 20
10 12 22
10 12 2
10 12 14
10 12 25
10 12 52
10 17 7
10 17 18
10 17 29
10 17 38
10 17 28
10 17 36
10 17 37
10 68 45
10 68 48
10 68 49
10 68 98
10 68 58
10 68 68
10 68 79
10 68 87
10 68 26
10 68 55
10 72 51
10 72 61
10 72 53
10 72 62
10 72 70
10 72 71
10 72 80
10 72 81
10 72 90
10 72 72
10 72 74
10 72 75
10 72 92
10 76 -1
10 83 83
10 93 -1
11 12 34
11 17 15
11 68 59
11 68 98
11 68 66
11 68 88
11 68 55
11 72 62
11 72 70
11 72 82
11 72 90
11 72 64
11 72 75
11 72 96
11 76 76
11 76 86
11 83 -1
11 93 -1
--- Done ---
