0 76 55
0 76 65
0 76 66
0 76 75
0 76 76
1 11 0
1 23 14
1 28 9
1 30 40
1 53 54
1 53 73
1 53 52
1 53 55
1 53 64
1 53 65
1 53 63
1 53 72
1 53 93
1 53 33
1 53 21
1 53 32
1 76 56
1 76 66
1 76 75
1 76 58
1 89 69
1 89 79
1 89 98
1 91 82
1 91 83
1 91 92
2 5 7
2 11 2
2 11 11
2 11 12
2 11 13
2 23 25
2 23 35
2 23 24
2 28 9
2 28 17
2 28 18
2 28 26
2 28 29
2 28 38
2 28 47
2 28 15
2 28 16
2 30 -1
2 40 50
2 40 71
2 40 46
2 40 60
2 53 73
2 53 74
2 53 34
2 53 52
2 53 61
2 53 65
2 53 72
2 53 41
2 53 42
2 53 62
2 53 31
2 57 59
2 57 56
2 57 66
2 57 27
2 57 44
2 57 58
2 57 64
2 57 68
2 57 75
2 57 55
2 57 78
2 76 76
2 76 85
2 76 95
2 89 69
2 89 89
2 91 70
2 91 80
2 91 83
2 91 92
2 97 94
3 5 5
3 5 14
3 5 24
3 5 4
3 11 -1
3 23 35
3 23 3
3 23 1
3 23 23
3 28 9
3 28 17
3 28 19
3 28 26
3 28 28
3 28 29
3 28 39
3 28 8
3 28 27
3 28 37
3 30 20
3 30 60
3 30 10
3 30 22
3 30 30
3 30 12
3 30 13
3 40 -1
3 53 53
3 53 54
3 53 74
3 53 34
3 53 45
3 53 52
3 53 65
3 53 72
3 53 93
3 53 33
3 53 41
3 53 42
3 53 44
3 53 51
3 53 62
3 53 55
3 53 31
3 53 21
3 53 32
3 57 59
3 57 46
3 76 84
3 76 66
3 76 76
3 76 85
3 76 86
3 76 95
3 76 64
3 76 75
3 76 88
3 89 69
3 89 79
3 89 98
3 89 99
3 89 77
3 89 78
3 91 70
3 91 82
3 97 97
4 5 5
4 5 7
4 5 14
4 11 0
4 11 2
4 11 20
4 11 4
4 11 10
4 11 22
4 11 12
4 23 3
4 23 25
4 28 9
4 28 19
4 28 29
4 28 8
4 28 17
4 28 26
4 28 39
4 28 15
4 28 57
4 28 27
4 28 36
4 28 16
4 30 30
4 37 -1
4 40 71
4 40 40
4 40 60
4 53 53
4 53 54
4 53 73
4 53 74
4 53 34
4 53 43
4 53 52
4 53 61
4 53 63
4 53 72
4 53 93
4 53 42
4 53 64
4 53 62
4 53 65
4 53 33
4 53 21
4 53 32
4 57 59
4 57 67
4 57 66
4 57 44
4 57 45
4 57 46
4 57 47
4 57 48
4 76 84
4 76 76
4 76 86
4 76 56
4 76 68
4 76 75
4 76 77
4 76 78
4 76 85
4 76 87
4 76 88
4 89 69
4 89 89
4 91 80
4 91 81
4 91 90
4 91 91
4 91 92
4 97 94
4 97 96
4 97 79
4 97 98
4 97 97
5 5 5
5 11 0
5 11 2
5 11 11
5 23 35
5 23 3
5 23 14
5 23 25
5 23 52
5 23 1
5 23 4
5 23 10
5 23 15
5 23 22
5 23 44
5 23 63
5 23 12
5 23 13
5 23 16
5 23 21
5 23 32
5 28 9
5 28 19
5 28 26
5 28 28
5 28 39
5 28 38
5 28 48
5 28 49
5 28 57
5 28 27
5 28 58
5 30 30
5 37 37
5 40 60
5 40 71
5 40 41
5 40 31
5 40 42
5 40 51
5 53 53
5 53 54
5 57 59
5 57 67
5 57 66
5 57 45
5 57 46
5 73 -1
5 76 76
5 76 84
5 76 86
5 76 95
5 76 56
5 76 68
5 76 55
5 76 64
5 76 75
5 76 77
5 76 78
5 76 85
5 76 87
5 76 88
5 76 65
5 89 69
5 89 79
5 89 98
5 89 99
5 89 89
5 91 70
5 91 80
5 91 81
5 91 92
5 91 82
5 91 83
5 91 61
5 91 72
5 91 93
5 97 94
5 97 97
6 5 6
6 5 3
6 5 5
6 5 7
6 5 14
6 5 4
6 5 38
6 5 27
6 11 2
6 11 20
6 11 11
6 11 31
6 23 35
6 23 25
6 23 34
6 23 43
6 23 52
6 23 1
6 23 22
6 23 23
6 23 63
6 23 12
6 23 16
6 23 33
6 23 44
6 23 21
6 23 32
6 28 9
6 28 19
6 28 29
6 28 17
6 28 26
6 28 28
6 28 39
6 28 48
6 28 49
6 28 36
6 28 58
6 30 30
6 37 37
6 40 50
6 40 71
6 40 41
6 53 53
6 57 67
6 57 66
6 57 45
6 57 46
6 57 56
6 57 64
6 73 73
6 73 74
6 73 84
6 73 42
6 73 51
6 73 65
6 76 76
6 89 69
6 89 89
6 91 80
6 91 81
6 91 90
6 91 82
6 91 83
6 91 61
6 91 72
6 91 93
6 91 62
6 97 94
6 97 96
6 97 79
6 97 98
6 97 99
6 97 85
6 97 88
6 97 97
6 97 55
6 97 75
6 97 78
7 5 6
7 5 3
7 5 5
7 5 7
7 5 8
7 5 24
7 11 -1
7 23 25
7 23 34
7 23 43
7 23 52
7 23 1
7 23 10
7 23 15
7 23 22
7 23 63
7 23 12
7 23 13
7 23 33
7 23 44
7 28 18
7 28 29
7 28 17
7 28 26
7 28 28
7 28 39
7 28 47
7 28 48
7 28 49
7 28 27
7 28 36
7 28 58
7 30 20
7 30 30
7 37 -1
7 40 50
7 40 60
7 40 71
7 53 53
7 53 54
7 53 74
7 53 41
7 53 45
7 53 61
7 53 93
7 53 31
7 53 42
7 53 51
7 53 55
7 53 65
7 53 21
7 53 32
7 57 59
7 57 67
7 57 66
7 57 46
7 73 73
7 76 76
7 76 84
7 76 86
7 76 95
7 76 56
7 76 68
7 76 85
7 76 87
7 76 75
7 76 77
7 76 78
7 89 69
7 89 79
7 89 98
7 89 89
7 91 70
7 91 81
7 91 90
7 91 91
7 97 94
7 97 96
7 97 97
8 5 7
8 5 24
8 11 0
8 11 20
8 11 10
8 11 11
8 11 12
8 11 33
8 23 25
8 23 52
8 23 23
8 28 19
8 28 17
8 28 26
8 28 28
8 28 15
8 28 38
8 28 47
8 28 48
8 28 16
8 28 36
8 30 30
8 37 37
8 40 50
8 40 40
8 53 53
8 53 54
8 53 41
8 53 45
8 53 63
8 53 42
8 53 44
8 53 62
8 53 64
8 53 21
8 57 59
8 57 46
8 57 56
8 57 57
8 57 68
8 73 73
8 73 84
8 76 76
8 89 89
8 91 70
8 91 80
8 91 91
8 91 92
8 91 82
8 91 83
8 91 61
8 97 94
8 97 96
8 97 79
8 97 86
8 97 95
8 97 98
8 97 99
8 97 85
8 97 88
8 97 97
8 97 75
8 97 77
9 5 6
9 5 5
9 11 0
9 11 11
9 23 35
9 23 25
9 23 34
9 23 43
9 23 1
9 23 4
9 23 15
9 23 16
9 28 18
9 28 19
9 28 29
9 28 8
9 28 38
9 28 48
9 28 27
9 30 30
9 37 37
9 40 50
9 40 40
9 40 41
9 40 46
9 40 31
9 40 42
9 40 51
9 40 62
9 53 -1
9 57 59
9 57 57
9 73 73
9 76 76
9 76 86
9 76 95
9 76 56
9 76 87
9 76 88
9 76 64
9 76 75
9 76 77
9 89 69
9 89 79
9 91 70
9 91 80
9 91 81
9 91 90
9 91 91
9 91 82
9 91 83
9 91 72
9 97 96
10 5 7
10 5 14
10 11 2
10 11 20
10 11 10
10 11 22
10 11 12
10 23 25
10 23 52
10 28 18
10 28 29
10 28 26
10 28 28
10 28 38
10 28 48
10 28 49
10 28 36
10 28 58
10 30 -1
10 37 37
10 40 -1
10 53 53
10 53 45
10 53 55
10 57 -1
10 73 71
10 73 74
10 73 51
10 73 75
10 76 -1
10 89 79
10 89 98
10 89 68
10 89 87
10 91 70
10 91 80
10 91 81
10 91 90
10 91 92
10 91 83
10 91 61
10 91 72
10 91 62
10 97 -1
11 5 -1
11 11 -1
11 23 34
11 23 15
11 28 -1
11 30 -1
11 37 -1
11 40 -1
11 53 -1
11 57 59
11 57 66
11 73 -1
11 76 76
11 76 86
11 76 64
11 89 -1
11 91 70
11 91 90
11 91 82
11 91 62
11 97 96
11 97 98
11 97 88
11 97 55
11 97 75
--- Done ---
