0 76 55
0 76 65
0 76 66
0 76 75
0 76 76
1 26 0
1 26 9
1 26 14
1 26 21
1 26 32
1 26 33
1 26 55
1 26 56
1 26 63
1 26 69
1 26 75
1 71 40
1 71 52
1 71 82
1 71 98
1 76 54
1 76 58
1 76 64
1 76 65
1 76 66
1 76 72
1 76 73
1 76 79
1 76 83
1 76 92
1 76 93
2 26 9
2 26 13
2 26 15
2 26 16
2 26 26
2 26 38
2 26 58
2 26 59
2 26 65
2 26 66
2 34 2
2 34 7
2 34 12
2 34 17
2 34 18
2 34 24
2 34 25
2 34 29
2 34 34
2 34 35
2 34 44
2 34 56
2 34 85
2 71 11
2 71 31
2 71 41
2 71 42
2 71 46
2 71 50
2 71 52
2 71 55
2 71 60
2 71 61
2 71 62
2 71 64
2 71 70
2 71 71
2 71 72
2 71 73
2 71 75
2 71 80
2 71 83
2 76 27
2 76 47
2 76 68
2 76 69
2 76 74
2 76 76
2 76 78
2 76 89
2 76 92
2 76 94
2 76 95
3 26 3
3 26 4
3 26 5
3 26 8
3 26 9
3 26 13
3 26 14
3 26 19
3 26 23
3 26 26
3 26 29
3 26 30
3 26 37
3 26 59
3 26 65
3 26 69
3 34 1
3 34 10
3 34 12
3 34 17
3 34 21
3 34 24
3 34 28
3 34 33
3 34 34
3 34 99
3 71 20
3 71 22
3 71 31
3 71 32
3 71 41
3 71 42
3 71 46
3 71 51
3 71 52
3 71 53
3 71 54
3 71 55
3 71 60
3 71 62
3 71 64
3 71 70
3 71 72
3 71 74
3 71 79
3 71 82
3 71 84
3 71 98
3 76 27
3 76 35
3 76 39
3 76 44
3 76 45
3 76 66
3 76 75
3 76 76
3 76 77
3 76 78
3 76 85
3 76 86
3 76 88
3 76 93
3 76 95
3 76 97
4 26 0
4 26 3
4 26 8
4 26 9
4 26 16
4 26 21
4 26 26
4 26 30
4 26 33
4 26 39
4 26 59
4 26 65
4 34 2
4 34 4
4 34 5
4 34 7
4 34 10
4 34 12
4 34 14
4 34 15
4 34 17
4 34 19
4 34 27
4 34 29
4 34 34
4 34 44
4 34 48
4 34 56
4 34 62
4 34 69
4 34 72
4 34 85
4 71 20
4 71 22
4 71 32
4 71 40
4 71 42
4 71 43
4 71 46
4 71 47
4 71 52
4 71 53
4 71 54
4 71 60
4 71 63
4 71 64
4 71 71
4 71 73
4 71 74
4 71 75
4 71 79
4 71 80
4 71 81
4 71 84
4 71 90
4 71 91
4 71 92
4 71 93
4 71 98
4 76 25
4 76 36
4 76 45
4 76 57
4 76 61
4 76 66
4 76 67
4 76 68
4 76 76
4 76 77
4 76 78
4 76 86
4 76 87
4 76 88
4 76 89
4 76 94
4 76 96
4 76 97
5 26 0
5 26 2
5 26 4
5 26 9
5 26 14
5 26 15
5 26 16
5 26 21
5 26 25
5 26 26
5 26 27
5 26 30
5 26 32
5 26 35
5 26 38
5 26 39
5 26 42
5 26 44
5 26 48
5 26 49
5 26 55
5 26 59
5 26 65
5 26 68
5 26 69
5 26 75
5 34 1
5 34 3
5 34 5
5 34 10
5 34 11
5 34 12
5 34 13
5 34 19
5 34 22
5 34 28
5 34 37
5 34 41
5 34 45
5 34 46
5 34 53
5 34 56
5 34 57
5 34 64
5 34 67
5 34 80
5 34 85
5 34 99
5 71 31
5 71 52
5 71 54
5 71 60
5 71 63
5 71 70
5 71 71
5 71 72
5 71 81
5 71 82
5 71 83
5 71 92
5 71 93
5 71 98
5 76 51
5 76 58
5 76 61
5 76 66
5 76 76
5 76 77
5 76 78
5 76 79
5 76 84
5 76 86
5 76 87
5 76 88
5 76 89
5 76 94
5 76 95
5 76 97
6 26 2
6 26 4
6 26 5
6 26 7
6 26 9
6 26 16
6 26 21
6 26 23
6 26 26
6 26 28
6 26 30
6 26 33
6 26 38
6 26 39
6 26 46
6 26 48
6 34 1
6 34 3
6 34 6
6 34 11
6 34 12
6 34 14
6 34 17
6 34 22
6 34 25
6 34 27
6 34 29
6 34 31
6 34 32
6 34 34
6 34 35
6 34 37
6 34 41
6 34 45
6 34 51
6 34 52
6 34 53
6 34 55
6 34 56
6 34 62
6 34 73
6 34 80
6 34 85
6 34 99
6 71 20
6 71 50
6 71 71
6 71 82
6 71 84
6 71 90
6 71 98
6 76 19
6 76 36
6 76 42
6 76 43
6 76 44
6 76 49
6 76 58
6 76 61
6 76 63
6 76 64
6 76 65
6 76 66
6 76 67
6 76 69
6 76 72
6 76 74
6 76 75
6 76 76
6 76 78
6 76 79
6 76 81
6 76 83
6 76 88
6 76 89
6 76 93
6 76 94
6 76 96
6 76 97
7 26 3
7 26 6
7 26 7
7 26 8
7 26 13
7 26 15
7 26 17
7 26 18
7 26 21
7 26 26
7 26 28
7 26 29
7 26 30
7 26 33
7 26 39
7 26 54
7 26 56
7 26 58
7 26 59
7 26 65
7 26 69
7 34 1
7 34 5
7 34 10
7 34 12
7 34 25
7 34 34
7 34 61
7 71 20
7 71 22
7 71 31
7 71 32
7 71 41
7 71 43
7 71 46
7 71 50
7 71 52
7 71 53
7 71 60
7 71 70
7 71 71
7 71 75
7 71 90
7 71 91
7 71 98
7 76 24
7 76 27
7 76 36
7 76 42
7 76 44
7 76 45
7 76 47
7 76 48
7 76 49
7 76 51
7 76 55
7 76 63
7 76 66
7 76 67
7 76 68
7 76 73
7 76 74
7 76 76
7 76 77
7 76 78
7 76 79
7 76 81
7 76 84
7 76 85
7 76 86
7 76 87
7 76 89
7 76 93
7 76 94
7 76 95
7 76 96
7 76 97
8 26 0
8 26 7
8 26 15
8 26 17
8 26 23
8 26 24
8 26 26
8 26 28
8 26 30
8 26 33
8 26 37
8 26 38
8 26 45
8 26 46
8 26 53
8 26 59
8 34 10
8 34 11
8 34 12
8 34 16
8 34 21
8 34 25
8 34 40
8 34 50
8 34 62
8 34 80
8 34 99
8 71 20
8 71 41
8 71 52
8 71 70
8 71 82
8 71 91
8 71 98
8 76 19
8 76 36
8 76 42
8 76 44
8 76 47
8 76 48
8 76 54
8 76 56
8 76 57
8 76 61
8 76 63
8 76 64
8 76 68
8 76 73
8 76 75
8 76 76
8 76 77
8 76 79
8 76 83
8 76 84
8 76 85
8 76 86
8 76 88
8 76 89
8 76 92
8 76 94
8 76 95
8 76 96
8 76 97
9 26 0
9 26 5
9 26 8
9 26 16
9 26 18
9 26 19
9 26 25
9 26 27
9 26 29
9 26 30
9 26 37
9 26 38
9 26 56
9 26 59
9 34 1
9 34 4
9 34 6
9 34 11
9 34 15
9 34 34
9 34 50
9 34 51
9 34 62
9 71 31
9 71 40
9 71 41
9 71 46
9 71 70
9 71 80
9 71 82
9 71 83
9 71 90
9 71 91
9 76 35
9 76 42
9 76 43
9 76 48
9 76 57
9 76 64
9 76 69
9 76 72
9 76 73
9 76 75
9 76 76
9 76 77
9 76 79
9 76 81
9 76 86
9 76 87
9 76 88
9 76 95
9 76 96
10 26 14
10 26 25
10 26 26
10 26 29
10 26 37
10 26 38
10 26 45
10 26 53
10 26 55
10 26 58
10 26 68
10 34 2
10 34 7
10 34 10
10 34 12
10 34 18
10 34 28
10 34 36
10 34 48
10 34 52
10 34 72
10 71 20
10 71 22
10 71 62
10 71 70
10 71 71
10 71 74
10 71 80
10 71 90
10 71 98
10 76 49
10 76 51
10 76 61
10 76 75
10 76 79
10 76 81
10 76 83
10 76 87
10 76 92
11 26 55
11 26 59
11 34 15
11 34 34
11 34 62
11 34 64
11 34 66
11 71 70
11 71 75
11 71 82
11 71 90
11 71 98
11 76 76
11 76 86
11 76 88
11 76 96
--- Done ---
