0 76 55
0 76 65
0 76 66
0 76 75
0 76 76
1 33 -1
1 55 -1
1 69 -1
1 76 0
1 76 9
1 76 14
1 76 21
1 76 32
1 76 33
1 76 40
1 76 52
1 76 54
1 76 55
1 76 56
1 76 58
1 76 63
1 76 64
1 76 65
1 76 66
1 76 69
1 76 72
1 76 73
1 76 75
1 76 79
1 76 82
1 76 83
1 76 92
1 76 93
1 76 98
2 31 -1
2 33 2
2 33 7
2 33 11
2 33 12
2 33 13
2 33 15
2 33 24
2 33 25
2 33 31
2 33 34
2 33 35
2 33 41
2 33 42
2 33 44
2 33 50
2 33 60
2 33 61
2 33 70
2 55 16
2 55 17
2 55 18
2 55 26
2 55 46
2 55 47
2 55 52
2 55 55
2 55 56
2 55 62
2 55 64
2 55 65
2 55 71
2 55 72
2 55 73
2 55 80
2 55 94
2 69 9
2 69 29
2 69 38
2 69 58
2 69 59
2 69 68
2 69 69
2 69 78
2 69 89
2 76 27
2 76 66
2 76 74
2 76 75
2 76 76
2 76 83
2 76 85
2 76 92
2 76 95
3 31 10
3 31 12
3 31 20
3 31 21
3 31 22
3 31 30
3 31 31
3 31 41
3 31 51
3 31 60
3 33 1
3 33 3
3 33 4
3 33 5
3 33 13
3 33 14
3 33 23
3 33 24
3 33 32
3 33 33
3 33 34
3 33 35
3 33 42
3 33 44
3 33 53
3 33 70
3 33 82
3 55 8
3 55 17
3 55 26
3 55 37
3 55 45
3 55 46
3 55 52
3 55 54
3 55 55
3 55 62
3 55 64
3 55 65
3 55 72
3 69 9
3 69 28
3 69 29
3 69 59
3 69 69
3 69 78
3 69 79
3 69 93
3 69 98
3 69 99
3 76 19
3 76 27
3 76 39
3 76 66
3 76 74
3 76 75
3 76 76
3 76 77
3 76 84
3 76 85
3 76 86
3 76 88
3 76 95
3 76 97
3 95 -1
4 19 -1
4 23 -1
4 31 0
4 31 2
4 31 10
4 31 12
4 31 15
4 31 20
4 31 21
4 31 22
4 31 30
4 31 40
4 31 60
4 31 90
4 31 91
4 33 3
4 33 4
4 33 5
4 33 7
4 33 14
4 33 25
4 33 32
4 33 33
4 33 34
4 33 42
4 33 43
4 33 44
4 33 53
4 33 61
4 33 63
4 43 -1
4 49 -1
4 53 -1
4 55 8
4 55 16
4 55 17
4 55 26
4 55 36
4 55 45
4 55 46
4 55 47
4 55 52
4 55 54
4 55 56
4 55 62
4 55 64
4 55 65
4 55 67
4 55 80
4 55 81
4 57 -1
4 67 -1
4 69 9
4 69 29
4 69 48
4 69 57
4 69 59
4 69 68
4 69 69
4 69 78
4 69 79
4 69 89
4 74 -1
4 76 19
4 76 27
4 76 39
4 76 66
4 76 75
4 76 76
4 76 77
4 76 86
4 76 87
4 76 88
4 95 71
4 95 72
4 95 73
4 95 74
4 95 84
4 95 85
4 95 92
4 95 93
4 95 94
4 95 96
4 95 97
4 95 98
5 19 9
5 19 19
5 19 28
5 23 1
5 23 2
5 23 3
5 23 4
5 23 5
5 23 11
5 23 13
5 23 14
5 23 15
5 23 16
5 23 22
5 23 25
5 31 0
5 31 10
5 31 12
5 31 21
5 31 30
5 31 31
5 31 41
5 31 60
5 33 32
5 33 35
5 43 42
5 43 51
5 43 52
5 43 54
5 49 27
5 49 38
5 49 39
5 49 48
5 49 49
5 49 58
5 53 44
5 53 53
5 53 61
5 53 70
5 53 72
5 53 93
5 55 26
5 55 45
5 55 46
5 55 55
5 55 56
5 55 65
5 55 80
5 55 81
5 57 37
5 57 57
5 67 66
5 67 67
5 67 78
5 67 89
5 69 59
5 69 68
5 69 69
5 69 79
5 74 63
5 74 64
5 74 75
5 74 82
5 74 83
5 74 84
5 76 76
5 76 77
5 76 86
5 76 87
5 76 88
5 95 71
5 95 85
5 95 92
5 95 94
5 95 95
5 95 97
5 95 98
5 95 99
6 19 7
6 19 9
6 19 17
6 19 19
6 19 28
6 19 29
6 23 1
6 23 2
6 23 3
6 23 4
6 23 5
6 23 6
6 23 11
6 23 14
6 23 16
6 23 22
6 23 23
6 23 25
6 31 12
6 31 20
6 31 21
6 31 30
6 31 31
6 31 41
6 31 50
6 31 90
6 33 32
6 33 33
6 33 34
6 33 35
6 43 42
6 43 43
6 43 51
6 43 52
6 49 27
6 49 38
6 49 39
6 49 48
6 49 49
6 49 58
6 53 44
6 53 53
6 53 61
6 53 62
6 53 72
6 53 93
6 55 26
6 55 36
6 55 45
6 55 46
6 55 55
6 55 56
6 55 65
6 55 80
6 55 81
6 57 37
6 67 66
6 67 67
6 67 78
6 67 89
6 69 69
6 69 79
6 74 63
6 74 64
6 74 73
6 74 74
6 74 75
6 74 82
6 74 83
6 74 84
6 76 76
6 76 88
6 95 71
6 95 85
6 95 94
6 95 96
6 95 97
6 95 98
6 95 99
7 19 7
7 19 8
7 19 17
7 19 18
7 19 28
7 19 29
7 23 1
7 23 3
7 23 5
7 23 6
7 23 13
7 23 15
7 23 22
7 23 24
7 23 25
7 31 10
7 31 12
7 31 20
7 31 21
7 31 30
7 31 31
7 31 41
7 31 50
7 31 60
7 31 90
7 33 32
7 33 33
7 33 34
7 43 42
7 43 43
7 43 51
7 43 52
7 43 54
7 49 27
7 49 39
7 49 48
7 49 49
7 49 58
7 53 44
7 53 53
7 53 61
7 53 70
7 53 93
7 55 26
7 55 36
7 55 45
7 55 46
7 55 55
7 55 56
7 55 65
7 55 81
7 57 47
7 67 66
7 67 67
7 67 78
7 67 89
7 69 59
7 69 68
7 69 69
7 69 79
7 74 63
7 74 73
7 74 74
7 74 75
7 74 84
7 74 91
7 76 76
7 76 77
7 76 86
7 76 87
7 95 71
7 95 85
7 95 94
7 95 95
7 95 96
7 95 97
7 95 98
8 19 7
8 19 17
8 19 19
8 19 28
8 23 11
8 23 15
8 23 16
8 23 23
8 23 24
8 23 25
8 31 0
8 31 10
8 31 12
8 31 20
8 31 21
8 31 30
8 31 40
8 31 41
8 31 50
8 33 33
8 43 42
8 43 52
8 43 54
8 49 38
8 49 48
8 53 44
8 53 53
8 53 61
8 53 62
8 53 70
8 55 26
8 55 36
8 55 45
8 55 46
8 55 56
8 55 80
8 57 37
8 57 47
8 57 57
8 67 89
8 69 59
8 69 68
8 69 79
8 74 63
8 74 64
8 74 73
8 74 75
8 74 82
8 74 83
8 74 84
8 74 91
8 76 76
8 76 77
8 76 86
8 76 88
8 95 85
8 95 92
8 95 94
8 95 95
8 95 96
8 95 97
8 95 98
8 95 99
9 19 8
9 19 18
9 19 19
9 19 29
9 23 1
9 23 4
9 23 5
9 23 6
9 23 11
9 23 15
9 23 16
9 23 25
9 31 0
9 31 30
9 31 31
9 31 40
9 31 41
9 31 50
9 31 90
9 33 34
9 33 35
9 43 42
9 43 43
9 43 51
9 49 27
9 49 38
9 49 48
9 53 62
9 53 70
9 53 72
9 55 46
9 55 56
9 55 80
9 55 81
9 57 37
9 57 57
9 67 -1
9 69 59
9 69 69
9 69 79
9 74 64
9 74 73
9 74 75
9 74 82
9 74 83
9 74 91
9 76 76
9 76 77
9 76 86
9 76 87
9 76 88
9 95 95
9 95 96
10 19 7
10 19 18
10 19 28
10 19 29
10 23 2
10 23 14
10 23 22
10 23 25
10 31 10
10 31 12
10 31 20
10 31 90
10 33 -1
10 43 51
10 43 52
10 49 38
10 49 48
10 49 49
10 49 58
10 53 53
10 53 61
10 53 62
10 53 70
10 53 72
10 55 26
10 55 36
10 55 45
10 55 55
10 55 80
10 55 81
10 57 37
10 67 -1
10 69 68
10 69 79
10 74 74
10 74 75
10 74 83
10 76 87
10 95 71
10 95 92
10 95 98
11 19 -1
11 23 15
11 31 90
11 33 34
11 43 -1
11 49 -1
11 53 62
11 53 70
11 55 55
11 57 -1
11 67 66
11 69 59
11 74 64
11 74 75
11 74 82
11 76 76
11 76 86
11 76 88
11 95 96
11 95 98
--- Done ---
