0 76 55
0 76 65
0 76 66
0 76 75
0 76 76
1 26 0
1 26 9
1 26 66
1 26 69
1 45 40
1 45 52
1 45 82
1 45 98
1 45 14
1 45 21
1 45 32
1 45 33
1 45 64
1 45 72
1 45 73
1 45 79
1 45 93
1 45 54
1 45 55
1 45 56
1 45 58
1 45 63
1 45 65
1 45 75
1 76 83
1 76 92
2 26 9
2 26 13
2 26 18
2 26 29
2 26 7
2 26 15
2 26 17
2 26 38
2 26 46
2 26 24
2 26 25
2 26 26
2 26 27
2 26 47
2 26 56
2 26 58
2 26 68
2 26 69
2 26 44
2 26 65
2 45 -1
2 52 11
2 52 31
2 52 50
2 52 60
2 52 70
2 52 80
2 52 12
2 52 41
2 52 52
2 52 61
2 52 62
2 52 71
2 52 74
2 52 83
2 52 92
2 52 2
2 52 16
2 52 34
2 52 59
2 52 64
2 52 72
2 52 73
2 52 85
2 52 35
2 52 42
2 52 55
2 76 78
2 76 89
2 76 76
2 76 94
2 76 95
2 76 66
2 76 75
3 26 9
3 26 8
3 26 26
3 26 66
3 26 75
3 34 1
3 34 99
3 34 3
3 34 10
3 34 13
3 34 29
3 34 31
3 34 60
3 34 5
3 34 12
3 34 14
3 34 17
3 34 19
3 34 28
3 34 37
3 34 41
3 34 46
3 34 62
3 34 4
3 34 21
3 34 22
3 45 82
3 45 98
3 45 45
3 52 20
3 52 70
3 52 30
3 52 74
3 52 52
3 52 59
3 52 23
3 52 32
3 52 33
3 52 34
3 52 53
3 76 78
3 76 97
3 76 77
3 76 79
3 76 86
3 76 88
3 76 95
3 76 39
3 76 76
3 76 93
3 76 24
3 76 27
3 76 51
3 76 64
3 76 69
3 76 72
3 76 84
3 76 85
3 76 35
3 76 42
3 76 44
3 76 54
3 76 55
3 76 65
4 26 9
4 26 0
4 26 3
4 26 8
4 26 29
4 26 30
4 26 5
4 26 7
4 26 14
4 26 15
4 26 17
4 26 19
4 26 39
4 26 59
4 26 2
4 26 4
4 26 16
4 26 25
4 26 27
4 26 32
4 26 33
4 34 10
4 34 12
4 34 34
4 34 66
4 34 72
4 34 73
4 45 45
4 52 52
4 52 84
4 52 85
4 73 90
4 73 20
4 73 91
4 73 98
4 73 60
4 73 71
4 73 74
4 73 80
4 73 81
4 73 86
4 73 92
4 73 94
4 73 46
4 73 68
4 73 21
4 73 22
4 73 26
4 73 40
4 73 53
4 73 56
4 73 61
4 73 62
4 76 78
4 76 87
4 76 89
4 76 97
4 76 77
4 76 79
4 76 88
4 76 96
4 76 47
4 76 48
4 76 69
4 76 57
4 76 65
4 76 75
4 76 76
4 76 93
4 76 36
4 76 42
4 76 43
4 76 44
4 76 54
4 76 63
4 76 64
4 76 67
5 26 9
5 26 0
5 26 3
5 26 13
5 26 30
5 26 38
5 26 5
5 26 14
5 26 15
5 26 19
5 26 28
5 26 37
5 26 39
5 26 58
5 26 59
5 26 2
5 26 4
5 26 16
5 26 25
5 26 32
5 34 1
5 34 99
5 34 10
5 34 11
5 34 12
5 34 31
5 34 41
5 34 60
5 34 80
5 34 46
5 34 21
5 34 22
5 34 26
5 34 35
5 34 53
5 34 56
5 34 57
5 34 61
5 34 42
5 45 45
5 52 70
5 52 52
5 52 67
5 52 66
5 52 85
5 73 82
5 73 98
5 73 71
5 73 65
5 73 75
5 73 76
5 73 93
5 73 44
5 73 51
5 73 54
5 73 63
5 73 64
5 73 72
5 73 84
5 76 78
5 76 87
5 76 89
5 76 97
5 76 77
5 76 79
5 76 88
5 76 81
5 76 83
5 76 86
5 76 92
5 76 94
5 76 95
5 76 27
5 76 48
5 76 49
5 76 68
5 76 69
5 76 55
6 26 9
6 26 30
6 26 38
6 26 2
6 26 4
6 26 16
6 26 23
6 26 32
6 26 33
6 26 46
6 26 21
6 26 22
6 26 26
6 26 34
6 26 49
6 26 55
6 26 56
6 26 36
6 34 1
6 34 99
6 34 3
6 34 6
6 34 11
6 34 29
6 34 5
6 34 7
6 34 12
6 34 14
6 34 17
6 34 19
6 34 28
6 34 31
6 34 37
6 34 41
6 34 50
6 34 27
6 45 45
6 52 52
6 52 67
6 52 63
6 52 65
6 52 66
6 52 75
6 73 90
6 73 20
6 73 82
6 73 98
6 73 71
6 73 80
6 73 62
6 73 51
6 73 64
6 73 72
6 73 73
6 73 84
6 73 85
6 73 93
6 73 42
6 73 43
6 73 44
6 73 53
6 76 78
6 76 89
6 76 97
6 76 79
6 76 88
6 76 96
6 76 39
6 76 58
6 76 74
6 76 81
6 76 83
6 76 94
6 76 25
6 76 48
6 76 61
6 76 69
6 76 76
6 76 35
7 26 8
7 26 30
7 26 59
7 26 26
7 26 67
7 26 54
7 26 63
7 26 65
7 26 66
7 26 75
7 34 1
7 34 3
7 34 6
7 34 10
7 34 13
7 34 18
7 34 29
7 34 5
7 34 7
7 34 12
7 34 15
7 34 17
7 34 28
7 34 31
7 34 41
7 34 50
7 34 60
7 34 24
7 34 25
7 34 27
7 34 32
7 34 33
7 34 46
7 34 61
7 34 55
7 45 45
7 52 52
7 73 90
7 73 20
7 73 70
7 73 91
7 73 98
7 73 71
7 73 93
7 73 51
7 73 56
7 73 73
7 73 84
7 73 85
7 73 21
7 73 22
7 73 34
7 73 36
7 73 42
7 73 43
7 73 44
7 73 53
7 76 78
7 76 87
7 76 89
7 76 97
7 76 77
7 76 79
7 76 96
7 76 39
7 76 58
7 76 74
7 76 81
7 76 86
7 76 94
7 76 95
7 76 47
7 76 48
7 76 49
7 76 68
7 76 69
7 76 76
8 26 0
8 26 30
8 26 38
8 26 59
8 26 26
8 34 99
8 34 10
8 34 11
8 34 7
8 34 12
8 34 15
8 34 17
8 34 19
8 34 28
8 34 37
8 34 41
8 34 50
8 34 80
8 34 16
8 34 23
8 34 24
8 34 25
8 34 33
8 34 40
8 34 46
8 34 47
8 34 48
8 45 45
8 52 52
8 73 20
8 73 70
8 73 82
8 73 91
8 73 98
8 73 83
8 73 86
8 73 92
8 73 94
8 73 95
8 73 61
8 73 62
8 73 21
8 73 53
8 73 56
8 73 64
8 73 68
8 73 73
8 73 84
8 73 85
8 73 36
8 73 44
8 76 89
8 76 97
8 76 77
8 76 79
8 76 88
8 76 96
8 76 76
8 76 57
8 76 42
8 76 54
8 76 63
8 76 75
9 26 0
9 26 6
9 26 8
9 26 18
9 26 29
9 26 30
9 26 38
9 26 5
9 26 15
9 26 19
9 26 37
9 26 59
9 26 4
9 26 16
9 26 25
9 26 27
9 26 46
9 26 48
9 26 69
9 26 35
9 26 56
9 26 57
9 26 75
9 26 42
9 26 43
9 34 1
9 34 11
9 34 41
9 34 34
9 45 -1
9 52 -1
9 73 90
9 73 70
9 73 82
9 73 91
9 73 31
9 73 50
9 73 80
9 73 81
9 73 83
9 73 86
9 73 95
9 73 40
9 73 62
9 73 51
9 73 64
9 73 72
9 73 73
9 76 87
9 76 77
9 76 79
9 76 88
9 76 96
9 76 76
10 26 38
10 26 26
10 34 10
10 34 18
10 34 29
10 34 7
10 34 12
10 34 14
10 34 28
10 34 37
10 34 80
10 34 2
10 34 25
10 34 48
10 34 61
10 34 62
10 34 22
10 34 51
10 34 53
10 34 55
10 34 72
10 34 36
10 45 45
10 52 52
10 73 90
10 73 20
10 73 70
10 73 98
10 73 71
10 73 74
10 73 81
10 73 83
10 73 92
10 73 68
10 73 75
10 76 87
10 76 79
10 76 58
10 76 49
11 26 15
11 26 59
11 34 34
11 45 -1
11 52 -1
11 73 90
11 73 70
11 73 82
11 73 98
11 73 86
11 73 62
11 73 64
11 73 75
11 73 66
11 76 88
11 76 96
11 76 76
11 76 55
--- Done ---
