0 76 55
0 76 65
0 76 66
0 76 75
0 76 76
1 18 -1
1 21 -1
1 24 -1
1 62 -1
1 76 0
1 76 9
1 76 14
1 76 21
1 76 32
1 76 33
1 76 40
1 76 52
1 76 54
1 76 55
1 76 56
1 76 58
1 76 63
1 76 64
1 76 65
1 76 66
1 76 69
1 76 72
1 76 73
1 76 75
1 76 79
1 76 82
1 76 83
1 76 92
1 76 93
1 76 98
1 78 -1
1 84 -1
1 86 -1
2 18 7
2 18 9
2 18 17
2 18 18
2 18 27
2 18 29
2 18 38
2 18 47
2 21 2
2 21 11
2 21 12
2 21 31
2 21 41
2 24 13
2 24 15
2 24 16
2 24 24
2 24 25
2 24 26
2 24 34
2 24 35
2 24 44
2 24 46
2 26 -1
2 52 -1
2 57 -1
2 61 -1
2 62 42
2 62 50
2 62 52
2 62 60
2 62 61
2 62 62
2 62 70
2 62 71
2 62 72
2 62 80
2 76 55
2 76 56
2 76 58
2 76 64
2 76 66
2 76 76
2 78 59
2 78 68
2 78 69
2 78 78
2 78 89
2 81 -1
2 84 65
2 84 73
2 84 74
2 84 83
2 84 85
2 84 92
2 84 94
2 86 75
2 86 95
2 87 -1
2 88 -1
2 91 -1
2 95 -1
2 99 -1
3 18 8
3 18 9
3 18 17
3 18 19
3 18 28
3 18 29
3 18 39
3 21 1
3 21 10
3 21 12
3 21 20
3 21 21
3 21 30
3 21 31
3 21 32
3 24 3
3 24 4
3 24 5
3 24 13
3 24 14
3 24 22
3 24 23
3 24 24
3 24 33
3 24 34
3 26 26
3 26 27
3 26 35
3 26 37
3 52 41
3 52 42
3 52 44
3 52 45
3 52 51
3 52 52
3 52 53
3 52 64
3 57 46
3 57 55
3 57 59
3 61 54
3 61 60
3 62 62
3 62 72
3 76 66
3 76 76
3 76 77
3 78 69
3 78 78
3 78 79
3 81 82
3 84 74
3 84 84
3 84 85
3 84 93
3 86 75
3 86 86
3 87 65
3 87 97
3 88 88
3 88 98
3 91 70
3 95 95
3 99 99
4 18 8
4 18 9
4 18 17
4 18 19
4 18 29
4 18 39
4 21 0
4 21 2
4 21 10
4 21 12
4 21 20
4 21 21
4 21 30
4 21 32
4 24 3
4 24 4
4 24 5
4 24 14
4 24 15
4 24 22
4 24 33
4 24 34
4 26 7
4 26 16
4 26 25
4 26 26
4 26 27
4 26 36
4 52 40
4 52 42
4 52 43
4 52 44
4 52 45
4 52 52
4 52 53
4 52 64
4 57 46
4 57 47
4 57 48
4 57 56
4 57 57
4 57 59
4 61 54
4 61 60
4 61 61
4 62 62
4 62 63
4 62 72
4 76 66
4 76 76
4 76 77
4 78 67
4 78 68
4 78 69
4 78 78
4 78 79
4 81 71
4 81 80
4 81 81
4 84 73
4 84 74
4 84 84
4 84 85
4 84 93
4 84 94
4 86 75
4 86 86
4 86 96
4 87 65
4 87 87
4 87 97
4 88 88
4 88 98
4 91 90
4 91 91
4 91 92
4 95 -1
4 99 89
5 18 9
5 18 19
5 18 28
5 18 38
5 18 39
5 21 0
5 21 1
5 21 2
5 21 10
5 21 11
5 21 12
5 21 21
5 21 30
5 21 31
5 21 32
5 24 3
5 24 4
5 24 5
5 24 13
5 24 14
5 24 15
5 24 22
5 26 16
5 26 25
5 26 26
5 26 27
5 26 35
5 26 37
5 52 41
5 52 42
5 52 44
5 52 45
5 52 51
5 52 52
5 52 53
5 52 64
5 57 46
5 57 48
5 57 49
5 57 55
5 57 56
5 57 57
5 57 58
5 57 59
5 61 54
5 61 60
5 61 61
5 62 63
5 62 72
5 76 66
5 76 76
5 76 77
5 78 67
5 78 68
5 78 69
5 78 78
5 78 79
5 81 71
5 81 80
5 81 81
5 81 82
5 84 83
5 84 84
5 84 85
5 84 93
5 84 94
5 86 75
5 86 86
5 87 65
5 87 87
5 87 97
5 88 88
5 88 98
5 91 70
5 91 92
5 95 95
5 99 89
5 99 99
6 18 6
6 18 9
6 18 17
6 18 19
6 18 28
6 18 29
6 18 38
6 18 39
6 21 1
6 21 2
6 21 11
6 21 12
6 21 20
6 21 21
6 21 30
6 21 31
6 21 32
6 24 3
6 24 4
6 24 5
6 24 14
6 24 22
6 24 23
6 24 33
6 24 34
6 26 7
6 26 16
6 26 25
6 26 26
6 26 27
6 26 35
6 26 36
6 26 37
6 52 41
6 52 42
6 52 43
6 52 44
6 52 45
6 52 51
6 52 52
6 52 53
6 52 64
6 57 46
6 57 48
6 57 49
6 57 55
6 57 56
6 57 58
6 61 50
6 61 61
6 62 62
6 62 63
6 62 72
6 76 66
6 76 76
6 78 67
6 78 69
6 78 78
6 78 79
6 81 71
6 81 80
6 81 81
6 81 82
6 84 73
6 84 74
6 84 83
6 84 84
6 84 85
6 84 93
6 84 94
6 86 75
6 86 96
6 87 65
6 87 97
6 88 88
6 88 98
6 91 90
6 95 -1
6 99 89
6 99 99
7 18 6
7 18 8
7 18 17
7 18 18
7 18 28
7 18 29
7 18 39
7 21 1
7 21 10
7 21 12
7 21 20
7 21 21
7 21 30
7 21 31
7 21 32
7 24 3
7 24 5
7 24 13
7 24 15
7 24 22
7 24 24
7 24 33
7 24 34
7 26 7
7 26 25
7 26 26
7 26 27
7 26 36
7 52 41
7 52 42
7 52 43
7 52 44
7 52 45
7 52 51
7 52 52
7 52 53
7 57 46
7 57 47
7 57 48
7 57 49
7 57 55
7 57 56
7 57 58
7 57 59
7 61 50
7 61 54
7 61 60
7 61 61
7 62 63
7 76 66
7 76 76
7 76 77
7 78 67
7 78 68
7 78 69
7 78 78
7 78 79
7 81 71
7 81 81
7 84 73
7 84 74
7 84 84
7 84 85
7 84 93
7 84 94
7 86 75
7 86 86
7 86 96
7 87 65
7 87 87
7 87 97
7 88 98
7 91 70
7 91 90
7 91 91
7 95 95
7 99 89
8 18 17
8 18 19
8 18 28
8 18 38
8 21 0
8 21 10
8 21 11
8 21 12
8 21 20
8 21 21
8 21 30
8 24 15
8 24 23
8 24 24
8 24 33
8 26 7
8 26 16
8 26 25
8 26 26
8 26 36
8 26 37
8 52 40
8 52 41
8 52 42
8 52 44
8 52 45
8 52 52
8 52 53
8 52 64
8 57 46
8 57 47
8 57 48
8 57 56
8 57 57
8 57 59
8 61 50
8 61 54
8 61 61
8 62 62
8 62 63
8 76 76
8 76 77
8 78 68
8 78 79
8 81 80
8 81 82
8 84 73
8 84 83
8 84 84
8 84 85
8 84 94
8 86 75
8 86 86
8 86 96
8 87 97
8 88 88
8 88 98
8 91 70
8 91 91
8 91 92
8 95 95
8 99 89
8 99 99
9 18 6
9 18 8
9 18 18
9 18 19
9 18 29
9 18 38
9 21 0
9 21 1
9 21 11
9 21 30
9 21 31
9 24 4
9 24 5
9 24 15
9 24 34
9 26 16
9 26 25
9 26 27
9 26 35
9 26 37
9 52 40
9 52 41
9 52 42
9 52 43
9 52 51
9 52 64
9 57 46
9 57 48
9 57 56
9 57 57
9 57 59
9 61 50
9 62 62
9 62 72
9 76 76
9 76 77
9 78 69
9 78 79
9 81 80
9 81 81
9 81 82
9 84 73
9 84 83
9 86 75
9 86 86
9 86 96
9 87 87
9 88 88
9 91 70
9 91 90
9 91 91
9 95 95
9 99 -1
10 18 18
10 18 28
10 18 29
10 18 38
10 21 2
10 21 10
10 21 12
10 21 20
10 24 14
10 24 22
10 26 7
10 26 25
10 26 26
10 26 36
10 26 37
10 52 45
10 52 51
10 52 52
10 52 53
10 57 48
10 57 49
10 57 55
10 57 58
10 61 61
10 62 62
10 62 72
10 76 -1
10 78 68
10 78 79
10 81 71
10 81 80
10 81 81
10 84 74
10 84 83
10 86 75
10 87 87
10 88 98
10 91 70
10 91 90
10 91 92
10 95 -1
10 99 -1
11 18 -1
11 21 -1
11 24 15
11 24 34
11 26 -1
11 52 64
11 57 55
11 57 59
11 61 -1
11 62 62
11 76 66
11 76 76
11 78 -1
11 81 82
11 84 -1
11 86 75
11 86 86
11 86 96
11 87 -1
11 88 88
11 88 98
11 91 70
11 91 90
11 95 -1
11 99 -1
--- Done ---
