0 76 55
0 76 56
0 76 64
0 76 65
0 76 66
0 76 75
0 76 76
1 18 8
1 18 9
1 18 19
1 18 28
1 21 0
1 21 3
1 21 20
1 21 21
1 21 40
1 21 42
1 24 24
1 24 25
1 24 26
1 24 34
1 24 45
1 24 46
1 24 56
1 48 37
1 48 39
1 48 48
1 48 49
1 48 59
1 63 44
1 63 52
1 63 53
1 63 54
1 63 61
1 63 63
1 63 73
1 63 74
1 63 82
1 63 93
1 70 50
1 70 51
1 70 70
1 70 71
1 70 92
1 76 55
1 76 65
1 76 68
1 76 77
1 76 78
1 76 86
1 76 89
1 97 79
1 97 94
1 97 97
2 18 27
2 18 29
2 21 1
2 21 3
2 21 10
2 21 11
2 21 12
2 21 32
2 21 41
2 24 4
2 24 5
2 24 14
2 24 15
2 24 23
2 24 24
2 24 25
2 24 26
2 24 33
2 24 45
2 24 46
2 48 36
2 48 47
2 48 48
2 48 49
2 63 43
2 63 44
2 63 53
2 63 62
2 63 74
2 63 82
2 70 50
2 70 61
2 70 80
2 70 90
2 76 55
2 76 56
2 76 58
2 76 75
2 76 76
2 76 84
2 76 86
2 97 79
2 97 94
2 97 97
2 97 98
2 97 99
3 18 7
3 18 17
3 18 18
3 18 19
3 18 38
3 21 2
3 21 11
3 21 22
3 21 32
3 21 40
3 24 3
3 24 4
3 24 13
3 24 15
3 24 16
3 24 23
3 24 27
3 24 45
3 48 28
3 48 35
3 48 37
3 48 39
3 48 47
3 48 49
3 48 67
3 63 53
3 63 54
3 63 93
3 70 50
3 70 52
3 70 60
3 70 61
3 70 62
3 70 70
3 70 71
3 70 83
3 70 90
3 70 91
3 70 92
3 76 66
3 76 68
3 76 87
3 76 89
3 97 79
3 97 96
3 97 97
4 18 6
4 18 17
4 18 18
4 18 29
4 18 38
4 21 0
4 21 1
4 21 3
4 21 10
4 21 11
4 21 20
4 21 30
4 21 31
4 21 32
4 21 41
4 24 13
4 24 23
4 24 35
4 24 42
4 24 43
4 24 44
4 24 45
4 24 46
4 48 28
4 48 36
4 48 39
4 48 47
4 48 48
4 48 57
4 48 59
4 63 51
4 63 53
4 63 63
4 63 71
4 63 73
4 63 82
4 63 91
4 63 93
4 70 60
4 76 64
4 76 65
4 76 75
4 76 77
4 76 78
4 76 85
4 76 87
4 76 89
5 18 17
5 18 19
5 18 27
5 18 28
5 21 14
5 21 21
5 21 22
5 21 30
5 21 31
5 24 5
5 24 15
5 24 16
5 24 23
5 24 25
5 24 26
5 24 33
5 24 34
5 24 43
5 24 45
5 48 36
5 48 37
5 48 47
5 48 67
5 48 69
5 63 44
5 63 61
5 63 73
5 63 93
5 70 60
5 70 62
5 70 70
5 70 71
5 70 72
5 70 83
5 70 91
5 70 92
5 76 55
5 76 58
5 76 64
5 76 65
5 76 75
5 76 78
5 76 89
5 97 96
5 97 99
6 18 7
6 18 9
6 18 17
6 18 28
6 21 2
6 21 20
6 21 21
6 21 22
6 21 32
6 24 4
6 24 13
6 24 15
6 24 16
6 24 35
6 24 44
6 24 45
6 48 37
6 48 38
6 48 48
6 48 49
6 48 57
6 48 67
6 48 69
6 63 25
6 63 53
6 63 63
6 63 73
6 63 82
6 70 50
6 70 60
6 70 62
6 70 70
6 70 90
6 70 92
6 76 55
6 76 56
6 76 65
6 76 77
6 76 87
6 76 88
6 76 89
6 97 94
6 97 96
6 97 98
7 18 7
7 18 9
7 18 17
7 18 19
7 21 2
7 21 3
7 21 10
7 24 4
7 24 6
7 24 14
7 24 15
7 24 16
7 24 23
7 24 24
7 24 26
7 24 33
7 48 28
7 48 36
7 48 37
7 48 38
7 48 47
7 48 48
7 48 49
7 48 57
7 63 44
7 63 51
7 63 54
7 63 63
7 63 71
7 63 73
7 63 93
7 70 50
7 70 61
7 70 92
7 76 56
7 76 64
7 76 65
7 76 66
7 76 68
7 76 76
7 76 77
7 76 78
7 76 84
7 76 85
7 76 88
7 76 89
7 76 95
7 97 94
7 97 97
7 97 98
8 21 1
8 21 2
8 21 10
8 21 12
8 21 21
8 21 22
8 21 40
8 24 4
8 24 5
8 24 15
8 24 16
8 24 24
8 24 26
8 24 31
8 24 33
8 24 34
8 24 35
8 48 36
8 48 37
8 48 47
8 48 48
8 48 57
8 48 59
8 48 67
8 63 52
8 63 54
8 63 61
8 63 63
8 63 73
8 63 74
8 63 82
8 70 50
8 70 70
8 70 72
8 70 83
8 70 92
8 76 58
8 76 64
8 76 65
8 76 66
8 76 68
8 76 77
8 76 78
8 97 79
8 97 94
8 97 97
8 97 98
9 18 9
9 18 17
9 18 18
9 18 28
9 18 29
9 21 1
9 21 10
9 21 12
9 21 22
9 21 30
9 21 31
9 21 40
9 21 41
9 24 6
9 24 15
9 24 16
9 24 24
9 24 25
9 24 26
9 24 42
9 24 44
9 48 37
9 48 47
9 48 67
9 63 51
9 63 52
9 63 54
9 63 61
9 63 74
9 63 81
9 63 82
9 70 50
9 70 60
9 70 90
9 70 91
9 76 56
9 76 58
9 76 65
9 76 68
9 76 75
9 76 87
9 97 94
9 97 97
9 97 98
--- Done ---
