0 76 55
0 76 65
0 76 66
0 76 75
0 76 76
1 21 -1
1 39 -1
1 63 -1
1 75 -1
1 76 0
1 76 9
1 76 14
1 76 21
1 76 32
1 76 33
1 76 40
1 76 52
1 76 54
1 76 55
1 76 56
1 76 58
1 76 63
1 76 64
1 76 65
1 76 66
1 76 69
1 76 72
1 76 73
1 76 75
1 76 79
1 76 82
1 76 83
1 76 92
1 76 93
1 76 98
2 21 2
2 21 11
2 21 12
2 21 13
2 21 24
2 21 31
2 21 35
2 21 41
2 21 42
2 21 50
2 21 60
2 33 -1
2 39 7
2 39 9
2 39 15
2 39 16
2 39 17
2 39 18
2 39 26
2 39 27
2 39 29
2 39 34
2 39 38
2 39 58
2 39 59
2 39 69
2 63 25
2 63 44
2 63 52
2 63 61
2 63 62
2 63 71
2 63 72
2 63 73
2 63 80
2 63 92
2 75 46
2 75 47
2 75 55
2 75 64
2 75 65
2 75 70
2 75 74
2 75 75
2 75 78
2 75 83
2 75 85
2 75 94
2 76 56
2 76 66
2 76 68
2 76 76
2 76 89
2 76 95
3 21 1
3 21 3
3 21 5
3 21 10
3 21 12
3 21 14
3 21 20
3 21 21
3 21 22
3 21 30
3 21 31
3 21 32
3 21 41
3 21 60
3 33 4
3 33 13
3 33 23
3 33 24
3 33 33
3 33 34
3 33 35
3 33 42
3 33 44
3 33 51
3 33 70
3 34 -1
3 39 8
3 39 9
3 39 17
3 39 19
3 39 26
3 39 27
3 39 28
3 39 29
3 39 37
3 39 39
3 39 59
3 39 69
3 40 -1
3 63 52
3 63 53
3 63 54
3 63 62
3 63 72
3 63 82
3 63 93
3 75 45
3 75 46
3 75 55
3 75 64
3 75 65
3 75 74
3 75 75
3 75 78
3 75 79
3 75 84
3 75 85
3 75 97
3 75 98
3 76 66
3 76 76
3 76 77
3 76 86
3 76 88
3 76 95
3 76 99
3 95 -1
4 0 -1
4 11 -1
4 21 0
4 21 2
4 21 3
4 21 5
4 21 10
4 21 12
4 21 14
4 21 20
4 21 21
4 21 22
4 21 32
4 22 -1
4 33 33
4 33 36
4 33 42
4 33 43
4 33 44
4 34 4
4 34 15
4 34 16
4 34 25
4 34 26
4 34 34
4 34 45
4 34 47
4 34 69
4 39 7
4 39 8
4 39 9
4 39 17
4 39 19
4 39 27
4 39 29
4 39 39
4 39 48
4 39 59
4 40 30
4 40 40
4 40 46
4 40 60
4 63 52
4 63 53
4 63 54
4 63 57
4 63 61
4 63 62
4 63 63
4 63 73
4 63 80
4 63 81
4 63 91
4 63 92
4 63 93
4 69 -1
4 75 64
4 75 65
4 75 67
4 75 74
4 75 75
4 75 78
4 75 79
4 75 90
4 76 56
4 76 66
4 76 68
4 76 76
4 76 77
4 76 86
4 76 87
4 76 88
4 76 89
4 78 -1
4 95 71
4 95 72
4 95 84
4 95 85
4 95 94
4 95 96
4 95 97
4 95 98
5 0 0
5 11 1
5 11 2
5 11 10
5 11 11
5 11 12
5 11 13
5 21 3
5 21 5
5 21 21
5 21 31
5 21 32
5 22 4
5 22 14
5 22 22
5 33 42
5 33 44
5 34 15
5 34 16
5 34 25
5 34 26
5 34 35
5 34 45
5 34 55
5 39 9
5 39 19
5 39 27
5 39 28
5 39 37
5 39 38
5 39 39
5 39 48
5 39 49
5 40 30
5 40 41
5 40 46
5 40 51
5 40 60
5 40 70
5 63 52
5 63 53
5 63 54
5 63 61
5 63 63
5 63 80
5 63 81
5 63 82
5 63 92
5 63 93
5 69 58
5 69 59
5 69 68
5 69 69
5 69 79
5 75 64
5 75 65
5 75 75
5 76 56
5 76 66
5 76 76
5 76 77
5 76 86
5 78 57
5 78 67
5 78 78
5 78 87
5 78 88
5 78 89
5 78 99
5 95 71
5 95 72
5 95 83
5 95 84
5 95 85
5 95 94
5 95 95
5 95 97
5 95 98
6 0 -1
6 11 1
6 11 2
6 11 11
6 11 12
6 21 3
6 21 5
6 21 21
6 21 31
6 21 32
6 22 4
6 22 14
6 22 20
6 22 22
6 22 23
6 33 33
6 33 36
6 33 42
6 33 43
6 33 44
6 34 6
6 34 16
6 34 25
6 34 26
6 34 34
6 34 35
6 34 45
6 34 55
6 39 7
6 39 9
6 39 17
6 39 19
6 39 27
6 39 28
6 39 29
6 39 37
6 39 38
6 39 39
6 39 48
6 39 49
6 40 30
6 40 41
6 40 46
6 40 50
6 40 51
6 63 52
6 63 53
6 63 61
6 63 62
6 63 63
6 63 73
6 63 80
6 63 81
6 63 82
6 63 93
6 69 58
6 69 69
6 69 79
6 75 64
6 75 65
6 75 74
6 75 75
6 75 90
6 76 56
6 76 66
6 76 76
6 78 67
6 78 78
6 78 88
6 78 89
6 78 99
6 95 71
6 95 72
6 95 83
6 95 84
6 95 85
6 95 94
6 95 96
6 95 97
6 95 98
7 0 -1
7 11 1
7 11 10
7 11 12
7 11 13
7 21 3
7 21 5
7 21 21
7 21 31
7 21 32
7 22 20
7 22 22
7 33 18
7 33 33
7 33 36
7 33 42
7 33 43
7 33 44
7 34 6
7 34 15
7 34 24
7 34 25
7 34 26
7 34 34
7 34 45
7 34 55
7 39 7
7 39 8
7 39 17
7 39 27
7 39 28
7 39 29
7 39 39
7 39 48
7 39 49
7 40 30
7 40 41
7 40 46
7 40 50
7 40 51
7 40 60
7 40 70
7 63 52
7 63 53
7 63 54
7 63 61
7 63 63
7 63 73
7 63 81
7 63 91
7 63 93
7 69 47
7 69 58
7 69 59
7 69 68
7 69 69
7 69 79
7 75 65
7 75 74
7 75 75
7 75 90
7 76 56
7 76 66
7 76 76
7 76 77
7 76 86
7 78 67
7 78 78
7 78 87
7 78 89
7 95 71
7 95 84
7 95 85
7 95 94
7 95 95
7 95 96
7 95 97
7 95 98
8 0 0
8 11 10
8 11 11
8 11 12
8 21 21
8 22 20
8 22 23
8 33 33
8 33 36
8 33 42
8 33 44
8 34 15
8 34 16
8 34 24
8 34 25
8 34 26
8 34 45
8 39 7
8 39 17
8 39 19
8 39 28
8 39 37
8 39 38
8 39 48
8 40 30
8 40 40
8 40 41
8 40 46
8 40 50
8 40 70
8 63 52
8 63 53
8 63 54
8 63 61
8 63 62
8 63 63
8 63 73
8 63 80
8 63 82
8 63 91
8 63 92
8 69 47
8 69 59
8 69 68
8 69 79
8 75 64
8 75 75
8 76 56
8 76 76
8 76 77
8 76 86
8 78 57
8 78 88
8 78 89
8 78 99
8 95 83
8 95 84
8 95 85
8 95 94
8 95 95
8 95 96
8 95 97
8 95 98
9 0 0
9 11 1
9 11 11
9 21 5
9 21 31
9 22 4
9 33 18
9 33 42
9 33 43
9 34 6
9 34 15
9 34 16
9 34 25
9 34 34
9 34 35
9 39 8
9 39 19
9 39 27
9 39 29
9 39 37
9 39 38
9 39 48
9 40 30
9 40 40
9 40 41
9 40 46
9 40 50
9 40 51
9 40 70
9 63 62
9 63 73
9 63 80
9 63 81
9 63 82
9 63 91
9 69 59
9 69 69
9 69 79
9 75 64
9 75 75
9 75 90
9 76 56
9 76 76
9 76 77
9 76 86
9 78 57
9 78 87
9 78 88
9 95 72
9 95 83
9 95 95
9 95 96
10 0 -1
10 11 2
10 11 10
10 11 12
10 21 -1
10 22 14
10 22 20
10 22 22
10 33 18
10 33 36
10 34 25
10 34 26
10 34 45
10 34 55
10 39 7
10 39 28
10 39 29
10 39 37
10 39 38
10 39 48
10 39 49
10 40 51
10 40 70
10 63 52
10 63 53
10 63 61
10 63 62
10 63 80
10 63 81
10 63 92
10 69 58
10 69 68
10 69 79
10 75 74
10 75 75
10 75 90
10 76 -1
10 78 87
10 95 71
10 95 72
10 95 83
10 95 98
11 0 -1
11 11 -1
11 21 -1
11 22 -1
11 33 -1
11 34 15
11 34 34
11 34 55
11 39 -1
11 40 70
11 63 62
11 63 82
11 69 59
11 75 64
11 75 75
11 75 90
11 76 66
11 76 76
11 76 86
11 78 88
11 95 96
11 95 98
--- Done ---
