0 76 55
0 76 65
0 76 66
0 76 75
0 76 76
1 76 0
1 76 9
1 76 14
1 76 21
1 76 32
1 76 33
1 76 40
1 76 52
1 76 54
1 76 55
1 76 56
1 76 58
1 76 63
1 76 64
1 76 65
1 76 69
1 76 72
1 76 73
1 76 75
1 76 79
1 76 82
1 76 83
1 76 92
1 76 93
1 76 98
2 76 2
2 76 7
2 76 9
2 76 11
2 76 12
2 76 13
2 76 15
2 76 16
2 76 17
2 76 18
2 76 24
2 76 25
2 76 26
2 76 27
2 76 29
2 76 31
2 76 34
2 76 35
2 76 38
2 76 41
2 76 42
2 76 44
2 76 46
2 76 47
2 76 50
2 76 52
3 76 1
3 76 3
3 76 4
3 76 5
3 76 8
3 76 9
3 76 10
3 76 12
3 76 13
3 76 14
3 76 17
3 76 19
3 76 20
3 76 21
3 76 22
3 76 23
3 76 24
3 76 26
3 76 27
3 76 28
3 76 29
3 76 30
3 76 31
3 76 32
3 76 34
3 76 35
4 76 0
4 76 2
4 76 3
4 76 4
4 76 5
4 76 7
4 76 8
4 76 9
4 76 10
4 76 12
4 76 14
4 76 15
4 76 16
4 76 17
4 76 19
4 76 20
4 76 21
4 76 22
4 76 25
4 76 26
4 76 27
4 76 29
5 76 0
5 76 1
5 76 2
5 76 3
5 76 4
5 76 5
5 76 9
5 76 10
5 76 11
5 76 12
5 76 13
5 76 14
5 76 15
5 76 16
5 76 19
5 76 21
5 76 22
5 76 25
5 76 26
5 76 28
6 76 1
6 76 2
6 76 3
6 76 4
6 76 5
6 76 6
6 76 7
6 76 9
6 76 11
6 76 12
6 76 14
6 76 16
6 76 17
6 76 19
6 76 20
6 76 22
7 76 1
7 76 3
7 76 5
7 76 6
7 76 7
7 76 8
7 76 10
7 76 12
7 76 13
7 76 15
7 76 17
7 76 18
7 76 20
7 76 21
7 76 22
7 76 24
7 76 25
7 76 26
7 76 27
7 76 28
7 76 29
7 76 30
7 76 31
7 76 32
7 76 33
7 76 44
8 76 0
8 76 7
8 76 10
8 76 11
8 76 12
8 76 15
8 76 16
8 76 17
8 76 19
8 76 20
8 76 21
8 76 23
8 76 24
8 76 25
8 76 26
8 76 28
8 76 30
8 76 33
8 76 36
8 76 37
8 76 38
8 76 40
8 76 41
8 76 44
8 76 46
9 76 0
9 76 1
9 76 4
9 76 5
9 76 6
9 76 8
9 76 11
9 76 15
9 76 16
9 76 18
9 76 19
9 76 25
9 76 27
9 76 29
9 76 30
9 76 31
9 76 34
9 76 35
9 76 37
9 76 38
9 76 40
9 76 41
9 76 42
9 76 43
9 76 46
10 76 2
10 76 7
10 76 10
10 76 12
10 76 14
10 76 18
10 76 20
10 76 22
10 76 25
10 76 26
10 76 28
10 76 29
10 76 36
10 76 37
10 76 38
10 76 45
10 76 48
10 76 49
10 76 51
10 76 52
10 76 53
10 76 55
10 76 58
10 76 61
10 76 62
10 76 68
10 76 70
10 76 71
10 76 72
10 76 74
10 76 75
10 76 79
11 76 15
11 76 34
11 76 55
11 76 59
11 76 62
11 76 64
11 76 66
11 76 70
11 76 75
11 76 76
11 76 82
11 76 86
11 76 88
11 76 90
11 76 96
11 76 98
--- Done ---
