0 76 55
0 76 65
0 76 66
0 76 75
0 76 76
1 8 9
1 11 0
1 11 21
1 11 32
1 11 33
1 24 14
1 48 69
1 48 65
1 61 40
1 61 54
1 61 63
1 76 55
1 76 66
1 76 56
1 76 58
1 76 64
1 88 79
1 88 98
1 93 82
1 93 83
1 93 92
1 93 93
1 93 52
1 93 72
1 93 73
1 93 75
2 8 7
2 8 9
2 8 17
2 8 18
2 8 29
2 8 15
2 8 38
2 11 2
2 11 11
2 11 12
2 24 16
2 24 24
2 24 25
2 24 26
2 24 42
2 24 44
2 24 46
2 24 13
2 24 27
2 24 31
2 24 35
2 48 47
2 48 59
2 48 69
2 48 78
2 61 41
2 61 50
2 61 60
2 61 61
2 61 62
2 61 71
2 61 80
2 61 34
2 61 52
2 61 70
2 61 72
2 61 73
2 76 55
2 76 66
2 76 56
2 76 58
2 76 64
2 76 65
2 76 76
2 76 85
2 76 89
2 76 95
2 76 68
2 88 -1
2 93 74
2 93 83
2 93 92
2 93 94
2 93 75
3 8 9
3 8 17
3 8 19
3 8 29
3 8 8
3 11 1
3 11 10
3 11 12
3 11 20
3 11 21
3 11 30
3 11 32
3 24 3
3 24 5
3 24 14
3 24 24
3 24 26
3 24 42
3 24 44
3 24 45
3 24 46
3 24 4
3 24 13
3 24 22
3 24 23
3 24 27
3 24 31
3 24 33
3 24 34
3 24 35
3 48 37
3 48 39
3 48 59
3 48 69
3 48 28
3 48 77
3 48 78
3 61 41
3 61 51
3 61 54
3 61 60
3 61 62
3 61 52
3 61 70
3 61 72
3 76 55
3 76 66
3 76 64
3 76 65
3 76 76
3 76 84
3 76 85
3 76 86
3 76 97
3 81 53
3 88 79
3 88 98
3 88 99
3 88 88
3 93 74
3 93 93
3 93 82
3 93 95
3 93 75
4 8 7
4 8 9
4 8 17
4 8 19
4 8 29
4 8 8
4 8 15
4 11 0
4 11 2
4 11 10
4 11 12
4 11 20
4 11 21
4 11 30
4 11 4
4 11 22
4 11 32
4 11 33
4 24 3
4 24 5
4 24 14
4 24 16
4 24 25
4 24 26
4 24 42
4 24 43
4 24 34
4 24 44
4 24 45
4 24 46
4 24 56
4 24 27
4 48 39
4 48 69
4 48 36
4 48 47
4 48 48
4 48 59
4 48 65
4 48 67
4 48 68
4 48 77
4 48 78
4 57 57
4 61 40
4 61 54
4 61 61
4 61 62
4 61 63
4 61 71
4 61 80
4 61 91
4 61 52
4 61 72
4 61 73
4 76 66
4 76 76
4 76 84
4 76 85
4 76 86
4 76 87
4 81 53
4 81 90
4 81 60
4 81 81
4 88 79
4 88 96
4 88 98
4 88 88
4 88 89
4 88 97
4 93 74
4 93 93
4 93 94
4 93 64
4 93 92
4 93 75
5 8 9
5 8 19
5 8 28
5 8 38
5 11 0
5 11 1
5 11 2
5 11 10
5 11 11
5 11 12
5 11 21
5 11 30
5 11 4
5 11 13
5 11 22
5 11 31
5 11 32
5 24 3
5 24 5
5 24 14
5 24 16
5 24 25
5 24 26
5 24 42
5 24 15
5 24 35
5 24 44
5 24 45
5 24 46
5 48 39
5 48 69
5 48 37
5 48 48
5 48 49
5 48 59
5 48 65
5 48 58
5 48 67
5 48 77
5 48 78
5 57 55
5 57 66
5 57 27
5 57 56
5 57 57
5 57 64
5 57 68
5 61 41
5 61 51
5 61 54
5 61 60
5 61 61
5 61 63
5 61 71
5 61 80
5 61 52
5 61 70
5 61 72
5 76 76
5 81 53
5 81 81
5 88 79
5 88 98
5 88 99
5 88 86
5 88 87
5 88 88
5 88 89
5 88 97
5 88 75
5 93 83
5 93 93
5 93 94
5 93 82
5 93 84
5 93 85
5 93 92
5 93 95
6 8 7
6 8 9
6 8 17
6 8 19
6 8 29
6 8 28
6 8 38
6 11 1
6 11 2
6 11 11
6 11 12
6 11 20
6 11 21
6 11 30
6 11 32
6 24 3
6 24 5
6 24 6
6 24 14
6 24 16
6 24 25
6 24 26
6 24 42
6 24 43
6 24 4
6 24 22
6 24 23
6 24 31
6 24 33
6 24 34
6 24 35
6 24 46
6 48 39
6 48 69
6 48 36
6 48 37
6 48 27
6 48 48
6 48 49
6 48 65
6 48 58
6 48 67
6 48 78
6 57 44
6 57 45
6 57 55
6 57 56
6 57 66
6 61 41
6 61 51
6 61 50
6 61 61
6 61 62
6 61 63
6 61 71
6 61 80
6 61 52
6 61 72
6 61 73
6 76 76
6 81 53
6 81 90
6 81 81
6 88 79
6 88 96
6 88 98
6 88 99
6 88 88
6 88 89
6 88 97
6 93 74
6 93 83
6 93 93
6 93 94
6 93 82
6 93 84
6 93 85
6 93 64
6 93 75
7 8 7
7 8 17
7 8 18
7 8 29
7 8 8
7 11 1
7 11 10
7 11 12
7 11 20
7 11 21
7 11 30
7 24 3
7 24 5
7 24 6
7 24 24
7 24 25
7 24 26
7 24 42
7 24 43
7 24 13
7 24 15
7 24 22
7 24 31
7 24 33
7 24 34
7 24 44
7 24 45
7 24 46
7 24 27
7 24 56
7 48 39
7 48 69
7 48 28
7 48 36
7 48 47
7 48 48
7 48 49
7 48 59
7 48 65
7 48 58
7 48 67
7 48 68
7 48 77
7 48 78
7 57 55
7 57 66
7 61 41
7 61 51
7 61 54
7 61 32
7 61 50
7 61 60
7 61 61
7 61 63
7 61 71
7 61 91
7 61 52
7 61 70
7 61 73
7 76 76
7 76 86
7 76 87
7 76 89
7 76 97
7 81 53
7 81 90
7 81 81
7 88 79
7 88 96
7 88 98
7 93 74
7 93 93
7 93 94
7 93 84
7 93 85
7 93 95
7 93 75
8 8 7
8 8 17
8 8 19
8 8 28
8 8 38
8 11 0
8 11 10
8 11 11
8 11 12
8 11 20
8 11 21
8 11 30
8 11 23
8 11 33
8 24 16
8 24 24
8 24 25
8 24 26
8 24 42
8 24 15
8 24 44
8 24 45
8 24 46
8 24 56
8 48 48
8 57 36
8 57 37
8 57 47
8 57 59
8 57 57
8 61 40
8 61 41
8 61 54
8 61 50
8 61 61
8 61 62
8 61 63
8 61 80
8 61 91
8 61 52
8 61 70
8 61 73
8 76 76
8 81 53
8 88 79
8 88 96
8 88 98
8 88 99
8 88 86
8 88 88
8 88 89
8 88 97
8 88 68
8 88 75
8 88 77
8 93 83
8 93 94
8 93 82
8 93 84
8 93 85
8 93 92
8 93 95
8 93 64
9 8 18
9 8 19
9 8 29
9 8 8
9 8 38
9 11 0
9 11 1
9 11 11
9 11 30
9 24 5
9 24 6
9 24 16
9 24 25
9 24 42
9 24 43
9 24 4
9 24 15
9 24 31
9 24 34
9 24 35
9 24 46
9 24 27
9 24 56
9 48 69
9 48 37
9 48 48
9 48 59
9 57 57
9 61 40
9 61 41
9 61 51
9 61 50
9 61 62
9 61 80
9 61 91
9 61 70
9 61 72
9 61 73
9 76 76
9 81 90
9 81 82
9 81 81
9 88 79
9 88 96
9 88 86
9 88 87
9 88 88
9 88 75
9 88 77
9 93 83
9 93 95
9 93 64
10 8 7
10 8 18
10 8 29
10 8 28
10 8 38
10 11 2
10 11 10
10 11 12
10 11 20
10 11 22
10 24 14
10 24 25
10 24 26
10 24 45
10 48 48
10 57 36
10 57 37
10 57 49
10 57 55
10 57 58
10 57 68
10 57 75
10 61 51
10 61 61
10 61 62
10 61 71
10 61 80
10 61 52
10 61 70
10 61 72
10 76 -1
10 81 53
10 81 90
10 81 81
10 88 79
10 88 98
10 88 87
10 93 74
10 93 83
10 93 92
11 8 -1
11 11 -1
11 24 15
11 24 34
11 48 -1
11 57 55
11 57 59
11 57 66
11 57 64
11 61 -1
11 76 76
11 81 90
11 81 62
11 81 82
11 81 70
11 88 96
11 88 98
11 88 86
11 88 88
11 88 75
11 93 -1
--- Done ---
