0 76 55
0 76 65
0 76 66
0 76 75
0 76 76
1 3 0
1 3 14
1 3 21
1 3 32
1 3 33
1 31 40
1 31 52
1 39 9
1 39 69
1 76 54
1 76 65
1 76 55
1 76 56
1 76 58
1 76 63
1 76 64
1 76 75
1 76 79
1 76 83
1 76 92
1 95 82
1 95 93
1 95 98
1 95 66
1 95 72
1 95 73
2 3 -1
2 6 18
2 6 2
2 6 13
2 6 24
2 31 41
2 31 50
2 31 52
2 31 11
2 31 12
2 31 31
2 31 60
2 31 61
2 31 62
2 31 25
2 39 9
2 39 38
2 39 46
2 39 59
2 39 69
2 39 7
2 39 16
2 39 27
2 39 29
2 39 34
2 39 47
2 39 56
2 39 26
2 39 58
2 39 76
2 39 15
2 39 17
2 76 44
2 76 65
2 76 68
2 76 78
2 76 89
2 76 35
2 76 42
2 76 55
2 76 66
2 76 73
2 76 74
2 91 70
2 91 80
2 91 71
2 95 75
2 95 85
2 95 94
2 95 95
2 95 64
2 95 72
2 95 83
2 95 92
3 3 3
3 3 4
3 3 5
3 3 13
3 3 14
3 3 24
3 3 35
3 6 -1
3 31 20
3 31 30
3 31 41
3 31 51
3 31 52
3 31 53
3 31 1
3 31 10
3 31 12
3 31 21
3 31 22
3 31 31
3 31 32
3 31 33
3 31 34
3 31 42
3 31 55
3 31 60
3 31 62
3 31 23
3 39 9
3 39 19
3 39 28
3 39 37
3 39 45
3 39 46
3 39 59
3 39 69
3 39 8
3 39 27
3 39 29
3 39 39
3 39 26
3 39 76
3 39 17
3 76 44
3 76 65
3 76 77
3 76 78
3 76 54
3 76 66
3 76 74
3 76 75
3 76 79
3 76 85
3 76 88
3 76 97
3 91 70
3 95 98
3 95 99
3 95 82
3 95 86
3 95 93
3 95 95
3 95 64
3 95 72
3 95 84
4 3 0
4 3 3
4 3 4
4 3 2
4 3 5
4 3 14
4 6 -1
4 28 -1
4 31 20
4 31 30
4 31 40
4 31 52
4 31 53
4 31 10
4 31 12
4 31 21
4 31 22
4 31 32
4 31 34
4 31 42
4 31 43
4 31 60
4 31 61
4 31 62
4 31 33
4 31 25
4 39 45
4 39 46
4 39 59
4 39 69
4 39 7
4 39 9
4 39 19
4 39 48
4 39 76
4 39 39
4 39 8
4 39 16
4 39 26
4 39 27
4 39 29
4 39 36
4 39 47
4 39 57
4 39 15
4 39 17
4 76 65
4 76 77
4 76 78
4 76 89
4 76 44
4 76 54
4 76 56
4 76 63
4 76 68
4 76 75
4 76 79
4 76 85
4 76 86
4 76 87
4 76 88
4 76 94
4 76 96
4 76 97
4 76 64
4 76 67
4 76 72
4 91 80
4 91 81
4 91 90
4 91 91
4 91 93
4 91 84
4 91 92
4 95 98
4 95 66
4 95 71
4 95 73
4 95 74
5 3 0
5 3 3
5 3 4
5 3 2
5 3 13
5 3 35
5 3 5
5 3 14
5 6 -1
5 28 28
5 28 27
5 28 57
5 28 58
5 31 30
5 31 41
5 31 51
5 31 52
5 31 53
5 31 1
5 31 10
5 31 11
5 31 12
5 31 21
5 31 22
5 31 31
5 31 32
5 31 42
5 31 55
5 31 60
5 31 61
5 31 25
5 39 45
5 39 46
5 39 59
5 39 69
5 39 9
5 39 19
5 39 37
5 39 38
5 39 48
5 39 49
5 39 56
5 39 67
5 39 76
5 39 39
5 39 16
5 39 26
5 39 15
5 76 65
5 76 77
5 76 78
5 76 89
5 76 44
5 76 54
5 76 63
5 76 68
5 76 79
5 76 85
5 76 86
5 76 87
5 76 88
5 76 94
5 76 95
5 76 97
5 76 64
5 91 70
5 91 80
5 91 81
5 91 82
5 91 93
5 91 72
5 91 83
5 91 84
5 91 92
5 95 98
5 95 99
5 95 66
5 95 71
5 95 75
6 3 3
6 3 4
6 3 2
6 3 5
6 3 14
6 3 33
6 3 25
6 6 6
6 28 28
6 31 20
6 31 30
6 31 41
6 31 50
6 31 51
6 31 52
6 31 53
6 31 1
6 31 11
6 31 12
6 31 21
6 31 22
6 31 31
6 31 32
6 31 34
6 31 42
6 31 43
6 31 55
6 31 61
6 31 62
6 31 23
6 39 45
6 39 46
6 39 69
6 39 7
6 39 9
6 39 19
6 39 37
6 39 38
6 39 48
6 39 49
6 39 56
6 39 16
6 39 27
6 39 29
6 39 36
6 39 39
6 39 67
6 39 76
6 39 26
6 39 58
6 39 17
6 76 65
6 76 78
6 76 89
6 76 44
6 76 63
6 76 66
6 76 73
6 76 74
6 76 75
6 76 79
6 76 85
6 76 88
6 76 94
6 76 96
6 76 97
6 76 35
6 76 64
6 76 72
6 91 80
6 91 81
6 91 90
6 91 71
6 91 82
6 91 93
6 91 83
6 91 84
6 95 98
6 95 99
7 3 3
7 3 13
7 3 24
7 3 5
7 3 25
7 6 6
7 28 18
7 28 28
7 31 20
7 31 30
7 31 41
7 31 50
7 31 51
7 31 52
7 31 53
7 31 1
7 31 10
7 31 12
7 31 21
7 31 22
7 31 31
7 31 32
7 31 34
7 31 42
7 31 43
7 31 55
7 31 60
7 31 61
7 31 33
7 31 15
7 39 45
7 39 46
7 39 59
7 39 69
7 39 7
7 39 48
7 39 49
7 39 56
7 39 8
7 39 27
7 39 29
7 39 36
7 39 39
7 39 47
7 39 17
7 39 26
7 76 65
7 76 77
7 76 78
7 76 89
7 76 44
7 76 54
7 76 63
7 76 66
7 76 68
7 76 73
7 76 74
7 76 75
7 76 79
7 76 85
7 76 86
7 76 87
7 76 94
7 76 96
7 76 97
7 76 67
7 76 76
7 76 84
7 76 58
7 91 70
7 91 81
7 91 90
7 91 91
7 91 71
7 91 93
7 95 98
7 95 95
8 3 0
8 3 24
8 6 -1
8 28 28
8 31 20
8 31 30
8 31 40
8 31 41
8 31 50
8 31 52
8 31 53
8 31 10
8 31 11
8 31 12
8 31 21
8 31 42
8 31 61
8 31 62
8 31 23
8 31 33
8 31 15
8 31 25
8 39 45
8 39 46
8 39 59
8 39 7
8 39 19
8 39 37
8 39 38
8 39 48
8 39 56
8 39 16
8 39 36
8 39 47
8 39 17
8 39 26
8 39 57
8 76 77
8 76 89
8 76 44
8 76 54
8 76 68
8 76 76
8 91 70
8 91 80
8 91 91
8 95 98
8 95 99
8 95 63
8 95 73
8 95 75
8 95 79
8 95 82
8 95 85
8 95 86
8 95 88
8 95 94
8 95 95
8 95 96
8 95 97
8 95 64
8 95 83
8 95 84
8 95 92
9 3 0
9 3 4
9 3 5
9 6 6
9 28 18
9 31 30
9 31 40
9 31 41
9 31 50
9 31 51
9 31 1
9 31 11
9 31 31
9 31 34
9 31 42
9 31 43
9 31 62
9 31 25
9 39 46
9 39 59
9 39 69
9 39 19
9 39 37
9 39 38
9 39 48
9 39 56
9 39 8
9 39 16
9 39 27
9 39 29
9 39 15
9 76 77
9 76 73
9 76 75
9 76 79
9 76 86
9 76 87
9 76 88
9 76 96
9 76 35
9 76 64
9 76 72
9 76 76
9 76 83
9 76 57
9 91 70
9 91 80
9 91 81
9 91 90
9 91 91
9 91 82
9 95 95
10 3 2
10 6 -1
10 28 18
10 28 28
10 28 37
10 28 38
10 28 48
10 28 49
10 28 68
10 28 14
10 28 29
10 28 36
10 28 25
10 28 26
10 28 58
10 31 20
10 31 51
10 31 52
10 31 53
10 31 10
10 31 12
10 31 22
10 31 55
10 31 61
10 31 62
10 39 45
10 39 7
10 76 -1
10 91 70
10 91 80
10 91 81
10 91 90
10 91 71
10 91 72
10 91 83
10 91 92
10 95 98
10 95 74
10 95 75
10 95 79
10 95 87
11 3 -1
11 6 -1
11 28 -1
11 31 -1
11 39 59
11 39 34
11 39 15
11 76 55
11 76 66
11 76 75
11 76 86
11 76 88
11 76 96
11 76 64
11 76 76
11 91 70
11 91 90
11 91 62
11 91 82
11 95 98
--- Done ---
