0 76 55
0 76 65
0 76 66
0 76 75
0 76 76
1 12 0
1 12 14
1 12 52
1 17 9
1 17 21
1 17 32
1 17 33
1 68 69
1 68 98
1 72 40
1 72 72
1 72 82
1 72 93
1 76 54
1 76 55
1 76 56
1 76 58
1 76 63
1 76 64
1 76 65
1 76 66
1 76 73
1 76 75
1 76 79
1 76 83
1 76 92
2 12 11
2 12 12
2 12 13
2 12 24
2 12 25
2 12 31
2 12 34
2 17 2
2 17 7
2 17 9
2 17 15
2 17 16
2 17 17
2 17 18
2 17 27
2 17 29
2 17 38
2 17 46
2 68 47
2 68 59
2 68 68
2 68 69
2 72 41
2 72 50
2 72 52
2 72 60
2 72 61
2 72 62
2 72 70
2 72 71
2 72 72
2 72 80
2 76 26
2 76 35
2 76 42
2 76 44
2 76 55
2 76 56
2 76 58
2 76 64
2 76 65
2 76 66
2 76 73
2 76 74
2 76 75
2 76 76
2 76 78
2 76 83
2 76 85
2 76 89
2 76 92
2 76 94
2 76 95
3 12 1
3 12 3
3 12 5
3 12 10
3 12 12
3 12 13
3 12 20
3 12 22
3 12 23
3 12 24
3 12 30
3 12 31
3 12 32
3 12 34
3 12 41
3 12 52
3 17 4
3 17 8
3 17 9
3 17 14
3 17 17
3 17 19
3 17 21
3 17 27
3 17 29
3 17 33
3 17 37
3 68 26
3 68 28
3 68 45
3 68 46
3 68 54
3 68 55
3 68 59
3 68 69
3 68 77
3 68 78
3 68 88
3 68 98
3 68 99
3 72 51
3 72 53
3 72 60
3 72 62
3 72 70
3 72 72
3 72 82
3 72 93
3 76 35
3 76 39
3 76 42
3 76 44
3 76 64
3 76 65
3 76 66
3 76 74
3 76 75
3 76 76
3 76 79
3 76 84
3 76 85
3 76 86
3 76 95
3 76 97
4 12 0
4 12 2
4 12 3
4 12 10
4 12 12
4 12 14
4 12 20
4 12 22
4 12 30
4 12 32
4 12 34
4 17 4
4 17 5
4 17 7
4 17 8
4 17 9
4 17 15
4 17 16
4 17 17
4 17 19
4 17 25
4 17 27
4 17 29
4 17 33
4 68 26
4 68 36
4 68 45
4 68 46
4 68 47
4 68 48
4 68 54
4 68 56
4 68 59
4 68 67
4 68 68
4 68 69
4 68 87
4 68 88
4 68 98
4 72 21
4 72 40
4 72 42
4 72 43
4 72 52
4 72 53
4 72 57
4 72 60
4 72 61
4 72 62
4 72 63
4 72 64
4 72 71
4 72 72
4 72 73
4 72 74
4 72 80
4 72 81
4 72 84
4 72 85
4 72 90
4 72 91
4 72 92
4 72 93
4 72 96
4 76 39
4 76 44
4 76 65
4 76 66
4 76 75
4 76 76
4 76 77
4 76 78
4 76 79
4 76 86
4 76 89
4 76 94
4 76 97
5 12 0
5 12 1
5 12 2
5 12 3
5 12 5
5 12 10
5 12 11
5 12 12
5 12 13
5 12 22
5 12 25
5 12 30
5 12 31
5 17 4
5 17 9
5 17 14
5 17 15
5 17 16
5 17 19
5 17 26
5 17 27
5 17 28
5 17 32
5 17 35
5 17 37
5 17 38
5 17 39
5 17 46
5 17 56
5 68 45
5 68 48
5 68 49
5 68 54
5 68 58
5 68 59
5 68 67
5 68 68
5 68 69
5 68 77
5 68 78
5 68 79
5 68 87
5 68 88
5 68 98
5 68 99
5 72 21
5 72 41
5 72 42
5 72 51
5 72 52
5 72 53
5 72 60
5 72 61
5 72 63
5 72 64
5 72 70
5 72 71
5 72 72
5 72 80
5 72 81
5 72 82
5 72 83
5 72 84
5 72 85
5 72 92
5 72 93
5 76 44
5 76 55
5 76 57
5 76 65
5 76 66
5 76 75
5 76 76
5 76 86
5 76 89
5 76 94
5 76 95
5 76 97
6 12 1
6 12 2
6 12 3
6 12 11
6 12 12
6 12 14
6 12 20
6 12 22
6 12 23
6 12 30
6 12 31
6 12 34
6 12 41
6 17 4
6 17 5
6 17 6
6 17 7
6 17 9
6 17 16
6 17 17
6 17 19
6 17 21
6 17 25
6 17 26
6 17 27
6 17 28
6 17 29
6 17 32
6 17 33
6 17 36
6 17 37
6 17 38
6 17 46
6 68 45
6 68 48
6 68 49
6 68 69
6 68 98
6 68 99
6 72 43
6 72 50
6 72 51
6 72 52
6 72 53
6 72 61
6 72 62
6 72 71
6 72 72
6 72 80
6 72 81
6 72 82
6 72 90
6 72 93
6 76 35
6 76 39
6 76 42
6 76 44
6 76 55
6 76 56
6 76 58
6 76 63
6 76 64
6 76 65
6 76 66
6 76 67
6 76 73
6 76 74
6 76 75
6 76 76
6 76 78
6 76 79
6 76 83
6 76 84
6 76 85
6 76 88
6 76 89
6 76 94
6 76 96
6 76 97
7 12 1
7 12 3
7 12 5
7 12 10
7 12 12
7 12 13
7 12 20
7 12 22
7 12 24
7 12 25
7 12 30
7 12 31
7 12 32
7 12 33
7 12 34
7 12 41
7 12 52
7 17 6
7 17 7
7 17 8
7 17 15
7 17 17
7 17 18
7 17 21
7 17 27
7 17 28
7 17 29
7 17 36
7 17 46
7 68 45
7 68 47
7 68 48
7 68 49
7 68 59
7 68 68
7 68 69
7 68 98
7 72 43
7 72 50
7 72 51
7 72 53
7 72 60
7 72 61
7 72 70
7 72 71
7 72 81
7 72 90
7 72 91
7 72 93
7 76 26
7 76 39
7 76 42
7 76 44
7 76 54
7 76 55
7 76 56
7 76 58
7 76 63
7 76 65
7 76 66
7 76 67
7 76 73
7 76 74
7 76 75
7 76 76
7 76 77
7 76 78
7 76 79
7 76 84
7 76 85
7 76 86
7 76 87
7 76 89
7 76 94
7 76 95
7 76 96
7 76 97
8 12 0
8 12 10
8 12 11
8 12 12
8 12 20
8 12 21
8 12 23
8 12 24
8 12 25
8 12 30
8 12 33
8 12 41
8 17 7
8 17 15
8 17 16
8 17 17
8 17 19
8 17 28
8 17 36
8 17 37
8 17 38
8 68 45
8 68 46
8 68 47
8 68 48
8 68 59
8 68 68
8 68 98
8 68 99
8 72 40
8 72 50
8 72 52
8 72 53
8 72 61
8 72 62
8 72 70
8 72 80
8 72 82
8 72 91
8 76 26
8 76 42
8 76 44
8 76 54
8 76 56
8 76 57
8 76 63
8 76 64
8 76 73
8 76 75
8 76 76
8 76 77
8 76 79
8 76 83
8 76 84
8 76 85
8 76 86
8 76 88
8 76 89
8 76 92
8 76 94
8 76 95
8 76 96
8 76 97
9 12 0
9 12 1
9 12 11
9 12 30
9 12 31
9 12 34
9 12 41
9 17 4
9 17 5
9 17 6
9 17 8
9 17 15
9 17 16
9 17 18
9 17 19
9 17 25
9 17 27
9 17 29
9 17 37
9 17 38
9 17 46
9 68 48
9 68 59
9 68 69
9 72 40
9 72 43
9 72 50
9 72 51
9 72 62
9 72 70
9 72 72
9 72 80
9 72 81
9 72 82
9 72 90
9 72 91
9 76 35
9 76 42
9 76 56
9 76 57
9 76 64
9 76 73
9 76 75
9 76 76
9 76 77
9 76 79
9 76 83
9 76 86
9 76 87
9 76 88
9 76 95
9 76 96
10 12 10
10 12 12
10 12 20
10 12 22
10 12 25
10 17 2
10 17 7
10 17 14
10 17 18
10 17 28
10 17 29
10 17 36
10 17 37
10 17 38
10 68 45
10 68 48
10 68 49
10 68 68
10 68 98
10 72 51
10 72 52
10 72 53
10 72 61
10 72 62
10 72 70
10 72 71
10 72 72
10 72 80
10 72 81
10 72 90
10 76 26
10 76 55
10 76 58
10 76 74
10 76 75
10 76 79
10 76 83
10 76 87
10 76 92
11 12 34
11 17 15
11 68 59
11 68 98
11 72 62
11 72 70
11 72 82
11 72 90
11 76 55
11 76 64
11 76 66
11 76 75
11 76 76
11 76 86
11 76 88
11 76 96
--- Done ---
