0 1 10
0 1 11
0 1 12
0 1 20
0 1 21
0 1 22
1 1 1
1 1 2
1 1 3
1 1 4
1 1 5
1 1 10
1 1 13
1 1 14
1 1 16
1 1 21
1 1 22
1 1 25
1 1 31
1 1 33
1 1 41
1 1 42
1 1 43
1 1 53
1 1 61
1 36 7
1 36 8
1 36 12
1 36 19
1 36 26
1 36 27
1 36 29
1 36 36
1 36 37
1 36 44
1 36 46
1 36 48
1 36 56
1 36 64
1 36 65
1 36 84
1 75 55
1 75 62
1 75 63
1 75 70
1 75 71
1 75 72
1 75 73
1 75 78
1 75 85
1 75 90
1 75 91
1 75 92
1 75 97
2 1 4
2 1 5
2 1 13
2 1 14
2 1 15
2 1 21
2 1 30
2 1 42
2 1 43
2 1 47
2 1 54
2 36 8
2 36 18
2 36 26
2 36 28
2 36 29
2 36 34
2 36 35
2 36 37
2 36 39
2 36 56
2 36 58
2 36 59
2 36 64
2 36 66
2 36 68
2 36 76
2 36 87
2 36 94
2 75 63
2 75 69
2 75 72
2 75 74
2 75 75
2 75 83
2 75 84
2 75 88
2 75 92
2 75 96
2 75 98
3 1 1
3 1 3
3 1 4
3 1 10
3 1 11
3 1 12
3 1 13
3 1 14
3 1 16
3 1 21
3 1 22
3 1 30
3 1 33
3 1 50
3 1 52
3 1 53
3 36 8
3 36 18
3 36 27
3 36 29
3 36 34
3 36 35
3 36 36
3 36 37
3 36 38
3 36 44
3 36 46
3 36 49
3 36 56
3 36 57
3 36 58
3 36 59
3 36 65
3 36 66
3 75 55
3 75 60
3 75 62
3 75 63
3 75 64
3 75 72
3 75 73
3 75 75
3 75 77
3 75 81
3 75 85
3 75 87
3 75 94
3 75 99
4 1 3
4 1 10
4 1 12
4 1 13
4 1 16
4 1 21
4 1 22
4 1 23
4 1 31
4 1 33
4 1 47
4 1 54
4 36 8
4 36 9
4 36 18
4 36 19
4 36 27
4 36 28
4 36 34
4 36 35
4 36 38
4 36 39
4 36 57
4 36 59
4 36 62
4 36 63
4 74 51
4 74 65
4 74 71
4 74 74
4 74 84
4 74 87
4 74 89
4 74 90
4 74 92
4 74 95
4 75 55
4 75 70
4 75 75
4 75 78
4 75 97
4 75 98
4 75 99
5 1 0
5 1 1
5 1 3
5 1 13
5 1 23
5 1 41
5 1 42
5 1 45
5 1 47
5 1 53
5 1 54
5 36 6
5 36 9
5 36 17
5 36 27
5 36 28
5 36 35
5 36 38
5 36 39
5 36 49
5 36 57
5 36 95
5 74 44
5 74 55
5 74 64
5 74 73
5 74 74
5 74 76
5 74 82
5 74 83
5 74 85
5 74 89
5 74 96
5 75 66
5 75 70
5 75 75
5 75 77
5 75 79
5 75 81
5 75 86
5 75 97
5 75 98
5 75 99
6 1 3
6 1 11
6 1 14
6 1 15
6 1 16
6 1 22
6 1 23
6 1 30
6 1 31
6 1 32
6 1 41
6 1 42
6 1 45
6 1 47
6 1 52
6 1 53
6 1 54
6 36 8
6 36 18
6 36 24
6 36 26
6 36 27
6 36 37
6 36 39
6 36 44
6 36 51
6 36 56
6 36 58
6 36 59
6 36 65
6 36 66
6 36 95
6 74 38
6 74 62
6 74 63
6 74 73
6 74 89
6 75 25
6 75 60
6 75 64
6 75 67
6 75 83
6 75 84
6 75 92
6 75 94
6 75 97
6 75 98
7 1 0
7 1 4
7 1 12
7 1 15
7 1 21
7 1 23
7 1 31
7 1 32
7 1 33
7 1 40
7 1 42
7 1 45
7 1 47
7 1 52
7 1 61
7 36 6
7 36 7
7 36 9
7 36 17
7 36 24
7 36 28
7 36 29
7 36 34
7 36 36
7 36 38
7 36 39
7 36 57
7 36 58
7 36 63
7 36 65
7 36 66
7 36 67
7 36 76
7 74 46
7 74 51
7 74 56
7 74 64
7 74 80
7 74 83
7 74 84
7 75 26
7 75 72
7 75 79
7 75 81
7 75 92
7 75 95
7 75 98
7 75 99
8 1 0
8 1 5
8 1 15
8 1 21
8 1 22
8 1 32
8 1 33
8 1 40
8 1 42
8 1 43
8 1 45
8 1 47
8 1 50
8 1 61
8 36 8
8 36 12
8 36 17
8 36 24
8 36 26
8 36 27
8 36 28
8 36 34
8 36 37
8 36 39
8 36 48
8 36 55
8 36 58
8 36 59
8 36 63
8 36 65
8 36 68
8 36 78
8 74 67
8 74 73
8 74 81
8 74 88
8 74 92
8 74 94
8 75 56
8 75 72
8 75 76
8 75 82
8 75 83
8 75 84
8 75 91
8 75 93
8 75 96
8 75 97
9 1 0
9 1 3
9 1 4
9 1 16
9 1 20
9 1 22
9 1 23
9 1 32
9 1 41
9 1 42
9 1 43
9 1 47
9 1 50
9 1 54
9 36 9
9 36 17
9 36 26
9 36 28
9 36 35
9 36 36
9 36 37
9 36 39
9 36 46
9 36 48
9 36 57
9 36 58
9 36 62
9 36 84
9 74 60
9 74 63
9 74 74
9 74 94
9 75 69
9 75 70
9 75 73
9 75 75
9 75 79
9 75 82
9 75 85
9 75 91
9 75 99
--- Done ---
