0 1 10
0 1 11
0 1 12
0 1 20
0 1 21
0 1 22
1 1 1
1 1 2
1 1 3
1 1 4
1 1 5
1 1 10
1 1 12
1 1 13
1 1 14
1 1 21
1 1 22
1 1 31
1 1 33
1 1 41
1 47 7
1 47 8
1 47 16
1 47 19
1 47 25
1 47 26
1 47 27
1 47 29
1 47 36
1 47 37
1 47 44
1 47 46
1 47 48
1 47 55
1 47 56
1 47 78
1 74 42
1 74 43
1 74 53
1 74 61
1 74 62
1 74 63
1 74 64
1 74 65
1 74 70
1 74 71
1 74 72
1 74 73
1 74 84
1 74 85
1 74 90
1 74 91
1 74 92
1 74 97
2 1 4
2 1 5
2 1 13
2 1 14
2 1 21
2 1 30
2 47 8
2 47 15
2 47 18
2 47 26
2 47 28
2 47 29
2 47 34
2 47 35
2 47 37
2 47 39
2 47 47
2 47 56
2 47 58
2 47 59
2 47 66
2 47 68
2 47 69
2 47 88
2 74 42
2 74 43
2 74 54
2 74 63
2 74 64
2 74 72
2 74 74
2 74 75
2 74 76
2 74 83
2 74 84
2 74 87
2 74 92
2 74 94
2 74 96
2 74 98
3 1 1
3 1 3
3 1 4
3 1 10
3 1 11
3 1 12
3 1 13
3 1 14
3 1 21
3 1 22
3 1 30
3 1 33
3 47 8
3 47 16
3 47 18
3 47 27
3 47 29
3 47 34
3 47 35
3 47 36
3 47 37
3 47 38
3 47 44
3 47 46
3 47 49
3 47 55
3 47 56
3 47 57
3 47 58
3 47 59
3 47 66
3 47 77
3 47 99
3 74 50
3 74 52
3 74 53
3 74 60
3 74 62
3 74 63
3 74 64
3 74 65
3 74 72
3 74 73
3 74 75
3 74 81
3 74 85
3 74 87
3 74 94
4 1 3
4 1 10
4 1 12
4 1 13
4 1 21
4 1 22
4 1 23
4 1 31
4 1 33
4 47 8
4 47 9
4 47 16
4 47 18
4 47 19
4 47 27
4 47 28
4 47 34
4 47 35
4 47 38
4 47 39
4 47 47
4 47 55
4 47 57
4 47 59
4 47 78
4 47 89
4 47 99
4 74 51
4 74 54
4 74 62
4 74 63
4 74 65
4 74 70
4 74 71
4 74 74
4 74 75
4 74 84
4 74 87
4 74 90
4 74 92
4 74 95
4 74 97
4 74 98
5 1 0
5 1 1
5 1 3
5 1 13
5 1 23
5 1 41
5 47 6
5 47 9
5 47 17
5 47 27
5 47 28
5 47 35
5 47 38
5 47 39
5 47 44
5 47 45
5 47 47
5 47 49
5 47 55
5 47 57
5 47 66
5 47 77
5 47 79
5 47 89
5 47 99
5 74 42
5 74 53
5 74 54
5 74 64
5 74 70
5 74 73
5 74 74
5 74 75
5 74 76
5 74 81
5 74 82
5 74 83
5 74 85
5 74 86
5 74 95
5 74 96
5 74 97
5 74 98
6 1 3
6 1 11
6 1 14
6 1 22
6 1 23
6 1 24
6 1 30
6 1 31
6 1 32
6 1 41
6 47 8
6 47 15
6 47 16
6 47 18
6 47 25
6 47 26
6 47 27
6 47 37
6 47 38
6 47 39
6 47 44
6 47 45
6 47 47
6 47 56
6 47 58
6 47 59
6 47 66
6 47 67
6 47 89
6 74 42
6 74 51
6 74 52
6 74 53
6 74 54
6 74 60
6 74 62
6 74 63
6 74 64
6 74 65
6 74 73
6 74 83
6 74 84
6 74 92
6 74 94
6 74 95
6 74 97
6 74 98
7 1 0
7 1 4
7 1 12
7 1 21
7 1 23
7 1 24
7 1 31
7 1 32
7 1 33
7 1 40
7 47 6
7 47 7
7 47 9
7 47 15
7 47 17
7 47 26
7 47 28
7 47 29
7 47 34
7 47 36
7 47 38
7 47 39
7 47 45
7 47 46
7 47 47
7 47 56
7 47 57
7 47 58
7 47 66
7 47 67
7 47 79
7 47 99
7 74 42
7 74 51
7 74 52
7 74 61
7 74 63
7 74 64
7 74 65
7 74 72
7 74 76
7 74 80
7 74 81
7 74 83
7 74 84
7 74 92
7 74 95
7 74 98
8 1 0
8 1 5
8 1 12
8 1 21
8 1 22
8 1 24
8 1 32
8 1 33
8 1 40
8 47 8
8 47 15
8 47 17
8 47 26
8 47 27
8 47 28
8 47 34
8 47 37
8 47 39
8 47 45
8 47 47
8 47 48
8 47 55
8 47 56
8 47 58
8 47 59
8 47 67
8 47 68
8 47 78
8 47 88
8 74 42
8 74 43
8 74 50
8 74 61
8 74 63
8 74 65
8 74 72
8 74 73
8 74 76
8 74 81
8 74 82
8 74 83
8 74 84
8 74 91
8 74 92
8 74 93
8 74 94
8 74 96
8 74 97
9 1 0
9 1 3
9 1 4
9 1 20
9 1 22
9 1 23
9 1 32
9 1 41
9 47 9
9 47 16
9 47 17
9 47 26
9 47 28
9 47 35
9 47 36
9 47 37
9 47 39
9 47 46
9 47 47
9 47 48
9 47 57
9 47 58
9 47 69
9 47 79
9 47 99
9 74 42
9 74 43
9 74 50
9 74 54
9 74 60
9 74 62
9 74 63
9 74 70
9 74 73
9 74 74
9 74 75
9 74 82
9 74 84
9 74 85
9 74 91
9 74 94
--- Done ---
