0 1 10
0 1 11
0 1 12
0 1 20
0 1 22
0 3 21
1 1 1
1 1 2
1 1 10
1 1 12
1 1 13
1 1 22
1 3 3
1 3 5
1 3 21
1 3 25
1 23 4
1 23 14
1 23 26
1 23 44
1 23 61
1 28 7
1 28 8
1 28 16
1 28 19
1 28 27
1 28 29
1 28 36
1 28 37
1 28 46
1 28 48
1 53 31
1 53 33
1 53 41
1 53 42
1 53 43
1 53 53
1 53 55
1 53 62
1 53 63
1 53 64
1 53 72
1 53 73
1 70 70
1 70 71
1 70 90
1 70 91
1 70 92
1 76 56
1 76 65
1 76 78
1 76 84
1 76 85
1 76 97
2 1 13
2 1 15
2 23 4
2 23 5
2 23 14
2 23 21
2 23 26
2 23 30
2 28 8
2 28 18
2 28 28
2 28 37
2 28 39
2 28 47
2 28 58
2 53 34
2 53 35
2 53 42
2 53 43
2 53 54
2 53 63
2 53 64
2 53 72
2 53 75
2 53 83
2 68 29
2 68 59
2 68 66
2 68 68
2 68 69
2 68 87
2 68 88
2 68 98
2 70 92
2 76 56
2 76 74
2 76 76
2 76 84
2 76 94
2 76 96
3 1 1
3 1 10
3 1 11
3 1 12
3 1 13
3 1 22
3 23 3
3 23 4
3 23 14
3 23 21
3 23 30
3 23 33
3 23 55
3 28 8
3 28 16
3 28 18
3 28 27
3 28 37
3 28 38
3 28 46
3 28 58
3 53 34
3 53 35
3 53 36
3 53 44
3 53 52
3 53 53
3 53 62
3 53 63
3 53 64
3 53 72
3 53 73
3 53 75
3 68 29
3 68 49
3 68 57
3 68 59
3 68 66
3 68 77
3 68 87
3 68 99
3 70 50
3 70 60
3 70 81
3 76 56
3 76 65
3 76 85
3 76 94
4 1 10
4 1 12
4 1 13
4 1 22
4 17 8
4 17 16
4 17 18
4 17 19
4 17 27
4 17 39
4 23 3
4 23 21
4 23 23
4 23 34
4 23 51
4 47 9
4 47 28
4 47 35
4 47 38
4 47 47
4 47 57
4 47 59
4 47 65
4 47 78
4 53 31
4 53 33
4 53 54
4 53 55
4 53 62
4 53 63
4 53 74
4 53 75
4 53 84
4 70 70
4 70 71
4 70 90
4 70 92
4 97 87
4 97 89
4 97 95
4 97 97
4 97 98
4 97 99
5 1 0
5 1 1
5 1 13
5 17 6
5 17 17
5 17 27
5 17 28
5 17 39
5 33 3
5 33 23
5 33 44
5 33 45
5 47 9
5 47 35
5 47 38
5 47 47
5 47 49
5 47 55
5 47 57
5 47 66
5 50 41
5 50 42
5 50 53
5 50 70
5 75 54
5 75 64
5 75 73
5 75 74
5 75 75
5 75 76
5 75 77
5 75 81
5 75 82
5 75 83
5 75 85
5 97 79
5 97 86
5 97 89
5 97 95
5 97 96
5 97 97
5 97 98
5 97 99
6 1 11
6 1 15
6 1 22
6 18 8
6 18 16
6 18 18
6 18 26
6 18 37
6 18 39
6 18 58
6 33 3
6 33 14
6 33 23
6 33 24
6 33 31
6 33 32
6 33 42
6 33 44
6 33 45
6 33 63
6 47 25
6 47 27
6 47 38
6 47 47
6 47 59
6 50 30
6 50 41
6 50 51
6 50 52
6 50 53
6 50 60
6 50 62
6 75 54
6 75 56
6 75 64
6 75 65
6 75 66
6 75 67
6 75 73
6 75 83
6 75 84
6 75 94
6 75 95
6 92 92
6 97 89
6 97 97
6 97 98
7 1 0
7 1 12
7 15 4
7 15 6
7 15 7
7 15 15
7 15 17
7 15 23
7 15 24
7 15 26
7 15 34
7 15 47
7 18 9
7 18 28
7 18 29
7 18 38
7 18 39
7 18 58
7 42 21
7 42 31
7 42 32
7 42 33
7 42 40
7 42 42
7 42 51
7 42 52
7 42 63
7 66 36
7 66 45
7 66 46
7 66 56
7 66 57
7 66 64
7 66 65
7 66 66
7 66 67
7 66 76
7 88 79
7 88 98
7 88 99
7 92 61
7 92 72
7 92 80
7 92 81
7 92 83
7 92 84
7 92 92
7 92 95
8 1 0
8 1 12
8 1 22
8 15 5
8 15 8
8 15 15
8 15 17
8 15 26
8 15 34
8 15 47
8 42 21
8 42 24
8 42 32
8 42 33
8 42 40
8 42 42
8 42 43
8 42 50
8 42 55
8 42 63
8 42 73
8 49 27
8 49 28
8 49 37
8 49 39
8 49 48
8 49 56
8 49 58
8 49 59
8 49 67
8 66 45
8 66 68
8 66 76
8 66 78
8 88 65
8 88 88
8 88 96
8 88 97
8 92 61
8 92 72
8 92 81
8 92 82
8 92 83
8 92 84
8 92 91
8 92 92
8 92 93
8 92 94
9 1 0
9 1 20
9 1 22
9 25 4
9 25 16
9 25 17
9 25 23
9 25 26
9 25 28
9 25 35
9 25 36
9 25 46
9 25 54
9 31 3
9 31 32
9 31 41
9 31 42
9 31 43
9 31 50
9 49 9
9 49 37
9 49 39
9 49 47
9 49 48
9 49 57
9 49 58
9 49 69
9 49 79
9 81 60
9 81 62
9 81 63
9 81 70
9 81 73
9 81 82
9 81 91
9 81 94
9 86 74
9 86 75
9 86 84
9 86 85
9 86 99
--- Done ---
