0 1 10
0 1 11
0 1 12
0 1 20
0 1 22
0 31 21
1 1 1
1 1 2
1 1 10
1 1 12
1 1 13
1 1 22
1 19 8
1 19 19
1 19 29
1 26 3
1 26 4
1 26 5
1 26 7
1 26 14
1 26 16
1 26 25
1 26 26
1 26 27
1 26 36
1 26 37
1 26 46
1 26 48
1 31 21
1 31 31
1 31 44
1 31 61
1 53 33
1 53 41
1 53 42
1 53 43
1 53 53
1 53 55
1 53 62
1 53 63
1 53 84
1 68 56
1 68 78
1 81 70
1 81 71
1 81 72
1 81 73
1 81 90
1 81 92
1 95 64
1 95 65
1 95 85
1 95 91
1 95 97
2 1 13
2 1 15
2 19 8
2 19 39
2 19 47
2 26 4
2 26 5
2 26 14
2 26 18
2 26 26
2 26 28
2 26 35
2 26 37
2 31 21
2 31 30
2 31 34
2 31 42
2 31 43
2 53 54
2 53 64
2 53 83
2 68 29
2 68 56
2 68 58
2 68 59
2 68 66
2 68 68
2 68 69
2 68 87
2 68 88
2 68 98
2 81 63
2 81 72
2 81 92
2 81 94
2 95 74
2 95 75
2 95 76
2 95 84
2 95 96
3 1 1
3 1 10
3 1 11
3 1 12
3 1 13
3 1 22
3 19 8
3 19 18
3 26 3
3 26 4
3 26 14
3 26 16
3 26 27
3 26 37
3 26 38
3 26 46
3 31 21
3 31 30
3 31 34
3 31 50
3 53 33
3 53 35
3 53 36
3 53 44
3 53 52
3 53 53
3 53 55
3 53 64
3 53 73
3 53 75
3 68 29
3 68 49
3 68 56
3 68 57
3 68 58
3 68 59
3 68 66
3 68 99
3 81 60
3 81 62
3 81 63
3 81 72
3 81 81
3 81 94
3 95 65
3 95 77
3 95 85
3 95 87
4 1 10
4 1 12
4 1 13
4 1 22
4 19 8
4 19 9
4 19 19
4 19 28
4 19 47
4 26 3
4 26 16
4 26 18
4 26 27
4 26 34
4 26 35
4 26 38
4 26 39
4 31 21
4 31 23
4 31 31
4 31 33
4 53 51
4 53 54
4 53 55
4 68 57
4 68 59
4 68 78
4 68 87
4 68 89
4 68 98
4 68 99
4 81 62
4 81 63
4 81 70
4 81 71
4 81 90
4 81 92
4 95 65
4 95 74
4 95 75
4 95 84
4 95 95
4 95 97
5 1 0
5 1 1
5 1 13
5 19 9
5 19 27
5 19 28
5 19 47
5 26 3
5 26 6
5 26 17
5 26 35
5 26 38
5 26 39
5 31 42
5 53 23
5 53 41
5 53 44
5 53 45
5 53 53
5 53 54
5 53 55
5 53 64
5 68 49
5 68 57
5 68 66
5 68 77
5 68 79
5 68 89
5 68 98
5 68 99
5 81 70
5 81 73
5 81 81
5 81 82
5 81 83
5 95 74
5 95 75
5 95 76
5 95 85
5 95 86
5 95 95
5 95 96
5 95 97
6 1 11
6 1 15
6 1 22
6 19 8
6 19 27
6 19 47
6 26 3
6 26 14
6 26 16
6 26 18
6 26 24
6 26 25
6 26 26
6 26 37
6 26 38
6 26 39
6 31 23
6 31 30
6 31 31
6 31 32
6 53 41
6 53 42
6 53 44
6 53 45
6 53 51
6 53 52
6 53 53
6 53 54
6 68 56
6 68 58
6 68 59
6 68 66
6 68 67
6 68 89
6 68 98
6 81 60
6 81 62
6 81 63
6 81 73
6 81 83
6 81 92
6 81 94
6 95 64
6 95 65
6 95 84
6 95 95
6 95 97
7 1 0
7 1 12
7 1 15
7 19 9
7 19 17
7 19 29
7 19 47
7 26 4
7 26 6
7 26 7
7 26 24
7 26 26
7 26 28
7 26 36
7 26 38
7 26 39
7 26 46
7 31 21
7 31 31
7 31 32
7 31 34
7 31 40
7 31 42
7 53 23
7 53 33
7 53 45
7 53 51
7 53 52
7 68 56
7 68 57
7 68 58
7 68 66
7 68 67
7 68 79
7 68 98
7 68 99
7 81 61
7 81 63
7 81 72
7 81 80
7 81 81
7 81 83
7 81 92
7 95 64
7 95 65
7 95 76
7 95 84
7 95 95
8 1 0
8 1 12
8 1 15
8 1 22
8 19 8
8 19 17
8 19 27
8 19 47
8 26 5
8 26 24
8 26 26
8 26 28
8 26 37
8 26 39
8 26 48
8 31 21
8 31 32
8 31 33
8 31 50
8 31 61
8 53 34
8 53 40
8 53 42
8 53 43
8 53 45
8 53 55
8 53 72
8 53 84
8 68 56
8 68 58
8 68 59
8 68 67
8 68 68
8 68 78
8 81 63
8 81 73
8 81 81
8 81 82
8 81 83
8 81 91
8 81 92
8 81 93
8 81 94
8 95 65
8 95 76
8 95 88
8 95 96
8 95 97
9 1 0
9 1 20
9 1 22
9 19 9
9 19 28
9 19 47
9 26 4
9 26 16
9 26 17
9 26 26
9 26 35
9 26 36
9 26 37
9 26 39
9 26 46
9 31 3
9 31 32
9 31 41
9 31 42
9 31 50
9 53 23
9 53 43
9 53 54
9 53 74
9 53 75
9 68 48
9 68 57
9 68 58
9 68 69
9 68 79
9 68 99
9 81 60
9 81 62
9 81 63
9 81 70
9 81 73
9 81 82
9 81 94
9 95 84
9 95 85
9 95 91
--- Done ---
