0 38 -1
0 76 58
0 76 67
0 76 68
0 76 78
0 76 57
1 5 4
1 5 6
1 5 14
1 5 15
1 5 19
1 22 0
1 22 21
1 38 29
1 38 37
1 51 53
1 51 62
1 51 64
1 68 79
1 68 99
1 68 68
1 76 65
1 76 74
1 76 75
1 76 85
1 76 96
1 76 45
1 76 58
1 76 67
1 76 76
1 76 57
1 76 77
1 81 73
1 81 80
1 81 92
1 81 61
2 5 6
2 22 1
2 22 10
2 22 11
2 22 12
2 22 32
2 38 8
2 38 9
2 38 48
2 38 57
2 51 40
2 51 42
2 51 51
2 51 62
2 51 64
2 51 20
2 51 31
2 51 41
2 51 52
2 51 13
2 68 68
2 76 74
2 76 85
2 76 95
2 76 96
2 76 45
2 76 58
2 76 66
2 76 76
2 76 87
2 76 97
2 76 78
2 81 70
2 81 72
2 81 80
2 81 83
2 81 92
2 89 98
2 89 79
2 89 89
2 89 99
2 89 69
2 89 88
2 89 77
3 5 4
3 5 6
3 5 14
3 5 16
3 5 25
3 5 43
3 22 1
3 22 21
3 22 22
3 22 33
3 22 34
3 22 20
3 22 24
3 22 41
3 22 13
3 38 8
3 38 35
3 38 36
3 38 37
3 38 38
3 38 39
3 38 48
3 38 17
3 38 19
3 38 26
3 38 49
3 38 57
3 38 77
3 51 40
3 51 53
3 51 62
3 68 46
3 68 59
3 68 68
3 68 69
3 68 78
3 68 88
3 76 65
3 76 74
3 76 84
3 76 86
3 76 95
3 76 58
3 76 66
3 76 67
3 76 76
3 81 70
3 81 71
3 81 72
3 81 73
3 81 80
3 81 81
3 81 83
3 81 91
3 81 93
3 81 52
3 81 60
3 81 61
3 89 98
3 89 87
3 89 97
3 89 89
4 5 4
4 5 6
4 5 14
4 5 16
4 5 18
4 5 25
4 5 2
4 5 3
4 5 17
4 5 19
4 5 26
4 5 27
4 5 13
4 22 1
4 22 10
4 22 12
4 22 22
4 22 32
4 22 33
4 22 34
4 22 31
4 22 41
4 38 8
4 38 9
4 38 28
4 38 29
4 38 35
4 38 37
4 38 49
4 51 40
4 51 42
4 51 44
4 51 51
4 51 53
4 68 46
4 68 59
4 68 58
4 68 66
4 68 67
4 68 79
4 68 99
4 68 57
4 68 68
4 68 69
4 68 78
4 76 55
4 76 63
4 76 65
4 76 75
4 76 84
4 76 85
4 76 86
4 76 94
4 76 95
4 76 45
4 76 47
4 76 56
4 76 76
4 76 87
4 76 97
4 76 88
4 76 77
4 81 70
4 81 71
4 81 72
4 81 73
4 81 80
4 81 81
4 81 83
4 81 90
4 81 91
4 81 92
4 81 93
4 81 52
4 81 61
4 81 82
4 89 98
5 5 4
5 5 7
5 5 14
5 5 15
5 5 16
5 5 25
5 5 5
5 5 17
5 5 19
5 5 27
5 22 1
5 22 10
5 22 12
5 22 22
5 22 23
5 22 32
5 22 33
5 22 34
5 22 3
5 22 20
5 22 30
5 22 31
5 22 13
5 38 9
5 38 28
5 38 35
5 38 36
5 38 37
5 38 29
5 38 38
5 38 39
5 38 48
5 49 -1
5 51 40
5 51 44
5 51 50
5 51 51
5 51 53
5 51 54
5 51 62
5 51 64
5 68 46
5 68 59
5 68 58
5 68 68
5 68 57
5 68 88
5 76 63
5 76 65
5 76 74
5 76 75
5 76 84
5 76 85
5 76 86
5 76 94
5 76 95
5 76 96
5 76 45
5 76 56
5 76 66
5 76 67
5 76 76
5 76 87
5 76 97
5 76 78
5 81 70
5 81 71
5 81 72
5 81 73
5 81 81
5 81 83
5 81 91
5 81 93
5 81 60
5 81 61
5 81 82
5 89 98
5 89 89
5 89 99
6 5 7
6 5 14
6 5 15
6 5 16
6 5 18
6 5 25
6 5 5
6 5 17
6 5 19
6 5 26
6 5 43
6 5 27
6 22 0
6 22 1
6 22 10
6 22 11
6 22 22
6 22 32
6 22 33
6 22 34
6 22 2
6 22 3
6 22 24
6 22 41
6 22 13
6 38 8
6 38 9
6 38 28
6 38 36
6 38 37
6 38 29
6 38 38
6 38 39
6 49 49
6 51 40
6 51 42
6 51 44
6 51 50
6 51 51
6 51 53
6 51 64
6 68 46
6 68 59
6 68 68
6 76 63
6 76 65
6 76 75
6 76 84
6 76 86
6 76 94
6 76 95
6 76 96
6 76 45
6 76 56
6 76 66
6 76 67
6 76 76
6 76 97
6 76 47
6 76 58
6 76 78
6 76 57
6 76 69
6 76 77
6 81 70
6 81 71
6 81 72
6 81 80
6 81 81
6 81 83
6 81 91
6 81 92
6 81 93
6 81 52
6 81 60
6 81 61
6 81 82
6 89 98
6 89 79
6 89 89
6 89 99
7 5 4
7 5 6
7 5 14
7 5 16
7 5 18
7 5 25
7 5 17
7 5 19
7 5 24
7 5 43
7 5 27
7 22 0
7 22 1
7 22 10
7 22 11
7 22 12
7 22 21
7 22 32
7 22 34
7 22 2
7 22 30
7 22 31
7 22 41
7 22 13
7 38 8
7 38 9
7 38 35
7 38 36
7 38 37
7 38 29
7 38 39
7 38 48
7 49 49
7 51 40
7 51 62
7 51 64
7 68 59
7 76 55
7 76 65
7 76 74
7 76 75
7 76 84
7 76 85
7 76 94
7 76 96
7 76 45
7 76 56
7 76 66
7 76 67
7 76 76
7 76 97
7 76 47
7 76 78
7 76 57
7 76 69
7 76 77
7 76 88
7 81 70
7 81 71
7 81 73
7 81 81
7 81 83
7 81 90
7 81 92
7 81 93
7 81 61
7 81 82
7 89 98
7 89 79
7 89 89
7 89 99
8 5 6
8 5 7
8 5 25
8 22 10
8 22 11
8 22 12
8 22 23
8 22 32
8 22 33
8 22 34
8 22 3
8 22 20
8 22 24
8 38 9
8 38 28
8 38 35
8 38 36
8 38 37
8 38 17
8 38 19
8 38 26
8 38 27
8 49 49
8 51 40
8 51 44
8 51 50
8 51 51
8 51 53
8 51 54
8 51 64
8 51 43
8 51 52
8 51 61
8 51 82
8 68 46
8 68 59
8 68 68
8 76 55
8 76 63
8 76 75
8 76 85
8 76 94
8 76 95
8 76 96
8 76 45
8 76 66
8 76 76
8 76 87
8 76 47
8 76 78
8 76 57
8 76 69
8 76 77
8 76 88
8 81 70
8 81 73
8 81 80
8 81 83
8 81 91
8 81 92
8 81 93
8 89 98
8 89 79
8 89 89
8 89 99
9 5 14
9 5 15
9 5 25
9 5 17
9 5 19
9 5 26
9 5 43
9 22 0
9 22 10
9 22 12
9 22 21
9 22 32
9 22 33
9 22 2
9 22 24
9 22 41
9 38 8
9 38 28
9 38 29
9 38 38
9 49 49
9 51 40
9 51 42
9 51 62
9 51 64
9 68 46
9 68 59
9 68 79
9 68 99
9 76 55
9 76 63
9 76 65
9 76 74
9 76 75
9 76 85
9 76 45
9 76 56
9 76 67
9 76 76
9 76 87
9 76 58
9 76 69
9 81 70
9 81 72
9 81 80
9 81 81
9 81 90
9 81 91
9 81 93
9 81 60
9 81 82
9 89 98
10 5 15
10 5 16
10 5 5
10 5 27
10 22 0
10 22 1
10 22 11
10 22 22
10 38 28
10 38 35
10 38 38
10 49 -1
10 51 42
10 51 44
10 51 54
10 51 64
10 51 20
10 51 31
10 51 52
10 68 68
10 76 55
10 76 63
10 76 75
10 76 84
10 76 85
10 76 95
10 76 45
10 76 66
10 76 67
10 76 87
10 76 97
10 76 58
10 76 78
10 76 57
10 76 69
10 81 72
10 81 81
10 81 90
10 89 79
10 89 99
11 5 18
11 5 27
11 22 22
11 22 24
11 38 36
11 49 -1
11 51 -1
11 68 -1
11 76 65
11 76 57
11 81 93
11 89 99
11 89 78
--- Done ---
