0 38 57
0 68 58
0 68 67
0 68 68
0 68 78
1 38 0
1 38 4
1 38 6
1 38 14
1 38 15
1 38 19
1 38 29
1 38 37
1 38 53
1 38 61
1 38 62
1 38 65
1 38 73
1 38 75
1 38 80
1 38 96
1 68 21
1 68 45
1 68 57
1 68 58
1 68 64
1 68 67
1 68 68
1 68 74
1 68 76
1 68 77
1 68 79
1 68 85
1 68 92
1 68 99
2 38 1
2 38 6
2 38 8
2 38 9
2 38 11
2 38 13
2 38 31
2 38 32
2 38 48
2 38 51
2 38 52
2 38 62
2 38 66
2 38 68
2 38 69
2 38 70
2 38 72
2 38 74
2 38 76
2 38 77
2 38 78
2 38 79
2 38 80
2 38 83
2 68 10
2 68 12
2 68 20
2 68 40
2 68 41
2 68 42
2 68 45
2 68 57
2 68 58
2 68 64
3 38 1
3 38 4
3 38 6
3 38 8
3 38 13
3 38 14
3 38 16
3 38 17
3 38 19
3 38 24
3 38 25
3 38 26
3 38 35
3 38 36
3 38 37
3 38 38
3 38 39
3 38 43
3 38 48
3 38 49
3 38 52
3 38 53
3 38 59
3 38 60
3 38 61
3 38 62
3 38 65
3 38 66
3 68 20
3 68 21
3 68 22
3 68 33
3 68 34
3 68 40
3 68 41
3 68 46
3 68 57
3 68 58
4 38 1
4 38 4
4 38 6
4 38 8
4 38 9
4 38 13
4 38 14
4 38 16
4 38 17
4 38 18
4 38 19
4 38 25
4 38 26
4 38 27
4 38 28
4 38 29
4 38 31
4 38 32
4 38 35
4 38 37
4 38 44
4 38 47
4 38 49
4 38 52
4 68 2
4 68 3
4 68 10
4 68 12
4 68 22
4 68 33
4 68 34
4 68 40
4 68 41
4 68 42
4 68 45
4 68 46
4 68 51
4 68 53
4 68 55
4 68 56
4 68 57
4 68 59
4 68 61
4 68 63
4 68 65
4 68 66
4 68 68
5 38 1
5 38 4
5 38 5
5 38 7
5 38 9
5 38 13
5 38 14
5 38 15
5 38 16
5 38 17
5 38 19
5 38 25
5 38 27
5 38 28
5 38 29
5 38 30
5 38 31
5 38 32
5 38 36
5 68 3
5 68 10
5 68 12
5 68 20
5 68 22
5 68 23
5 68 33
5 68 34
5 68 35
5 68 37
5 68 38
5 68 39
5 68 40
5 68 44
5 68 45
5 68 46
5 68 48
5 68 50
5 68 51
5 68 53
5 68 59
6 38 0
6 38 1
6 38 5
6 38 7
6 38 8
6 38 9
6 38 11
6 38 13
6 38 14
6 38 15
6 38 16
6 38 17
6 38 18
6 38 19
6 38 24
6 38 25
6 38 26
6 38 27
6 68 2
6 68 3
6 68 10
6 68 22
6 68 28
6 68 29
6 68 32
6 68 33
6 68 34
6 68 36
6 68 37
6 68 38
6 68 39
6 68 40
6 68 41
6 68 42
6 68 43
6 68 45
6 68 46
6 68 47
7 38 0
7 38 1
7 38 4
7 38 6
7 38 8
7 38 9
7 38 11
7 38 13
7 38 14
7 38 16
7 38 17
7 38 18
7 38 19
7 38 24
7 38 25
7 38 27
7 38 29
7 38 31
7 38 35
7 68 2
7 68 10
7 68 12
7 68 21
7 68 30
7 68 32
7 68 34
7 68 36
7 68 37
7 68 39
7 68 40
7 68 41
7 68 43
7 68 45
7 68 47
7 68 48
7 68 49
7 68 55
7 68 56
7 68 57
7 68 59
7 68 61
7 68 62
7 68 65
8 38 6
8 38 7
8 38 9
8 38 11
8 38 17
8 38 19
8 38 24
8 38 25
8 38 26
8 38 27
8 38 28
8 38 32
8 38 35
8 38 36
8 38 37
8 38 43
8 38 44
8 38 47
8 38 49
8 38 50
8 38 51
8 38 52
8 38 53
8 38 55
8 38 61
8 38 73
8 68 3
8 68 10
8 68 12
8 68 20
8 68 23
8 68 33
8 68 34
8 68 40
8 68 45
8 68 46
8 68 54
8 68 57
8 68 59
8 68 63
8 68 64
8 68 66
8 68 68
8 68 69
8 68 70
8 68 75
8 68 76
8 68 77
8 68 78
9 38 0
9 38 8
9 38 14
9 38 15
9 38 17
9 38 19
9 38 24
9 38 25
9 38 26
9 38 28
9 38 29
9 38 32
9 38 38
9 38 43
9 38 49
9 38 55
9 38 62
9 38 65
9 38 75
9 38 80
9 38 90
9 38 93
9 68 2
9 68 10
9 68 12
9 68 21
9 68 33
9 68 40
9 68 41
9 68 42
9 68 45
9 68 46
9 68 56
9 68 58
9 68 59
9 68 60
9 68 63
9 68 64
9 68 67
9 68 69
9 68 70
9 68 72
9 68 74
9 68 76
9 68 79
9 68 81
9 68 82
9 68 85
9 68 87
9 68 91
9 68 98
9 68 99
10 38 0
10 38 1
10 38 5
10 38 11
10 38 15
10 38 16
10 38 27
10 38 28
10 38 31
10 38 35
10 38 38
10 38 44
10 38 52
10 38 55
10 38 75
10 38 90
10 68 20
10 68 22
10 68 42
10 68 45
10 68 54
10 68 57
10 68 58
10 68 63
10 68 64
10 68 66
10 68 67
10 68 68
10 68 69
10 68 72
10 68 78
10 68 79
10 68 81
10 68 84
10 68 85
10 68 87
10 68 95
10 68 97
10 68 99
11 38 18
11 38 24
11 38 27
11 38 36
11 38 65
11 38 93
11 68 22
11 68 57
11 68 78
11 68 99
--- Done ---
