0 38 -1
0 55 58
0 55 67
0 55 68
0 55 78
0 55 57
1 12 0
1 12 4
1 12 21
1 12 6
1 12 14
1 38 15
1 38 19
1 38 29
1 38 37
1 38 57
1 38 45
1 55 53
1 82 61
1 82 62
1 82 80
1 82 92
1 82 64
1 82 73
1 88 99
1 88 58
1 88 67
1 88 68
1 88 74
1 88 76
1 88 79
1 88 85
1 88 96
1 88 65
1 88 75
1 88 77
2 12 1
2 12 10
2 12 11
2 12 20
2 12 40
2 12 42
2 12 52
2 12 12
2 12 13
2 12 51
2 12 6
2 12 45
2 35 41
2 38 8
2 38 9
2 38 79
2 55 31
2 55 76
2 55 89
2 55 66
2 55 77
2 55 48
2 55 57
2 82 62
2 82 70
2 82 80
2 82 92
2 82 64
2 82 72
2 82 95
2 82 96
2 82 83
2 82 85
2 82 32
2 88 69
2 88 87
2 88 88
2 88 97
2 88 98
2 88 99
2 88 58
2 88 68
2 88 74
2 88 78
3 12 1
3 12 4
3 12 20
3 12 21
3 12 22
3 12 40
3 12 52
3 12 13
3 12 6
3 35 41
3 35 35
3 38 8
3 38 17
3 38 19
3 38 39
3 38 16
3 38 38
3 55 59
3 55 53
3 55 68
3 55 76
3 55 78
3 55 49
3 55 66
3 55 77
3 55 14
3 55 25
3 55 26
3 55 33
3 55 34
3 55 36
3 55 37
3 55 43
3 55 46
3 55 48
3 55 57
3 55 24
3 82 60
3 82 61
3 82 62
3 82 70
3 82 71
3 82 80
3 82 81
3 82 91
3 82 93
3 82 72
3 82 73
3 82 83
3 82 84
3 82 65
3 82 86
3 88 69
3 88 87
3 88 88
3 88 97
3 88 98
3 88 58
3 88 67
3 88 74
3 88 89
3 88 95
4 12 1
4 12 2
4 12 3
4 12 4
4 12 10
4 12 22
4 12 40
4 12 42
4 12 52
4 12 12
4 12 13
4 12 51
4 12 14
4 12 25
4 12 33
4 12 34
4 35 41
4 35 35
4 38 8
4 38 9
4 38 17
4 38 18
4 38 19
4 38 29
4 38 16
4 38 27
4 38 28
4 38 79
4 38 49
4 38 77
4 38 6
4 38 26
4 38 37
4 38 46
4 38 47
4 38 56
4 38 57
4 38 45
4 55 31
4 55 59
4 55 53
4 55 55
4 55 78
4 55 66
4 82 61
4 82 70
4 82 71
4 82 80
4 82 81
4 82 82
4 82 90
4 82 91
4 82 92
4 82 93
4 82 72
4 82 73
4 82 94
4 82 95
4 82 65
4 82 83
4 82 84
4 82 85
4 82 86
4 82 32
4 82 63
4 82 75
4 82 44
4 88 69
4 88 87
4 88 88
4 88 97
4 88 98
4 88 99
4 88 58
4 88 67
4 88 68
4 88 76
5 12 1
5 12 3
5 12 4
5 12 10
5 12 20
5 12 22
5 12 30
5 12 40
5 12 12
5 12 13
5 12 23
5 12 51
5 12 54
5 35 7
5 35 35
5 38 9
5 38 17
5 38 19
5 38 29
5 38 39
5 38 15
5 38 16
5 38 27
5 38 28
5 38 36
5 38 37
5 38 38
5 38 44
5 38 46
5 38 48
5 38 56
5 38 57
5 38 45
5 55 31
5 55 50
5 55 59
5 55 53
5 55 68
5 55 76
5 55 78
5 55 89
5 55 66
5 55 86
5 55 14
5 55 25
5 55 63
5 55 75
5 55 33
5 55 34
5 82 5
5 82 60
5 82 61
5 82 62
5 82 70
5 82 71
5 82 81
5 82 82
5 82 91
5 82 93
5 82 64
5 82 72
5 82 73
5 82 94
5 82 95
5 82 96
5 82 65
5 82 83
5 82 84
5 82 85
5 82 32
5 88 87
5 88 88
5 88 97
5 88 98
5 88 99
5 88 58
5 88 67
5 88 74
6 12 0
6 12 1
6 12 2
6 12 3
6 12 10
6 12 11
6 12 22
6 12 40
6 12 42
6 12 52
6 12 13
6 12 51
6 12 14
6 12 25
6 12 33
6 12 34
6 12 24
6 12 45
6 35 7
6 35 41
6 38 8
6 38 9
6 38 17
6 38 18
6 38 19
6 38 29
6 38 39
6 38 15
6 38 16
6 38 27
6 38 28
6 38 79
6 38 26
6 38 36
6 38 37
6 38 38
6 38 46
6 38 47
6 38 49
6 38 57
6 38 77
6 38 56
6 55 50
6 55 59
6 55 53
6 55 44
6 82 5
6 82 60
6 82 61
6 82 70
6 82 71
6 82 80
6 82 81
6 82 82
6 82 91
6 82 92
6 82 93
6 82 64
6 82 72
6 82 83
6 82 84
6 82 94
6 82 95
6 82 96
6 82 32
6 82 43
6 82 86
6 88 69
6 88 97
6 88 98
6 88 99
6 88 58
6 88 67
6 88 68
6 88 76
6 88 78
6 88 89
6 88 65
6 88 66
6 88 63
6 88 75
7 12 0
7 12 1
7 12 2
7 12 4
7 12 10
7 12 11
7 12 21
7 12 30
7 12 40
7 12 12
7 12 13
7 12 14
7 12 25
7 12 34
7 35 41
7 35 35
7 38 8
7 38 9
7 38 17
7 38 18
7 38 19
7 38 29
7 38 39
7 38 16
7 38 27
7 38 79
7 38 6
7 38 36
7 38 37
7 38 47
7 38 48
7 38 49
7 38 57
7 38 77
7 38 24
7 38 45
7 55 31
7 55 59
7 55 55
7 82 61
7 82 62
7 82 70
7 82 71
7 82 81
7 82 82
7 82 90
7 82 92
7 82 93
7 82 64
7 82 73
7 82 83
7 82 84
7 82 94
7 82 96
7 82 32
7 82 43
7 82 65
7 82 85
7 82 75
7 88 69
7 88 88
7 88 97
7 88 98
7 88 99
7 88 67
7 88 74
7 88 76
7 88 78
7 88 89
7 88 66
7 88 56
8 12 3
8 12 10
8 12 11
8 12 20
8 12 40
8 12 52
8 12 12
8 12 23
8 12 51
8 12 6
8 12 25
8 12 32
8 12 33
8 12 34
8 12 54
8 12 24
8 12 45
8 35 7
8 35 35
8 38 9
8 38 17
8 38 19
8 38 27
8 38 28
8 38 26
8 38 36
8 38 37
8 38 46
8 38 47
8 38 57
8 38 44
8 55 50
8 55 59
8 55 53
8 55 55
8 82 61
8 82 70
8 82 80
8 82 82
8 82 91
8 82 92
8 82 93
8 82 64
8 82 73
8 82 83
8 82 43
8 88 69
8 88 87
8 88 88
8 88 98
8 88 99
8 88 68
8 88 76
8 88 78
8 88 79
8 88 89
8 88 94
8 88 95
8 88 96
8 88 49
8 88 66
8 88 77
8 88 85
8 88 63
8 88 75
9 12 0
9 12 2
9 12 10
9 12 21
9 12 40
9 12 42
9 12 12
9 12 14
9 12 25
9 12 32
9 12 33
9 12 24
9 12 45
9 35 41
9 38 8
9 38 17
9 38 19
9 38 29
9 38 15
9 38 28
9 38 26
9 38 38
9 38 46
9 55 59
9 55 55
9 82 60
9 82 62
9 82 70
9 82 80
9 82 81
9 82 82
9 82 90
9 82 91
9 82 93
9 82 64
9 82 72
9 82 43
9 82 65
9 82 85
9 82 63
9 82 75
9 88 69
9 88 87
9 88 98
9 88 99
9 88 58
9 88 67
9 88 74
9 88 76
9 88 79
9 88 49
9 88 56
10 12 0
10 12 1
10 12 11
10 12 20
10 12 22
10 12 42
10 12 52
10 12 54
10 12 45
10 35 15
10 35 16
10 35 27
10 35 28
10 35 57
10 35 35
10 38 38
10 55 31
10 55 55
10 82 5
10 82 81
10 82 90
10 82 64
10 82 72
10 82 84
10 82 95
10 82 85
10 82 44
10 82 63
10 82 75
10 88 69
10 88 87
10 88 97
10 88 99
10 88 58
10 88 67
10 88 68
10 88 78
10 88 79
10 88 66
11 12 22
11 35 -1
11 38 18
11 38 27
11 38 36
11 38 57
11 38 24
11 55 -1
11 82 93
11 88 99
11 88 78
11 88 65
--- Done ---
