0 38 57
0 38 58
0 38 68
0 49 67
0 49 78
1 38 0
1 38 4
1 38 6
1 38 14
1 38 15
1 38 19
1 38 21
1 38 37
1 38 45
1 38 57
1 38 61
1 38 64
1 38 65
1 38 68
1 38 74
1 38 75
1 38 77
1 38 79
1 38 80
1 38 85
1 38 92
1 49 29
1 49 53
1 49 58
1 49 62
1 49 67
1 49 73
1 49 76
1 49 96
1 49 99
2 38 1
2 38 6
2 38 8
2 38 9
2 38 13
2 38 20
2 38 31
2 38 32
2 38 40
2 38 45
2 38 51
2 38 52
2 38 57
2 38 64
2 38 68
2 38 69
2 38 70
2 38 72
2 38 74
2 38 76
2 38 77
2 38 78
2 38 79
2 38 80
2 38 83
2 49 10
2 49 11
2 49 12
2 49 41
2 49 42
2 49 48
2 49 58
2 49 62
2 49 66
3 38 1
3 38 4
3 38 6
3 38 8
3 38 13
3 38 14
3 38 16
3 38 17
3 38 19
3 38 20
3 38 21
3 38 24
3 38 25
3 38 26
3 38 33
3 38 35
3 38 36
3 38 37
3 38 38
3 38 40
3 38 46
3 38 52
3 38 57
3 38 60
3 38 61
3 38 65
3 49 22
3 49 34
3 49 39
3 49 41
3 49 43
3 49 48
3 49 49
3 49 53
3 49 58
3 49 59
3 49 62
3 49 66
4 38 1
4 38 2
4 38 4
4 38 6
4 38 8
4 38 9
4 38 13
4 38 14
4 38 16
4 38 17
4 38 18
4 38 19
4 38 25
4 38 26
4 38 27
4 38 28
4 38 31
4 38 32
4 38 33
4 38 35
4 38 37
4 38 40
4 38 44
4 38 45
4 38 52
4 49 3
4 49 10
4 49 12
4 49 22
4 49 29
4 49 34
4 49 41
4 49 42
4 49 46
4 49 47
4 49 49
4 49 51
4 49 53
4 49 55
4 49 56
4 49 57
4 49 59
4 49 61
4 49 63
4 49 65
4 49 66
4 49 68
5 38 1
5 38 4
5 38 5
5 38 9
5 38 13
5 38 14
5 38 15
5 38 16
5 38 17
5 38 19
5 38 20
5 38 23
5 38 25
5 38 27
5 38 28
5 38 30
5 38 31
5 38 32
5 38 36
5 49 3
5 49 7
5 49 10
5 49 12
5 49 22
5 49 29
5 49 33
5 49 34
5 49 35
5 49 37
5 49 38
5 49 39
5 49 40
5 49 44
5 49 45
5 49 46
5 49 48
5 49 50
5 49 51
5 49 53
5 49 59
6 38 0
6 38 1
6 38 2
6 38 5
6 38 8
6 38 9
6 38 13
6 38 14
6 38 15
6 38 16
6 38 17
6 38 18
6 38 19
6 38 24
6 38 25
6 38 26
6 38 27
6 49 3
6 49 7
6 49 10
6 49 11
6 49 22
6 49 28
6 49 29
6 49 32
6 49 33
6 49 34
6 49 36
6 49 37
6 49 38
6 49 39
6 49 40
6 49 41
6 49 42
6 49 43
6 49 45
6 49 46
6 49 47
7 38 0
7 38 1
7 38 2
7 38 4
7 38 6
7 38 8
7 38 9
7 38 13
7 38 14
7 38 16
7 38 17
7 38 18
7 38 19
7 38 21
7 38 24
7 38 25
7 38 27
7 38 30
7 49 10
7 49 11
7 49 12
7 49 29
7 49 31
7 49 32
7 49 34
7 49 35
7 49 36
7 49 37
7 49 39
7 49 40
7 49 41
7 49 43
7 49 45
7 49 47
7 49 48
7 49 49
7 49 55
7 49 56
7 49 57
7 49 59
7 49 61
7 49 62
7 49 65
8 38 6
8 38 9
8 38 17
8 38 19
8 38 20
8 38 23
8 38 24
8 38 25
8 38 26
8 38 27
8 38 28
8 38 32
8 38 33
8 38 35
8 38 36
8 38 37
8 38 40
8 38 44
8 38 45
8 38 46
8 38 47
8 38 50
8 38 51
8 38 52
8 38 54
8 38 57
8 38 61
8 38 64
8 49 3
8 49 7
8 49 10
8 49 11
8 49 12
8 49 34
8 49 43
8 49 49
8 49 53
8 49 55
8 49 59
8 49 63
8 49 66
8 49 68
8 49 69
8 49 70
8 49 73
8 49 75
8 49 76
8 49 77
8 49 78
9 38 0
9 38 2
9 38 8
9 38 14
9 38 15
9 38 17
9 38 19
9 38 21
9 38 24
9 38 25
9 38 26
9 38 28
9 38 32
9 38 33
9 38 38
9 38 40
9 38 45
9 38 46
9 38 56
9 38 60
9 38 63
9 38 64
9 38 65
9 38 74
9 38 75
9 38 79
9 38 80
9 38 85
9 49 10
9 49 12
9 49 29
9 49 41
9 49 42
9 49 43
9 49 49
9 49 55
9 49 58
9 49 59
9 49 62
9 49 67
9 49 69
9 49 70
9 49 72
9 49 76
9 49 81
9 49 82
9 49 87
9 49 90
9 49 91
9 49 93
9 49 98
9 49 99
10 38 0
10 38 1
10 38 5
10 38 15
10 38 16
10 38 20
10 38 27
10 38 28
10 38 31
10 38 35
10 38 38
10 38 44
10 38 45
10 38 52
10 38 54
10 38 57
10 38 63
10 38 64
10 38 68
10 38 75
10 38 79
10 38 84
10 38 85
10 38 90
10 38 97
10 49 11
10 49 22
10 49 42
10 49 55
10 49 58
10 49 66
10 49 67
10 49 69
10 49 72
10 49 78
10 49 81
10 49 87
10 49 95
10 49 99
11 38 18
11 38 24
11 38 27
11 38 36
11 38 57
11 38 65
11 38 93
11 49 22
11 49 78
11 49 99
--- Done ---
