0 38 -1
0 54 67
0 54 78
0 54 57
0 54 58
0 54 68
1 12 0
1 12 14
1 38 29
1 54 61
1 54 80
1 54 4
1 54 15
1 54 19
1 54 62
1 54 64
1 54 67
1 54 73
1 54 74
1 54 85
1 54 37
1 54 53
1 54 57
1 65 92
1 65 96
1 65 99
1 65 21
1 65 58
1 65 65
1 65 68
1 65 76
1 65 77
1 65 79
1 65 6
1 65 45
1 65 75
2 12 10
2 12 12
2 38 8
2 38 9
2 38 69
2 38 79
2 38 98
2 38 6
2 38 45
2 54 70
2 54 80
2 54 11
2 54 13
2 54 40
2 54 41
2 54 51
2 54 1
2 54 58
2 54 68
2 65 72
2 65 89
2 65 92
2 65 96
2 65 97
2 65 99
2 65 20
2 65 62
2 65 64
2 65 66
2 65 74
2 65 78
2 65 83
2 65 85
2 65 87
2 65 88
2 65 95
2 65 31
2 65 32
2 65 42
2 65 48
2 65 52
2 65 57
2 65 76
2 65 77
3 0 -1
3 12 6
3 12 35
3 12 1
3 12 33
3 12 46
3 38 8
3 38 16
3 38 17
3 38 59
3 38 69
3 38 14
3 38 19
3 38 38
3 38 58
3 38 65
3 38 76
3 38 84
3 54 60
3 54 70
3 54 71
3 54 80
3 54 40
3 54 61
3 54 4
3 54 13
3 54 22
3 54 25
3 54 26
3 54 41
3 54 53
3 54 57
3 54 68
3 54 77
3 54 98
3 54 24
3 65 72
3 65 81
3 65 86
3 65 89
3 65 91
3 65 93
3 65 97
3 65 39
3 65 62
3 65 66
3 65 67
3 65 73
3 65 74
3 65 78
3 65 83
3 65 87
3 65 88
3 65 95
3 65 20
3 65 21
3 65 34
3 65 36
3 65 37
3 65 43
3 65 48
3 65 49
3 65 52
4 0 -1
4 10 10
4 10 83
4 10 61
4 12 6
4 12 35
4 12 45
4 12 47
4 12 25
4 12 33
4 12 46
4 12 75
4 12 1
4 12 2
4 12 3
4 12 12
4 12 13
4 12 22
4 12 31
4 12 32
4 12 41
4 12 42
4 12 44
4 12 51
4 38 8
4 38 9
4 38 17
4 38 18
4 38 28
4 38 29
4 38 59
4 38 69
4 38 16
4 38 19
4 38 27
4 38 14
4 38 26
4 38 53
4 38 55
4 38 56
4 38 57
4 38 65
4 38 68
4 38 79
4 54 70
4 54 71
4 54 80
4 54 82
4 54 4
4 54 40
4 54 58
4 54 76
4 54 77
4 54 84
4 54 98
4 65 72
4 65 81
4 65 86
4 65 91
4 65 92
4 65 93
4 65 97
4 65 99
4 65 63
4 65 66
4 65 67
4 65 73
4 65 78
4 65 85
4 65 87
4 65 88
4 65 90
4 65 94
4 65 95
4 65 34
4 65 37
4 65 49
4 65 52
5 0 -1
5 9 9
5 9 17
5 9 28
5 9 29
5 9 27
5 9 39
5 9 5
5 9 7
5 9 16
5 9 36
5 9 37
5 9 48
5 9 57
5 9 68
5 9 44
5 10 10
5 10 20
5 10 40
5 10 61
5 10 3
5 10 13
5 10 22
5 10 23
5 10 30
5 10 31
5 10 32
5 10 50
5 10 51
5 10 14
5 12 12
5 38 59
5 38 35
5 38 38
5 38 45
5 38 58
5 38 15
5 38 25
5 38 46
5 38 54
5 38 75
5 38 1
5 54 60
5 54 70
5 54 71
5 54 82
5 54 95
5 54 34
5 54 53
5 54 56
5 54 65
5 54 76
5 54 83
5 54 84
5 54 98
5 54 4
5 54 19
5 54 33
5 65 72
5 65 81
5 65 86
5 65 89
5 65 91
5 65 93
5 65 96
5 65 97
5 65 99
5 65 62
5 65 63
5 65 64
5 65 66
5 65 67
5 65 73
5 65 74
5 65 78
5 65 85
5 65 87
5 65 88
5 65 94
6 0 0
6 9 9
6 10 10
6 10 14
6 10 50
6 10 75
6 10 1
6 10 2
6 10 3
6 10 11
6 10 13
6 10 22
6 10 32
6 10 41
6 10 42
6 10 51
6 10 44
6 12 -1
6 38 59
6 38 8
6 38 17
6 38 18
6 38 28
6 38 29
6 38 69
6 38 5
6 38 7
6 38 16
6 38 19
6 38 39
6 38 53
6 38 56
6 38 65
6 38 76
6 38 77
6 38 79
6 38 84
6 38 98
6 38 38
6 54 60
6 54 70
6 54 71
6 54 80
6 54 82
6 54 52
6 54 83
6 54 33
6 54 36
6 54 37
6 54 45
6 54 47
6 54 49
6 54 57
6 54 58
6 54 68
6 54 15
6 54 24
6 54 25
6 54 26
6 54 40
6 54 43
6 54 46
6 54 61
6 65 72
6 65 81
6 65 86
6 65 89
6 65 91
6 65 92
6 65 93
6 65 96
6 65 97
6 65 99
6 65 63
6 65 64
6 65 66
6 65 67
6 65 78
6 65 94
6 65 95
6 65 27
6 65 34
7 0 0
7 0 21
7 0 61
7 0 2
7 0 11
7 0 13
7 0 30
7 0 31
7 0 32
7 0 41
7 0 1
7 9 9
7 9 17
7 9 18
7 9 29
7 9 69
7 9 16
7 9 19
7 9 14
7 10 10
7 12 12
7 38 59
7 38 8
7 38 24
7 38 25
7 38 75
7 54 70
7 54 71
7 54 82
7 54 4
7 54 55
7 54 56
7 54 65
7 54 76
7 54 77
7 54 79
7 54 83
7 54 84
7 54 98
7 54 35
7 54 36
7 54 37
7 54 40
7 54 43
7 54 45
7 54 47
7 54 48
7 54 49
7 54 57
7 54 6
7 65 81
7 65 89
7 65 92
7 65 93
7 65 96
7 65 97
7 65 99
7 65 62
7 65 64
7 65 66
7 65 67
7 65 73
7 65 74
7 65 78
7 65 85
7 65 88
7 65 90
7 65 94
7 65 27
7 65 34
7 65 39
8 0 -1
8 9 9
8 9 17
8 9 28
8 9 69
8 9 7
8 9 19
8 9 26
8 9 36
8 9 49
8 9 57
8 9 68
8 9 6
8 10 10
8 10 50
8 12 12
8 20 20
8 38 59
8 54 70
8 54 80
8 54 82
8 54 47
8 54 52
8 54 53
8 54 33
8 54 40
8 54 43
8 54 45
8 54 46
8 54 61
8 54 75
8 54 3
8 54 11
8 54 23
8 54 24
8 54 25
8 54 32
8 54 51
8 54 54
8 54 44
8 65 89
8 65 91
8 65 92
8 65 93
8 65 99
8 65 64
8 65 66
8 65 78
8 65 85
8 65 87
8 65 88
8 65 94
8 65 95
8 65 96
8 65 27
8 65 55
8 65 63
8 65 73
8 65 76
8 65 77
8 65 79
8 65 83
8 65 98
8 65 34
8 65 35
8 65 37
9 0 0
9 9 -1
9 10 10
9 12 12
9 20 -1
9 38 59
9 38 8
9 38 17
9 38 28
9 38 29
9 38 69
9 38 19
9 38 15
9 38 26
9 38 38
9 38 14
9 38 25
9 54 60
9 54 70
9 54 80
9 54 82
9 54 40
9 54 2
9 54 41
9 54 42
9 65 81
9 65 91
9 65 93
9 65 99
9 65 64
9 65 67
9 65 72
9 65 85
9 65 87
9 65 90
9 65 55
9 65 56
9 65 62
9 65 63
9 65 65
9 65 74
9 65 76
9 65 79
9 65 98
9 65 49
9 65 58
9 65 21
9 65 33
9 65 43
9 65 45
9 65 46
9 65 75
9 65 24
9 65 32
10 0 0
10 0 11
10 0 22
10 0 1
10 9 28
10 9 69
10 9 16
10 9 5
10 9 15
10 10 -1
10 12 -1
10 20 20
10 38 38
10 54 54
10 65 81
10 65 97
10 65 99
10 65 64
10 65 66
10 65 67
10 65 72
10 65 78
10 65 85
10 65 87
10 65 90
10 65 95
10 65 27
10 65 55
10 65 63
10 65 79
10 65 84
10 65 35
10 65 52
10 65 57
10 65 58
10 65 68
10 65 45
10 65 75
10 65 31
10 65 42
10 65 44
11 0 -1
11 9 18
11 10 -1
11 12 22
11 20 -1
11 38 -1
11 54 -1
11 65 93
11 65 99
11 65 78
11 65 27
11 65 65
11 65 36
11 65 57
11 65 24
--- Done ---
