0 3 34
0 3 35
0 3 44
0 43 43
0 43 45
1 3 0
1 3 2
1 3 3
1 3 11
1 3 14
1 3 15
1 3 16
1 3 20
1 3 21
1 3 22
1 3 23
1 3 24
1 3 25
1 3 26
1 3 33
1 3 42
1 43 30
1 43 31
1 43 40
1 43 43
1 43 52
1 43 60
1 43 65
1 43 71
1 43 73
1 43 94
1 48 9
1 48 27
1 48 29
1 48 44
1 48 47
1 48 48
1 48 49
1 48 57
1 48 58
1 48 69
1 48 77
1 48 89
1 48 96
1 84 41
1 84 63
1 84 76
1 84 91
2 3 1
2 3 2
2 3 3
2 3 10
2 3 12
2 3 13
2 3 14
2 3 15
2 3 22
2 3 23
2 3 33
2 3 34
2 3 44
2 3 45
2 3 53
2 43 30
2 43 40
2 43 41
2 43 43
2 43 51
2 43 52
2 43 60
2 43 71
2 43 73
2 43 74
2 43 82
2 43 86
2 43 94
2 48 7
2 48 9
2 48 18
2 48 19
2 48 28
2 48 37
2 48 46
2 48 57
2 48 58
2 48 77
2 48 78
2 48 87
2 48 89
2 48 99
2 84 54
2 84 64
2 84 66
2 84 75
2 84 79
2 84 92
2 84 95
2 84 97
3 3 0
3 3 1
3 3 5
3 3 10
3 3 12
3 3 20
3 3 21
3 3 26
3 3 32
3 3 33
3 43 40
3 43 41
3 43 59
3 43 61
3 43 62
3 43 94
3 48 9
3 48 17
3 48 18
3 48 36
3 48 37
3 48 39
3 48 44
3 48 47
3 48 48
3 48 56
3 48 57
3 48 58
3 48 64
3 48 68
3 48 76
3 48 77
3 48 79
3 48 85
3 48 88
3 48 99
3 84 54
3 84 63
3 84 66
3 84 71
3 84 73
3 84 80
3 84 82
3 84 86
3 84 90
3 84 91
4 3 2
4 3 3
4 3 10
4 3 12
4 3 16
4 3 23
4 3 24
4 3 25
4 3 26
4 3 31
4 3 33
4 3 56
4 43 34
4 43 36
4 43 40
4 43 60
4 43 62
4 43 65
4 43 72
4 43 73
4 48 9
4 48 28
4 48 38
4 48 44
4 48 46
4 48 47
4 48 57
4 48 58
4 48 64
4 48 67
4 48 68
4 48 69
4 48 74
4 48 75
4 48 76
4 48 77
4 48 79
4 48 85
4 48 88
4 48 89
4 48 96
4 84 52
4 84 86
4 84 97
5 3 1
5 3 6
5 3 11
5 3 13
5 3 14
5 3 15
5 3 23
5 3 24
5 3 26
5 3 33
5 3 35
5 3 42
5 3 45
5 43 30
5 43 40
5 43 43
5 43 44
5 43 50
5 43 51
5 43 54
5 43 59
5 43 65
5 43 72
5 43 73
5 43 94
5 48 7
5 48 8
5 48 9
5 48 29
5 48 36
5 48 38
5 48 39
5 48 46
5 48 57
5 48 67
5 48 69
5 48 75
5 48 79
5 48 99
5 84 62
5 84 77
5 84 83
5 84 84
5 84 91
5 84 92
5 84 93
6 3 2
6 3 5
6 3 10
6 3 11
6 3 14
6 3 15
6 3 16
6 3 20
6 3 21
6 3 22
6 3 24
6 3 33
6 3 45
6 3 55
6 43 30
6 43 41
6 43 42
6 43 51
6 43 54
6 43 60
6 43 62
6 43 72
6 43 77
6 43 81
6 43 94
6 48 9
6 48 19
6 48 27
6 48 34
6 48 36
6 48 37
6 48 58
6 48 67
6 48 68
6 48 74
6 48 75
6 48 76
6 48 78
6 48 79
6 48 87
6 48 88
6 48 99
6 84 63
6 84 70
6 84 71
6 84 73
6 84 80
6 84 82
6 84 83
6 84 84
6 84 93
6 84 95
6 84 98
7 3 1
7 3 3
7 3 13
7 3 14
7 3 15
7 3 23
7 3 32
7 3 34
7 3 35
7 3 44
7 3 53
7 43 30
7 43 40
7 43 46
7 43 51
7 43 54
7 43 61
7 43 71
7 43 72
7 43 90
7 43 94
7 48 7
7 48 17
7 48 19
7 48 28
7 48 37
7 48 38
7 48 48
7 48 49
7 48 58
7 48 65
7 48 66
7 48 67
7 48 74
7 48 76
7 48 78
7 48 99
7 84 55
7 84 73
7 84 77
7 84 82
7 84 84
7 84 86
7 84 87
7 84 92
7 84 93
7 84 98
8 3 1
8 3 2
8 3 5
8 3 6
8 3 22
8 3 23
8 3 26
8 3 32
8 3 34
8 43 30
8 43 33
8 43 43
8 43 51
8 43 62
8 43 73
8 43 74
8 43 81
8 43 83
8 43 94
8 48 8
8 48 19
8 48 27
8 48 29
8 48 35
8 48 36
8 48 37
8 48 48
8 48 58
8 48 69
8 48 75
8 48 78
8 48 85
8 48 87
8 48 89
8 84 63
8 84 65
8 84 70
8 84 82
8 84 84
8 84 92
8 84 95
8 84 97
9 3 0
9 3 1
9 3 5
9 3 6
9 3 10
9 3 15
9 3 16
9 3 22
9 3 25
9 3 32
9 3 34
9 3 42
9 3 44
9 3 53
9 43 43
9 43 50
9 43 52
9 43 62
9 43 63
9 43 81
9 43 83
9 43 86
9 43 94
9 48 7
9 48 9
9 48 17
9 48 18
9 48 27
9 48 35
9 48 39
9 48 48
9 48 49
9 48 59
9 48 67
9 48 68
9 48 75
9 48 76
9 48 78
9 48 96
9 84 61
9 84 71
9 84 82
9 84 95
9 84 98
--- Done ---
