0 3 34
0 3 35
0 44 43
0 44 44
0 44 45
1 3 0
1 3 1
1 3 4
1 3 6
1 3 11
1 3 19
1 3 21
1 3 31
1 3 46
1 3 52
1 3 60
1 3 62
1 3 65
1 3 68
1 3 70
1 3 84
1 3 87
1 3 89
1 3 90
1 3 94
1 3 98
1 44 10
1 44 16
1 44 17
1 44 18
1 44 30
1 44 34
1 44 35
1 44 40
1 44 44
2 3 1
2 3 2
2 3 5
2 3 6
2 3 11
2 3 12
2 3 15
2 3 19
2 3 20
2 3 22
2 3 26
2 3 31
2 3 35
2 3 45
2 3 47
2 3 54
2 44 24
2 44 28
2 44 29
2 44 30
2 44 32
2 44 34
2 44 38
2 44 41
2 44 43
2 44 44
2 44 46
3 3 0
3 3 1
3 3 2
3 3 3
3 3 4
3 3 6
3 3 9
3 3 12
3 3 13
3 3 19
3 3 20
3 3 21
3 3 22
3 3 26
3 3 31
3 3 49
3 3 50
3 3 51
3 3 54
3 3 57
3 3 58
3 3 59
3 44 7
3 44 8
3 44 10
3 44 16
3 44 17
3 44 18
3 44 24
3 44 27
3 44 29
3 44 30
3 44 32
3 44 34
3 44 36
3 44 38
3 44 39
3 44 40
3 44 41
3 44 42
3 44 44
3 44 45
3 44 48
4 3 0
4 3 2
4 3 4
4 3 5
4 3 6
4 3 9
4 3 11
4 3 13
4 3 14
4 3 15
4 3 19
4 3 21
4 3 23
4 3 26
4 3 43
4 3 44
4 3 45
4 3 46
4 3 47
4 44 7
4 44 8
4 44 10
4 44 16
4 44 17
4 44 18
4 44 24
4 44 25
4 44 29
4 44 30
4 44 32
4 44 34
4 44 36
4 44 37
4 44 38
4 44 39
4 44 40
4 44 41
4 44 48
5 3 0
5 3 1
5 3 3
5 3 6
5 3 9
5 3 11
5 3 12
5 3 13
5 3 20
5 3 21
5 3 23
5 3 26
5 3 35
5 3 43
5 3 49
5 44 7
5 44 8
5 44 10
5 44 16
5 44 18
5 44 24
5 44 25
5 44 27
5 44 28
5 44 30
5 44 32
5 44 33
5 44 34
5 44 36
5 44 39
5 44 42
6 3 0
6 3 2
6 3 4
6 3 6
6 3 9
6 3 11
6 3 13
6 3 14
6 3 19
6 3 20
6 3 21
6 3 26
6 3 31
6 3 52
6 3 55
6 3 58
6 44 7
6 44 8
6 44 10
6 44 16
6 44 24
6 44 28
6 44 29
6 44 32
6 44 34
6 44 36
6 44 37
6 44 38
6 44 40
6 44 42
6 44 45
6 44 46
6 44 49
6 44 50
7 3 0
7 3 1
7 3 3
7 3 4
7 3 5
7 3 6
7 3 11
7 3 14
7 3 19
7 3 22
7 3 23
7 3 26
7 3 31
7 3 50
7 3 51
7 3 52
7 3 53
7 3 54
7 3 55
7 3 56
7 3 57
7 3 58
7 3 59
7 3 60
7 3 67
7 44 7
7 44 8
7 44 10
7 44 16
7 44 18
7 44 24
7 44 27
7 44 29
7 44 30
7 44 32
7 44 34
7 44 35
7 44 37
7 44 39
7 44 40
7 44 41
7 44 42
7 44 44
7 44 46
7 44 47
7 44 49
8 3 2
8 3 3
8 3 4
8 3 6
8 3 11
8 3 12
8 3 13
8 3 15
8 3 19
8 3 20
8 3 22
8 3 23
8 3 26
8 3 57
8 3 58
8 3 61
8 3 62
8 3 64
8 3 65
8 3 66
8 3 68
8 3 69
8 3 70
8 3 71
8 3 73
8 3 74
8 3 75
8 3 76
8 3 77
8 3 78
8 3 81
8 44 7
8 44 8
8 44 10
8 44 17
8 44 25
8 44 27
8 44 29
8 44 32
8 44 33
8 44 39
8 44 40
8 44 41
8 44 42
8 44 43
8 44 45
8 44 46
8 44 47
8 44 49
8 44 50
8 44 51
8 44 52
8 44 55
9 3 3
9 3 4
9 3 5
9 3 6
9 3 9
9 3 19
9 3 20
9 3 23
9 3 31
9 3 89
9 3 90
9 3 92
9 3 99
9 44 7
9 44 10
9 44 25
9 44 30
9 44 32
9 44 34
9 44 38
9 44 41
9 44 43
9 44 50
9 44 51
9 44 52
9 44 54
9 44 56
9 44 57
9 44 58
9 44 59
9 44 66
9 44 68
9 44 70
9 44 73
9 44 74
9 44 77
9 44 78
9 44 80
9 44 81
9 44 82
9 44 85
9 44 86
9 44 88
10 3 0
10 3 14
10 3 20
10 3 22
10 3 23
10 44 17
10 44 29
10 44 32
10 44 49
10 44 51
10 44 61
10 44 62
10 44 66
10 44 68
10 44 71
10 44 74
10 44 76
10 44 80
10 44 85
10 44 86
10 44 88
10 44 90
10 44 91
10 44 97
11 3 19
11 44 32
11 44 48
11 44 51
11 44 52
11 44 53
11 44 55
11 44 60
11 44 72
11 44 75
11 44 85
--- Done ---
