0 36 34
0 36 35
0 36 43
0 36 44
0 36 45
1 3 2
1 3 3
1 3 14
1 3 15
1 3 23
1 3 24
1 3 33
1 8 9
1 8 29
1 20 0
1 20 11
1 20 20
1 20 21
1 20 22
1 20 30
1 20 31
1 20 40
1 20 41
1 20 42
1 36 16
1 36 25
1 36 26
1 36 27
1 36 43
1 36 44
1 57 47
1 57 48
1 57 49
1 57 57
1 57 58
1 57 65
1 57 69
1 72 52
1 72 60
1 72 63
1 72 71
1 72 73
1 72 91
1 86 76
1 86 77
1 86 89
1 86 94
1 86 96
2 3 1
2 3 2
2 3 3
2 3 12
2 3 13
2 3 14
2 3 15
2 3 23
2 3 33
2 8 7
2 8 9
2 8 18
2 8 19
2 8 28
2 20 10
2 20 22
2 20 30
2 20 40
2 20 41
2 36 34
2 36 37
2 36 43
2 36 44
2 36 45
2 36 46
2 36 54
2 57 57
2 57 58
2 57 66
2 57 78
2 57 79
2 72 51
2 72 52
2 72 53
2 72 60
2 72 64
2 72 71
2 72 73
2 72 74
2 72 82
2 72 92
2 86 75
2 86 77
2 86 86
2 86 87
2 86 89
2 86 94
2 86 95
2 86 97
2 86 99
3 3 1
3 3 5
3 3 12
3 3 33
3 8 9
3 8 17
3 8 18
3 20 0
3 20 10
3 20 20
3 20 21
3 20 32
3 20 40
3 20 41
3 36 26
3 36 36
3 36 37
3 36 44
3 36 54
3 57 39
3 57 47
3 57 48
3 57 56
3 57 57
3 57 58
3 57 59
3 57 66
3 57 68
3 57 79
3 72 61
3 72 62
3 72 63
3 72 64
3 72 71
3 72 73
3 72 80
3 72 82
3 72 90
3 72 91
3 86 76
3 86 77
3 86 85
3 86 86
3 86 88
3 86 94
3 86 99
4 3 2
4 3 3
4 3 12
4 3 23
4 3 24
4 3 33
4 8 9
4 8 28
4 20 10
4 20 31
4 20 40
4 36 16
4 36 25
4 36 26
4 36 34
4 36 36
4 36 38
4 36 44
4 36 46
4 57 47
4 57 56
4 57 57
4 57 58
4 57 65
4 57 67
4 57 68
4 57 69
4 57 79
4 72 52
4 72 60
4 72 62
4 72 64
4 72 72
4 72 73
4 72 74
4 86 75
4 86 76
4 86 77
4 86 85
4 86 86
4 86 88
4 86 89
4 86 96
4 86 97
5 3 1
5 3 13
5 3 14
5 3 15
5 3 23
5 3 24
5 3 33
5 8 6
5 8 7
5 8 8
5 8 9
5 8 29
5 20 11
5 20 30
5 20 40
5 20 42
5 36 26
5 36 35
5 36 36
5 36 38
5 36 43
5 36 44
5 36 45
5 36 46
5 36 54
5 57 39
5 57 57
5 57 59
5 57 65
5 57 67
5 57 69
5 57 79
5 72 50
5 72 51
5 72 62
5 72 72
5 72 73
5 72 83
5 72 91
5 72 92
5 72 93
5 86 75
5 86 77
5 86 84
5 86 94
5 86 99
6 3 2
6 3 5
6 3 14
6 3 15
6 3 24
6 3 33
6 8 9
6 8 19
6 20 10
6 20 11
6 20 20
6 20 21
6 20 22
6 20 30
6 20 41
6 20 42
6 36 16
6 36 27
6 36 34
6 36 36
6 36 37
6 36 45
6 36 54
6 57 55
6 57 58
6 57 67
6 57 68
6 57 78
6 57 79
6 72 51
6 72 60
6 72 62
6 72 63
6 72 70
6 72 71
6 72 72
6 72 73
6 72 74
6 72 80
6 72 81
6 72 82
6 72 83
6 72 93
6 86 75
6 86 76
6 86 77
6 86 84
6 86 87
6 86 88
6 86 94
6 86 95
6 86 98
6 86 99
7 3 1
7 3 3
7 3 13
7 3 14
7 3 15
7 3 23
7 8 7
7 8 17
7 8 19
7 8 28
7 20 30
7 20 32
7 20 40
7 36 34
7 36 35
7 36 37
7 36 38
7 36 44
7 36 46
7 36 54
7 57 48
7 57 49
7 57 55
7 57 58
7 57 65
7 57 66
7 57 67
7 57 78
7 72 51
7 72 53
7 72 61
7 72 71
7 72 72
7 72 73
7 72 74
7 72 82
7 72 90
7 72 92
7 72 93
7 86 76
7 86 77
7 86 84
7 86 86
7 86 87
7 86 94
7 86 98
7 86 99
8 3 1
8 3 2
8 3 5
8 3 23
8 3 33
8 8 6
8 8 8
8 8 19
8 8 29
8 20 22
8 20 30
8 20 32
8 36 26
8 36 27
8 36 34
8 36 35
8 36 36
8 36 37
8 36 43
8 57 48
8 57 58
8 57 65
8 57 69
8 57 78
8 72 51
8 72 62
8 72 63
8 72 70
8 72 73
8 72 74
8 72 81
8 72 82
8 72 83
8 72 92
8 86 75
8 86 84
8 86 85
8 86 87
8 86 89
8 86 94
8 86 95
8 86 97
9 3 1
9 3 5
9 3 15
9 8 6
9 8 7
9 8 9
9 8 17
9 8 18
9 20 0
9 20 10
9 20 22
9 20 32
9 20 42
9 36 16
9 36 25
9 36 27
9 36 34
9 36 35
9 36 43
9 36 44
9 57 39
9 57 48
9 57 49
9 57 59
9 57 67
9 57 68
9 57 78
9 72 50
9 72 52
9 72 53
9 72 61
9 72 62
9 72 63
9 72 71
9 72 81
9 72 82
9 72 83
9 86 75
9 86 76
9 86 86
9 86 94
9 86 95
9 86 96
9 86 98
--- Done ---
