0 45 34
0 45 35
0 45 43
0 45 44
0 45 45
1 3 2
1 3 3
1 3 14
1 3 15
1 3 23
1 19 9
1 19 27
1 19 29
1 19 49
1 20 0
1 20 11
1 20 20
1 20 21
1 20 24
1 20 30
1 20 31
1 20 40
1 20 41
1 33 22
1 33 25
1 33 33
1 33 42
1 33 44
1 33 60
1 45 16
1 45 26
1 45 43
1 45 47
1 45 65
1 77 48
1 77 57
1 77 58
1 77 69
1 77 76
1 77 77
1 77 89
1 77 96
1 83 52
1 83 63
1 83 71
1 83 73
1 83 91
1 83 94
2 3 1
2 3 2
2 3 3
2 3 12
2 3 13
2 3 14
2 3 15
2 3 23
2 19 7
2 19 9
2 19 18
2 19 19
2 19 28
2 20 10
2 20 30
2 20 40
2 20 41
2 33 22
2 33 33
2 33 34
2 33 43
2 33 44
2 33 51
2 33 53
2 33 54
2 33 60
2 33 64
2 47 37
2 47 45
2 47 46
2 68 57
2 68 75
2 68 78
2 68 99
2 77 58
2 77 66
2 77 77
2 77 79
2 77 86
2 77 87
2 77 89
2 77 97
2 83 52
2 83 71
2 83 73
2 83 74
2 83 82
2 83 92
2 83 94
2 83 95
3 3 1
3 3 5
3 3 12
3 3 33
3 20 0
3 20 10
3 20 20
3 20 21
3 20 32
3 20 40
3 27 9
3 27 17
3 27 18
3 27 26
3 27 36
3 27 37
3 27 48
3 27 57
3 47 39
3 47 47
3 47 58
3 64 44
3 64 54
3 64 56
3 64 62
3 64 63
3 64 64
3 64 66
3 64 73
3 64 76
3 64 85
3 64 94
3 68 59
3 68 68
3 68 77
3 68 79
3 68 86
3 68 88
3 68 99
3 80 41
3 80 61
3 80 71
3 80 80
3 80 82
3 80 90
3 80 91
4 3 2
4 3 3
4 3 12
4 3 23
4 3 33
4 20 10
4 20 24
4 20 31
4 20 34
4 20 40
4 27 9
4 27 25
4 27 26
4 27 28
4 27 36
4 27 38
4 47 16
4 47 46
4 47 47
4 64 44
4 64 52
4 64 56
4 64 62
4 64 64
4 64 65
4 64 72
4 64 73
4 64 74
4 64 76
4 68 57
4 68 58
4 68 67
4 68 68
4 68 69
4 68 75
4 68 77
4 68 79
4 68 86
4 68 88
4 68 89
4 80 60
4 85 85
4 85 96
4 85 97
5 3 1
5 3 6
5 3 13
5 3 14
5 3 15
5 3 23
5 3 33
5 19 7
5 19 8
5 19 9
5 19 29
5 19 38
5 19 39
5 20 11
5 20 40
5 21 30
5 21 42
5 35 24
5 35 26
5 35 35
5 35 36
5 35 43
5 35 44
5 35 45
5 35 46
5 35 54
5 35 57
5 68 59
5 68 67
5 68 69
5 68 75
5 68 77
5 68 79
5 68 99
5 71 50
5 71 51
5 71 62
5 71 72
5 71 73
5 71 91
5 71 92
5 71 93
5 85 65
5 85 83
5 85 84
5 85 94
6 3 2
6 3 5
6 3 14
6 3 15
6 3 33
6 19 9
6 19 19
6 19 27
6 21 10
6 21 11
6 21 20
6 21 21
6 21 22
6 21 30
6 21 34
6 21 41
6 21 42
6 35 16
6 35 24
6 35 36
6 35 37
6 35 45
6 35 54
6 35 55
6 71 51
6 71 60
6 71 62
6 71 70
6 71 71
6 71 72
6 71 73
6 71 80
6 71 81
6 71 82
6 71 93
6 79 58
6 79 67
6 79 77
6 79 78
6 79 79
6 79 88
6 79 98
6 79 99
6 85 63
6 85 68
6 85 74
6 85 75
6 85 76
6 85 83
6 85 84
6 85 87
6 85 94
6 85 95
7 3 1
7 3 3
7 3 13
7 3 14
7 3 15
7 3 23
7 19 7
7 19 17
7 19 19
7 19 28
7 19 38
7 19 48
7 19 49
7 41 32
7 51 30
7 51 40
7 51 51
7 51 53
7 51 54
7 51 61
7 51 71
7 51 72
7 51 82
7 51 90
7 56 34
7 56 35
7 56 37
7 56 44
7 56 46
7 56 55
7 56 65
7 56 66
7 56 67
7 56 76
7 56 77
7 56 86
7 56 87
7 79 58
7 79 78
7 79 98
7 79 99
7 83 73
7 83 74
7 83 84
7 83 92
7 83 93
7 83 94
8 3 1
8 3 2
8 3 5
8 3 6
8 3 23
8 3 33
8 17 8
8 17 19
8 17 26
8 17 27
8 17 29
8 41 22
8 41 30
8 41 32
8 41 43
8 51 51
8 51 62
8 51 81
8 56 34
8 56 35
8 56 36
8 56 37
8 56 48
8 56 65
8 56 74
8 56 75
8 77 58
8 77 69
8 77 78
8 77 87
8 77 89
8 77 97
8 83 63
8 83 70
8 83 73
8 83 82
8 83 83
8 83 84
8 83 85
8 83 92
8 83 94
8 83 95
9 3 1
9 3 5
9 3 6
9 3 15
9 10 0
9 10 10
9 10 22
9 10 42
9 10 50
9 17 7
9 17 9
9 17 17
9 17 18
9 17 25
9 47 16
9 47 27
9 47 35
9 47 39
9 47 48
9 47 49
9 47 59
9 47 68
9 53 32
9 53 34
9 53 43
9 53 44
9 53 52
9 53 53
9 53 61
9 53 62
9 53 63
9 53 75
9 77 67
9 77 76
9 77 78
9 77 86
9 77 96
9 77 98
9 93 71
9 93 81
9 93 82
9 93 83
9 93 94
9 93 95
--- Done ---
