0 3 -1
0 35 34
0 35 35
0 35 43
0 35 44
0 35 45
1 3 1
1 3 4
1 3 6
1 19 17
1 19 18
1 19 19
1 20 0
1 20 10
1 20 11
1 20 21
1 20 30
1 20 31
1 20 40
1 35 16
1 35 34
1 35 35
1 35 46
1 52 44
1 52 52
1 52 60
1 52 62
1 52 70
1 79 68
1 79 87
1 79 89
1 79 98
1 85 65
1 85 84
1 85 94
1 91 90
2 3 1
2 3 2
2 3 5
2 3 6
2 3 12
2 3 15
2 19 19
2 19 28
2 19 29
2 19 38
2 20 11
2 20 20
2 20 30
2 20 32
2 20 34
2 20 41
2 35 24
2 35 26
2 35 35
2 35 43
2 35 45
2 35 46
2 35 47
2 35 54
2 35 56
2 52 22
2 52 31
2 52 44
2 52 53
2 79 59
2 79 68
2 79 69
2 79 88
2 85 63
2 85 65
2 85 66
2 85 73
2 85 85
2 85 92
2 85 95
2 85 96
2 91 71
2 91 80
2 91 81
2 91 82
2 91 84
2 91 91
2 91 93
3 3 1
3 3 2
3 3 3
3 3 4
3 3 6
3 3 12
3 3 13
3 19 7
3 19 8
3 19 9
3 19 17
3 19 18
3 19 19
3 19 27
3 19 29
3 19 38
3 19 39
3 19 48
3 19 49
3 20 0
3 20 10
3 20 20
3 20 21
3 20 24
3 20 30
3 20 31
3 20 40
3 20 41
3 35 16
3 35 26
3 35 34
3 35 35
3 35 36
3 35 45
3 35 57
3 35 64
3 52 22
3 52 32
3 52 42
3 52 44
3 52 50
3 52 51
3 52 54
3 52 60
3 52 62
3 52 70
3 52 72
3 79 58
3 79 59
3 79 68
3 79 69
3 79 76
3 79 79
3 79 87
3 79 88
3 79 98
3 79 99
3 85 63
3 85 65
3 85 73
3 85 74
3 85 75
3 85 83
3 85 84
3 85 85
3 85 96
3 85 97
3 91 71
3 91 80
3 91 81
3 91 82
3 91 90
3 91 91
4 3 2
4 3 4
4 3 5
4 3 6
4 3 13
4 3 14
4 3 15
4 3 23
4 19 7
4 19 8
4 19 9
4 19 17
4 19 18
4 19 19
4 19 29
4 19 38
4 19 39
4 19 48
4 19 49
4 20 0
4 20 10
4 20 11
4 20 21
4 20 24
4 20 30
4 20 34
4 20 40
4 20 41
4 35 16
4 35 25
4 35 26
4 35 35
4 35 36
4 35 37
4 35 44
4 35 45
4 35 46
4 35 47
4 35 56
4 35 57
4 35 64
4 52 32
4 52 43
4 52 50
4 52 51
4 52 52
4 52 53
4 52 54
4 52 60
4 52 61
4 52 62
4 52 70
4 52 72
4 79 58
4 79 59
4 79 67
4 79 68
4 79 69
4 79 76
4 79 77
4 79 78
4 79 79
4 79 88
4 79 89
4 79 98
4 79 99
4 85 66
4 85 74
4 85 75
4 85 83
4 85 85
4 85 92
4 85 94
4 85 95
4 85 96
4 91 71
4 91 81
4 91 82
4 91 84
4 91 90
4 91 91
4 91 93
5 3 1
5 3 3
5 3 6
5 3 12
5 3 13
5 3 23
5 3 33
5 19 7
5 19 8
5 19 9
5 19 18
5 19 27
5 19 28
5 19 39
5 19 48
5 19 49
5 20 0
5 20 10
5 20 11
5 20 20
5 20 21
5 20 24
5 20 30
5 20 32
5 20 34
5 20 40
5 20 41
5 35 16
5 35 25
5 35 26
5 35 35
5 35 36
5 35 37
5 35 45
5 35 46
5 35 47
5 35 55
5 35 57
5 52 42
5 52 43
5 52 44
5 52 51
5 52 52
5 52 53
5 52 54
5 52 60
5 52 61
5 52 62
5 79 58
5 79 59
5 79 67
5 79 68
5 79 69
5 79 76
5 79 77
5 79 78
5 79 79
5 79 87
5 79 88
5 79 89
5 79 98
5 79 99
5 85 63
5 85 65
5 85 66
5 85 74
5 85 75
5 85 84
5 85 85
5 85 86
5 85 94
5 85 95
5 85 96
5 85 97
5 91 71
5 91 72
5 91 80
5 91 82
5 91 90
5 91 91
5 91 93
6 3 2
6 3 4
6 3 6
6 3 13
6 3 14
6 19 7
6 19 8
6 19 9
6 19 19
6 19 28
6 19 29
6 19 38
6 19 49
6 20 0
6 20 10
6 20 11
6 20 20
6 20 21
6 20 24
6 20 34
6 20 40
6 35 16
6 35 26
6 35 36
6 35 37
6 35 45
6 35 46
6 35 55
6 35 56
6 35 57
6 35 66
6 52 31
6 52 32
6 52 42
6 52 50
6 52 52
6 52 60
6 52 61
6 52 62
6 52 63
6 52 70
6 52 72
6 79 58
6 79 59
6 79 68
6 79 69
6 79 76
6 79 77
6 79 78
6 79 89
6 79 98
6 79 99
6 85 65
6 85 73
6 85 74
6 85 75
6 85 87
6 85 94
6 85 95
6 85 96
6 91 71
6 91 80
6 91 81
6 91 84
6 91 90
6 91 91
6 91 92
6 91 93
7 3 1
7 3 3
7 3 4
7 3 5
7 3 6
7 3 14
7 3 23
7 19 7
7 19 8
7 19 18
7 19 19
7 19 27
7 19 29
7 19 39
7 19 49
7 20 0
7 20 10
7 20 11
7 20 24
7 20 30
7 20 31
7 20 32
7 20 34
7 20 40
7 20 41
7 35 16
7 35 26
7 35 35
7 35 37
7 35 44
7 35 46
7 35 47
7 35 55
7 35 56
7 35 57
7 35 66
7 52 22
7 52 42
7 52 50
7 52 51
7 52 52
7 52 53
7 52 54
7 52 60
7 52 61
7 52 72
7 52 81
7 79 58
7 79 59
7 79 67
7 79 68
7 79 69
7 79 76
7 79 89
7 79 98
7 79 99
7 85 63
7 85 73
7 85 75
7 85 83
7 85 85
7 85 86
7 85 87
7 85 92
7 85 94
7 85 96
7 85 97
7 91 71
7 91 82
7 91 84
7 91 90
7 91 91
7 91 93
8 3 2
8 3 3
8 3 4
8 3 6
8 3 12
8 3 13
8 3 15
8 3 23
8 3 33
8 19 7
8 19 8
8 19 17
8 19 19
8 19 27
8 19 29
8 19 39
8 19 49
8 20 10
8 20 11
8 20 20
8 20 32
8 20 40
8 35 25
8 35 26
8 35 43
8 35 45
8 35 46
8 35 47
8 35 55
8 35 57
8 35 64
8 35 66
8 52 22
8 52 41
8 52 42
8 52 50
8 52 51
8 52 52
8 52 61
8 52 62
8 52 70
8 52 81
8 79 58
8 79 69
8 79 76
8 79 77
8 79 78
8 79 87
8 79 99
8 85 65
8 85 68
8 85 73
8 85 74
8 85 75
8 85 85
8 85 92
8 85 94
8 85 96
8 91 71
8 91 91
9 3 3
9 3 4
9 3 5
9 3 6
9 3 23
9 19 7
9 19 9
9 19 19
9 19 38
9 20 10
9 20 20
9 20 30
9 20 31
9 20 32
9 20 34
9 35 25
9 35 43
9 35 56
9 35 57
9 52 41
9 52 50
9 52 51
9 52 52
9 52 54
9 52 70
9 52 81
9 79 58
9 79 59
9 79 68
9 79 77
9 79 78
9 79 88
9 79 89
9 79 99
9 85 66
9 85 73
9 85 74
9 85 85
9 85 86
9 91 80
9 91 82
9 91 90
9 91 92
10 3 14
10 3 23
10 19 17
10 19 29
10 19 49
10 20 0
10 20 20
10 20 32
10 35 66
10 52 22
10 52 51
10 52 61
10 52 62
10 79 88
10 85 68
10 85 74
10 85 76
10 85 85
10 85 86
10 85 97
10 91 71
10 91 80
10 91 90
10 91 91
11 3 -1
11 19 19
11 20 32
11 35 48
11 35 55
11 52 51
11 52 52
11 52 53
11 52 60
11 79 -1
11 85 75
11 85 85
11 91 72
--- Done ---
