0 1 43
0 3 34
0 3 35
0 3 44
0 3 45
1 1 0
1 1 1
1 1 10
1 1 11
1 1 21
1 1 30
1 1 31
1 1 46
1 1 52
1 1 60
1 1 62
1 1 65
1 1 68
1 1 70
1 1 84
1 1 87
1 1 89
1 1 90
1 1 94
1 1 98
1 3 4
1 3 6
1 3 16
1 3 17
1 3 18
1 3 19
1 3 34
1 3 35
1 3 40
1 3 44
2 1 1
2 1 2
2 1 11
2 1 12
2 1 20
2 1 22
2 1 30
2 1 31
2 1 35
2 1 38
2 1 41
2 1 43
2 1 45
2 1 46
2 3 5
2 3 6
2 3 15
2 3 19
2 3 24
2 3 26
2 3 28
2 3 29
2 3 32
2 3 34
2 3 44
2 3 47
2 3 54
3 1 0
3 1 1
3 1 2
3 1 10
3 1 12
3 1 20
3 1 21
3 1 22
3 1 30
3 1 31
3 1 35
3 1 36
3 1 38
3 1 41
3 3 3
3 3 4
3 3 6
3 3 7
3 3 8
3 3 9
3 3 13
3 3 16
3 3 17
3 3 18
3 3 19
3 3 24
3 3 26
3 3 27
3 3 29
3 3 32
3 3 34
3 3 39
3 3 40
3 3 42
3 3 44
3 3 48
4 1 0
4 1 2
4 1 10
4 1 11
4 1 21
4 1 30
4 1 34
4 1 35
4 3 4
4 3 5
4 3 6
4 3 7
4 3 8
4 3 9
4 3 13
4 3 14
4 3 15
4 3 16
4 3 17
4 3 18
4 3 19
4 3 23
4 3 24
4 3 25
4 3 26
4 3 29
4 3 32
4 3 36
4 3 37
4 3 38
4 3 39
4 3 40
5 1 0
5 1 1
5 1 10
5 1 11
5 1 12
5 1 20
5 1 21
5 1 30
5 1 34
5 1 35
5 3 3
5 3 6
5 3 7
5 3 8
5 3 9
5 3 13
5 3 16
5 3 18
5 3 23
5 3 24
5 3 25
5 3 26
5 3 27
5 3 28
5 3 32
5 3 33
5 3 36
5 3 37
6 1 0
6 1 2
6 1 10
6 1 11
6 1 20
6 1 21
6 1 31
6 1 36
6 1 38
6 1 42
6 1 45
6 1 46
6 1 49
6 1 50
6 1 52
6 3 4
6 3 6
6 3 7
6 3 8
6 3 9
6 3 13
6 3 14
6 3 16
6 3 19
6 3 24
6 3 26
6 3 28
6 3 29
6 3 32
6 3 34
6 3 37
6 3 40
6 3 55
6 3 58
7 1 0
7 1 1
7 1 10
7 1 11
7 1 22
7 1 30
7 1 31
7 1 41
7 1 46
7 1 47
7 1 49
7 1 50
7 1 51
7 1 52
7 1 55
7 1 56
7 1 57
7 1 59
7 1 60
7 1 67
7 3 3
7 3 4
7 3 5
7 3 6
7 3 7
7 3 8
7 3 14
7 3 16
7 3 18
7 3 19
7 3 23
7 3 24
7 3 26
7 3 27
7 3 29
7 3 32
7 3 34
7 3 35
7 3 37
7 3 39
7 3 40
7 3 42
7 3 44
7 3 53
7 3 54
7 3 58
8 1 2
8 1 10
8 1 11
8 1 12
8 1 20
8 1 22
8 1 41
8 1 43
8 1 45
8 1 46
8 1 49
8 1 50
8 1 51
8 1 52
8 1 62
8 1 64
8 1 65
8 1 68
8 1 69
8 1 70
8 1 71
8 1 74
8 1 75
8 1 76
8 1 77
8 1 78
8 1 81
8 3 3
8 3 4
8 3 6
8 3 7
8 3 8
8 3 13
8 3 15
8 3 17
8 3 19
8 3 23
8 3 25
8 3 26
8 3 27
8 3 29
8 3 32
8 3 33
8 3 39
8 3 40
8 3 42
8 3 47
8 3 55
8 3 57
8 3 58
8 3 61
8 3 66
8 3 73
9 1 10
9 1 20
9 1 30
9 1 31
9 1 38
9 1 41
9 1 43
9 1 50
9 1 51
9 1 52
9 1 68
9 1 70
9 1 74
9 1 80
9 1 88
9 3 3
9 3 4
9 3 5
9 3 6
9 3 7
9 3 9
9 3 19
9 3 23
9 3 25
9 3 32
9 3 34
9 3 54
9 3 56
9 3 57
9 3 58
9 3 59
9 3 66
9 3 73
9 3 77
9 3 78
9 3 81
9 3 82
9 3 85
9 3 86
9 3 89
9 3 90
9 3 92
9 3 99
10 1 0
10 1 20
10 1 22
10 1 49
10 1 51
10 1 62
10 1 68
10 1 71
10 1 74
10 1 76
10 1 80
10 1 88
10 1 97
10 3 14
10 3 17
10 3 23
10 3 29
10 3 32
10 3 61
10 3 66
10 3 85
10 3 86
10 3 90
10 3 91
11 1 51
11 1 52
11 1 60
11 3 19
11 3 32
11 3 48
11 3 53
11 3 55
11 3 72
11 3 75
11 3 85
--- Done ---
