0 3 34
0 3 35
0 54 43
0 54 44
0 54 45
1 3 0
1 3 2
1 3 3
1 3 11
1 3 14
1 3 15
1 3 21
1 3 22
1 3 23
1 3 24
1 3 25
1 3 26
1 3 31
1 3 33
1 28 9
1 28 16
1 28 27
1 28 29
1 28 47
1 28 48
1 28 49
1 28 57
1 28 58
1 28 69
1 51 20
1 51 30
1 51 40
1 51 41
1 51 42
1 51 44
1 51 52
1 51 60
1 51 63
1 51 71
1 51 73
1 54 43
1 54 65
1 54 76
1 54 94
1 87 77
1 87 89
1 87 91
1 87 96
2 3 1
2 3 2
2 3 3
2 3 10
2 3 12
2 3 13
2 3 14
2 3 15
2 3 22
2 3 23
2 3 33
2 3 34
2 28 7
2 28 9
2 28 18
2 28 19
2 28 28
2 28 37
2 28 45
2 28 57
2 28 58
2 51 30
2 51 40
2 51 41
2 51 43
2 51 44
2 51 51
2 51 52
2 51 53
2 51 60
2 51 71
2 51 73
2 51 82
2 54 46
2 54 54
2 54 64
2 54 66
2 54 86
2 54 92
2 54 94
2 87 74
2 87 75
2 87 77
2 87 78
2 87 79
2 87 87
2 87 89
2 87 95
2 87 97
2 87 99
3 3 0
3 3 1
3 3 5
3 3 10
3 3 12
3 3 21
3 3 26
3 3 32
3 3 33
3 28 9
3 28 17
3 28 18
3 28 36
3 28 37
3 28 39
3 28 47
3 28 48
3 28 57
3 28 58
3 28 59
3 51 20
3 51 40
3 51 41
3 51 44
3 51 61
3 51 62
3 51 63
3 51 71
3 51 73
3 51 80
3 51 82
3 51 90
3 54 54
3 54 56
3 54 64
3 54 76
3 54 94
3 87 66
3 87 68
3 87 77
3 87 79
3 87 85
3 87 86
3 87 88
3 87 91
3 87 99
4 3 2
4 3 3
4 3 10
4 3 12
4 3 23
4 3 24
4 3 25
4 3 26
4 3 31
4 3 33
4 3 34
4 28 9
4 28 16
4 28 28
4 28 36
4 28 38
4 28 47
4 28 57
4 28 58
4 28 69
4 51 40
4 51 44
4 51 52
4 51 60
4 51 62
4 51 72
4 51 73
4 54 46
4 54 56
4 54 64
4 54 65
4 54 67
4 54 76
4 87 68
4 87 74
4 87 75
4 87 77
4 87 79
4 87 85
4 87 86
4 87 88
4 87 89
4 87 96
4 87 97
5 3 1
5 3 6
5 3 11
5 3 13
5 3 14
5 3 15
5 3 23
5 3 24
5 3 26
5 3 33
5 3 35
5 28 7
5 28 8
5 28 9
5 28 29
5 28 36
5 28 38
5 28 39
5 28 57
5 28 59
5 28 69
5 51 30
5 51 40
5 51 42
5 51 43
5 51 44
5 51 50
5 51 51
5 51 62
5 51 72
5 54 46
5 54 54
5 54 65
5 54 73
5 54 75
5 54 83
5 54 92
5 54 93
5 54 94
5 87 45
5 87 67
5 87 77
5 87 79
5 87 84
5 87 91
5 87 99
6 3 2
6 3 5
6 3 10
6 3 11
6 3 14
6 3 15
6 3 21
6 3 22
6 3 24
6 3 33
6 3 34
6 28 9
6 28 16
6 28 19
6 28 27
6 28 36
6 28 37
6 28 45
6 28 58
6 51 20
6 51 30
6 51 41
6 51 42
6 51 51
6 51 60
6 51 62
6 51 63
6 51 70
6 51 71
6 51 72
6 51 73
6 51 80
6 51 81
6 51 82
6 54 54
6 54 55
6 54 67
6 54 83
6 54 93
6 54 94
6 87 68
6 87 74
6 87 75
6 87 76
6 87 77
6 87 78
6 87 79
6 87 84
6 87 87
6 87 88
6 87 95
6 87 98
6 87 99
7 3 1
7 3 3
7 3 13
7 3 14
7 3 15
7 3 23
7 3 32
7 3 34
7 3 35
7 28 7
7 28 17
7 28 19
7 28 28
7 28 37
7 28 38
7 28 48
7 28 49
7 28 58
7 51 30
7 51 40
7 51 44
7 51 51
7 51 53
7 51 61
7 51 71
7 51 72
7 51 73
7 51 82
7 51 90
7 54 46
7 54 54
7 54 55
7 54 65
7 54 66
7 54 74
7 54 76
7 54 92
7 54 93
7 54 94
7 87 67
7 87 77
7 87 78
7 87 84
7 87 86
7 87 87
7 87 98
7 87 99
8 3 1
8 3 2
8 3 5
8 3 6
8 3 22
8 3 23
8 3 26
8 3 32
8 3 33
8 3 34
8 3 35
8 28 8
8 28 19
8 28 27
8 28 29
8 28 36
8 28 37
8 28 48
8 28 58
8 28 69
8 51 30
8 51 43
8 51 51
8 51 62
8 51 70
8 51 73
8 51 81
8 51 82
8 54 63
8 54 65
8 54 74
8 54 75
8 54 83
8 54 92
8 54 94
8 87 78
8 87 84
8 87 85
8 87 87
8 87 89
8 87 95
8 87 97
9 3 0
9 3 1
9 3 5
9 3 6
9 3 10
9 3 15
9 3 22
9 3 25
9 3 32
9 3 34
9 3 35
9 28 7
9 28 9
9 28 16
9 28 17
9 28 18
9 28 27
9 28 39
9 28 48
9 28 49
9 28 59
9 51 42
9 51 43
9 51 44
9 51 50
9 51 52
9 51 61
9 51 62
9 51 63
9 51 71
9 51 81
9 51 82
9 54 53
9 54 83
9 54 86
9 54 94
9 87 67
9 87 68
9 87 75
9 87 76
9 87 78
9 87 95
9 87 96
9 87 98
--- Done ---
