0 1 12
0 1 13
0 1 14
0 1 22
0 1 23
0 1 24
0 1 33
1 1 1
1 1 2
1 1 4
1 1 6
1 1 7
1 1 24
1 1 41
1 1 42
1 1 51
1 1 54
1 1 57
1 1 59
1 1 61
1 1 63
1 1 64
1 1 70
1 1 74
1 1 75
1 35 5
1 35 10
1 35 12
1 35 14
1 35 15
1 35 17
1 35 19
1 35 26
1 35 30
1 35 34
1 35 35
1 35 36
1 35 37
1 35 44
1 35 47
1 35 49
1 35 52
1 35 55
1 35 58
1 35 60
1 35 67
1 35 76
1 35 83
1 35 86
1 35 89
1 35 92
1 35 94
1 35 95
2 1 2
2 1 5
2 1 7
2 1 12
2 1 14
2 1 15
2 1 32
2 1 41
2 1 44
2 1 48
2 1 53
2 1 57
2 1 66
2 1 72
2 1 76
2 1 97
2 35 6
2 35 9
2 35 16
2 35 26
2 35 31
2 35 34
2 35 35
2 35 36
2 35 38
2 35 43
2 35 46
2 35 49
2 35 50
2 35 55
2 35 58
2 35 61
2 35 65
2 35 67
2 35 68
2 35 75
2 35 78
2 35 80
2 35 83
2 35 87
2 35 88
2 35 89
2 35 90
2 35 98
3 1 1
3 1 2
3 1 5
3 1 18
3 1 21
3 1 25
3 1 33
3 1 36
3 1 45
3 1 46
3 1 50
3 1 53
3 1 56
3 1 59
3 1 64
3 1 70
3 1 77
3 1 91
3 35 7
3 35 8
3 35 10
3 35 12
3 35 15
3 35 23
3 35 24
3 35 26
3 35 29
3 35 32
3 35 37
3 35 41
3 35 43
3 35 47
3 35 49
3 35 54
3 35 61
3 35 72
3 35 73
3 35 78
3 35 81
3 35 82
3 35 83
3 35 86
3 35 87
3 35 89
3 35 96
4 1 0
4 1 1
4 1 2
4 1 25
4 1 42
4 1 50
4 1 57
4 1 59
4 1 63
4 1 64
4 1 66
4 1 68
4 1 70
4 1 72
4 1 74
4 1 77
4 35 4
4 35 8
4 35 16
4 35 26
4 35 31
4 35 32
4 35 36
4 35 39
4 35 40
4 35 43
4 35 44
4 35 45
4 35 46
4 35 51
4 35 52
4 35 54
4 35 55
4 35 58
4 35 61
4 35 67
4 35 73
4 35 80
4 35 83
4 35 84
4 35 86
4 35 87
4 35 88
4 35 92
4 35 94
4 35 98
4 35 99
5 1 1
5 1 6
5 1 7
5 1 13
5 1 18
5 1 20
5 1 29
5 1 31
5 1 41
5 1 42
5 1 44
5 1 48
5 1 63
5 1 68
5 1 91
5 35 15
5 35 24
5 35 25
5 35 30
5 35 33
5 35 34
5 35 35
5 35 36
5 35 40
5 35 46
5 35 47
5 35 49
5 35 51
5 35 54
5 35 57
5 35 65
5 35 67
5 35 72
5 35 76
5 35 77
5 35 79
5 35 80
5 35 81
5 35 82
5 35 87
5 35 89
5 35 94
5 35 95
5 35 97
6 1 0
6 1 13
6 1 17
6 1 20
6 1 31
6 1 34
6 1 41
6 1 43
6 1 44
6 1 48
6 1 53
6 1 54
6 1 63
6 1 64
6 1 70
6 1 74
6 1 76
6 1 97
6 1 98
6 35 6
6 35 8
6 35 18
6 35 19
6 35 21
6 35 22
6 35 24
6 35 26
6 35 28
6 35 35
6 35 37
6 35 45
6 35 46
6 35 62
6 35 69
6 35 72
6 35 73
6 35 78
6 35 81
6 35 82
6 35 83
6 35 85
6 35 87
6 35 93
6 35 94
6 35 99
7 1 2
7 1 3
7 1 11
7 1 14
7 1 22
7 1 24
7 1 25
7 1 27
7 1 29
7 1 33
7 1 45
7 1 50
7 1 53
7 1 56
7 1 60
7 1 63
7 1 68
7 1 74
7 1 75
7 1 77
7 1 98
7 35 18
7 35 26
7 35 28
7 35 30
7 35 34
7 35 35
7 35 36
7 35 42
7 35 43
7 35 47
7 35 55
7 35 58
7 35 66
7 35 67
7 35 69
7 35 70
7 35 72
7 35 73
7 35 78
7 35 79
7 35 81
7 35 83
7 35 85
7 35 88
7 35 89
7 35 94
7 35 95
7 35 97
7 35 99
8 1 0
8 1 1
8 1 3
8 1 5
8 1 18
8 1 22
8 1 31
8 1 37
8 1 43
8 1 44
8 1 53
8 1 62
8 1 66
8 1 72
8 1 91
8 1 97
8 35 9
8 35 19
8 35 27
8 35 30
8 35 35
8 35 36
8 35 38
8 35 41
8 35 42
8 35 45
8 35 47
8 35 49
8 35 55
8 35 64
8 35 65
8 35 81
8 35 82
8 35 85
8 35 86
8 35 87
8 35 88
8 35 93
8 35 95
8 35 96
8 35 99
9 1 2
9 1 3
9 1 5
9 1 12
9 1 13
9 1 14
9 1 15
9 1 22
9 1 24
9 1 30
9 1 36
9 1 37
9 1 48
9 1 50
9 1 52
9 1 53
9 1 62
9 1 64
9 1 70
9 1 74
9 1 76
9 1 91
9 35 7
9 35 20
9 35 32
9 35 33
9 35 35
9 35 41
9 35 42
9 35 43
9 35 47
9 35 49
9 35 55
9 35 57
9 35 59
9 35 65
9 35 69
9 35 73
9 35 78
9 35 79
9 35 82
9 35 84
9 35 85
9 35 86
9 35 87
9 35 95
9 35 96
--- Done ---
