0 1 12
0 1 13
0 1 14
0 1 22
0 1 23
0 1 24
0 1 33
1 1 1
1 1 2
1 1 4
1 1 5
1 1 7
1 1 10
1 1 12
1 1 14
1 1 24
1 1 35
1 1 37
1 1 44
1 1 51
1 1 52
1 1 76
1 46 15
1 46 17
1 46 30
1 46 34
1 46 41
1 46 42
1 46 47
1 46 54
1 46 55
1 46 59
1 46 63
1 46 64
1 46 70
1 46 74
1 75 6
1 75 19
1 75 26
1 75 36
1 75 49
1 75 57
1 75 58
1 75 60
1 75 61
1 75 67
1 75 75
1 75 83
1 75 86
1 75 89
1 75 92
1 75 94
1 75 95
2 1 2
2 1 5
2 1 7
2 1 12
2 1 15
2 1 32
2 1 41
2 1 43
2 1 48
2 1 50
2 1 55
2 1 66
2 46 9
2 46 16
2 46 34
2 46 35
2 46 44
2 46 46
2 46 53
2 46 76
2 75 6
2 75 14
2 75 26
2 75 31
2 75 36
2 75 38
2 75 49
2 75 57
2 75 58
2 75 61
2 75 65
2 75 67
2 75 68
2 75 72
2 75 75
2 75 78
2 75 80
2 75 83
2 75 87
2 75 88
2 75 89
2 75 90
2 75 97
2 75 98
3 1 1
3 1 2
3 1 5
3 1 7
3 1 10
3 1 12
3 1 21
3 1 24
3 1 33
3 1 41
3 1 43
3 1 50
3 1 53
3 1 61
3 1 64
3 46 8
3 46 15
3 46 23
3 46 25
3 46 29
3 46 32
3 46 37
3 46 45
3 46 46
3 46 49
3 46 54
3 46 56
3 46 70
3 46 72
3 46 81
3 46 86
3 46 87
3 46 89
3 75 18
3 75 26
3 75 36
3 75 47
3 75 59
3 75 73
3 75 77
3 75 78
3 75 82
3 75 83
3 75 91
3 75 96
4 1 0
4 1 1
4 1 2
4 1 4
4 1 25
4 1 31
4 1 32
4 1 40
4 1 42
4 1 44
4 1 50
4 1 55
4 1 61
4 1 64
4 46 8
4 46 26
4 46 36
4 46 39
4 46 43
4 46 45
4 46 46
4 46 51
4 46 52
4 46 54
4 46 57
4 46 58
4 46 59
4 46 63
4 46 66
4 46 67
4 46 68
4 46 70
4 46 72
4 46 74
4 46 77
4 46 80
4 46 84
4 46 86
4 46 87
4 46 88
4 46 94
4 75 16
4 75 73
4 75 83
4 75 92
4 75 98
4 75 99
5 1 1
5 1 7
5 1 13
5 1 31
5 1 40
5 1 44
5 1 48
5 1 51
5 1 76
5 46 6
5 46 15
5 46 18
5 46 20
5 46 25
5 46 29
5 46 30
5 46 33
5 46 34
5 46 35
5 46 41
5 46 42
5 46 46
5 46 49
5 46 54
5 46 57
5 46 63
5 46 65
5 46 67
5 46 68
5 46 77
5 46 79
5 46 80
5 46 81
5 46 87
5 46 94
5 46 95
5 46 97
5 75 24
5 75 36
5 75 47
5 75 72
5 75 82
5 75 89
5 75 91
6 1 0
6 1 13
6 1 21
6 1 24
6 1 31
6 1 37
6 1 43
6 1 44
6 1 45
6 1 48
6 1 64
6 1 76
6 46 6
6 46 8
6 46 17
6 46 18
6 46 19
6 46 20
6 46 22
6 46 26
6 46 28
6 46 34
6 46 35
6 46 41
6 46 46
6 46 53
6 46 54
6 46 62
6 46 63
6 46 69
6 46 70
6 46 72
6 46 73
6 46 74
6 46 81
6 46 87
6 46 93
6 46 94
6 46 97
6 46 99
6 75 78
6 75 82
6 75 83
6 75 85
6 75 98
7 1 2
7 1 3
7 1 11
7 1 14
7 1 25
7 1 30
7 1 33
7 1 34
7 1 42
7 1 43
7 1 50
7 1 53
7 1 60
7 46 18
7 46 22
7 46 24
7 46 27
7 46 28
7 46 35
7 46 36
7 46 45
7 46 55
7 46 56
7 46 66
7 46 70
7 46 72
7 46 73
7 46 74
7 46 77
7 46 81
7 46 89
7 75 26
7 75 29
7 75 47
7 75 58
7 75 63
7 75 67
7 75 68
7 75 69
7 75 75
7 75 78
7 75 79
7 75 83
7 75 85
7 75 88
7 75 94
7 75 95
7 75 97
7 75 98
7 75 99
8 1 0
8 1 1
8 1 3
8 1 5
8 1 30
8 1 31
8 1 41
8 1 43
8 1 45
8 1 53
8 46 9
8 46 18
8 46 19
8 46 22
8 46 27
8 46 35
8 46 36
8 46 37
8 46 38
8 46 42
8 46 44
8 46 47
8 46 49
8 46 55
8 46 62
8 46 64
8 46 65
8 46 72
8 46 81
8 46 86
8 46 87
8 46 88
8 46 93
8 46 95
8 46 96
8 46 99
8 75 66
8 75 82
8 75 85
8 75 91
8 75 97
9 1 2
9 1 3
9 1 5
9 1 7
9 1 12
9 1 14
9 1 15
9 1 20
9 1 30
9 1 32
9 1 35
9 1 37
9 1 48
9 1 50
9 1 53
9 1 55
9 1 64
9 1 76
9 46 13
9 46 22
9 46 24
9 46 33
9 46 41
9 46 42
9 46 52
9 46 95
9 75 36
9 75 43
9 75 47
9 75 49
9 75 57
9 75 59
9 75 62
9 75 65
9 75 69
9 75 70
9 75 73
9 75 74
9 75 78
9 75 79
9 75 82
9 75 84
9 75 85
9 75 86
9 75 87
9 75 91
9 75 96
--- Done ---
