0 1 12
0 1 13
0 1 22
0 15 14
0 15 23
0 15 24
0 15 33
1 1 1
1 1 2
1 1 4
1 1 10
1 1 12
1 1 14
1 1 24
1 1 30
1 1 41
1 1 42
1 1 44
1 1 61
1 1 76
1 15 5
1 15 6
1 15 7
1 15 15
1 15 17
1 15 34
1 15 35
1 15 36
1 15 37
1 15 49
1 15 52
1 15 55
1 15 64
1 63 47
1 63 51
1 63 54
1 63 60
1 63 63
1 63 70
1 63 74
1 63 83
1 63 92
1 63 94
1 63 95
1 68 19
1 68 26
1 68 57
1 68 58
1 68 59
1 68 67
1 68 75
1 68 86
1 68 89
2 1 2
2 1 12
2 1 14
2 1 16
2 1 32
2 1 43
2 1 53
2 1 61
2 15 5
2 15 6
2 15 7
2 15 9
2 15 15
2 15 26
2 15 34
2 15 35
2 15 38
2 15 46
2 15 49
2 15 55
2 15 65
2 15 66
2 63 31
2 63 36
2 63 41
2 63 44
2 63 50
2 63 72
2 63 75
2 63 76
2 63 80
2 63 83
2 63 90
2 63 97
2 68 48
2 68 57
2 68 58
2 68 67
2 68 68
2 68 78
2 68 87
2 68 88
2 68 89
2 68 98
3 1 1
3 1 2
3 1 10
3 1 12
3 1 21
3 1 23
3 1 24
3 1 25
3 1 32
3 1 41
3 1 43
3 1 53
3 1 61
3 15 5
3 15 7
3 15 8
3 15 15
3 15 26
3 15 33
3 15 36
3 15 37
3 15 45
3 15 46
3 15 47
3 63 49
3 63 50
3 63 54
3 63 64
3 63 70
3 63 72
3 63 73
3 63 77
3 63 81
3 63 82
3 63 83
3 63 91
3 68 18
3 68 29
3 68 56
3 68 59
3 68 78
3 68 86
3 68 87
3 68 89
3 68 96
4 1 0
4 1 1
4 1 2
4 1 4
4 1 16
4 1 25
4 1 32
4 1 40
4 1 43
4 1 44
4 15 8
4 15 26
4 15 36
4 15 42
4 15 45
4 15 52
4 15 54
4 15 66
4 63 31
4 63 46
4 63 50
4 63 51
4 63 55
4 63 61
4 63 63
4 63 64
4 63 70
4 63 72
4 63 73
4 63 74
4 63 80
4 63 83
4 63 84
4 63 86
4 63 92
4 68 39
4 68 57
4 68 58
4 68 59
4 68 67
4 68 68
4 68 77
4 68 87
4 68 88
4 68 94
4 68 98
4 68 99
5 1 1
5 1 13
5 1 20
5 1 24
5 1 25
5 1 30
5 1 40
5 1 41
5 1 42
5 1 76
5 15 6
5 15 7
5 15 15
5 15 18
5 15 31
5 15 33
5 15 35
5 15 36
5 15 46
5 15 47
5 15 49
5 15 54
5 15 65
5 63 34
5 63 44
5 63 51
5 63 57
5 63 63
5 63 67
5 63 72
5 63 80
5 63 81
5 63 82
5 63 91
5 63 97
5 68 29
5 68 48
5 68 68
5 68 77
5 68 79
5 68 87
5 68 89
5 68 94
5 68 95
6 1 0
6 1 13
6 1 20
6 1 21
6 1 22
6 1 24
6 1 41
6 1 43
6 1 44
6 1 53
6 1 76
6 15 6
6 15 8
6 15 17
6 15 18
6 15 26
6 15 28
6 15 31
6 15 34
6 15 35
6 15 37
6 15 46
6 15 54
6 63 45
6 63 63
6 63 64
6 63 70
6 63 72
6 63 73
6 63 81
6 63 82
6 63 83
6 63 93
6 68 19
6 68 48
6 68 62
6 68 69
6 68 74
6 68 78
6 68 85
6 68 87
6 68 94
6 68 97
6 68 98
6 68 99
7 1 2
7 1 3
7 1 11
7 1 14
7 1 22
7 1 24
7 1 25
7 1 30
7 1 42
7 1 43
7 1 53
7 15 18
7 15 26
7 15 28
7 15 33
7 15 34
7 15 35
7 15 45
7 15 55
7 15 58
7 15 66
7 63 27
7 63 36
7 63 47
7 63 50
7 63 60
7 63 63
7 63 70
7 63 72
7 63 73
7 63 75
7 63 81
7 63 83
7 63 85
7 63 95
7 68 29
7 68 56
7 68 67
7 68 68
7 68 69
7 68 74
7 68 77
7 68 78
7 68 79
7 68 88
7 68 89
7 68 94
7 68 97
7 68 98
7 68 99
8 1 0
8 1 1
8 1 3
8 1 22
8 1 30
8 1 41
8 1 42
8 1 43
8 15 5
8 15 9
8 15 18
8 15 31
8 15 35
8 15 36
8 15 37
8 15 38
8 15 45
8 15 53
8 15 55
8 15 64
8 15 65
8 15 66
8 63 27
8 63 47
8 63 72
8 63 81
8 63 82
8 63 85
8 63 88
8 63 91
8 63 93
8 63 95
8 68 19
8 68 44
8 68 49
8 68 62
8 68 86
8 68 87
8 68 96
8 68 97
8 68 99
9 1 2
9 1 3
9 1 12
9 1 13
9 1 14
9 1 20
9 1 22
9 1 24
9 1 30
9 1 32
9 1 41
9 1 42
9 1 43
9 1 53
9 1 76
9 15 5
9 15 7
9 15 15
9 15 33
9 15 35
9 15 37
9 15 47
9 15 49
9 15 52
9 15 55
9 15 64
9 15 65
9 63 50
9 63 57
9 63 62
9 63 70
9 63 73
9 63 82
9 63 84
9 63 91
9 68 36
9 68 48
9 68 59
9 68 69
9 68 74
9 68 78
9 68 79
9 68 85
9 68 86
9 68 87
9 68 95
9 68 96
--- Done ---
