0 53 52
0 53 53
0 53 61
0 53 72
0 62 51
0 62 62
0 62 63
0 99 -1
1 53 3
1 53 14
1 53 29
1 53 44
1 53 49
1 53 65
1 53 66
1 53 75
1 53 90
1 62 21
1 62 30
1 62 40
1 62 51
1 62 52
1 62 61
1 62 62
1 62 63
1 62 72
1 62 81
1 62 82
1 62 84
1 62 91
1 99 39
1 99 57
1 99 76
1 99 79
1 99 85
1 99 89
1 99 95
2 53 0
2 53 3
2 53 5
2 53 11
2 53 13
2 53 17
2 53 22
2 53 25
2 53 26
2 53 28
2 53 29
2 53 43
2 53 44
2 53 49
2 53 53
2 53 54
2 53 56
2 53 59
2 53 63
2 53 66
2 53 72
2 53 77
2 53 80
2 53 81
2 53 90
2 53 94
2 62 1
2 62 4
2 62 10
2 62 20
2 62 27
2 62 31
2 62 37
2 62 51
2 62 52
2 62 55
2 62 60
2 62 61
2 62 62
2 62 71
2 99 9
2 99 19
2 99 38
2 99 48
2 99 68
2 99 76
2 99 93
2 99 95
2 99 98
2 99 99
3 53 3
3 53 5
3 53 6
3 53 8
3 53 13
3 53 16
3 53 17
3 53 18
3 53 23
3 53 43
3 53 45
3 53 46
3 53 47
3 53 49
3 53 53
3 53 54
3 53 56
3 53 59
3 53 62
3 53 63
3 53 64
3 53 65
3 53 66
3 53 73
3 62 10
3 62 12
3 62 15
3 62 21
3 62 27
3 62 31
3 62 40
3 62 51
3 62 52
3 62 61
3 62 72
3 99 9
3 99 19
3 99 38
3 99 39
3 99 48
3 99 58
3 99 69
3 99 70
3 99 71
3 99 74
3 99 75
3 99 76
3 99 78
3 99 79
3 99 84
3 99 85
3 99 86
3 99 87
3 99 92
3 99 94
3 99 97
3 99 98
4 53 0
4 53 2
4 53 3
4 53 7
4 53 11
4 53 13
4 53 14
4 53 18
4 53 22
4 53 23
4 53 25
4 53 26
4 53 29
4 53 32
4 53 33
4 53 34
4 53 35
4 53 36
4 53 42
4 53 43
4 53 44
4 53 46
4 53 47
4 53 49
4 53 53
4 62 1
4 62 4
4 62 10
4 62 12
4 62 15
4 62 20
4 62 21
4 62 27
4 62 30
4 62 31
4 62 37
4 62 40
4 62 52
4 62 54
4 62 56
4 62 60
4 62 62
4 62 64
4 99 9
4 99 38
4 99 48
4 99 57
4 99 58
4 99 59
4 99 61
4 99 63
5 53 2
5 53 3
5 53 5
5 53 6
5 53 7
5 53 8
5 53 13
5 53 14
5 53 17
5 53 18
5 53 22
5 53 23
5 53 24
5 53 25
5 53 28
5 53 29
5 53 32
5 53 34
5 62 4
5 62 10
5 62 12
5 62 15
5 62 20
5 62 30
5 62 33
5 62 35
5 62 37
5 62 40
5 62 41
5 62 42
5 62 43
5 62 45
5 62 46
5 62 50
5 62 51
5 62 53
5 62 62
5 99 9
5 99 19
5 99 36
5 99 38
5 99 39
5 99 47
5 99 48
5 99 54
5 99 56
5 99 57
5 99 58
5 99 59
5 99 60
5 99 63
5 99 64
5 99 65
5 99 66
5 99 67
5 99 68
5 99 70
5 99 71
5 99 74
6 53 0
6 53 2
6 53 3
6 53 6
6 53 8
6 53 11
6 53 13
6 53 14
6 53 16
6 53 17
6 53 18
6 53 22
6 53 23
6 53 24
6 53 25
6 53 26
6 53 28
6 53 29
6 53 32
6 53 33
6 62 1
6 62 4
6 62 10
6 62 12
6 62 15
6 62 21
6 62 27
6 62 31
6 62 34
6 62 35
6 62 37
6 62 41
6 62 43
6 62 44
6 62 45
6 62 46
6 62 51
6 62 52
6 62 54
6 99 9
6 99 19
6 99 36
6 99 38
6 99 39
6 99 47
6 99 48
6 99 53
6 99 56
6 99 57
6 99 58
6 99 59
6 99 60
6 99 61
6 99 62
6 99 63
6 99 64
6 99 65
6 99 67
6 99 68
6 99 70
7 53 0
7 53 2
7 53 3
7 53 6
7 53 7
7 53 8
7 53 13
7 53 14
7 53 17
7 53 18
7 53 23
7 53 24
7 53 33
7 53 34
7 53 35
7 53 36
7 53 42
7 53 43
7 53 44
7 53 46
7 53 47
7 53 49
7 53 50
7 53 54
7 53 59
7 53 64
7 53 65
7 62 1
7 62 4
7 62 12
7 62 15
7 62 21
7 62 30
7 62 31
7 62 37
7 62 40
7 62 41
7 62 51
7 62 60
7 62 61
7 62 63
7 62 70
7 62 72
7 62 74
7 62 80
7 62 81
7 62 83
7 62 84
7 99 19
7 99 38
7 99 39
7 99 48
7 99 57
7 99 66
7 99 67
7 99 68
7 99 75
7 99 77
7 99 78
7 99 79
7 99 85
7 99 86
7 99 87
7 99 89
7 99 90
7 99 91
7 99 92
7 99 93
7 99 97
8 53 0
8 53 2
8 53 3
8 53 5
8 53 6
8 53 7
8 53 11
8 53 13
8 53 14
8 53 22
8 53 23
8 53 28
8 53 34
8 53 35
8 53 36
8 53 45
8 53 46
8 53 47
8 53 49
8 53 50
8 53 54
8 53 56
8 53 64
8 53 65
8 53 66
8 53 77
8 53 83
8 62 1
8 62 4
8 62 12
8 62 15
8 62 27
8 62 30
8 62 55
8 62 60
8 62 61
8 62 62
8 62 70
8 62 72
8 62 80
8 62 84
8 62 94
8 99 9
8 99 19
8 99 38
8 99 58
8 99 76
8 99 78
8 99 79
8 99 85
8 99 86
8 99 87
8 99 88
8 99 89
8 99 93
8 99 95
8 99 97
8 99 99
9 53 0
9 53 3
9 53 5
9 53 6
9 53 8
9 53 14
9 53 17
9 53 18
9 53 23
9 53 24
9 53 34
9 53 45
9 53 46
9 53 50
9 53 53
9 53 59
9 53 65
9 53 66
9 53 77
9 53 83
9 53 94
9 62 4
9 62 10
9 62 12
9 62 41
9 62 51
9 62 61
9 62 71
9 62 80
9 62 81
9 62 82
9 62 84
9 62 91
9 99 39
9 99 58
9 99 68
9 99 86
9 99 87
9 99 93
9 99 96
9 99 97
9 99 98
9 99 99
10 53 3
10 53 16
10 53 18
10 53 34
10 53 43
10 53 59
10 53 64
10 53 65
10 62 4
10 62 31
10 62 40
10 62 52
10 62 60
10 62 72
10 62 73
10 99 69
10 99 76
10 99 86
10 99 93
10 99 96
10 99 98
11 53 36
11 62 -1
11 99 38
11 99 48
11 99 67
--- Done ---
