0 36 -1
0 62 51
0 62 52
0 62 53
0 62 61
0 62 62
0 62 63
0 62 72
0 99 -1
1 11 30
1 13 3
1 13 14
1 13 44
1 13 21
1 18 29
1 18 49
1 36 39
1 36 57
1 62 40
1 62 51
1 62 52
1 62 63
1 62 72
1 62 61
1 62 62
1 62 81
1 62 82
1 80 90
1 80 91
1 85 65
1 85 66
1 85 75
1 85 84
1 85 95
1 85 76
1 85 85
1 99 79
1 99 89
2 11 0
2 11 10
2 11 11
2 13 3
2 13 4
2 13 13
2 13 31
2 13 43
2 13 44
2 13 1
2 13 22
2 18 9
2 18 19
2 18 29
2 18 17
2 18 26
2 18 27
2 18 28
2 18 49
2 18 37
2 36 5
2 36 25
2 48 59
2 48 68
2 48 38
2 48 48
2 62 51
2 62 52
2 62 53
2 62 54
2 62 63
2 62 72
2 62 20
2 62 55
2 62 60
2 62 61
2 62 62
2 80 90
2 80 71
2 80 80
2 80 81
2 85 66
2 85 77
2 85 93
2 85 94
2 85 95
2 85 56
2 85 76
2 99 98
2 99 99
3 11 10
3 13 3
3 13 13
3 13 31
3 13 43
3 13 12
3 13 21
3 13 23
3 18 8
3 18 9
3 18 18
3 18 19
3 18 6
3 18 17
3 18 27
3 18 49
3 36 5
3 36 45
3 36 38
3 36 39
3 36 46
3 36 47
3 36 56
3 36 15
3 36 16
3 48 58
3 48 59
3 48 48
3 62 40
3 62 51
3 62 52
3 62 53
3 62 54
3 62 63
3 62 72
3 62 62
3 62 64
3 62 73
3 62 74
3 80 61
3 80 70
3 80 71
3 80 92
3 85 65
3 85 66
3 85 75
3 85 84
3 85 94
3 85 85
3 85 86
3 85 87
3 99 69
3 99 79
3 99 97
3 99 98
3 99 99
3 99 76
3 99 78
4 11 0
4 11 10
4 11 30
4 11 11
4 13 3
4 13 4
4 13 13
4 13 14
4 13 31
4 13 43
4 13 44
4 13 1
4 13 2
4 13 12
4 13 21
4 13 22
4 13 23
4 13 32
4 13 33
4 13 34
4 13 15
4 18 7
4 18 9
4 18 18
4 18 29
4 18 26
4 18 27
4 36 25
4 36 35
4 36 36
4 48 58
4 48 59
4 48 68
4 48 38
4 48 46
4 48 47
4 48 48
4 48 49
4 48 57
4 48 78
4 48 37
4 62 40
4 62 42
4 62 52
4 62 53
4 62 54
4 62 63
4 62 72
4 62 20
4 62 60
4 62 62
4 62 64
4 62 70
4 62 71
4 62 73
4 62 74
4 80 90
4 80 91
4 80 61
4 80 80
4 80 82
4 85 65
4 85 75
4 85 77
4 85 93
4 85 95
4 85 56
4 85 83
4 85 85
4 85 86
4 85 87
4 99 79
4 99 88
4 99 89
4 99 97
4 99 99
5 11 10
5 11 30
5 11 41
5 13 3
5 13 4
5 13 13
5 13 14
5 13 43
5 13 2
5 13 12
5 13 22
5 13 23
5 13 24
5 13 32
5 13 33
5 13 34
5 13 15
5 18 7
5 18 8
5 18 9
5 18 18
5 18 19
5 18 29
5 18 6
5 18 17
5 18 28
5 36 5
5 36 25
5 36 35
5 36 36
5 36 45
5 36 38
5 36 39
5 36 46
5 36 47
5 36 56
5 36 57
5 36 37
5 48 58
5 48 59
5 48 68
5 48 48
5 62 40
5 62 42
5 62 50
5 62 51
5 62 53
5 62 54
5 62 63
5 62 72
5 62 20
5 62 60
5 62 62
5 62 64
5 62 70
5 62 71
5 62 74
5 80 91
5 80 61
5 80 80
5 80 81
5 80 82
5 80 92
5 85 65
5 85 66
5 85 84
5 85 93
5 85 94
5 85 95
5 85 73
5 85 83
5 85 76
5 85 85
5 85 86
5 85 96
5 99 79
5 99 88
5 99 97
5 99 98
5 99 99
5 99 67
5 99 78
6 11 0
6 11 10
6 11 41
6 11 11
6 13 3
6 13 4
6 13 13
6 13 14
6 13 31
6 13 43
6 13 44
6 13 1
6 13 2
6 13 12
6 13 21
6 13 22
6 13 23
6 13 24
6 13 32
6 13 33
6 13 34
6 13 15
6 13 16
6 18 8
6 18 9
6 18 18
6 18 19
6 18 29
6 18 6
6 18 17
6 18 26
6 18 27
6 18 28
6 36 25
6 36 35
6 36 36
6 36 45
6 36 38
6 36 39
6 36 46
6 36 47
6 36 56
6 36 57
6 36 37
6 48 58
6 48 59
6 48 68
6 48 48
6 62 51
6 62 52
6 62 53
6 62 54
6 62 63
6 62 72
6 62 60
6 62 61
6 62 62
6 62 64
6 62 70
6 62 71
6 62 73
6 62 82
6 62 83
6 62 67
6 80 91
6 80 80
6 85 65
6 85 75
6 85 77
6 85 94
6 85 95
6 85 85
6 99 69
6 99 79
6 99 89
6 99 97
6 99 98
6 99 99
6 99 76
6 99 78
6 99 86
6 99 87
6 99 96
7 11 0
7 11 30
7 11 41
7 13 3
7 13 4
7 13 13
7 13 14
7 13 31
7 13 43
7 13 44
7 13 1
7 13 2
7 13 12
7 13 21
7 13 23
7 13 24
7 13 33
7 13 34
7 13 15
7 18 7
7 18 8
7 18 18
7 18 19
7 18 6
7 18 17
7 36 35
7 36 36
7 48 59
7 48 68
7 48 38
7 48 39
7 48 46
7 48 47
7 48 48
7 48 49
7 48 57
7 48 78
7 48 37
7 48 67
7 62 40
7 62 42
7 62 50
7 62 51
7 62 54
7 62 63
7 62 72
7 62 60
7 62 61
7 62 70
7 62 81
7 62 92
7 80 90
7 80 91
7 80 80
7 85 65
7 85 66
7 85 75
7 85 77
7 85 84
7 85 93
7 85 94
7 85 64
7 85 74
7 85 83
7 85 85
7 85 86
7 85 87
7 85 96
7 99 79
7 99 89
7 99 97
7 99 98
7 99 99
8 11 0
8 11 30
8 11 11
8 13 3
8 13 4
8 13 13
8 13 14
8 13 1
8 13 2
8 13 12
8 13 22
8 13 23
8 13 34
8 18 7
8 18 9
8 18 19
8 18 6
8 18 28
8 18 49
8 36 5
8 36 35
8 36 36
8 36 45
8 36 27
8 36 38
8 36 46
8 36 47
8 36 55
8 36 56
8 36 15
8 48 58
8 62 50
8 62 54
8 62 72
8 62 60
8 62 61
8 62 62
8 62 70
8 80 80
8 85 65
8 85 66
8 85 77
8 85 84
8 85 93
8 85 94
8 85 95
8 85 64
8 85 76
8 85 83
8 85 85
8 85 86
8 85 87
8 99 79
8 99 88
8 99 89
8 99 97
8 99 99
8 99 78
9 11 0
9 11 10
9 11 41
9 11 6
9 11 12
9 11 23
9 13 3
9 13 4
9 13 14
9 18 8
9 18 18
9 36 5
9 36 45
9 36 17
9 36 24
9 36 34
9 36 39
9 36 46
9 48 58
9 48 59
9 48 68
9 62 50
9 62 51
9 62 53
9 62 61
9 62 71
9 62 81
9 62 82
9 62 83
9 80 91
9 80 80
9 85 65
9 85 66
9 85 77
9 85 84
9 85 93
9 85 94
9 85 86
9 85 87
9 85 96
9 99 97
9 99 98
9 99 99
10 11 -1
10 13 3
10 13 4
10 13 31
10 13 43
10 13 34
10 13 16
10 18 18
10 36 -1
10 48 59
10 62 40
10 62 52
10 62 72
10 62 60
10 62 64
10 62 73
10 80 -1
10 85 65
10 85 93
10 99 69
10 99 98
10 99 76
10 99 86
10 99 96
11 11 -1
11 13 -1
11 18 -1
11 36 36
11 36 38
11 48 48
11 48 67
11 62 -1
11 80 -1
11 85 -1
11 99 -1
--- Done ---
