0 21 -1
0 64 52
0 64 53
0 64 62
0 64 63
0 64 72
0 64 51
0 64 61
1 21 3
1 21 21
1 21 30
1 21 40
1 21 14
1 27 29
1 27 39
1 27 49
1 27 79
1 27 63
1 64 52
1 64 84
1 64 44
1 64 57
1 64 62
1 64 65
1 64 66
1 64 72
1 64 76
1 64 81
1 64 82
1 64 85
1 64 95
1 64 51
1 64 61
1 64 75
1 71 90
1 71 91
1 77 89
2 21 0
2 21 10
2 21 1
2 21 3
2 21 11
2 21 20
2 21 22
2 21 43
2 21 51
2 23 4
2 23 5
2 23 60
2 27 9
2 27 17
2 27 19
2 27 26
2 27 28
2 27 29
2 27 37
2 27 49
2 27 27
2 27 38
2 27 59
2 27 25
2 27 44
2 27 48
2 27 13
2 27 63
2 27 55
2 27 56
2 64 52
2 64 54
2 64 62
2 64 72
2 64 81
2 64 94
2 64 31
2 64 53
2 64 61
2 64 66
2 64 76
2 64 95
2 71 80
2 71 90
2 71 71
2 71 93
2 77 77
2 87 99
2 87 68
2 87 98
3 21 10
3 21 3
3 21 12
3 21 21
3 21 40
3 21 61
3 21 13
3 21 43
3 21 51
3 23 5
3 23 23
3 27 8
3 27 9
3 27 17
3 27 19
3 27 39
3 27 49
3 27 6
3 27 15
3 27 16
3 27 18
3 27 27
3 27 38
3 27 46
3 27 47
3 27 58
3 27 59
3 27 45
3 27 48
3 27 79
3 64 52
3 64 54
3 64 62
3 64 65
3 64 70
3 64 72
3 64 73
3 64 74
3 64 84
3 64 94
3 64 31
3 64 53
3 64 66
3 64 76
3 64 85
3 64 86
3 64 63
3 64 75
3 64 56
3 64 64
3 71 92
3 71 71
3 77 69
3 87 99
3 87 78
3 87 87
3 87 97
3 87 98
4 21 0
4 21 10
4 21 30
4 21 1
4 21 2
4 21 3
4 21 11
4 21 12
4 21 20
4 21 21
4 21 22
4 21 40
4 21 43
4 23 4
4 23 23
4 27 7
4 27 9
4 27 26
4 27 29
4 27 37
4 27 49
4 27 15
4 27 18
4 27 27
4 27 35
4 27 36
4 27 38
4 27 46
4 27 47
4 27 58
4 27 59
4 27 14
4 27 25
4 27 48
4 27 79
4 27 13
4 27 63
4 27 56
4 64 52
4 64 34
4 64 54
4 64 62
4 64 65
4 64 70
4 64 72
4 64 73
4 64 74
4 64 82
4 64 31
4 64 32
4 64 33
4 64 44
4 64 53
4 64 57
4 64 85
4 64 86
4 71 80
4 71 90
4 71 91
4 71 60
4 71 71
4 71 93
4 71 61
4 71 42
4 71 75
4 71 83
4 71 64
4 77 77
4 87 99
4 87 68
4 87 78
4 87 87
4 87 89
4 87 97
4 87 88
4 87 95
5 21 10
5 21 30
5 23 4
5 23 5
5 23 2
5 23 3
5 23 6
5 23 12
5 23 15
5 23 20
5 23 22
5 23 23
5 23 24
5 23 34
5 23 35
5 23 36
5 23 40
5 23 60
5 23 41
5 27 7
5 27 8
5 27 9
5 27 17
5 27 19
5 27 28
5 27 29
5 27 37
5 27 39
5 27 18
5 27 38
5 27 46
5 27 47
5 27 58
5 27 59
5 27 14
5 27 25
5 27 48
5 27 13
5 27 45
5 27 56
5 27 63
5 64 54
5 64 65
5 64 84
5 64 32
5 64 33
5 64 43
5 64 57
5 64 61
5 71 50
5 71 80
5 71 91
5 71 92
5 71 62
5 71 70
5 71 71
5 71 72
5 71 73
5 71 74
5 71 81
5 71 82
5 71 93
5 71 94
5 71 53
5 71 42
5 71 51
5 71 64
5 71 83
5 77 -1
5 87 99
5 87 68
5 87 78
5 87 96
5 87 97
5 87 98
5 87 66
5 87 67
5 87 76
5 87 85
5 87 86
5 87 88
5 87 95
5 87 79
6 21 0
6 21 10
6 21 1
6 21 2
6 21 3
6 21 11
6 21 12
6 21 21
6 21 22
6 21 14
6 21 13
6 21 31
6 21 32
6 21 33
6 21 41
6 21 61
6 23 4
6 23 23
6 23 34
6 23 25
6 23 44
6 23 48
6 23 60
6 27 8
6 27 9
6 27 17
6 27 19
6 27 26
6 27 28
6 27 29
6 27 37
6 27 39
6 27 6
6 27 15
6 27 16
6 27 18
6 27 24
6 27 27
6 27 35
6 27 36
6 27 38
6 27 46
6 27 47
6 27 58
6 27 59
6 64 52
6 64 54
6 64 45
6 64 62
6 64 65
6 64 70
6 64 72
6 64 73
6 64 82
6 64 94
6 64 53
6 64 57
6 64 63
6 64 67
6 64 76
6 64 85
6 64 86
6 64 95
6 64 43
6 64 51
6 71 80
6 71 91
6 71 71
6 77 69
6 77 77
6 87 99
6 87 68
6 87 78
6 87 79
6 87 87
6 87 89
6 87 96
6 87 97
6 87 98
6 87 56
6 87 75
6 87 83
6 87 64
7 21 0
7 21 30
7 21 1
7 21 2
7 21 3
7 21 12
7 21 21
7 21 40
7 21 31
7 21 33
7 21 41
7 21 61
7 21 42
7 21 43
7 21 51
7 23 4
7 23 23
7 23 34
7 27 7
7 27 8
7 27 17
7 27 19
7 27 37
7 27 39
7 27 49
7 27 6
7 27 15
7 27 18
7 27 24
7 27 35
7 27 36
7 27 38
7 27 46
7 27 47
7 27 59
7 27 14
7 27 44
7 27 48
7 27 79
7 27 13
7 27 63
7 64 54
7 64 65
7 64 64
7 71 50
7 71 80
7 71 90
7 71 91
7 71 92
7 71 60
7 71 70
7 71 72
7 71 74
7 71 81
7 71 93
7 71 94
7 77 77
7 87 99
7 87 68
7 87 78
7 87 84
7 87 87
7 87 89
7 87 96
7 87 97
7 87 98
7 87 57
7 87 66
7 87 67
7 87 85
7 87 86
7 87 75
7 87 83
8 21 0
8 21 30
8 23 4
8 23 5
8 23 1
8 23 2
8 23 3
8 23 11
8 23 12
8 23 22
8 23 23
8 23 34
8 23 35
8 23 36
8 23 60
8 27 7
8 27 9
8 27 19
8 27 28
8 27 49
8 27 6
8 27 15
8 27 27
8 27 38
8 27 46
8 27 47
8 27 58
8 27 14
8 27 45
8 27 79
8 27 13
8 27 55
8 27 56
8 64 54
8 64 62
8 64 65
8 64 70
8 64 72
8 64 84
8 64 94
8 64 61
8 64 66
8 64 76
8 64 85
8 64 86
8 64 88
8 64 95
8 64 83
8 64 64
8 71 50
8 71 80
8 77 77
8 77 78
8 77 89
8 77 93
8 77 97
8 87 99
8 87 87
9 21 0
9 21 10
9 21 3
9 21 12
9 23 4
9 23 5
9 23 6
9 23 23
9 23 24
9 23 34
9 23 14
9 23 41
9 23 53
9 23 51
9 27 8
9 27 17
9 27 39
9 27 18
9 27 46
9 27 58
9 27 59
9 27 45
9 64 65
9 71 50
9 71 80
9 71 91
9 71 71
9 71 81
9 71 82
9 71 93
9 71 94
9 71 61
9 71 83
9 77 77
9 87 99
9 87 68
9 87 84
9 87 87
9 87 96
9 87 97
9 87 98
9 87 66
9 87 86
10 21 -1
10 23 4
10 23 3
10 23 16
10 23 34
10 23 40
10 23 60
10 23 31
10 27 -1
10 64 52
10 64 18
10 64 72
10 64 73
10 64 64
10 71 -1
10 77 69
10 77 59
10 77 65
10 77 93
10 77 96
10 77 98
10 77 76
10 77 86
10 77 43
10 87 -1
11 21 -1
11 23 36
11 23 48
11 27 38
11 64 67
11 71 -1
11 77 -1
11 87 -1
--- Done ---
