0 35 -1
0 61 51
0 61 61
0 61 62
0 61 63
0 61 52
0 61 53
0 61 72
0 99 -1
1 35 3
1 35 14
1 35 44
1 47 29
1 47 39
1 47 75
1 47 49
1 47 65
1 47 66
1 47 79
1 47 85
1 47 57
1 61 21
1 61 40
1 61 51
1 61 52
1 61 61
1 61 62
1 61 72
1 61 81
1 61 82
1 61 84
1 61 90
1 61 91
1 61 63
1 80 30
1 80 95
1 99 76
1 99 89
2 1 0
2 1 1
2 1 11
2 1 4
2 1 10
2 1 13
2 1 20
2 1 22
2 1 31
2 1 3
2 7 9
2 35 43
2 35 44
2 35 5
2 35 19
2 35 25
2 35 52
2 47 48
2 47 59
2 47 29
2 47 38
2 47 49
2 47 56
2 47 66
2 47 77
2 47 17
2 47 26
2 47 27
2 47 28
2 47 37
2 47 68
2 61 51
2 61 61
2 61 71
2 61 72
2 61 81
2 61 90
2 61 53
2 61 54
2 61 55
2 61 62
2 61 63
2 80 94
2 80 95
2 80 60
2 80 80
2 80 93
2 99 76
2 99 98
2 99 99
3 1 12
3 1 13
3 1 23
3 1 62
3 7 9
3 7 5
3 7 6
3 7 8
3 7 15
3 7 18
3 7 19
3 7 38
3 7 39
3 7 3
3 35 43
3 35 72
3 35 84
3 47 48
3 47 58
3 47 59
3 47 75
3 47 45
3 47 46
3 47 49
3 47 56
3 47 65
3 47 66
3 47 69
3 47 53
3 47 54
3 47 63
3 47 79
3 47 85
3 47 86
3 47 16
3 47 17
3 47 27
3 47 47
3 61 40
3 61 51
3 61 73
3 61 74
3 61 10
3 61 21
3 61 31
3 61 52
3 61 61
3 61 64
3 61 71
3 80 94
3 80 92
3 99 76
3 99 78
3 99 87
3 99 97
3 99 98
3 99 99
3 99 70
4 0 0
4 0 2
4 1 1
4 1 4
4 1 11
4 1 12
4 1 13
4 1 14
4 1 23
4 1 31
4 1 10
4 1 20
4 1 21
4 1 22
4 1 62
4 1 30
4 1 32
4 1 34
4 1 3
4 7 9
4 7 7
4 35 43
4 35 44
4 35 15
4 35 18
4 35 35
4 35 64
4 35 72
4 35 26
4 35 27
4 35 37
4 35 47
4 35 57
4 35 68
4 47 48
4 47 58
4 47 59
4 47 75
4 47 25
4 47 29
4 47 36
4 47 38
4 47 46
4 47 49
4 47 56
4 47 33
4 47 53
4 47 54
4 47 63
4 47 65
4 47 77
4 47 79
4 47 85
4 61 42
4 61 73
4 61 74
4 61 83
4 61 40
4 61 52
4 61 60
4 61 61
4 80 95
4 80 71
4 80 80
4 80 82
4 80 90
4 80 91
4 80 70
4 99 78
4 99 87
4 99 88
4 99 89
4 99 97
4 99 99
4 99 86
4 99 93
5 0 10
5 1 -1
5 7 9
5 7 7
5 7 8
5 7 18
5 7 19
5 7 29
5 7 38
5 7 39
5 7 4
5 7 5
5 7 6
5 7 15
5 7 37
5 7 47
5 7 34
5 7 3
5 23 43
5 23 40
5 23 2
5 23 12
5 23 20
5 23 22
5 23 23
5 35 72
5 35 84
5 35 41
5 35 64
5 35 13
5 35 14
5 35 35
5 35 53
5 35 56
5 35 57
5 35 68
5 35 32
5 47 58
5 47 59
5 47 45
5 47 46
5 47 48
5 47 65
5 47 66
5 47 67
5 47 79
5 47 54
5 47 63
5 47 85
5 47 86
5 47 17
5 47 24
5 47 25
5 47 28
5 47 33
5 47 36
5 61 73
5 61 74
5 61 83
5 61 42
5 61 50
5 61 51
5 61 61
5 61 81
5 80 94
5 80 95
5 80 71
5 80 80
5 80 82
5 80 91
5 80 92
5 80 60
5 80 62
5 80 70
5 80 93
5 80 30
5 99 76
5 99 78
5 99 88
5 99 96
5 99 97
5 99 98
5 99 99
6 0 0
6 1 1
6 7 9
6 7 8
6 7 18
6 7 19
6 7 29
6 7 38
6 7 39
6 7 4
6 7 6
6 7 15
6 7 17
6 7 26
6 7 27
6 7 28
6 7 37
6 7 16
6 7 34
6 7 3
6 23 43
6 23 44
6 23 2
6 23 11
6 23 12
6 23 13
6 23 14
6 23 23
6 23 24
6 23 25
6 23 36
6 23 56
6 23 53
6 35 35
6 47 58
6 47 59
6 47 75
6 47 45
6 47 46
6 47 48
6 47 65
6 47 47
6 61 73
6 61 83
6 61 51
6 61 52
6 61 61
6 61 71
6 61 72
6 61 82
6 61 91
6 61 10
6 61 31
6 61 41
6 61 54
6 61 60
6 61 62
6 61 63
6 61 64
6 61 21
6 61 22
6 61 33
6 61 32
6 80 94
6 80 95
6 80 80
6 99 76
6 99 78
6 99 87
6 99 89
6 99 96
6 99 97
6 99 98
6 99 99
6 99 67
6 99 69
6 99 77
6 99 79
6 99 85
6 99 86
6 99 57
6 99 68
6 99 70
7 0 0
7 1 1
7 1 2
7 1 12
7 1 13
7 1 14
7 1 30
7 7 7
7 7 8
7 7 18
7 7 19
7 7 38
7 7 39
7 7 4
7 7 6
7 7 15
7 7 17
7 7 37
7 7 34
7 7 3
7 23 43
7 23 44
7 23 23
7 35 35
7 47 59
7 47 75
7 47 46
7 47 48
7 47 49
7 47 65
7 47 66
7 47 24
7 47 36
7 47 47
7 61 74
7 61 83
7 61 42
7 61 50
7 61 51
7 61 61
7 61 72
7 61 81
7 61 84
7 61 90
7 61 91
7 61 92
7 61 31
7 61 40
7 61 41
7 61 54
7 61 60
7 61 63
7 61 64
7 61 70
7 61 21
7 61 33
7 80 94
7 80 80
7 99 78
7 99 87
7 99 89
7 99 96
7 99 97
7 99 98
7 99 99
7 99 67
7 99 77
7 99 79
7 99 85
7 99 86
7 99 93
7 99 57
7 99 68
8 0 0
8 0 2
8 0 11
8 0 12
8 1 1
8 1 13
8 1 14
8 7 9
8 7 7
8 7 19
8 7 38
8 7 4
8 7 5
8 7 6
8 7 15
8 7 34
8 7 3
8 23 23
8 35 35
8 47 58
8 47 45
8 47 46
8 47 49
8 47 65
8 47 66
8 47 77
8 47 79
8 47 85
8 47 86
8 47 27
8 47 28
8 47 36
8 47 47
8 47 54
8 47 56
8 47 55
8 61 83
8 61 61
8 61 72
8 61 84
8 61 64
8 61 22
8 80 94
8 80 95
8 80 50
8 80 80
8 80 30
8 80 60
8 80 62
8 99 76
8 99 78
8 99 87
8 99 88
8 99 89
8 99 97
8 99 99
8 99 93
8 99 70
9 0 0
9 0 12
9 1 -1
9 7 8
9 7 18
9 7 4
9 7 5
9 7 6
9 7 34
9 7 3
9 23 14
9 23 23
9 35 -1
9 47 58
9 47 59
9 47 39
9 47 45
9 47 46
9 47 65
9 47 66
9 47 77
9 47 86
9 47 17
9 47 24
9 47 68
9 61 83
9 61 50
9 61 51
9 61 61
9 61 71
9 61 81
9 61 82
9 61 84
9 61 91
9 61 10
9 61 41
9 61 53
9 80 94
9 80 80
9 99 87
9 99 96
9 99 97
9 99 98
9 99 99
9 99 93
10 0 -1
10 1 -1
10 7 18
10 23 43
10 23 4
10 23 34
10 23 3
10 35 -1
10 47 59
10 47 65
10 47 16
10 61 73
10 61 52
10 61 72
10 61 31
10 61 40
10 61 60
10 61 64
10 80 -1
10 99 76
10 99 96
10 99 98
10 99 69
10 99 86
10 99 93
11 0 -1
11 1 -1
11 7 -1
11 23 -1
11 35 -1
11 47 38
11 47 48
11 47 67
11 47 36
11 61 -1
11 80 -1
11 99 -1
--- Done ---
