0 20 63
0 20 51
0 20 52
0 20 53
0 20 61
0 20 62
0 20 72
0 21 -1
1 20 14
1 20 30
1 20 40
1 20 62
1 21 21
1 48 29
1 48 39
1 48 49
1 48 57
1 48 79
1 48 89
1 74 66
1 74 81
1 74 82
1 74 84
1 74 90
1 74 91
1 74 95
1 74 63
1 74 65
1 74 75
1 74 76
1 74 85
1 74 3
1 74 44
1 74 51
1 74 52
1 74 61
1 74 72
2 20 5
2 20 20
2 21 4
2 21 60
2 21 1
2 21 10
2 21 11
2 21 13
2 21 22
2 21 31
2 21 54
2 21 71
2 21 0
2 21 3
2 21 43
2 21 51
2 21 52
2 21 61
2 48 9
2 48 19
2 48 26
2 48 27
2 48 28
2 48 29
2 48 37
2 48 38
2 48 49
2 48 59
2 48 68
2 48 17
2 48 48
2 48 56
2 48 76
2 48 77
2 48 99
2 48 25
2 48 44
2 48 55
2 48 53
2 48 72
2 74 66
2 74 80
2 74 81
2 74 90
2 74 93
2 74 94
2 74 95
2 74 98
2 74 63
2 74 62
3 20 5
3 20 10
3 20 12
3 20 13
3 20 23
3 20 31
3 20 40
3 20 63
3 20 70
3 21 21
3 21 61
3 48 8
3 48 9
3 48 16
3 48 18
3 48 19
3 48 27
3 48 38
3 48 39
3 48 49
3 48 58
3 48 59
3 48 69
3 48 79
3 48 6
3 48 17
3 48 46
3 48 47
3 48 48
3 48 56
3 48 64
3 48 65
3 48 75
3 48 76
3 48 78
3 48 85
3 48 86
3 74 66
3 74 73
3 74 84
3 74 92
3 74 94
3 74 98
3 74 54
3 74 71
3 74 74
3 74 87
3 74 97
3 74 99
3 74 45
3 74 3
3 74 15
3 74 43
3 74 51
3 74 52
3 74 53
3 74 62
3 74 72
4 20 20
4 20 52
4 20 53
4 20 61
4 20 62
4 20 72
4 21 4
4 21 60
4 21 1
4 21 2
4 21 10
4 21 11
4 21 12
4 21 13
4 21 14
4 21 21
4 21 22
4 21 23
4 21 30
4 21 31
4 21 40
4 21 42
4 21 54
4 21 71
4 21 32
4 21 3
4 21 15
4 21 33
4 21 43
4 48 7
4 48 9
4 48 18
4 48 26
4 48 27
4 48 29
4 48 36
4 48 37
4 48 38
4 48 49
4 48 57
4 48 58
4 48 59
4 48 68
4 48 79
4 48 89
4 48 46
4 48 47
4 48 48
4 48 56
4 48 64
4 48 65
4 48 78
4 74 34
4 74 73
4 74 80
4 74 82
4 74 90
4 74 91
4 74 93
4 74 95
4 74 63
4 74 70
4 74 74
4 74 75
4 74 77
4 74 83
4 74 85
4 74 86
4 74 87
4 74 88
4 74 97
4 74 99
4 74 25
4 74 35
4 74 44
4 74 0
5 4 4
5 4 5
5 4 46
5 4 47
5 4 65
5 4 6
5 4 17
5 4 25
5 4 45
5 4 10
5 4 12
5 4 13
5 4 14
5 4 15
5 4 20
5 4 22
5 4 23
5 4 24
5 20 70
5 20 61
5 20 62
5 20 72
5 20 2
5 20 3
5 21 60
5 21 30
5 21 40
5 21 41
5 21 71
5 21 50
5 21 51
5 21 32
5 21 33
5 21 42
5 21 43
5 21 53
5 48 9
5 48 28
5 48 29
5 48 37
5 48 38
5 48 39
5 48 57
5 48 58
5 48 59
5 48 68
5 48 79
5 48 7
5 48 8
5 48 18
5 48 19
5 48 36
5 48 48
5 48 78
5 48 83
5 48 85
5 48 86
5 48 88
5 48 97
5 48 99
5 48 35
5 74 66
5 74 73
5 74 80
5 74 81
5 74 82
5 74 84
5 74 91
5 74 92
5 74 93
5 74 94
5 74 95
5 74 96
5 74 98
5 74 34
5 74 54
5 74 56
5 74 63
5 74 64
5 74 67
5 74 74
5 74 76
6 4 4
6 4 46
6 4 47
6 4 65
6 4 77
6 4 25
6 4 45
6 4 22
6 4 23
6 4 24
6 4 31
6 4 32
6 4 33
6 4 43
6 4 53
6 20 63
6 20 70
6 21 60
6 21 41
6 21 6
6 21 17
6 21 44
6 21 71
6 21 51
6 21 52
6 21 61
6 21 62
6 21 72
6 21 0
6 21 1
6 21 2
6 21 3
6 21 10
6 21 11
6 21 12
6 21 13
6 21 14
6 21 15
6 21 21
6 48 9
6 48 28
6 48 29
6 48 37
6 48 38
6 48 39
6 48 57
6 48 58
6 48 59
6 48 68
6 48 69
6 48 79
6 48 89
6 48 8
6 48 16
6 48 18
6 48 19
6 48 26
6 48 27
6 48 36
6 48 48
6 48 56
6 74 73
6 74 80
6 74 82
6 74 91
6 74 94
6 74 95
6 74 96
6 74 98
6 74 34
6 74 54
6 74 64
6 74 67
6 74 75
6 74 76
6 74 78
6 74 83
6 74 85
6 74 86
6 74 87
6 74 97
6 74 99
6 74 35
7 4 4
7 4 43
7 20 -1
7 21 60
7 21 30
7 21 40
7 21 41
7 21 6
7 21 17
7 21 50
7 21 51
7 21 61
7 21 72
7 21 0
7 21 1
7 21 2
7 21 3
7 21 12
7 21 13
7 21 14
7 21 15
7 21 21
7 21 23
7 21 24
7 21 31
7 21 33
7 21 42
7 48 37
7 48 38
7 48 39
7 48 49
7 48 57
7 48 59
7 48 68
7 48 79
7 48 89
7 48 7
7 48 8
7 48 18
7 48 19
7 48 36
7 48 48
7 48 64
7 48 67
7 48 75
7 48 78
7 48 83
7 74 66
7 74 80
7 74 81
7 74 84
7 74 90
7 74 91
7 74 92
7 74 93
7 74 94
7 74 96
7 74 98
7 74 34
7 74 54
7 74 63
7 74 70
7 74 74
7 74 85
7 74 86
7 74 87
7 74 97
7 74 99
7 74 35
7 74 44
7 74 46
7 74 47
7 74 65
7 74 77
8 4 4
8 4 5
8 4 1
8 4 2
8 4 11
8 4 12
8 4 13
8 4 14
8 4 22
8 4 23
8 20 -1
8 21 60
8 21 30
8 48 9
8 48 28
8 48 38
8 48 49
8 48 58
8 48 79
8 48 89
8 48 7
8 48 19
8 48 27
8 48 36
8 48 56
8 48 64
8 48 76
8 48 78
8 48 83
8 48 85
8 48 86
8 48 87
8 48 88
8 48 97
8 48 99
8 48 6
8 48 35
8 48 46
8 74 66
8 74 80
8 74 84
8 74 93
8 74 94
8 74 95
8 74 34
8 74 54
8 74 70
8 74 47
8 74 65
8 74 77
8 74 45
8 74 50
8 74 55
8 74 61
8 74 62
8 74 72
8 74 0
8 74 3
8 74 15
9 4 4
9 4 5
9 4 10
9 4 12
9 4 14
9 4 17
9 4 23
9 20 41
9 21 -1
9 48 39
9 48 58
9 48 59
9 48 68
9 48 8
9 48 18
9 48 6
9 74 66
9 74 80
9 74 81
9 74 82
9 74 84
9 74 91
9 74 93
9 74 94
9 74 96
9 74 98
9 74 34
9 74 71
9 74 83
9 74 86
9 74 87
9 74 97
9 74 99
9 74 46
9 74 50
9 74 51
9 74 61
9 74 65
9 74 77
9 74 0
9 74 3
9 74 45
9 74 24
9 74 53
10 4 4
10 20 -1
10 21 60
10 21 40
10 21 31
10 48 59
10 48 69
10 48 16
10 48 18
10 74 73
10 74 93
10 74 96
10 74 98
10 74 34
10 74 64
10 74 76
10 74 86
10 74 52
10 74 65
10 74 3
10 74 43
10 74 72
11 4 -1
11 20 -1
11 21 -1
11 48 38
11 48 36
11 48 48
11 48 67
11 74 -1
--- Done ---
