0 36 -1
0 52 51
0 52 52
0 52 62
0 52 63
0 52 53
0 52 61
0 52 72
0 99 -1
1 27 95
1 36 3
1 36 66
1 36 75
1 36 29
1 36 39
1 36 49
1 36 76
1 36 57
1 36 65
1 36 79
1 52 40
1 52 51
1 52 52
1 52 62
1 52 81
1 52 82
1 52 90
1 52 91
1 52 21
1 52 30
1 52 61
1 52 63
1 52 84
1 52 14
1 52 44
1 52 72
1 99 85
1 99 89
2 10 0
2 10 3
2 10 10
2 27 9
2 27 95
2 27 17
2 27 19
2 27 25
2 27 27
2 27 28
2 27 29
2 27 49
2 27 56
2 36 66
2 36 61
2 36 4
2 36 13
2 36 26
2 36 37
2 36 38
2 36 43
2 36 44
2 36 48
2 36 54
2 36 55
2 36 59
2 36 72
2 36 76
2 36 93
2 52 51
2 52 62
2 52 71
2 52 80
2 52 81
2 52 90
2 52 94
2 52 1
2 52 5
2 52 11
2 52 20
2 52 22
2 52 31
2 52 52
2 52 60
2 52 63
2 52 68
2 52 53
2 99 77
2 99 98
2 99 99
3 2 61
3 2 12
3 2 13
3 2 21
3 2 64
3 10 10
3 27 9
3 27 27
3 36 66
3 36 75
3 36 6
3 36 16
3 36 17
3 36 18
3 36 19
3 36 39
3 36 45
3 36 46
3 36 47
3 36 49
3 36 56
3 36 69
3 36 87
3 36 3
3 36 5
3 36 8
3 36 15
3 36 23
3 36 38
3 36 43
3 36 48
3 36 54
3 36 58
3 36 59
3 52 71
3 52 92
3 52 94
3 52 40
3 52 51
3 52 52
3 52 62
3 52 63
3 52 73
3 52 74
3 52 84
3 52 31
3 52 72
3 52 76
3 52 53
3 52 65
3 99 70
3 99 78
3 99 85
3 99 86
3 99 97
3 99 98
3 99 99
3 99 79
4 2 2
4 10 0
4 10 10
4 10 31
4 10 32
4 10 43
4 10 54
4 27 7
4 27 9
4 27 95
4 27 18
4 27 27
4 27 29
4 27 46
4 27 47
4 27 49
4 27 56
4 27 38
4 27 34
4 27 35
4 27 44
4 27 53
4 27 64
4 27 4
4 27 13
4 27 14
4 27 42
4 36 75
4 36 36
4 36 3
4 36 61
4 36 72
4 36 93
4 36 12
4 36 21
4 36 23
4 36 25
4 36 26
4 36 30
4 36 33
4 52 71
4 52 80
4 52 83
4 52 90
4 52 91
4 52 40
4 52 52
4 52 60
4 52 62
4 52 63
4 52 73
4 52 74
4 52 82
4 52 1
4 52 11
4 52 15
4 52 20
4 52 22
4 99 70
4 99 77
4 99 78
4 99 85
4 99 86
4 99 88
4 99 89
4 99 97
4 99 99
4 99 87
4 99 68
4 99 37
4 99 48
4 99 57
4 99 58
4 99 59
4 99 65
4 99 79
5 2 2
5 2 22
5 2 32
5 2 61
5 2 12
5 2 23
5 2 25
5 10 10
5 27 7
5 27 9
5 27 95
5 27 6
5 27 17
5 27 18
5 27 19
5 27 29
5 27 39
5 27 45
5 27 46
5 27 47
5 27 56
5 27 8
5 27 38
5 27 68
5 27 72
5 27 24
5 27 28
5 27 34
5 27 35
5 27 64
5 27 42
5 36 66
5 36 36
5 36 3
5 36 5
5 36 43
5 36 54
5 36 30
5 36 33
5 36 41
5 36 4
5 36 13
5 36 14
5 36 37
5 36 48
5 36 53
5 36 57
5 36 58
5 36 59
5 52 71
5 52 80
5 52 81
5 52 83
5 52 91
5 52 92
5 52 94
5 52 40
5 52 50
5 52 51
5 52 60
5 52 62
5 52 63
5 52 73
5 52 74
5 52 82
5 52 84
5 52 15
5 52 20
5 99 70
5 99 78
5 99 85
5 99 86
5 99 88
5 99 96
5 99 97
5 99 98
5 99 99
5 99 67
5 99 76
5 99 93
5 99 65
5 99 79
6 2 2
6 10 0
6 10 10
6 10 23
6 10 4
6 10 13
6 10 53
6 10 54
6 10 12
6 10 14
6 10 21
6 10 33
6 10 41
6 27 9
6 27 95
6 27 6
6 27 16
6 27 17
6 27 18
6 27 19
6 27 27
6 27 29
6 27 39
6 27 45
6 27 46
6 27 47
6 27 56
6 27 63
6 27 8
6 27 15
6 27 25
6 27 28
6 27 37
6 27 38
6 27 48
6 36 75
6 36 36
6 36 3
6 36 61
6 36 64
6 36 76
6 52 71
6 52 80
6 52 83
6 52 91
6 52 94
6 52 51
6 52 52
6 52 60
6 52 62
6 52 82
6 52 1
6 52 11
6 52 22
6 52 31
6 52 32
6 52 43
6 52 72
6 52 24
6 52 26
6 52 34
6 52 35
6 52 44
6 99 70
6 99 77
6 99 78
6 99 85
6 99 86
6 99 89
6 99 96
6 99 97
6 99 98
6 99 99
6 99 67
6 99 69
6 99 73
6 99 87
6 99 58
6 99 59
6 99 68
6 99 79
6 99 57
6 99 65
7 2 2
7 10 0
7 10 30
7 10 33
7 10 41
7 27 7
7 27 4
7 27 13
7 27 34
7 27 35
7 27 44
7 27 64
7 27 14
7 27 42
7 36 66
7 36 75
7 36 6
7 36 17
7 36 18
7 36 19
7 36 36
7 36 39
7 36 46
7 36 47
7 36 49
7 36 67
7 36 87
7 36 3
7 36 8
7 36 15
7 36 23
7 36 37
7 36 38
7 36 43
7 36 48
7 36 54
7 36 59
7 52 80
7 52 81
7 52 83
7 52 90
7 52 91
7 52 92
7 52 94
7 52 40
7 52 50
7 52 51
7 52 60
7 52 63
7 52 74
7 52 84
7 52 1
7 52 31
7 52 61
7 52 72
7 52 93
7 52 12
7 52 21
7 52 24
7 99 70
7 99 77
7 99 78
7 99 85
7 99 86
7 99 89
7 99 96
7 99 97
7 99 98
7 99 99
7 99 79
7 99 57
7 99 65
7 99 68
8 2 2
8 10 0
8 27 7
8 27 9
8 27 95
8 27 6
8 27 19
8 27 27
8 27 45
8 27 46
8 27 47
8 27 49
8 27 56
8 27 15
8 27 28
8 27 38
8 27 55
8 27 58
8 27 72
8 27 79
8 27 4
8 27 13
8 27 34
8 27 35
8 27 64
8 27 65
8 27 14
8 36 66
8 36 36
8 36 3
8 36 23
8 52 80
8 52 83
8 52 94
8 52 50
8 52 60
8 52 62
8 52 1
8 52 5
8 52 11
8 52 22
8 52 54
8 52 61
8 52 12
8 52 30
8 99 70
8 99 77
8 99 78
8 99 85
8 99 86
8 99 88
8 99 89
8 99 97
8 99 99
8 99 84
8 99 87
8 99 76
8 99 93
9 2 -1
9 10 0
9 10 10
9 27 -1
9 36 66
9 36 6
9 36 17
9 36 18
9 36 39
9 36 45
9 36 46
9 36 87
9 36 3
9 36 5
9 36 8
9 36 23
9 36 58
9 36 59
9 36 61
9 36 93
9 36 4
9 36 12
9 36 24
9 36 34
9 36 41
9 36 53
9 36 65
9 36 14
9 52 71
9 52 80
9 52 81
9 52 83
9 52 91
9 52 94
9 52 50
9 52 51
9 52 82
9 52 84
9 52 68
9 99 77
9 99 86
9 99 96
9 99 97
9 99 98
9 99 99
10 2 -1
10 10 -1
10 27 -1
10 36 16
10 36 18
10 36 3
10 36 4
10 52 40
10 52 52
10 52 60
10 52 31
10 52 43
10 52 72
10 52 34
10 52 64
10 99 86
10 99 96
10 99 98
10 99 69
10 99 73
10 99 59
10 99 76
10 99 93
10 99 65
11 2 -1
11 10 -1
11 27 -1
11 36 36
11 36 67
11 36 38
11 36 48
11 52 -1
11 99 -1
--- Done ---
