0 50 51
0 50 52
0 50 53
0 50 61
0 50 62
0 83 63
0 83 72
0 99 -1
1 50 3
1 50 14
1 50 21
1 50 30
1 50 40
1 50 44
1 50 51
1 50 52
1 50 61
1 50 90
1 83 49
1 83 62
1 83 63
1 83 65
1 83 66
1 83 72
1 83 75
1 83 81
1 83 82
1 83 84
1 83 85
1 83 91
1 83 95
1 99 29
1 99 39
1 99 57
1 99 76
1 99 79
1 99 89
2 50 0
2 50 1
2 50 3
2 50 4
2 50 10
2 50 20
2 50 31
2 50 44
2 50 51
2 50 52
2 50 54
2 50 55
2 50 60
2 50 61
2 50 71
2 83 5
2 83 11
2 83 13
2 83 17
2 83 22
2 83 25
2 83 27
2 83 37
2 83 43
2 83 49
2 83 53
2 83 62
2 83 63
2 83 66
2 83 72
2 83 80
2 83 81
2 83 90
2 83 93
2 83 94
2 83 95
2 99 9
2 99 19
2 99 26
2 99 28
2 99 29
2 99 38
2 99 48
2 99 56
2 99 59
2 99 68
2 99 76
2 99 77
2 99 98
2 99 99
3 50 3
3 50 10
3 50 12
3 50 15
3 50 16
3 50 21
3 50 31
3 50 40
3 50 46
3 50 51
3 50 52
3 50 54
3 50 70
3 50 71
3 50 79
3 50 85
3 50 86
3 50 87
3 50 92
3 50 94
3 50 97
3 50 98
3 83 5
3 83 6
3 83 8
3 83 13
3 83 17
3 83 18
3 83 23
3 83 27
3 83 43
3 83 45
3 83 47
3 83 49
3 83 53
3 83 62
3 83 63
3 83 64
3 83 65
3 83 66
3 83 72
3 83 73
3 83 74
3 83 75
3 83 76
3 83 78
3 83 84
3 99 9
3 99 19
3 99 38
3 99 39
3 99 48
3 99 56
3 99 58
3 99 59
3 99 61
3 99 69
4 50 0
4 50 1
4 50 3
4 50 4
4 50 10
4 50 12
4 50 14
4 50 15
4 50 20
4 50 21
4 50 30
4 50 31
4 50 32
4 50 34
4 50 40
4 50 42
4 50 44
4 50 46
4 50 52
4 50 54
4 83 2
4 83 11
4 83 13
4 83 18
4 83 22
4 83 23
4 83 25
4 83 27
4 83 33
4 83 35
4 83 37
4 83 43
4 83 47
4 83 49
4 83 53
4 83 60
4 83 62
4 83 63
4 83 64
4 83 65
4 83 71
4 99 7
4 99 9
4 99 26
4 99 29
4 99 36
4 99 38
4 99 48
4 99 56
4 99 57
4 99 58
4 99 59
4 99 68
4 99 70
4 99 72
4 99 73
4 99 74
4 99 75
4 99 77
4 99 78
4 99 79
4 99 80
4 99 82
5 50 3
5 50 4
5 50 10
5 50 12
5 50 14
5 50 15
5 50 20
5 50 24
5 50 30
5 50 32
5 50 34
5 50 40
5 50 41
5 50 42
5 50 46
5 50 50
5 50 51
5 83 2
5 83 5
5 83 6
5 83 8
5 83 13
5 83 17
5 83 18
5 83 22
5 83 23
5 83 25
5 83 33
5 83 35
5 83 37
5 83 43
5 83 45
5 83 47
5 83 53
5 83 54
5 83 60
5 99 7
5 99 9
5 99 19
5 99 28
5 99 29
5 99 36
5 99 38
5 99 39
5 99 48
5 99 56
5 99 57
5 99 58
5 99 59
5 99 62
5 99 63
5 99 64
5 99 65
5 99 66
5 99 67
5 99 68
5 99 70
5 99 71
5 99 74
6 50 0
6 50 1
6 50 3
6 50 4
6 50 10
6 50 12
6 50 14
6 50 15
6 50 16
6 50 21
6 50 24
6 50 31
6 50 32
6 50 34
6 50 41
6 50 44
6 50 46
6 50 51
6 50 52
6 50 54
6 50 63
6 83 2
6 83 6
6 83 8
6 83 11
6 83 13
6 83 17
6 83 18
6 83 22
6 83 23
6 83 25
6 83 27
6 83 33
6 83 35
6 83 37
6 83 43
6 83 45
6 83 47
6 83 60
6 83 61
6 83 62
6 99 9
6 99 19
6 99 26
6 99 28
6 99 29
6 99 36
6 99 38
6 99 39
6 99 48
6 99 53
6 99 56
6 99 57
6 99 58
6 99 59
6 99 64
6 99 65
6 99 67
6 99 68
6 99 70
7 50 0
7 50 1
7 50 3
7 50 4
7 50 12
7 50 14
7 50 15
7 50 21
7 50 24
7 50 30
7 50 31
7 50 34
7 50 40
7 50 41
7 50 42
7 50 44
7 50 46
7 50 50
7 50 51
7 50 54
7 50 60
7 50 61
7 50 70
7 50 83
7 83 2
7 83 6
7 83 8
7 83 13
7 83 17
7 83 18
7 83 23
7 83 33
7 83 35
7 83 37
7 83 43
7 83 47
7 83 49
7 83 63
7 83 64
7 83 65
7 83 66
7 83 72
7 83 74
7 83 75
7 83 80
7 83 81
7 83 85
7 99 7
7 99 19
7 99 36
7 99 38
7 99 39
7 99 48
7 99 57
7 99 59
7 99 67
7 99 68
7 99 77
7 99 78
7 99 79
7 99 84
7 99 86
7 99 87
7 99 89
7 99 90
7 99 91
7 99 92
7 99 93
7 99 97
8 50 0
8 50 1
8 50 3
8 50 4
8 50 12
8 50 14
8 50 15
8 50 30
8 50 34
8 50 46
8 50 50
8 50 54
8 50 55
8 50 60
8 50 61
8 50 70
8 83 2
8 83 5
8 83 6
8 83 11
8 83 13
8 83 22
8 83 23
8 83 27
8 83 35
8 83 45
8 83 47
8 83 49
8 83 62
8 83 64
8 83 65
8 83 66
8 83 72
8 83 80
8 83 83
8 83 84
8 83 85
8 83 93
8 83 94
8 83 95
8 99 7
8 99 9
8 99 19
8 99 28
8 99 36
8 99 38
8 99 56
8 99 58
8 99 76
8 99 77
8 99 78
8 99 79
8 99 86
8 99 87
8 99 88
8 99 89
8 99 97
8 99 99
9 50 0
9 50 3
9 50 4
9 50 10
9 50 12
9 50 14
9 50 24
9 50 34
9 50 41
9 50 46
9 50 50
9 50 51
9 50 61
9 50 71
9 83 5
9 83 6
9 83 8
9 83 17
9 83 18
9 83 23
9 83 45
9 83 53
9 83 65
9 83 66
9 83 80
9 83 81
9 83 82
9 83 83
9 83 84
9 83 91
9 83 93
9 83 94
9 99 39
9 99 58
9 99 59
9 99 68
9 99 77
9 99 86
9 99 87
9 99 96
9 99 97
9 99 98
9 99 99
10 50 3
10 50 4
10 50 16
10 50 31
10 50 34
10 50 40
10 50 52
10 50 60
10 83 18
10 83 43
10 83 64
10 83 65
10 83 72
10 83 73
10 83 93
10 99 59
10 99 69
10 99 76
10 99 86
10 99 96
10 99 98
11 50 -1
11 83 -1
11 99 36
11 99 38
11 99 48
11 99 67
--- Done ---
