0 21 -1
0 64 52
0 64 53
0 64 62
0 64 63
0 64 72
0 64 51
0 64 61
1 21 3
1 21 21
1 21 30
1 21 40
1 21 14
1 21 61
1 45 29
1 64 52
1 64 84
1 64 85
1 64 44
1 64 63
1 64 81
1 64 82
1 64 95
1 64 51
1 64 57
1 64 62
1 64 65
1 64 66
1 64 72
1 64 76
1 64 75
1 67 39
1 67 49
1 67 79
1 67 89
1 71 90
1 71 91
2 18 5
2 18 9
2 18 17
2 18 19
2 18 26
2 18 28
2 18 29
2 18 38
2 18 48
2 18 49
2 18 25
2 18 27
2 18 37
2 21 0
2 21 1
2 21 3
2 21 10
2 21 11
2 21 22
2 21 20
2 21 13
2 21 31
2 21 43
2 21 51
2 21 55
2 45 4
2 45 44
2 45 54
2 45 56
2 45 68
2 45 76
2 45 66
2 64 52
2 64 95
2 67 -1
2 71 60
2 71 80
2 71 90
2 71 93
2 71 71
2 71 81
2 71 94
2 71 53
2 71 62
2 71 63
2 71 72
2 71 61
2 88 99
2 88 59
2 88 77
2 88 98
3 18 5
3 18 8
3 18 9
3 18 17
3 18 19
3 18 6
3 18 15
3 18 16
3 18 38
3 18 39
3 18 48
3 18 49
3 18 27
3 18 18
3 18 23
3 21 3
3 21 10
3 21 12
3 21 21
3 21 40
3 21 13
3 21 31
3 21 43
3 21 51
3 21 61
3 45 45
3 45 47
3 45 54
3 64 52
3 64 84
3 64 70
3 64 74
3 64 94
3 64 53
3 64 56
3 64 62
3 64 72
3 64 73
3 64 76
3 64 64
3 67 -1
3 71 71
3 71 92
3 88 97
3 88 99
3 88 59
3 88 69
3 88 79
3 88 85
3 88 87
3 88 98
3 88 58
3 88 63
3 88 78
3 88 86
3 88 46
3 88 65
3 88 66
3 88 75
4 18 7
4 18 9
4 18 26
4 18 15
4 18 29
4 18 35
4 18 38
4 18 48
4 18 49
4 18 36
4 18 37
4 18 18
4 18 46
4 21 0
4 21 1
4 21 2
4 21 3
4 21 10
4 21 11
4 21 12
4 21 21
4 21 22
4 21 30
4 21 40
4 21 20
4 21 32
4 21 13
4 21 14
4 21 31
4 21 33
4 21 43
4 21 23
4 21 42
4 45 4
4 45 47
4 64 52
4 64 44
4 64 54
4 64 70
4 64 74
4 64 82
4 64 85
4 64 95
4 64 25
4 64 27
4 64 34
4 64 53
4 64 56
4 64 62
4 64 63
4 64 72
4 64 73
4 64 83
4 64 57
4 67 -1
4 71 60
4 71 80
4 71 90
4 71 91
4 71 93
4 71 71
4 71 61
4 71 64
4 71 75
4 88 97
4 88 99
4 88 59
4 88 77
4 88 79
4 88 87
4 88 89
4 88 58
4 88 68
4 88 78
4 88 86
4 88 88
4 88 65
5 18 5
5 18 7
5 18 8
5 18 9
5 18 17
5 18 19
5 18 6
5 18 15
5 18 24
5 18 28
5 18 29
5 18 35
5 18 38
5 18 39
5 18 48
5 18 14
5 18 25
5 18 34
5 18 36
5 18 37
5 18 18
5 18 23
5 21 2
5 21 3
5 21 10
5 21 12
5 21 22
5 21 30
5 21 40
5 21 20
5 21 32
5 21 41
5 21 13
5 21 33
5 21 43
5 21 51
5 45 4
5 45 45
5 45 47
5 45 54
5 45 56
5 45 76
5 45 61
5 45 57
5 64 84
5 64 95
5 64 64
5 67 67
5 71 50
5 71 60
5 71 80
5 71 91
5 71 93
5 71 70
5 71 71
5 71 74
5 71 81
5 71 82
5 71 92
5 71 94
5 71 53
5 71 62
5 71 63
5 71 72
5 71 73
5 71 83
5 71 42
5 88 97
5 88 99
5 88 59
5 88 79
5 88 85
5 88 96
5 88 98
5 88 58
5 88 68
5 88 78
5 88 86
5 88 88
5 88 46
5 88 65
5 88 66
6 18 8
6 18 9
6 18 17
6 18 19
6 18 26
6 18 6
6 18 15
6 18 16
6 18 24
6 18 28
6 18 29
6 18 35
6 18 38
6 18 39
6 18 48
6 18 14
6 18 25
6 18 27
6 18 34
6 18 36
6 18 37
6 18 18
6 18 23
6 21 0
6 21 1
6 21 2
6 21 3
6 21 10
6 21 11
6 21 12
6 21 21
6 21 22
6 21 32
6 21 41
6 21 13
6 21 31
6 21 33
6 21 43
6 21 51
6 21 61
6 45 4
6 45 44
6 45 45
6 45 47
6 45 54
6 45 53
6 45 56
6 45 62
6 45 72
6 45 73
6 45 76
6 45 83
6 45 75
6 64 52
6 64 95
6 64 64
6 67 67
6 71 60
6 71 80
6 71 91
6 71 70
6 71 71
6 71 82
6 71 94
6 88 97
6 88 99
6 88 59
6 88 69
6 88 77
6 88 79
6 88 85
6 88 87
6 88 89
6 88 96
6 88 98
6 88 58
6 88 63
6 88 68
6 88 78
6 88 86
6 88 46
6 88 57
6 88 65
7 18 7
7 18 8
7 18 17
7 18 19
7 18 6
7 18 15
7 18 24
7 18 35
7 18 38
7 18 39
7 18 48
7 18 49
7 18 34
7 18 36
7 18 37
7 18 18
7 18 46
7 21 0
7 21 1
7 21 2
7 21 3
7 21 12
7 21 21
7 21 30
7 21 40
7 21 41
7 21 13
7 21 14
7 21 31
7 21 33
7 21 43
7 21 51
7 21 23
7 21 42
7 21 61
7 45 4
7 45 44
7 45 47
7 45 54
7 64 84
7 64 64
7 67 67
7 71 50
7 71 60
7 71 80
7 71 90
7 71 91
7 71 93
7 71 70
7 71 74
7 71 81
7 71 92
7 71 94
7 71 63
7 71 72
7 71 83
7 88 97
7 88 99
7 88 59
7 88 77
7 88 79
7 88 85
7 88 87
7 88 89
7 88 96
7 88 98
7 88 68
7 88 78
7 88 86
7 88 57
7 88 65
7 88 66
7 88 75
8 18 5
8 18 7
8 18 9
8 18 19
8 18 6
8 18 15
8 18 28
8 18 35
8 18 38
8 18 49
8 18 14
8 18 27
8 18 34
8 18 36
8 18 23
8 18 46
8 21 0
8 21 1
8 21 2
8 21 3
8 21 11
8 21 12
8 21 22
8 21 30
8 21 13
8 45 4
8 45 45
8 45 47
8 45 54
8 45 56
8 45 76
8 64 84
8 64 95
8 64 64
8 67 -1
8 71 50
8 71 60
8 71 80
8 71 93
8 71 70
8 71 94
8 71 62
8 71 72
8 71 83
8 71 61
8 88 97
8 88 99
8 88 77
8 88 79
8 88 85
8 88 87
8 88 89
8 88 58
8 88 78
8 88 86
8 88 88
8 88 65
8 88 66
8 88 55
9 18 5
9 18 8
9 18 17
9 18 6
9 18 24
9 18 39
9 18 14
9 18 34
9 18 18
9 18 23
9 18 46
9 21 0
9 21 3
9 21 10
9 21 12
9 21 41
9 45 4
9 45 45
9 64 84
9 67 -1
9 71 50
9 71 80
9 71 91
9 71 93
9 71 71
9 71 81
9 71 82
9 71 94
9 71 51
9 71 53
9 71 83
9 71 61
9 88 97
9 88 99
9 88 59
9 88 77
9 88 87
9 88 96
9 88 98
9 88 58
9 88 68
9 88 86
9 88 65
9 88 66
10 18 18
10 21 3
10 21 40
10 21 31
10 21 43
10 45 4
10 45 16
10 45 34
10 45 72
10 45 73
10 45 76
10 45 65
10 64 52
10 64 64
10 67 59
10 67 69
10 67 96
10 67 98
10 67 86
10 71 60
10 71 93
10 88 -1
11 18 38
11 18 48
11 18 36
11 21 -1
11 45 -1
11 64 -1
11 67 67
11 71 -1
11 88 -1
--- Done ---
