0 21 51
0 53 52
0 53 53
0 53 61
0 53 62
0 53 63
0 53 72
1 21 51
1 21 3
1 21 30
1 21 21
1 22 40
1 32 -1
1 37 29
1 37 39
1 37 14
1 45 -1
1 53 -1
1 54 75
1 54 63
1 54 85
1 54 52
1 54 62
1 54 66
1 54 76
1 54 44
1 54 65
1 67 49
1 67 79
1 67 95
1 67 57
1 77 89
1 81 81
1 81 82
1 81 84
1 81 90
1 81 91
1 81 61
1 81 72
2 4 4
2 4 5
2 18 9
2 21 0
2 21 1
2 21 10
2 21 11
2 21 51
2 21 3
2 21 31
2 21 13
2 21 20
2 22 22
2 32 -1
2 37 38
2 37 48
2 37 17
2 37 19
2 37 27
2 37 29
2 37 37
2 37 26
2 37 28
2 37 25
2 37 59
2 37 68
2 37 56
2 44 55
2 44 44
2 44 43
2 45 -1
2 53 53
2 54 54
2 67 95
2 67 49
2 67 76
2 67 66
2 71 60
2 71 94
2 71 61
2 71 63
2 71 80
2 71 62
2 71 71
2 71 72
2 77 77
2 81 81
2 82 93
2 82 90
2 82 52
2 88 99
2 88 98
3 4 5
3 4 3
3 4 12
3 4 13
3 18 6
3 18 9
3 18 18
3 18 8
3 18 17
3 18 19
3 18 27
3 18 49
3 18 15
3 18 16
3 21 10
3 21 23
3 21 51
3 21 21
3 21 31
3 22 40
3 32 -1
3 37 38
3 37 39
3 37 48
3 37 47
3 37 46
3 42 -1
3 44 73
3 45 45
3 53 53
3 54 75
3 54 85
3 54 74
3 54 76
3 54 64
3 54 52
3 54 54
3 54 56
3 54 65
3 54 43
3 67 69
3 67 86
3 71 94
3 71 92
3 71 61
3 71 63
3 71 70
3 71 72
3 71 62
3 77 -1
3 81 84
3 81 71
3 82 -1
3 88 97
3 88 99
3 88 79
3 88 87
3 88 98
3 88 58
3 88 78
3 88 59
3 88 66
4 4 4
4 18 7
4 18 9
4 18 18
4 18 49
4 21 0
4 21 1
4 21 10
4 21 11
4 21 3
4 21 12
4 21 23
4 21 30
4 21 13
4 21 20
4 21 21
4 21 31
4 21 33
4 22 2
4 22 40
4 22 22
4 22 43
4 32 32
4 37 38
4 37 48
4 37 27
4 37 29
4 37 37
4 37 15
4 37 26
4 37 47
4 37 58
4 37 36
4 37 46
4 37 59
4 37 68
4 37 25
4 37 35
4 37 56
4 37 14
4 42 42
4 44 44
4 45 -1
4 53 53
4 54 85
4 54 54
4 54 34
4 67 95
4 67 86
4 67 57
4 67 64
4 67 65
4 71 60
4 71 61
4 71 63
4 71 70
4 71 72
4 71 62
4 71 71
4 77 77
4 81 -1
4 82 93
4 82 73
4 82 75
4 82 90
4 82 74
4 82 80
4 82 82
4 82 83
4 82 91
4 82 52
4 88 97
4 88 99
4 88 79
4 88 87
4 88 88
4 88 89
4 88 78
5 4 4
5 4 5
5 4 3
5 4 15
5 4 12
5 4 24
5 4 13
5 4 14
5 18 6
5 18 7
5 18 9
5 18 18
5 18 8
5 18 17
5 18 19
5 18 29
5 18 28
5 21 -1
5 22 2
5 22 10
5 22 30
5 22 40
5 22 20
5 22 23
5 22 22
5 22 41
5 22 43
5 32 32
5 32 34
5 33 33
5 37 38
5 37 39
5 37 48
5 37 37
5 37 25
5 37 35
5 42 42
5 44 -1
5 45 45
5 53 53
5 54 85
5 54 54
5 67 95
5 67 79
5 67 86
5 67 47
5 67 57
5 67 58
5 67 67
5 67 76
5 67 78
5 67 36
5 67 46
5 67 59
5 67 64
5 67 66
5 67 68
5 67 56
5 67 65
5 71 60
5 71 94
5 71 50
5 71 51
5 71 63
5 71 61
5 71 62
5 77 -1
5 81 81
5 82 93
5 82 73
5 82 84
5 82 74
5 82 80
5 82 82
5 82 83
5 82 91
5 82 92
5 82 70
5 82 72
5 82 71
5 88 97
5 88 99
5 88 88
5 88 96
5 88 98
6 4 4
6 4 24
6 18 6
6 18 9
6 18 18
6 18 8
6 18 17
6 18 19
6 18 27
6 18 29
6 18 15
6 18 28
6 18 16
6 18 26
6 21 0
6 21 1
6 21 10
6 21 11
6 21 3
6 21 12
6 21 21
6 21 23
6 21 51
6 21 13
6 21 31
6 21 41
6 22 2
6 22 22
6 32 32
6 33 33
6 37 38
6 37 39
6 37 48
6 37 37
6 37 47
6 37 25
6 37 14
6 37 35
6 42 -1
6 44 73
6 44 44
6 45 45
6 53 53
6 54 75
6 54 85
6 54 54
6 54 52
6 54 34
6 54 43
6 67 95
6 67 69
6 67 86
6 67 57
6 67 67
6 67 76
6 67 36
6 67 46
6 67 64
6 67 56
6 67 65
6 71 60
6 71 94
6 71 80
6 71 91
6 71 63
6 71 70
6 71 72
6 71 61
6 71 62
6 71 71
6 77 77
6 81 -1
6 82 82
6 82 83
6 88 97
6 88 99
6 88 79
6 88 87
6 88 89
6 88 96
6 88 98
6 88 58
6 88 78
6 88 59
6 88 68
7 4 4
7 18 6
7 18 7
7 18 18
7 18 8
7 18 17
7 18 19
7 18 49
7 18 15
7 21 0
7 21 1
7 21 3
7 21 30
7 21 12
7 21 21
7 21 23
7 21 51
7 21 13
7 21 31
7 21 41
7 22 2
7 22 40
7 22 24
7 22 43
7 32 -1
7 33 33
7 37 38
7 37 39
7 37 48
7 37 37
7 37 47
7 37 36
7 37 46
7 37 14
7 37 35
7 42 42
7 44 44
7 45 -1
7 53 -1
7 54 85
7 54 54
7 54 34
7 67 86
7 67 57
7 67 67
7 67 64
7 67 65
7 71 60
7 71 94
7 71 50
7 71 63
7 71 61
7 77 77
7 81 81
7 82 93
7 82 75
7 82 84
7 82 90
7 82 74
7 82 80
7 82 83
7 82 91
7 82 92
7 82 70
7 82 72
7 88 97
7 88 99
7 88 79
7 88 87
7 88 89
7 88 96
7 88 98
7 88 78
7 88 59
7 88 66
7 88 68
8 4 4
8 4 5
8 4 3
8 4 12
8 4 14
8 18 6
8 18 7
8 18 9
8 18 19
8 18 27
8 18 49
8 18 15
8 18 28
8 21 0
8 21 1
8 21 11
8 21 30
8 21 23
8 21 13
8 22 2
8 22 22
8 32 -1
8 33 -1
8 37 38
8 42 -1
8 44 -1
8 45 45
8 53 -1
8 54 85
8 54 55
8 54 54
8 54 35
8 54 34
8 67 95
8 67 86
8 67 47
8 67 76
8 67 36
8 67 46
8 67 64
8 67 56
8 67 65
8 71 60
8 71 94
8 71 80
8 71 50
8 71 70
8 71 72
8 71 61
8 71 62
8 77 77
8 81 -1
8 82 93
8 82 84
8 82 83
8 88 97
8 88 99
8 88 79
8 88 87
8 88 88
8 88 89
8 88 58
8 88 78
8 88 66
9 4 4
9 4 5
9 4 3
9 4 12
9 4 24
9 4 14
9 18 6
9 18 18
9 18 8
9 18 17
9 21 0
9 21 10
9 21 23
9 21 51
9 21 41
9 22 -1
9 32 -1
9 33 -1
9 37 39
9 37 46
9 42 -1
9 44 -1
9 45 45
9 45 34
9 53 53
9 54 -1
9 67 86
9 67 65
9 71 94
9 71 50
9 71 61
9 71 71
9 77 77
9 81 81
9 82 93
9 82 84
9 82 80
9 82 82
9 82 83
9 82 91
9 88 97
9 88 99
9 88 87
9 88 96
9 88 98
9 88 58
9 88 59
9 88 66
9 88 68
10 4 4
10 4 3
10 18 18
10 18 16
10 21 -1
10 22 40
10 22 31
10 22 43
10 32 34
10 33 -1
10 37 -1
10 42 -1
10 44 -1
10 45 -1
10 53 -1
10 54 -1
10 67 69
10 67 86
10 67 76
10 67 59
10 67 64
10 67 65
10 71 60
10 77 96
10 77 98
10 81 -1
10 82 93
10 82 73
10 82 72
10 82 52
10 88 -1
11 4 -1
11 18 -1
11 21 -1
11 22 -1
11 32 -1
11 33 -1
11 37 38
11 37 48
11 37 36
11 42 -1
11 44 -1
11 45 -1
11 53 -1
11 54 -1
11 67 67
11 71 -1
11 77 -1
11 81 -1
11 82 -1
11 88 -1
--- Done ---
