0 51 51
0 51 61
0 51 72
0 62 52
0 62 53
0 62 62
0 62 63
0 99 -1
1 51 3
1 51 21
1 51 30
1 51 40
1 51 44
1 51 51
1 51 75
1 51 90
1 51 91
1 62 14
1 62 52
1 62 61
1 62 62
1 62 63
1 62 65
1 62 72
1 62 81
1 62 82
1 62 84
1 99 29
1 99 39
1 99 49
1 99 57
1 99 66
1 99 76
1 99 79
1 99 85
1 99 89
1 99 95
2 51 1
2 51 3
2 51 5
2 51 9
2 51 10
2 51 11
2 51 17
2 51 22
2 51 25
2 51 27
2 51 28
2 51 31
2 51 43
2 51 44
2 51 51
2 51 56
2 51 60
2 51 63
2 51 80
2 51 81
2 51 90
2 51 94
2 62 0
2 62 4
2 62 20
2 62 26
2 62 37
2 62 52
2 62 53
2 62 54
2 62 55
2 62 61
2 62 62
2 62 71
2 62 72
2 99 13
2 99 19
2 99 29
2 99 38
2 99 48
2 99 49
2 99 59
2 99 66
2 99 68
2 99 76
2 99 77
2 99 93
2 99 95
2 99 98
2 99 99
3 51 3
3 51 5
3 51 9
3 51 10
3 51 15
3 51 16
3 51 17
3 51 21
3 51 23
3 51 27
3 51 31
3 51 40
3 51 43
3 51 45
3 51 47
3 51 51
3 51 56
3 51 62
3 51 63
3 51 70
3 51 71
3 62 6
3 62 12
3 62 18
3 62 46
3 62 52
3 62 53
3 62 54
3 62 61
3 62 64
3 62 65
3 99 8
3 99 13
3 99 19
3 99 38
3 99 39
3 99 48
3 99 49
3 99 58
3 99 59
3 99 66
3 99 69
3 99 72
3 99 73
3 99 74
3 99 75
3 99 76
3 99 78
3 99 79
3 99 84
3 99 85
3 99 86
3 99 87
3 99 92
3 99 94
3 99 97
3 99 98
4 51 1
4 51 2
4 51 3
4 51 9
4 51 10
4 51 11
4 51 15
4 51 21
4 51 22
4 51 23
4 51 25
4 51 27
4 51 30
4 51 31
4 51 32
4 51 33
4 51 34
4 51 40
4 51 42
4 51 43
4 51 44
4 51 47
4 51 56
4 51 60
4 51 70
4 62 0
4 62 4
4 62 12
4 62 14
4 62 18
4 62 20
4 62 26
4 62 35
4 62 37
4 62 46
4 62 52
4 62 53
4 62 54
4 62 62
4 62 63
4 62 64
4 62 65
4 99 7
4 99 13
4 99 29
4 99 36
4 99 38
4 99 48
4 99 49
4 99 57
4 99 58
4 99 59
4 99 68
4 99 71
4 99 72
4 99 73
4 99 74
4 99 75
4 99 77
4 99 78
4 99 79
4 99 80
4 99 82
5 51 2
5 51 3
5 51 5
5 51 9
5 51 10
5 51 15
5 51 17
5 51 22
5 51 23
5 51 24
5 51 25
5 51 28
5 51 30
5 51 32
5 51 33
5 51 34
5 51 40
5 62 4
5 62 6
5 62 12
5 62 14
5 62 18
5 62 20
5 62 35
5 62 37
5 62 41
5 62 42
5 62 43
5 62 45
5 62 46
5 62 50
5 62 51
5 62 53
5 62 54
5 62 56
5 62 62
5 62 65
5 99 7
5 99 8
5 99 13
5 99 19
5 99 29
5 99 36
5 99 38
5 99 39
5 99 47
5 99 48
5 99 57
5 99 58
5 99 59
5 99 60
5 99 63
5 99 64
5 99 66
5 99 67
5 99 68
5 99 70
5 99 71
5 99 74
6 51 1
6 51 2
6 51 3
6 51 9
6 51 10
6 51 11
6 51 15
6 51 16
6 51 17
6 51 21
6 51 22
6 51 23
6 51 24
6 51 25
6 51 27
6 51 28
6 51 31
6 51 32
6 62 0
6 62 4
6 62 6
6 62 12
6 62 14
6 62 18
6 62 26
6 62 33
6 62 34
6 62 35
6 62 37
6 62 41
6 62 43
6 62 44
6 62 45
6 62 46
6 62 51
6 62 52
6 62 54
6 62 56
6 62 62
6 99 8
6 99 13
6 99 19
6 99 29
6 99 36
6 99 38
6 99 39
6 99 47
6 99 48
6 99 53
6 99 57
6 99 58
6 99 59
6 99 60
6 99 61
6 99 63
6 99 64
6 99 65
6 99 67
6 99 68
6 99 70
7 51 1
7 51 2
7 51 3
7 51 15
7 51 17
7 51 21
7 51 23
7 51 24
7 51 30
7 51 31
7 51 33
7 51 34
7 51 40
7 51 41
7 51 42
7 51 43
7 51 44
7 51 47
7 51 50
7 51 51
7 51 60
7 51 75
7 62 0
7 62 4
7 62 6
7 62 12
7 62 14
7 62 18
7 62 35
7 62 37
7 62 46
7 62 54
7 62 61
7 62 63
7 62 64
7 62 65
7 62 70
7 62 72
7 62 74
7 62 80
7 62 81
7 62 83
7 62 84
7 62 90
7 62 91
7 62 92
7 62 97
7 62 98
7 99 7
7 99 8
7 99 13
7 99 19
7 99 36
7 99 38
7 99 39
7 99 48
7 99 49
7 99 57
7 99 59
7 99 66
7 99 67
7 99 68
7 99 77
7 99 78
7 99 79
7 99 85
7 99 86
7 99 87
7 99 89
7 99 96
8 51 1
8 51 2
8 51 3
8 51 5
8 51 9
8 51 11
8 51 15
8 51 22
8 51 23
8 51 27
8 51 28
8 51 30
8 51 34
8 51 45
8 51 47
8 51 50
8 51 56
8 51 60
8 62 0
8 62 4
8 62 6
8 62 12
8 62 14
8 62 35
8 62 46
8 62 54
8 62 55
8 62 61
8 62 62
8 62 64
8 62 65
8 62 70
8 62 72
8 62 80
8 62 83
8 62 84
8 62 94
8 99 7
8 99 13
8 99 19
8 99 36
8 99 38
8 99 49
8 99 58
8 99 66
8 99 76
8 99 77
8 99 78
8 99 79
8 99 85
8 99 86
8 99 87
8 99 88
8 99 89
8 99 93
8 99 95
8 99 97
8 99 99
9 51 3
9 51 5
9 51 10
9 51 17
9 51 23
9 51 24
9 51 34
9 51 41
9 51 45
9 51 50
9 51 51
9 51 91
9 62 0
9 62 4
9 62 6
9 62 12
9 62 14
9 62 18
9 62 46
9 62 53
9 62 61
9 62 65
9 62 71
9 62 80
9 62 81
9 62 82
9 62 83
9 62 84
9 62 94
9 99 8
9 99 39
9 99 58
9 99 59
9 99 66
9 99 68
9 99 77
9 99 86
9 99 87
9 99 93
9 99 96
9 99 97
9 99 98
9 99 99
10 51 3
10 51 16
10 51 31
10 51 34
10 51 40
10 51 43
10 51 60
10 62 4
10 62 18
10 62 52
10 62 64
10 62 65
10 62 72
10 62 73
10 99 59
10 99 69
10 99 76
10 99 86
10 99 93
10 99 96
10 99 98
11 51 -1
11 62 -1
11 99 36
11 99 38
11 99 48
11 99 67
--- Done ---
