0 21 51
0 53 52
0 53 53
0 53 61
0 53 62
0 53 63
0 53 72
1 17 -1
1 21 3
1 21 21
1 21 30
1 21 51
1 25 14
1 41 40
1 49 39
1 49 49
1 49 29
1 49 57
1 53 62
1 53 63
1 53 65
1 53 44
1 53 52
1 64 -1
1 78 79
1 92 81
1 92 90
1 92 91
1 92 61
1 92 82
1 92 72
1 97 76
1 97 95
1 97 75
1 97 84
1 97 85
1 97 89
1 97 66
2 8 19
2 8 9
2 8 5
2 8 26
2 16 4
2 16 27
2 17 17
2 21 0
2 21 1
2 21 3
2 21 10
2 21 11
2 21 22
2 21 20
2 21 31
2 21 51
2 21 13
2 25 25
2 41 60
2 49 49
2 49 56
2 49 59
2 49 38
2 49 48
2 49 29
2 49 37
2 49 28
2 53 53
2 53 54
2 53 61
2 53 62
2 53 63
2 53 71
2 53 43
2 53 44
2 53 52
2 53 72
2 64 55
2 78 -1
2 92 80
2 92 81
2 92 90
2 92 93
2 92 94
2 97 76
2 97 95
2 97 99
2 97 68
2 97 77
2 97 98
2 97 66
3 8 19
3 8 9
3 8 5
3 8 8
3 8 18
3 16 16
3 17 17
3 21 3
3 21 10
3 21 12
3 21 21
3 21 23
3 21 31
3 21 51
3 21 13
3 25 46
3 25 6
3 25 15
3 25 27
3 41 40
3 41 71
3 41 43
3 41 52
3 41 72
3 49 47
3 49 49
3 49 56
3 49 59
3 49 38
3 49 39
3 49 48
3 49 58
3 53 53
3 53 54
3 53 61
3 53 62
3 53 63
3 53 65
3 64 73
3 64 64
3 64 45
3 64 74
3 78 69
3 78 79
3 78 78
3 92 92
3 92 94
3 92 70
3 97 76
3 97 99
3 97 75
3 97 84
3 97 85
3 97 86
3 97 87
3 97 97
3 97 98
3 97 66
4 0 2
4 0 0
4 0 1
4 0 10
4 0 11
4 0 12
4 0 22
4 8 -1
4 16 4
4 16 9
4 16 14
4 16 35
4 16 7
4 16 15
4 16 18
4 16 27
4 16 36
4 16 26
4 17 -1
4 21 3
4 21 21
4 21 23
4 25 46
4 25 25
4 41 40
4 41 60
4 41 31
4 41 71
4 41 32
4 41 52
4 41 20
4 41 30
4 41 33
4 41 34
4 41 42
4 41 72
4 49 47
4 49 49
4 49 56
4 49 59
4 49 38
4 49 48
4 49 57
4 49 58
4 49 29
4 49 37
4 53 53
4 53 54
4 53 61
4 53 62
4 53 63
4 53 65
4 53 70
4 53 83
4 64 73
4 64 64
4 64 74
4 64 75
4 64 82
4 64 43
4 64 44
4 64 85
4 64 13
4 78 79
4 78 78
4 92 80
4 92 90
4 92 91
4 92 93
4 97 95
4 97 99
4 97 68
4 97 77
4 97 86
4 97 87
4 97 88
4 97 89
4 97 97
5 0 2
5 0 10
5 0 12
5 0 22
5 8 19
5 8 8
5 16 4
5 16 9
5 16 14
5 16 24
5 16 35
5 16 5
5 16 6
5 16 7
5 16 15
5 16 18
5 16 36
5 16 37
5 16 28
5 17 17
5 21 3
5 25 46
5 25 23
5 25 25
5 41 40
5 41 60
5 41 41
5 41 50
5 41 51
5 41 71
5 41 20
5 41 30
5 41 32
5 41 43
5 41 72
5 41 33
5 41 34
5 41 42
5 49 47
5 49 56
5 49 59
5 49 38
5 49 39
5 49 48
5 49 57
5 49 58
5 49 67
5 49 29
5 53 53
5 53 54
5 53 62
5 53 63
5 53 65
5 53 83
5 53 45
5 64 73
5 64 64
5 64 74
5 64 84
5 64 85
5 64 13
5 78 79
5 78 78
5 92 80
5 92 81
5 92 91
5 92 92
5 92 93
5 92 94
5 92 61
5 92 70
5 92 82
5 97 76
5 97 95
5 97 99
5 97 68
5 97 86
5 97 88
5 97 96
5 97 97
5 97 98
5 97 66
6 0 2
6 0 0
6 0 1
6 0 10
6 0 11
6 0 12
6 0 22
6 8 19
6 8 9
6 8 8
6 8 18
6 16 4
6 16 16
6 17 17
6 21 3
6 21 21
6 21 31
6 21 51
6 25 46
6 25 14
6 25 23
6 25 24
6 25 35
6 25 48
6 25 6
6 25 13
6 25 15
6 25 25
6 25 27
6 25 36
6 25 45
6 25 52
6 25 26
6 25 33
6 25 34
6 41 60
6 41 41
6 49 47
6 49 56
6 49 59
6 49 38
6 49 39
6 49 57
6 49 58
6 49 67
6 49 29
6 49 37
6 49 28
6 53 53
6 53 54
6 53 61
6 53 62
6 53 63
6 53 65
6 53 70
6 53 71
6 53 83
6 53 32
6 53 43
6 53 44
6 53 72
6 64 73
6 64 64
6 78 69
6 78 79
6 78 68
6 78 77
6 78 78
6 78 86
6 78 87
6 78 89
6 78 96
6 78 98
6 92 80
6 92 91
6 92 94
6 92 82
6 97 76
6 97 95
6 97 99
6 97 75
6 97 85
6 97 97
7 0 2
7 0 0
7 0 1
7 0 12
7 0 30
7 8 19
7 8 8
7 16 4
7 16 14
7 16 24
7 16 35
7 16 6
7 16 7
7 16 15
7 16 18
7 16 36
7 16 37
7 16 34
7 17 17
7 21 3
7 21 21
7 21 23
7 21 31
7 21 51
7 21 33
7 25 46
7 41 40
7 41 60
7 41 41
7 41 50
7 49 47
7 49 49
7 49 59
7 49 38
7 49 39
7 49 48
7 49 57
7 49 67
7 53 54
7 53 63
7 53 65
7 64 64
7 64 74
7 64 75
7 64 84
7 64 85
7 64 13
7 64 43
7 64 44
7 64 66
7 64 42
7 64 72
7 78 79
7 78 68
7 78 77
7 78 78
7 78 86
7 78 87
7 78 89
7 78 96
7 78 98
7 92 80
7 92 81
7 92 90
7 92 91
7 92 92
7 92 93
7 92 94
7 92 61
7 92 70
7 92 83
7 97 99
7 97 97
8 0 2
8 0 0
8 0 1
8 0 11
8 0 12
8 0 22
8 0 30
8 8 19
8 8 9
8 16 4
8 16 14
8 16 35
8 16 5
8 16 6
8 16 7
8 16 15
8 16 27
8 16 36
8 16 28
8 16 34
8 17 -1
8 21 3
8 21 23
8 25 46
8 41 60
8 41 50
8 49 47
8 49 49
8 49 56
8 49 38
8 49 58
8 53 -1
8 64 55
8 64 54
8 64 62
8 64 64
8 64 65
8 64 84
8 64 85
8 64 13
8 64 45
8 64 66
8 64 72
8 78 79
8 78 78
8 92 80
8 92 93
8 92 94
8 92 61
8 92 70
8 92 83
8 97 76
8 97 95
8 97 99
8 97 77
8 97 86
8 97 87
8 97 88
8 97 89
8 97 97
9 0 0
9 0 10
9 0 12
9 8 8
9 8 18
9 16 4
9 17 17
9 21 3
9 25 46
9 25 14
9 25 23
9 25 24
9 25 5
9 25 6
9 25 45
9 25 34
9 41 41
9 41 50
9 41 51
9 41 71
9 49 59
9 49 39
9 49 58
9 53 53
9 53 65
9 64 -1
9 78 -1
9 92 80
9 92 81
9 92 91
9 92 93
9 92 94
9 92 61
9 92 82
9 92 83
9 97 99
9 97 68
9 97 77
9 97 84
9 97 86
9 97 87
9 97 96
9 97 97
9 97 98
9 97 66
10 0 -1
10 8 -1
10 16 4
10 16 18
10 16 16
10 17 -1
10 21 3
10 25 -1
10 41 40
10 41 60
10 41 31
10 41 52
10 41 34
10 41 72
10 49 59
10 53 -1
10 64 73
10 64 64
10 64 65
10 64 43
10 78 69
10 78 86
10 78 96
10 78 98
10 92 93
10 97 76
11 0 -1
11 8 38
11 16 -1
11 17 -1
11 21 -1
11 25 48
11 25 36
11 41 -1
11 49 67
11 53 -1
11 64 -1
11 78 -1
11 92 -1
11 97 -1
--- Done ---
