0 57 -1
0 73 66
0 73 67
0 73 76
0 73 77
0 73 78
0 73 86
0 73 87
1 11 -1
1 17 -1
1 31 -1
1 57 9
1 57 13
1 57 15
1 57 23
1 57 24
1 57 27
1 57 28
1 57 29
1 57 33
1 57 55
1 57 56
1 57 59
1 57 67
1 57 76
1 57 77
1 57 78
1 57 86
1 57 88
1 57 89
1 57 99
1 72 -1
1 73 0
1 73 22
1 73 31
1 73 42
1 73 43
1 73 54
1 73 60
1 73 84
1 73 87
1 73 91
1 95 -1
2 11 0
2 11 3
2 11 11
2 11 20
2 11 22
2 17 5
2 17 8
2 17 18
2 17 19
2 17 27
2 17 28
2 17 37
2 17 39
2 31 21
2 31 30
2 31 40
2 31 52
2 57 36
2 57 47
2 57 58
2 57 66
2 57 69
2 57 77
2 57 78
2 57 79
2 57 88
2 72 50
2 72 60
2 72 61
2 72 62
2 72 70
2 72 80
2 72 81
2 72 82
2 73 54
2 73 63
2 73 74
2 73 84
2 73 87
2 73 92
2 95 76
2 95 85
2 95 86
2 95 95
2 95 99
3 11 0
3 11 1
3 11 2
3 11 3
3 11 10
3 11 22
3 17 5
3 17 6
3 17 14
3 17 16
3 17 17
3 17 18
3 17 19
3 17 26
3 17 27
3 17 28
3 17 38
3 23 -1
3 31 21
3 31 25
3 31 31
3 31 32
3 31 40
3 31 41
3 31 44
3 53 -1
3 57 36
3 57 45
3 57 46
3 57 49
3 57 56
3 57 66
3 57 67
3 57 77
3 57 78
3 57 88
3 72 51
3 72 60
3 72 62
3 72 70
3 72 71
3 72 72
3 72 80
3 72 82
3 72 91
3 73 43
3 73 54
3 73 63
3 73 64
3 73 73
3 73 75
3 73 83
3 73 84
3 73 87
3 95 76
3 95 86
3 95 90
3 95 94
3 95 95
3 95 97
3 95 98
4 4 -1
4 11 0
4 11 2
4 11 3
4 11 10
4 11 12
4 12 -1
4 17 4
4 17 6
4 17 7
4 17 8
4 17 9
4 17 15
4 17 16
4 17 18
4 17 19
4 17 27
4 17 28
4 17 37
4 17 38
4 23 5
4 23 14
4 23 22
4 23 23
4 23 24
4 23 33
4 23 34
4 31 21
4 31 31
4 31 32
4 31 40
4 31 41
4 31 42
4 35 -1
4 53 43
4 53 44
4 53 52
4 53 53
4 54 -1
4 55 -1
4 57 36
4 57 45
4 57 46
4 57 47
4 57 48
4 57 49
4 57 55
4 57 57
4 57 58
4 57 59
4 57 66
4 57 67
4 57 68
4 57 69
4 57 77
4 57 78
4 57 79
4 63 -1
4 70 -1
4 72 50
4 72 51
4 72 61
4 72 71
4 72 80
4 72 82
4 72 91
4 73 63
4 73 73
4 73 74
4 73 75
4 73 83
4 73 87
4 93 -1
4 95 76
4 95 85
4 95 86
4 95 90
4 95 93
4 95 94
4 95 95
4 95 99
4 97 -1
5 4 4
5 4 5
5 4 13
5 4 14
5 4 15
5 11 0
5 11 10
5 11 11
5 12 2
5 12 12
5 17 6
5 17 7
5 17 8
5 17 9
5 17 16
5 17 17
5 17 18
5 17 19
5 17 27
5 17 28
5 17 39
5 23 22
5 23 23
5 23 33
5 31 21
5 31 30
5 31 31
5 31 32
5 31 41
5 31 42
5 35 25
5 35 26
5 35 34
5 35 35
5 35 37
5 35 45
5 53 53
5 54 43
5 54 64
5 54 66
5 54 75
5 55 56
5 55 65
5 57 36
5 57 46
5 57 49
5 57 58
5 57 59
5 57 67
5 57 68
5 57 77
5 57 79
5 63 -1
5 70 50
5 70 60
5 70 61
5 70 70
5 70 80
5 70 81
5 72 62
5 72 91
5 73 73
5 73 74
5 93 90
5 93 92
5 93 93
5 95 76
5 95 85
5 95 94
5 95 96
5 97 78
5 97 86
5 97 87
5 97 88
5 97 89
5 97 97
5 97 98
6 4 3
6 4 4
6 4 5
6 4 13
6 4 14
6 4 15
6 11 0
6 11 1
6 11 10
6 11 11
6 11 20
6 12 -1
6 17 6
6 17 7
6 17 8
6 17 9
6 17 17
6 17 18
6 17 19
6 17 28
6 17 29
6 17 38
6 17 39
6 23 22
6 23 23
6 23 33
6 31 21
6 31 31
6 31 32
6 31 40
6 31 41
6 31 42
6 35 24
6 35 25
6 35 34
6 35 35
6 35 37
6 35 45
6 53 52
6 54 44
6 54 54
6 54 66
6 54 75
6 55 55
6 55 56
6 55 65
6 57 36
6 57 47
6 57 48
6 57 49
6 57 58
6 57 59
6 57 67
6 57 68
6 57 69
6 57 77
6 57 79
6 63 63
6 70 50
6 70 70
6 70 71
6 70 80
6 72 51
6 72 82
6 72 91
6 73 73
6 73 74
6 73 83
6 73 84
6 93 90
6 93 92
6 93 93
6 95 76
6 95 85
6 95 94
6 95 95
6 95 96
6 97 86
6 97 87
6 97 88
6 97 89
6 97 97
6 97 98
6 97 99
7 4 4
7 4 5
7 4 13
7 4 14
7 11 0
7 11 1
7 11 10
7 11 11
7 11 20
7 12 12
7 17 6
7 17 7
7 17 8
7 17 9
7 17 16
7 17 17
7 17 19
7 17 27
7 17 28
7 17 29
7 17 38
7 17 39
7 23 23
7 31 21
7 31 30
7 31 31
7 31 32
7 31 42
7 35 24
7 35 25
7 35 26
7 35 34
7 35 37
7 35 45
7 53 52
7 53 53
7 54 43
7 54 54
7 54 66
7 55 55
7 55 56
7 57 36
7 57 46
7 57 48
7 57 57
7 57 58
7 57 69
7 57 77
7 57 79
7 63 63
7 70 50
7 70 60
7 70 61
7 70 70
7 70 71
7 70 80
7 70 81
7 72 51
7 73 73
7 73 83
7 73 84
7 93 90
7 93 92
7 93 93
7 95 76
7 95 95
7 97 78
7 97 87
7 97 88
7 97 97
7 97 98
7 97 99
8 4 3
8 4 4
8 4 5
8 4 13
8 4 15
8 11 1
8 11 11
8 11 20
8 12 12
8 17 6
8 17 7
8 17 8
8 17 17
8 17 18
8 17 19
8 23 22
8 31 32
8 31 40
8 31 41
8 35 24
8 35 25
8 35 26
8 35 34
8 35 35
8 35 37
8 35 45
8 53 52
8 53 53
8 54 44
8 54 64
8 54 66
8 55 -1
8 57 36
8 57 46
8 57 47
8 57 48
8 57 49
8 57 57
8 57 58
8 57 59
8 57 77
8 57 79
8 63 -1
8 70 61
8 70 70
8 70 71
8 70 80
8 70 81
8 72 51
8 72 72
8 73 73
8 73 83
8 93 90
8 93 92
8 95 94
8 95 95
8 95 96
8 97 86
8 97 87
8 97 88
8 97 99
9 4 -1
9 11 0
9 11 10
9 12 12
9 17 9
9 17 16
9 17 19
9 17 27
9 17 28
9 23 22
9 31 30
9 31 40
9 31 41
9 31 42
9 35 37
9 53 52
9 53 53
9 54 44
9 55 55
9 57 46
9 57 47
9 57 48
9 57 67
9 63 63
9 70 70
9 72 62
9 72 72
9 72 91
9 73 73
9 73 74
9 73 83
9 93 93
9 95 76
9 95 95
9 97 78
9 97 86
9 97 87
9 97 88
9 97 99
10 4 4
10 11 1
10 12 -1
10 17 6
10 17 8
10 17 18
10 17 29
10 17 39
10 23 23
10 23 33
10 31 31
10 35 25
10 35 34
10 35 35
10 35 37
10 53 53
10 54 -1
10 55 65
10 57 59
10 57 69
10 57 77
10 57 79
10 63 -1
10 70 60
10 70 71
10 72 91
10 73 74
10 73 83
10 73 84
10 93 92
10 95 76
10 95 95
10 95 96
10 97 78
10 97 98
11 4 4
11 11 1
11 12 -1
11 17 -1
11 23 -1
11 31 21
11 35 -1
11 53 -1
11 54 -1
11 55 -1
11 57 46
11 57 57
11 57 79
11 63 -1
11 70 80
11 72 72
11 73 -1
11 93 92
11 95 76
11 97 99
--- Done ---
