0 73 66
0 73 67
0 73 76
0 73 77
0 73 78
0 73 86
0 73 87
0 76 -1
1 7 -1
1 31 -1
1 39 -1
1 70 -1
1 73 0
1 73 9
1 73 15
1 73 22
1 73 24
1 73 27
1 73 31
1 73 42
1 73 43
1 73 54
1 73 60
1 73 84
1 73 91
1 76 13
1 76 23
1 76 28
1 76 29
1 76 33
1 76 55
1 76 56
1 76 59
1 76 67
1 76 76
1 76 77
1 76 78
1 76 86
1 76 87
1 76 88
1 76 89
1 76 99
1 88 -1
2 7 5
2 7 8
2 7 18
2 14 -1
2 29 -1
2 31 0
2 31 3
2 31 11
2 31 20
2 31 21
2 31 22
2 31 30
2 31 40
2 31 52
2 33 -1
2 38 -1
2 39 19
2 39 27
2 39 28
2 39 37
2 39 39
2 39 47
2 39 58
2 59 -1
2 70 50
2 70 60
2 70 61
2 70 70
2 70 80
2 70 81
2 73 54
2 73 62
2 73 63
2 73 74
2 73 82
2 73 84
2 73 92
2 76 36
2 76 66
2 76 69
2 76 76
2 76 77
2 76 85
2 76 86
2 76 95
2 88 78
2 88 79
2 88 87
2 88 88
2 88 99
2 95 -1
3 1 -1
3 2 -1
3 7 6
3 7 16
3 7 17
3 7 18
3 8 -1
3 13 -1
3 14 2
3 14 3
3 14 5
3 14 14
3 14 26
3 20 -1
3 22 -1
3 26 -1
3 28 -1
3 29 19
3 30 -1
3 31 0
3 31 21
3 31 22
3 31 31
3 31 40
3 31 41
3 31 51
3 33 1
3 33 10
3 33 25
3 33 32
3 33 43
3 33 44
3 33 45
3 34 -1
3 38 27
3 38 28
3 38 36
3 38 38
3 38 46
3 38 49
3 39 -1
3 43 -1
3 51 -1
3 52 -1
3 53 -1
3 58 -1
3 59 56
3 64 -1
3 70 60
3 70 70
3 70 71
3 70 80
3 70 90
3 70 91
3 73 54
3 73 62
3 73 63
3 73 64
3 73 72
3 73 73
3 73 82
3 73 83
3 73 84
3 74 -1
3 75 -1
3 76 66
3 76 67
3 76 75
3 76 76
3 76 77
3 76 86
3 87 -1
3 88 78
3 88 87
3 88 88
3 88 97
3 88 98
3 95 94
3 95 95
3 99 -1
4 1 0
4 2 2
4 7 6
4 7 7
4 7 16
4 8 8
4 8 9
4 13 23
4 13 24
4 14 3
4 14 4
4 14 5
4 14 14
4 14 15
4 20 10
4 22 12
4 22 22
4 26 27
4 26 36
4 28 18
4 28 28
4 29 19
4 30 40
4 31 21
4 31 31
4 31 41
4 33 32
4 33 33
4 34 34
4 34 45
4 38 37
4 38 38
4 38 46
4 38 47
4 38 49
4 39 -1
4 43 43
4 43 44
4 51 42
4 51 50
4 51 51
4 52 52
4 53 53
4 58 48
4 58 57
4 58 58
4 58 68
4 59 59
4 59 69
4 64 55
4 64 63
4 70 61
4 70 71
4 70 80
4 70 90
4 70 91
4 73 73
4 73 83
4 74 66
4 74 74
4 74 82
4 74 93
4 75 75
4 75 85
4 76 67
4 76 76
4 76 77
4 76 86
4 87 87
4 88 78
4 88 79
4 95 94
4 95 95
4 99 99
5 1 0
5 1 11
5 2 2
5 7 6
5 7 7
5 7 16
5 8 8
5 8 9
5 8 17
5 13 13
5 13 23
5 14 4
5 14 5
5 14 14
5 14 15
5 20 10
5 22 12
5 22 22
5 26 25
5 26 26
5 26 27
5 26 36
5 28 18
5 28 28
5 29 19
5 30 30
5 31 21
5 31 31
5 31 41
5 33 32
5 33 33
5 34 34
5 34 35
5 34 45
5 34 56
5 38 37
5 38 46
5 38 49
5 39 39
5 43 43
5 51 42
5 51 50
5 51 60
5 52 62
5 53 53
5 58 58
5 58 68
5 59 59
5 64 64
5 70 61
5 70 70
5 70 80
5 70 81
5 70 90
5 70 91
5 73 73
5 73 92
5 74 66
5 74 74
5 74 93
5 75 65
5 75 75
5 75 85
5 76 67
5 76 76
5 76 77
5 76 86
5 87 87
5 87 97
5 88 78
5 88 79
5 88 88
5 88 89
5 88 98
5 95 94
5 95 96
5 99 -1
6 1 0
6 1 1
6 1 11
6 2 -1
6 7 6
6 7 7
6 8 8
6 8 9
6 8 17
6 13 13
6 13 23
6 13 24
6 14 3
6 14 4
6 14 5
6 14 14
6 14 15
6 20 10
6 20 20
6 22 22
6 26 25
6 26 36
6 28 18
6 28 28
6 29 19
6 29 29
6 30 40
6 31 21
6 31 31
6 31 41
6 33 32
6 33 33
6 34 34
6 34 35
6 34 45
6 34 56
6 38 37
6 38 38
6 38 47
6 38 49
6 39 39
6 43 44
6 51 42
6 51 50
6 51 51
6 52 52
6 53 -1
6 58 48
6 58 58
6 58 68
6 59 59
6 59 69
6 64 54
6 64 55
6 64 63
6 70 70
6 70 71
6 70 80
6 70 90
6 70 91
6 73 73
6 73 83
6 73 92
6 74 66
6 74 74
6 74 82
6 74 84
6 74 93
6 75 65
6 75 75
6 75 85
6 76 67
6 76 76
6 76 77
6 76 86
6 87 87
6 87 97
6 88 79
6 88 88
6 88 89
6 88 98
6 95 94
6 95 95
6 95 96
6 99 99
7 1 0
7 1 1
7 1 11
7 2 -1
7 7 6
7 7 7
7 7 16
7 8 8
7 8 9
7 8 17
7 13 13
7 13 23
7 13 24
7 14 4
7 14 5
7 14 14
7 20 10
7 20 20
7 22 12
7 26 25
7 26 26
7 26 27
7 26 36
7 28 28
7 29 19
7 29 29
7 30 30
7 31 21
7 31 31
7 33 32
7 34 34
7 34 45
7 34 56
7 38 37
7 38 38
7 38 46
7 39 39
7 43 43
7 51 42
7 51 50
7 51 51
7 51 60
7 52 52
7 53 53
7 58 48
7 58 57
7 58 58
7 59 69
7 64 54
7 64 55
7 64 63
7 70 61
7 70 70
7 70 71
7 70 80
7 70 81
7 70 90
7 73 73
7 73 83
7 73 92
7 74 66
7 74 84
7 74 93
7 75 -1
7 76 76
7 76 77
7 87 87
7 87 97
7 88 78
7 88 79
7 88 88
7 88 98
7 95 95
7 99 99
8 1 1
8 1 11
8 2 -1
8 7 6
8 7 7
8 8 8
8 8 17
8 13 13
8 13 24
8 14 3
8 14 4
8 14 5
8 14 15
8 20 20
8 22 12
8 22 22
8 26 25
8 26 26
8 26 36
8 28 18
8 29 19
8 30 40
8 31 41
8 33 32
8 34 34
8 34 35
8 34 45
8 38 37
8 38 46
8 38 47
8 38 49
8 39 -1
8 43 44
8 51 51
8 52 52
8 53 53
8 58 48
8 58 57
8 58 58
8 59 59
8 64 64
8 70 61
8 70 70
8 70 71
8 70 80
8 70 81
8 70 90
8 73 72
8 73 73
8 73 83
8 73 92
8 74 66
8 75 -1
8 76 77
8 76 86
8 87 87
8 88 79
8 88 88
8 95 94
8 95 95
8 95 96
8 99 99
9 1 0
9 2 -1
9 7 16
9 8 9
9 13 -1
9 14 -1
9 20 10
9 22 12
9 22 22
9 26 27
9 28 28
9 29 19
9 30 30
9 30 40
9 31 41
9 33 -1
9 34 -1
9 38 37
9 38 46
9 38 47
9 39 -1
9 43 44
9 51 42
9 52 52
9 52 62
9 53 53
9 58 48
9 59 -1
9 64 55
9 64 63
9 70 70
9 70 91
9 73 72
9 73 73
9 73 83
9 74 74
9 74 93
9 75 -1
9 76 67
9 76 76
9 76 86
9 87 87
9 88 78
9 88 88
9 95 95
9 99 99
10 1 1
10 2 -1
10 7 6
10 8 8
10 13 23
10 14 4
10 20 -1
10 22 -1
10 26 25
10 28 18
10 29 29
10 30 -1
10 31 31
10 33 33
10 34 34
10 34 35
10 38 37
10 39 39
10 43 -1
10 51 60
10 52 -1
10 53 53
10 58 -1
10 59 59
10 59 69
10 64 -1
10 70 71
10 70 91
10 73 83
10 73 92
10 74 74
10 74 84
10 75 65
10 76 76
10 76 77
10 87 -1
10 88 78
10 88 79
10 88 98
10 95 95
10 95 96
10 99 -1
11 1 1
11 2 -1
11 7 -1
11 8 -1
11 13 -1
11 14 4
11 20 -1
11 22 -1
11 26 -1
11 28 -1
11 29 -1
11 30 -1
11 31 21
11 33 -1
11 34 -1
11 38 46
11 39 -1
11 43 -1
11 51 -1
11 52 -1
11 53 -1
11 58 57
11 59 -1
11 64 -1
11 70 80
11 73 72
11 73 92
11 74 -1
11 75 -1
11 76 76
11 87 -1
11 88 79
11 95 -1
11 99 99
--- Done ---
