0 62 78
0 62 86
0 62 76
0 62 77
0 62 87
0 73 66
0 73 67
1 4 0
1 4 23
1 38 9
1 38 89
1 38 99
1 38 13
1 38 24
1 38 28
1 38 29
1 38 56
1 38 59
1 38 67
1 38 88
1 38 27
1 62 78
1 62 86
1 62 15
1 62 33
1 62 54
1 62 60
1 62 84
1 62 87
1 62 91
1 62 22
1 62 31
1 62 42
1 62 43
1 62 55
1 62 76
1 62 77
1 73 -1
2 4 -1
2 25 20
2 25 0
2 25 30
2 25 11
2 25 52
2 25 63
2 25 22
2 25 62
2 38 39
2 38 69
2 38 79
2 38 99
2 38 3
2 38 19
2 38 37
2 38 40
2 38 58
2 38 66
2 38 77
2 38 88
2 38 8
2 38 18
2 38 28
2 38 36
2 38 47
2 38 76
2 38 5
2 38 27
2 62 78
2 62 21
2 62 50
2 62 54
2 62 60
2 62 61
2 62 70
2 62 74
2 62 80
2 62 81
2 62 82
2 62 84
2 62 86
2 62 87
2 73 85
2 73 92
2 73 95
3 4 1
3 4 0
3 4 2
3 4 3
3 4 6
3 4 10
3 4 21
3 4 43
3 25 19
3 25 25
3 25 41
3 25 63
3 25 72
3 25 83
3 25 86
3 25 14
3 25 22
3 25 28
3 25 49
3 25 64
3 25 75
3 25 5
3 25 16
3 25 17
3 25 18
3 25 26
3 25 31
3 25 32
3 25 36
3 25 45
3 25 46
3 25 56
3 38 38
3 58 98
3 58 54
3 58 82
3 58 95
3 58 66
3 58 67
3 58 77
3 58 88
3 58 62
3 58 76
3 58 27
3 58 44
3 62 90
3 62 40
3 62 51
3 62 60
3 62 70
3 62 71
3 62 78
3 62 80
3 62 84
3 62 87
3 62 91
3 62 94
3 73 97
3 73 73
4 4 0
4 4 2
4 4 3
4 4 4
4 4 6
4 4 10
4 4 21
4 4 23
4 4 7
4 4 14
4 4 22
4 4 24
4 4 28
4 4 33
4 4 34
4 4 42
4 4 43
4 4 5
4 4 8
4 4 16
4 4 18
4 4 36
4 4 46
4 25 41
4 25 63
4 25 83
4 38 9
4 38 19
4 38 40
4 38 69
4 38 79
4 38 99
4 38 53
4 38 59
4 38 37
4 38 38
4 38 48
4 38 49
4 38 57
4 38 66
4 38 67
4 38 68
4 38 77
4 58 85
4 58 74
4 58 82
4 58 86
4 58 95
4 58 52
4 58 58
4 58 75
4 58 32
4 58 45
4 58 47
4 58 27
4 58 31
4 58 44
4 58 55
4 58 76
4 62 90
4 62 50
4 62 51
4 62 61
4 62 71
4 62 78
4 62 80
4 62 87
4 62 91
4 62 93
4 62 94
4 62 12
4 62 15
4 73 73
5 4 0
5 4 2
5 4 4
5 4 6
5 4 10
5 4 21
5 4 23
5 4 11
5 4 12
5 4 15
5 4 7
5 4 22
5 4 28
5 4 33
5 4 34
5 4 42
5 4 43
5 4 8
5 4 13
5 25 25
5 38 89
5 38 19
5 38 68
5 38 16
5 38 17
5 38 18
5 38 26
5 38 36
5 38 46
5 38 65
5 38 76
5 58 98
5 58 9
5 58 39
5 58 79
5 58 85
5 58 35
5 58 59
5 58 74
5 58 86
5 58 14
5 58 37
5 58 49
5 58 58
5 58 66
5 58 67
5 62 90
5 62 30
5 62 50
5 62 60
5 62 61
5 62 70
5 62 78
5 62 80
5 62 81
5 62 87
5 62 91
5 62 92
5 62 93
5 62 97
5 73 96
5 73 94
5 73 41
5 73 53
5 73 73
5 73 64
5 73 75
5 73 77
5 73 88
5 73 31
5 73 62
5 73 5
5 73 27
5 73 32
5 73 45
5 73 56
6 4 1
6 4 3
6 4 4
6 4 6
6 4 10
6 4 21
6 4 23
6 4 7
6 4 24
6 4 28
6 4 47
6 4 55
6 4 44
6 25 20
6 25 0
6 25 19
6 25 25
6 25 63
6 25 83
6 25 5
6 25 18
6 25 22
6 25 34
6 25 42
6 25 17
6 25 31
6 25 32
6 25 36
6 25 45
6 38 89
6 38 38
6 58 98
6 58 9
6 58 39
6 58 69
6 58 79
6 58 85
6 58 99
6 58 14
6 58 37
6 58 48
6 58 49
6 58 58
6 58 66
6 58 67
6 58 68
6 58 88
6 58 95
6 58 8
6 58 13
6 58 52
6 58 75
6 62 90
6 62 40
6 62 50
6 62 51
6 62 70
6 62 71
6 62 80
6 62 84
6 62 87
6 62 91
6 62 92
6 62 93
6 62 94
6 62 97
6 62 11
6 62 15
6 62 29
6 62 35
6 62 41
6 62 54
6 62 59
6 62 74
6 62 82
6 62 86
6 62 33
6 73 96
6 73 73
6 73 77
6 73 56
6 73 65
6 73 76
7 4 1
7 4 0
7 4 4
7 4 6
7 4 10
7 4 21
7 4 23
7 4 7
7 4 14
7 4 24
7 4 28
7 4 5
7 4 8
7 4 13
7 4 16
7 4 26
7 4 42
7 4 43
7 4 17
7 4 31
7 4 36
7 4 46
7 4 55
7 25 20
7 25 19
7 25 25
7 25 30
7 38 38
7 58 98
7 58 9
7 58 39
7 58 69
7 58 79
7 58 99
7 58 37
7 58 48
7 58 57
7 58 58
7 58 66
7 58 88
7 58 95
7 58 52
7 58 77
7 58 32
7 58 45
7 58 56
7 58 76
7 58 27
7 62 90
7 62 50
7 62 51
7 62 60
7 62 61
7 62 70
7 62 71
7 62 78
7 62 80
7 62 81
7 62 84
7 62 87
7 62 92
7 62 93
7 62 97
7 62 11
7 62 12
7 62 29
7 62 53
7 62 54
7 62 63
7 62 83
7 62 34
7 73 73
8 4 1
8 4 3
8 4 4
8 4 6
8 4 7
8 4 24
8 25 20
8 25 19
8 25 25
8 25 37
8 25 48
8 25 49
8 25 86
8 25 22
8 25 34
8 25 52
8 25 64
8 25 5
8 25 8
8 25 13
8 25 17
8 25 18
8 25 26
8 25 32
8 25 36
8 25 45
8 25 46
8 25 47
8 25 44
8 38 79
8 38 99
8 38 57
8 38 66
8 38 77
8 38 88
8 58 58
8 62 90
8 62 40
8 62 51
8 62 61
8 62 70
8 62 71
8 62 80
8 62 81
8 62 87
8 62 92
8 62 94
8 62 11
8 62 12
8 62 15
8 62 35
8 62 41
8 62 53
8 62 59
8 62 72
8 62 83
8 73 96
8 73 73
8 73 95
9 4 0
9 25 30
9 38 9
9 38 10
9 38 19
9 38 40
9 38 99
9 38 28
9 38 37
9 38 48
9 38 67
9 38 88
9 38 16
9 38 47
9 38 27
9 58 -1
9 62 70
9 62 78
9 62 87
9 62 91
9 62 93
9 62 12
9 62 41
9 62 53
9 62 63
9 62 72
9 62 74
9 62 83
9 62 86
9 62 95
9 62 22
9 62 42
9 62 52
9 62 46
9 62 55
9 62 62
9 62 76
9 62 44
9 73 73
10 4 1
10 4 4
10 4 6
10 4 23
10 4 34
10 25 25
10 38 -1
10 58 98
10 58 39
10 58 69
10 58 78
10 58 79
10 58 29
10 58 35
10 58 37
10 58 59
10 58 74
10 58 95
10 58 8
10 58 18
10 58 33
10 58 77
10 58 31
10 58 65
10 58 76
10 62 -1
10 73 96
10 73 60
10 73 71
10 73 84
10 73 91
10 73 92
10 73 53
10 73 83
11 4 1
11 4 4
11 4 21
11 4 46
11 25 -1
11 38 79
11 38 99
11 38 57
11 38 76
11 58 -1
11 62 80
11 62 92
11 62 72
11 73 -1
--- Done ---
