0 62 78
0 62 86
0 62 76
0 62 77
0 62 87
0 73 66
0 73 67
1 4 0
1 4 23
1 38 9
1 38 89
1 38 99
1 38 13
1 38 24
1 38 28
1 38 29
1 38 56
1 38 59
1 38 67
1 38 88
1 38 27
1 62 78
1 62 86
1 62 15
1 62 33
1 62 54
1 62 60
1 62 84
1 62 87
1 62 91
1 62 22
1 62 31
1 62 42
1 62 43
1 62 55
1 62 76
1 62 77
1 73 -1
2 4 -1
2 38 19
2 38 37
2 38 39
2 38 58
2 38 69
2 38 79
2 38 99
2 38 8
2 38 18
2 38 28
2 38 66
2 38 88
2 38 3
2 38 5
2 38 27
2 38 47
2 38 77
2 38 76
2 41 20
2 41 0
2 41 52
2 41 54
2 41 60
2 41 61
2 41 63
2 41 70
2 41 74
2 41 80
2 41 82
2 41 84
2 41 22
2 41 62
2 62 78
2 62 86
2 62 30
2 62 81
2 62 87
2 62 92
2 62 95
2 62 11
2 62 21
2 62 36
2 62 40
2 62 50
2 73 85
3 4 1
3 4 0
3 4 2
3 4 6
3 4 14
3 4 16
3 4 18
3 4 25
3 4 26
3 4 28
3 4 21
3 4 31
3 4 22
3 4 43
3 4 62
3 4 44
3 35 98
3 38 19
3 38 49
3 38 38
3 38 88
3 38 10
3 38 45
3 38 56
3 38 66
3 38 67
3 38 77
3 38 17
3 38 36
3 38 40
3 38 46
3 38 3
3 38 5
3 38 27
3 38 32
3 38 64
3 38 76
3 41 41
3 41 80
3 41 82
3 41 84
3 41 51
3 41 54
3 41 63
3 41 71
3 41 75
3 41 83
3 62 86
3 62 78
3 62 87
3 62 90
3 62 91
3 62 94
3 62 95
3 62 97
3 62 60
3 62 70
3 62 72
3 73 73
4 4 0
4 4 2
4 4 4
4 4 6
4 4 14
4 4 23
4 4 34
4 4 36
4 4 46
4 4 3
4 4 21
4 4 33
4 4 47
4 4 22
4 4 42
4 4 43
4 4 44
4 35 -1
4 38 9
4 38 19
4 38 49
4 38 68
4 38 79
4 38 99
4 38 37
4 38 38
4 38 48
4 38 58
4 38 59
4 38 69
4 38 7
4 38 8
4 38 10
4 38 16
4 38 18
4 38 24
4 38 28
4 38 45
4 41 41
4 41 40
4 62 86
4 62 78
4 62 87
4 62 90
4 62 91
4 62 94
4 62 95
4 62 12
4 62 15
4 62 77
4 73 85
4 73 57
4 73 66
4 73 67
4 73 50
4 73 53
4 73 61
4 73 74
4 73 80
4 73 82
4 73 93
4 73 5
4 73 27
4 73 31
4 73 32
4 73 51
4 73 52
4 73 55
4 73 63
4 73 71
4 73 73
4 73 75
4 73 76
4 73 83
5 4 0
5 4 2
5 4 4
5 4 6
5 4 14
5 4 15
5 4 23
5 4 25
5 4 13
5 4 17
5 4 34
5 4 36
5 4 46
5 4 31
5 4 21
5 4 22
5 4 33
5 4 42
5 4 43
5 35 98
5 35 35
5 38 9
5 38 19
5 38 49
5 38 68
5 38 79
5 38 89
5 38 37
5 38 39
5 38 58
5 38 59
5 38 88
5 38 7
5 38 8
5 38 10
5 38 16
5 38 18
5 38 26
5 38 28
5 41 41
5 41 61
5 41 70
5 41 74
5 41 80
5 41 93
5 41 32
5 41 64
5 41 65
5 41 73
5 41 75
5 41 76
5 41 62
5 62 86
5 62 78
5 62 81
5 62 87
5 62 90
5 62 91
5 62 92
5 62 94
5 62 97
5 62 11
5 62 12
5 62 30
5 73 85
5 73 96
5 73 45
5 73 56
5 73 66
5 73 67
5 73 77
5 73 5
5 73 27
5 73 50
5 73 53
5 73 60
6 4 1
6 4 0
6 4 4
6 4 6
6 4 11
6 4 14
6 4 15
6 4 23
6 4 25
6 4 3
6 4 13
6 4 17
6 4 34
6 4 36
6 4 47
6 4 21
6 4 31
6 4 33
6 4 55
6 4 22
6 4 42
6 4 44
6 35 98
6 35 20
6 35 35
6 35 40
6 35 52
6 35 54
6 35 63
6 35 65
6 35 71
6 35 73
6 35 75
6 35 76
6 35 83
6 38 9
6 38 19
6 38 49
6 38 68
6 38 79
6 38 89
6 38 99
6 38 37
6 38 38
6 38 39
6 38 48
6 38 58
6 38 59
6 38 69
6 38 88
6 38 7
6 38 8
6 38 10
6 38 18
6 38 24
6 38 28
6 38 29
6 41 41
6 62 86
6 62 90
6 73 85
6 73 96
6 73 87
6 73 91
6 73 92
6 73 94
6 73 95
6 73 97
6 73 45
6 73 56
6 73 66
6 73 67
6 73 77
6 73 5
6 73 50
6 73 70
6 73 74
6 73 80
6 73 82
6 73 84
6 73 93
6 73 32
6 73 51
7 4 1
7 4 0
7 4 4
7 4 6
7 4 14
7 4 23
7 4 25
7 4 5
7 4 13
7 4 27
7 4 31
7 4 55
7 4 42
7 4 43
7 35 98
7 35 20
7 35 78
7 35 32
7 35 52
7 35 54
7 35 63
7 35 71
7 35 76
7 35 83
7 38 9
7 38 19
7 38 79
7 38 99
7 38 37
7 38 38
7 38 39
7 38 48
7 38 58
7 38 69
7 38 88
7 38 7
7 38 8
7 38 10
7 38 16
7 38 24
7 38 26
7 38 28
7 38 29
7 38 45
7 38 56
7 38 57
7 38 66
7 41 -1
7 62 81
7 62 87
7 62 90
7 62 92
7 62 95
7 62 97
7 62 11
7 62 12
7 62 30
7 62 50
7 62 60
7 62 61
7 62 77
7 62 17
7 62 34
7 62 36
7 62 46
7 62 53
7 62 70
7 62 80
7 62 84
7 62 93
7 62 21
7 62 51
7 73 73
8 4 1
8 4 4
8 4 6
8 4 25
8 4 47
8 35 20
8 35 35
8 38 19
8 38 49
8 38 79
8 38 99
8 38 37
8 38 48
8 38 58
8 38 59
8 38 88
8 38 7
8 38 8
8 38 18
8 38 24
8 38 26
8 38 45
8 38 57
8 38 66
8 38 77
8 38 3
8 38 5
8 38 13
8 38 17
8 38 34
8 38 36
8 38 40
8 38 46
8 41 41
8 62 86
8 62 81
8 62 87
8 62 90
8 62 92
8 62 94
8 62 95
8 62 11
8 62 12
8 62 15
8 62 61
8 62 70
8 62 72
8 62 80
8 62 53
8 62 32
8 62 51
8 62 52
8 62 64
8 62 71
8 62 83
8 62 22
8 62 44
8 73 96
8 73 73
9 4 0
9 35 -1
9 38 9
9 38 19
9 38 99
9 38 37
9 38 48
9 38 88
9 38 10
9 38 16
9 38 28
9 38 67
9 38 27
9 38 40
9 38 46
9 38 47
9 38 53
9 38 76
9 38 44
9 41 41
9 62 86
9 62 78
9 62 87
9 62 91
9 62 95
9 62 12
9 62 30
9 62 70
9 62 72
9 62 74
9 62 93
9 62 52
9 62 55
9 62 63
9 62 83
9 62 22
9 62 42
9 62 62
9 73 73
10 4 1
10 4 4
10 4 6
10 35 98
10 35 37
10 35 39
10 35 69
10 35 78
10 35 8
10 35 18
10 35 23
10 35 25
10 35 29
10 35 35
10 35 33
10 35 34
10 35 71
10 35 83
10 35 65
10 35 76
10 38 79
10 38 59
10 41 -1
10 62 -1
10 73 96
10 73 91
10 73 92
10 73 95
10 73 60
10 73 74
10 73 77
10 73 84
10 73 31
10 73 53
11 4 1
11 4 4
11 35 -1
11 38 79
11 38 99
11 38 57
11 41 -1
11 62 92
11 62 72
11 62 80
11 62 21
11 62 46
11 62 76
11 73 -1
--- Done ---
