0 73 -1
0 75 66
0 75 67
0 75 77
0 75 78
0 75 86
0 75 76
0 75 87
1 2 -1
1 7 9
1 7 28
1 7 29
1 7 15
1 7 27
1 7 24
1 7 33
1 7 23
1 11 31
1 11 0
1 11 13
1 21 -1
1 69 55
1 69 59
1 69 88
1 69 89
1 69 99
1 69 56
1 69 67
1 69 77
1 69 78
1 70 91
1 73 43
1 73 54
1 73 42
1 73 60
1 73 84
1 73 87
1 73 76
1 73 22
1 75 86
2 2 0
2 2 3
2 2 20
2 2 22
2 7 8
2 7 19
2 7 28
2 7 27
2 7 5
2 11 11
2 21 21
2 69 37
2 69 47
2 69 69
2 69 79
2 69 88
2 69 99
2 69 18
2 69 39
2 69 58
2 69 77
2 69 78
2 70 40
2 70 80
2 70 60
2 70 61
2 70 70
2 70 81
2 70 92
2 70 30
2 70 50
2 70 52
2 70 76
2 70 82
2 73 54
2 75 66
2 75 85
2 75 86
2 75 36
2 75 84
2 75 87
2 75 95
2 75 63
2 75 74
2 75 62
3 2 14
3 2 2
3 7 6
3 7 17
3 7 19
3 7 28
3 7 16
3 7 18
3 7 26
3 7 27
3 7 49
3 7 5
3 7 32
3 11 10
3 11 31
3 11 0
3 11 1
3 11 3
3 11 22
3 21 21
3 21 36
3 55 25
3 66 98
3 66 38
3 66 86
3 66 88
3 66 43
3 66 44
3 66 54
3 66 66
3 66 77
3 66 78
3 66 45
3 66 56
3 66 64
3 66 67
3 66 76
3 66 84
3 66 94
3 66 46
3 69 -1
3 70 40
3 70 80
3 70 90
3 70 91
3 70 60
3 70 70
3 70 71
3 70 41
3 70 51
3 70 82
3 70 62
3 70 63
3 70 72
3 70 83
3 73 73
3 73 97
3 73 95
3 73 87
3 75 75
4 2 14
4 2 2
4 7 6
4 7 7
4 7 8
4 7 9
4 7 19
4 7 28
4 7 16
4 7 18
4 7 27
4 7 49
4 7 5
4 7 15
4 7 24
4 7 32
4 7 4
4 7 33
4 7 34
4 7 45
4 7 23
4 7 46
4 11 10
4 11 31
4 11 42
4 11 0
4 11 3
4 11 41
4 11 50
4 11 12
4 11 22
4 21 21
4 21 36
4 55 55
4 55 95
4 66 85
4 66 86
4 66 43
4 66 44
4 66 66
4 66 93
4 66 87
4 66 94
4 66 74
4 69 59
4 69 37
4 69 38
4 69 48
4 69 69
4 69 79
4 69 47
4 69 57
4 69 77
4 69 78
4 69 99
4 69 58
4 69 67
4 69 68
4 70 40
4 70 80
4 70 90
4 70 91
4 70 61
4 70 71
4 70 51
4 70 82
4 70 52
4 70 53
4 70 63
4 70 76
4 70 83
4 73 73
4 75 75
5 2 14
5 2 2
5 7 6
5 7 7
5 7 8
5 7 9
5 7 17
5 7 19
5 7 28
5 7 16
5 7 18
5 7 26
5 7 27
5 7 39
5 7 49
5 7 5
5 7 15
5 7 32
5 7 45
5 7 4
5 7 33
5 11 10
5 11 31
5 11 42
5 11 0
5 11 11
5 11 13
5 11 12
5 11 34
5 11 23
5 21 21
5 21 36
5 55 25
5 66 98
5 66 35
5 66 37
5 66 79
5 66 85
5 66 86
5 66 88
5 66 43
5 66 66
5 66 77
5 66 78
5 66 93
5 69 59
5 69 89
5 69 56
5 69 58
5 69 67
5 69 68
5 69 46
5 70 80
5 70 90
5 70 91
5 70 60
5 70 61
5 70 70
5 70 81
5 70 92
5 70 30
5 70 41
5 70 50
5 70 76
5 70 94
5 73 73
5 73 97
5 73 64
5 73 65
5 73 87
5 73 96
5 73 22
5 73 53
5 73 62
5 73 74
5 75 75
6 2 14
6 7 6
6 7 7
6 7 8
6 7 9
6 7 17
6 7 19
6 7 28
6 7 29
6 7 18
6 7 39
6 7 49
6 7 5
6 7 15
6 7 24
6 7 32
6 7 4
6 7 33
6 7 34
6 7 45
6 7 23
6 11 10
6 11 31
6 11 42
6 11 0
6 11 1
6 11 3
6 11 11
6 11 13
6 11 20
6 11 41
6 11 50
6 11 22
6 21 21
6 21 36
6 55 25
6 55 55
6 55 68
6 66 98
6 66 35
6 66 37
6 66 38
6 66 48
6 66 79
6 66 85
6 66 86
6 66 88
6 66 44
6 66 47
6 66 54
6 66 66
6 66 77
6 66 93
6 66 99
6 66 56
6 66 58
6 66 65
6 66 67
6 66 76
6 69 59
6 69 89
6 69 69
6 70 40
6 70 80
6 70 90
6 70 91
6 70 70
6 70 71
6 70 92
6 70 51
6 70 82
6 70 52
6 70 63
6 70 83
6 70 94
6 70 74
6 73 73
6 73 97
6 73 95
6 73 96
6 73 84
6 73 87
6 75 75
7 2 14
7 7 6
7 7 7
7 7 8
7 7 9
7 7 17
7 7 19
7 7 28
7 7 29
7 7 16
7 7 26
7 7 27
7 7 39
7 7 5
7 7 24
7 7 32
7 7 4
7 7 34
7 7 45
7 7 23
7 7 46
7 11 10
7 11 31
7 11 42
7 11 0
7 11 1
7 11 11
7 11 13
7 11 20
7 11 30
7 11 50
7 11 12
7 21 21
7 21 36
7 55 25
7 55 55
7 66 98
7 66 37
7 66 38
7 66 48
7 66 79
7 66 88
7 66 43
7 66 54
7 66 57
7 66 66
7 66 77
7 66 78
7 66 93
7 66 99
7 66 56
7 66 58
7 66 76
7 66 83
7 66 84
7 66 87
7 69 69
7 70 80
7 70 90
7 70 60
7 70 61
7 70 70
7 70 71
7 70 81
7 70 92
7 70 51
7 70 52
7 70 53
7 70 63
7 73 73
7 73 97
7 73 95
7 75 -1
8 2 1
8 2 3
8 2 13
8 2 20
8 2 22
8 7 6
8 7 7
8 7 8
8 7 17
8 7 19
8 7 18
8 7 26
8 7 49
8 7 5
8 7 15
8 7 24
8 7 32
8 7 4
8 7 34
8 7 45
8 7 46
8 11 11
8 21 -1
8 55 25
8 55 35
8 55 36
8 55 44
8 55 95
8 55 96
8 55 12
8 55 64
8 55 87
8 66 86
8 66 66
8 69 59
8 69 37
8 69 48
8 69 79
8 69 88
8 69 47
8 69 57
8 69 77
8 69 99
8 69 58
8 70 40
8 70 80
8 70 90
8 70 61
8 70 70
8 70 71
8 70 81
8 70 92
8 70 41
8 70 51
8 70 52
8 70 53
8 70 72
8 70 83
8 70 94
8 73 73
8 75 -1
9 2 -1
9 7 9
9 7 19
9 7 28
9 7 16
9 7 27
9 11 10
9 11 42
9 11 0
9 11 12
9 11 22
9 21 -1
9 55 55
9 55 95
9 66 37
9 66 48
9 66 86
9 66 88
9 66 44
9 66 47
9 66 78
9 66 93
9 66 99
9 66 67
9 66 87
9 66 46
9 69 -1
9 70 40
9 70 91
9 70 70
9 70 30
9 70 41
9 70 52
9 70 53
9 70 62
9 70 63
9 70 72
9 70 76
9 70 83
9 70 74
9 73 73
9 75 -1
10 2 -1
10 7 6
10 7 8
10 7 29
10 7 18
10 7 39
10 7 4
10 7 33
10 7 34
10 7 23
10 11 31
10 11 1
10 21 -1
10 55 25
10 55 95
10 55 96
10 66 98
10 66 35
10 66 37
10 66 79
10 66 77
10 66 78
10 66 65
10 66 76
10 66 83
10 66 84
10 66 74
10 69 59
10 69 69
10 70 91
10 70 60
10 70 71
10 70 92
10 70 53
10 73 -1
10 75 -1
11 2 1
11 2 4
11 7 -1
11 11 -1
11 21 21
11 55 -1
11 66 79
11 66 57
11 66 99
11 66 76
11 66 46
11 69 -1
11 70 80
11 70 92
11 70 72
11 73 -1
11 75 -1
--- Done ---
