0 43 53
0 43 62
0 43 63
0 43 64
0 43 73
1 43 2
1 43 3
1 43 5
1 43 15
1 43 21
1 43 22
1 43 23
1 43 30
1 43 31
1 43 32
1 43 34
1 43 40
1 43 42
1 43 43
1 43 44
1 43 54
1 43 55
1 43 60
1 43 63
1 43 70
1 43 73
1 43 82
1 43 84
1 43 85
1 43 90
1 43 92
1 43 93
1 43 94
1 48 6
1 48 17
1 48 26
1 48 36
1 48 37
1 48 38
1 48 47
1 48 48
1 48 67
1 48 68
1 48 69
1 48 77
1 48 87
1 48 89
1 48 96
2 43 2
2 43 10
2 43 13
2 43 15
2 43 25
2 43 33
2 43 35
2 43 43
2 43 45
2 43 50
2 43 52
2 43 53
2 43 61
2 43 64
2 43 65
2 43 70
2 43 72
2 43 75
2 43 82
2 43 83
2 43 84
2 43 90
2 43 92
2 43 93
2 43 94
2 48 16
2 48 17
2 48 19
2 48 27
2 48 28
2 48 37
2 48 39
2 48 46
2 48 59
2 48 66
2 48 78
2 48 88
2 48 96
2 48 97
2 48 98
2 48 99
3 43 5
3 43 12
3 43 13
3 43 14
3 43 15
3 43 20
3 43 24
3 43 25
3 43 30
3 43 35
3 43 40
3 43 41
3 43 44
3 43 51
3 43 52
3 43 53
3 43 54
3 43 55
3 43 63
3 43 64
3 43 70
3 43 71
3 43 72
3 43 74
3 43 75
3 43 81
3 43 82
3 43 84
3 43 93
3 43 95
3 48 8
3 48 16
3 48 17
3 48 26
3 48 27
3 48 36
3 48 38
3 48 49
3 48 57
3 48 76
3 48 78
3 48 79
3 48 89
3 48 99
4 43 0
4 43 1
4 43 2
4 43 3
4 43 13
4 43 15
4 43 24
4 43 25
4 43 32
4 43 33
4 43 34
4 43 35
4 43 43
4 43 44
4 43 54
4 43 62
4 43 63
4 43 64
4 43 65
4 43 74
4 43 75
4 43 83
4 43 84
4 43 92
4 48 7
4 48 8
4 48 16
4 48 17
4 48 26
4 48 27
4 48 38
4 48 39
4 48 46
4 48 47
4 48 49
4 48 56
4 48 57
4 48 58
4 48 59
4 48 79
4 48 86
4 48 87
4 48 89
4 48 96
4 48 98
4 48 99
5 43 1
5 43 11
5 43 12
5 43 13
5 43 21
5 43 23
5 43 24
5 43 25
5 43 31
5 43 34
5 43 41
5 43 42
5 43 51
5 43 53
5 43 55
5 43 61
5 43 62
5 43 63
5 43 64
5 43 70
5 43 72
5 43 73
5 43 74
5 43 75
5 43 80
5 43 82
5 43 90
5 43 92
5 43 94
5 43 95
5 48 7
5 48 9
5 48 16
5 48 19
5 48 26
5 48 27
5 48 29
5 48 47
5 48 66
5 48 67
5 48 76
5 48 77
5 48 79
5 48 86
5 48 87
5 48 88
5 48 89
5 48 96
6 43 4
6 43 5
6 43 13
6 43 14
6 43 15
6 43 20
6 43 21
6 43 22
6 43 25
6 43 32
6 43 33
6 43 34
6 43 35
6 43 40
6 43 41
6 43 43
6 43 51
6 43 52
6 43 55
6 43 60
6 43 61
6 43 62
6 43 63
6 43 72
6 43 74
6 43 80
6 43 91
6 43 92
6 43 94
6 48 8
6 48 16
6 48 17
6 48 19
6 48 26
6 48 27
6 48 28
6 48 37
6 48 39
6 48 46
6 48 48
6 48 67
6 48 68
6 48 76
6 48 86
6 48 87
6 48 89
7 43 3
7 43 4
7 43 5
7 43 14
7 43 20
7 43 23
7 43 24
7 43 25
7 43 31
7 43 32
7 43 34
7 43 51
7 43 55
7 43 61
7 43 63
7 43 65
7 43 71
7 43 75
7 43 80
7 43 83
7 43 90
7 43 91
7 43 95
7 48 6
7 48 9
7 48 16
7 48 17
7 48 19
7 48 28
7 48 37
7 48 38
7 48 39
7 48 47
7 48 48
7 48 57
7 48 59
7 48 68
7 48 69
7 48 76
7 48 77
7 48 79
7 48 86
7 48 87
7 48 89
7 48 98
7 48 99
8 43 1
8 43 2
8 43 5
8 43 11
8 43 13
8 43 20
8 43 22
8 43 30
8 43 35
8 43 40
8 43 44
8 43 51
8 43 52
8 43 53
8 43 55
8 43 60
8 43 62
8 43 64
8 43 70
8 43 73
8 43 74
8 43 75
8 43 81
8 43 90
8 43 93
8 43 94
8 43 95
8 48 6
8 48 16
8 48 26
8 48 28
8 48 29
8 48 36
8 48 39
8 48 46
8 48 47
8 48 48
8 48 56
8 48 58
8 48 66
8 48 67
8 48 68
8 48 76
8 48 86
8 48 96
8 48 97
8 48 98
9 43 2
9 43 4
9 43 10
9 43 13
9 43 20
9 43 21
9 43 22
9 43 23
9 43 24
9 43 25
9 43 33
9 43 40
9 43 41
9 43 43
9 43 44
9 43 45
9 43 50
9 43 52
9 43 53
9 43 54
9 43 55
9 43 62
9 43 65
9 43 70
9 43 75
9 43 81
9 43 83
9 43 91
9 43 94
9 48 6
9 48 8
9 48 17
9 48 27
9 48 28
9 48 36
9 48 37
9 48 47
9 48 48
9 48 56
9 48 57
9 48 59
9 48 66
9 48 68
9 48 76
9 48 78
9 48 79
9 48 89
9 48 96
9 48 97
--- Done ---
