0 43 53
0 43 62
0 43 63
0 43 64
0 43 73
1 43 2
1 43 3
1 43 5
1 43 6
1 43 15
1 43 21
1 43 22
1 43 23
1 43 30
1 43 31
1 43 32
1 43 34
1 43 38
1 43 40
1 43 43
1 43 54
1 43 55
1 43 60
1 43 63
1 43 67
1 43 68
1 43 77
1 43 82
1 43 84
1 43 87
1 43 93
1 43 94
1 65 17
1 65 26
1 65 36
1 65 37
1 65 42
1 65 44
1 65 47
1 65 48
1 65 69
1 65 70
1 65 73
1 65 85
1 65 89
1 65 90
1 65 92
1 65 96
2 43 2
2 43 10
2 43 15
2 43 25
2 43 27
2 43 33
2 43 35
2 43 37
2 43 39
2 43 43
2 43 46
2 43 50
2 43 61
2 43 64
2 43 66
2 43 72
2 43 75
2 43 82
2 43 83
2 43 84
2 43 94
2 43 97
2 65 13
2 65 16
2 65 17
2 65 19
2 65 28
2 65 45
2 65 52
2 65 53
2 65 59
2 65 65
2 65 70
2 65 78
2 65 88
2 65 90
2 65 92
2 65 93
2 65 96
2 65 98
2 65 99
3 39 8
3 39 17
3 39 25
3 39 36
3 39 49
3 39 78
3 39 79
3 39 95
3 39 99
3 43 5
3 43 12
3 43 13
3 43 14
3 43 15
3 43 16
3 43 20
3 43 24
3 43 27
3 43 30
3 43 40
3 43 41
3 43 51
3 43 53
3 43 54
3 43 55
3 43 63
3 43 64
3 43 71
3 43 72
3 43 75
3 43 76
3 43 81
3 43 82
3 43 84
3 43 93
3 65 26
3 65 35
3 65 38
3 65 44
3 65 52
3 65 57
3 65 70
3 65 74
3 65 89
4 39 8
4 39 16
4 39 25
4 39 27
4 39 38
4 39 39
4 39 44
4 39 49
4 39 64
4 39 79
4 39 89
4 43 0
4 43 1
4 43 2
4 43 3
4 43 7
4 43 15
4 43 24
4 43 26
4 43 32
4 43 33
4 43 35
4 43 43
4 43 56
4 43 57
4 43 58
4 43 62
4 43 63
4 43 74
4 43 75
4 43 84
4 43 86
4 43 87
4 65 13
4 65 17
4 65 34
4 65 46
4 65 47
4 65 54
4 65 59
4 65 65
4 65 83
4 65 92
4 65 96
4 65 98
4 65 99
5 39 9
5 39 16
5 39 19
5 39 27
5 39 29
5 39 47
5 39 64
5 39 70
5 39 79
5 39 87
5 39 88
5 39 89
5 39 92
5 39 95
5 43 1
5 43 7
5 43 11
5 43 12
5 43 21
5 43 23
5 43 24
5 43 25
5 43 31
5 43 34
5 43 41
5 43 42
5 43 51
5 43 53
5 43 55
5 43 61
5 43 62
5 43 63
5 43 66
5 43 67
5 43 72
5 43 73
5 43 74
5 43 75
5 43 76
5 43 77
5 43 80
5 43 82
5 43 86
5 43 94
5 65 13
5 65 26
5 65 90
5 65 96
6 39 8
6 39 17
6 39 19
6 39 25
6 39 27
6 39 28
6 39 39
6 39 46
6 39 48
6 39 55
6 39 74
6 39 89
6 43 4
6 43 5
6 43 13
6 43 14
6 43 15
6 43 16
6 43 20
6 43 21
6 43 26
6 43 33
6 43 35
6 43 37
6 43 40
6 43 41
6 43 43
6 43 51
6 43 52
6 43 60
6 43 61
6 43 62
6 43 63
6 43 67
6 43 68
6 43 72
6 43 76
6 43 80
6 43 87
6 43 91
6 65 22
6 65 32
6 65 34
6 65 86
6 65 92
6 65 94
7 39 9
7 39 16
7 39 28
7 39 37
7 39 39
7 39 47
7 39 89
7 39 95
7 39 99
7 43 3
7 43 4
7 43 5
7 43 6
7 43 14
7 43 20
7 43 23
7 43 31
7 43 32
7 43 34
7 43 38
7 43 48
7 43 51
7 43 55
7 43 61
7 43 68
7 43 71
7 43 75
7 43 76
7 43 80
7 43 83
7 43 86
7 43 87
7 43 91
7 65 17
7 65 19
7 65 24
7 65 25
7 65 57
7 65 59
7 65 63
7 65 65
7 65 69
7 65 77
7 65 79
7 65 90
7 65 98
8 39 39
8 39 44
8 39 53
8 39 55
8 39 97
8 43 1
8 43 2
8 43 5
8 43 6
8 43 11
8 43 20
8 43 30
8 43 40
8 43 46
8 43 48
8 43 51
8 43 56
8 43 60
8 43 62
8 43 64
8 43 68
8 43 73
8 43 74
8 43 75
8 43 76
8 43 81
8 43 86
8 43 93
8 65 13
8 65 16
8 65 22
8 65 26
8 65 28
8 65 29
8 65 35
8 65 36
8 65 47
8 65 52
8 65 58
8 65 66
8 65 67
8 65 70
8 65 90
8 65 94
8 65 95
8 65 96
8 65 98
9 39 8
9 39 17
9 39 20
9 39 36
9 39 40
9 39 59
9 39 68
9 39 97
9 43 2
9 43 4
9 43 6
9 43 10
9 43 13
9 43 21
9 43 22
9 43 23
9 43 24
9 43 25
9 43 27
9 43 33
9 43 41
9 43 43
9 43 44
9 43 48
9 43 52
9 43 53
9 43 54
9 43 55
9 43 56
9 43 57
9 43 62
9 43 66
9 43 75
9 43 76
9 43 81
9 43 83
9 43 91
9 65 28
9 65 37
9 65 45
9 65 47
9 65 50
9 65 65
9 65 70
9 65 78
9 65 79
9 65 89
9 65 94
9 65 96
--- Done ---
