0 53 53
0 53 62
0 53 63
0 53 64
0 53 73
1 39 6
1 39 17
1 39 26
1 39 36
1 39 37
1 39 38
1 39 47
1 39 48
1 39 69
1 43 2
1 43 3
1 43 5
1 43 15
1 43 21
1 43 22
1 43 23
1 43 30
1 43 31
1 43 32
1 43 34
1 43 40
1 43 42
1 43 43
1 43 44
1 53 54
1 53 55
1 53 60
1 53 63
1 53 70
1 53 73
1 53 82
1 53 90
1 53 92
1 76 67
1 76 68
1 76 77
1 76 84
1 76 85
1 76 87
1 76 89
1 76 93
1 76 94
1 76 96
2 39 16
2 39 17
2 39 19
2 39 27
2 39 28
2 39 37
2 39 39
2 39 59
2 43 2
2 43 10
2 43 13
2 43 15
2 43 25
2 43 33
2 43 35
2 43 43
2 43 45
2 43 46
2 53 50
2 53 52
2 53 53
2 53 61
2 53 64
2 53 70
2 53 72
2 53 82
2 53 83
2 53 90
2 53 92
2 76 65
2 76 66
2 76 75
2 76 78
2 76 84
2 76 88
2 76 93
2 76 94
2 76 96
2 76 97
2 76 98
2 76 99
3 39 8
3 39 16
3 39 17
3 39 26
3 39 27
3 39 36
3 39 38
3 39 49
3 43 5
3 43 12
3 43 13
3 43 14
3 43 15
3 43 20
3 43 24
3 43 25
3 43 30
3 43 35
3 43 40
3 43 41
3 43 44
3 53 51
3 53 52
3 53 53
3 53 54
3 53 55
3 53 63
3 53 64
3 53 70
3 53 71
3 53 72
3 53 81
3 53 82
3 76 57
3 76 74
3 76 75
3 76 76
3 76 78
3 76 79
3 76 84
3 76 89
3 76 93
3 76 95
3 76 99
4 39 7
4 39 8
4 39 16
4 39 17
4 39 26
4 39 27
4 39 38
4 39 39
4 39 47
4 39 49
4 39 58
4 39 59
4 43 0
4 43 1
4 43 2
4 43 3
4 43 13
4 43 15
4 43 24
4 43 25
4 43 32
4 43 33
4 43 34
4 43 35
4 43 43
4 43 44
4 43 46
4 53 54
4 53 62
4 53 63
4 53 64
4 53 83
4 53 92
4 76 56
4 76 57
4 76 65
4 76 74
4 76 75
4 76 79
4 76 84
4 76 86
4 76 87
4 76 89
4 76 96
4 76 98
4 76 99
5 39 7
5 39 9
5 39 16
5 39 19
5 39 26
5 39 27
5 39 29
5 39 47
5 43 1
5 43 11
5 43 12
5 43 13
5 43 21
5 43 23
5 43 24
5 43 25
5 43 31
5 43 34
5 43 41
5 43 42
5 53 51
5 53 53
5 53 55
5 53 61
5 53 62
5 53 63
5 53 64
5 53 70
5 53 72
5 53 73
5 53 80
5 53 82
5 53 90
5 53 92
5 76 66
5 76 67
5 76 74
5 76 75
5 76 76
5 76 77
5 76 79
5 76 86
5 76 87
5 76 88
5 76 89
5 76 94
5 76 95
5 76 96
6 39 8
6 39 16
6 39 17
6 39 19
6 39 26
6 39 27
6 39 28
6 39 37
6 39 39
6 39 48
6 43 4
6 43 5
6 43 13
6 43 14
6 43 15
6 43 20
6 43 21
6 43 22
6 43 25
6 43 32
6 43 33
6 43 34
6 43 35
6 43 40
6 43 41
6 43 43
6 43 46
6 53 51
6 53 52
6 53 55
6 53 60
6 53 61
6 53 62
6 53 63
6 53 72
6 53 80
6 53 91
6 53 92
6 76 67
6 76 68
6 76 74
6 76 76
6 76 86
6 76 87
6 76 89
6 76 94
7 39 6
7 39 9
7 39 16
7 39 17
7 39 19
7 39 28
7 39 37
7 39 38
7 39 39
7 39 47
7 39 48
7 39 59
7 39 69
7 43 3
7 43 4
7 43 5
7 43 14
7 43 20
7 43 23
7 43 24
7 43 25
7 43 31
7 43 32
7 43 34
7 53 51
7 53 55
7 53 61
7 53 63
7 53 71
7 53 80
7 53 83
7 53 90
7 53 91
7 76 57
7 76 65
7 76 68
7 76 75
7 76 76
7 76 77
7 76 79
7 76 86
7 76 87
7 76 89
7 76 95
7 76 98
7 76 99
8 39 6
8 39 16
8 39 26
8 39 28
8 39 29
8 39 36
8 39 39
8 39 47
8 39 48
8 39 58
8 43 1
8 43 2
8 43 5
8 43 11
8 43 13
8 43 20
8 43 22
8 43 30
8 43 35
8 43 40
8 43 44
8 43 46
8 53 51
8 53 52
8 53 53
8 53 55
8 53 60
8 53 62
8 53 64
8 53 70
8 53 73
8 53 81
8 53 90
8 76 56
8 76 66
8 76 67
8 76 68
8 76 74
8 76 75
8 76 76
8 76 86
8 76 93
8 76 94
8 76 95
8 76 96
8 76 97
8 76 98
9 39 6
9 39 8
9 39 17
9 39 27
9 39 28
9 39 36
9 39 37
9 39 47
9 39 48
9 39 59
9 43 2
9 43 4
9 43 10
9 43 13
9 43 20
9 43 21
9 43 22
9 43 23
9 43 24
9 43 25
9 43 33
9 43 40
9 43 41
9 43 43
9 43 44
9 43 45
9 53 50
9 53 52
9 53 53
9 53 54
9 53 55
9 53 62
9 53 70
9 53 81
9 53 83
9 53 91
9 76 56
9 76 57
9 76 65
9 76 66
9 76 68
9 76 75
9 76 76
9 76 78
9 76 79
9 76 89
9 76 94
9 76 96
9 76 97
--- Done ---
