0 43 53
0 43 62
0 43 63
0 43 64
0 43 73
1 35 2
1 35 5
1 35 6
1 35 15
1 35 17
1 35 21
1 35 22
1 35 23
1 35 26
1 35 31
1 35 32
1 35 36
1 35 40
1 35 44
1 35 47
1 35 55
1 35 69
1 35 70
1 35 85
1 35 89
1 35 90
1 35 92
1 35 93
1 35 96
1 43 3
1 43 30
1 43 34
1 43 37
1 43 38
1 43 42
1 43 43
1 43 48
1 43 54
1 43 60
1 43 63
1 43 67
1 43 68
1 43 73
1 43 77
1 43 82
1 43 84
1 43 87
1 43 94
2 35 2
2 35 10
2 35 13
2 35 15
2 35 16
2 35 19
2 35 25
2 35 27
2 35 28
2 35 33
2 35 35
2 35 37
2 35 45
2 35 46
2 35 50
2 35 52
2 35 59
2 35 70
2 35 72
2 35 82
2 35 83
2 35 84
2 35 90
2 35 92
2 35 94
2 35 96
2 35 98
2 35 99
2 43 17
2 43 39
2 43 43
2 43 53
2 43 61
2 43 64
2 43 65
2 43 66
2 43 75
2 43 78
2 43 88
2 43 93
2 43 97
3 27 5
3 27 8
3 27 12
3 27 14
3 27 24
3 27 25
3 27 26
3 27 27
3 27 36
3 27 38
3 27 40
3 27 44
3 27 54
3 27 72
3 27 76
3 27 79
3 27 81
3 27 89
3 27 95
3 27 99
3 43 13
3 43 15
3 43 16
3 43 17
3 43 20
3 43 30
3 43 35
3 43 41
3 43 49
3 43 51
3 43 52
3 43 53
3 43 55
3 43 57
3 43 63
3 43 64
3 43 70
3 43 71
3 43 74
3 43 75
3 43 78
3 43 82
3 43 84
3 43 93
4 27 3
4 27 7
4 27 8
4 27 13
4 27 15
4 27 16
4 27 24
4 27 26
4 27 27
4 27 33
4 27 44
4 27 47
4 27 49
4 27 54
4 27 74
4 27 87
4 27 89
4 27 92
4 27 96
4 27 98
4 27 99
4 43 0
4 43 1
4 43 2
4 43 17
4 43 25
4 43 32
4 43 34
4 43 35
4 43 38
4 43 39
4 43 43
4 43 46
4 43 56
4 43 57
4 43 58
4 43 59
4 43 62
4 43 63
4 43 64
4 43 65
4 43 75
4 43 79
4 43 83
4 43 84
4 43 86
5 15 7
5 15 9
5 15 12
5 15 13
5 15 19
5 15 21
5 15 23
5 15 27
5 15 29
5 15 41
5 15 51
5 15 53
5 15 55
5 15 66
5 15 70
5 15 88
5 15 89
5 15 90
5 15 92
5 15 95
5 15 96
5 43 1
5 43 11
5 43 16
5 43 24
5 43 25
5 43 26
5 43 31
5 43 34
5 43 42
5 43 47
5 43 61
5 43 62
5 43 63
5 43 64
5 43 67
5 43 72
5 43 73
5 43 74
5 43 75
5 43 76
5 43 77
5 43 79
5 43 80
5 43 82
5 43 86
5 43 87
5 43 94
6 15 4
6 15 5
6 15 8
6 15 13
6 15 15
6 15 16
6 15 17
6 15 19
6 15 20
6 15 21
6 15 22
6 15 27
6 15 28
6 15 32
6 15 33
6 15 39
6 15 40
6 15 41
6 15 46
6 15 48
6 15 55
6 15 60
6 15 61
6 15 63
6 15 68
6 15 76
6 15 89
6 43 25
6 43 26
6 43 34
6 43 35
6 43 37
6 43 43
6 43 51
6 43 52
6 43 62
6 43 67
6 43 72
6 43 74
6 43 80
6 43 86
6 43 87
6 43 91
6 43 92
6 43 94
7 35 3
7 35 6
7 35 9
7 35 14
7 35 16
7 35 19
7 35 20
7 35 23
7 35 24
7 35 25
7 35 28
7 35 31
7 35 32
7 35 34
7 35 37
7 35 39
7 35 48
7 35 61
7 35 63
7 35 68
7 35 71
7 35 77
7 35 89
7 35 90
7 35 91
7 35 95
7 35 98
7 35 99
7 43 4
7 43 5
7 43 17
7 43 38
7 43 47
7 43 51
7 43 55
7 43 57
7 43 59
7 43 65
7 43 69
7 43 75
7 43 76
7 43 79
7 43 80
7 43 83
7 43 86
7 43 87
8 35 1
8 35 2
8 35 5
8 35 6
8 35 16
8 35 20
8 35 26
8 35 29
8 35 30
8 35 35
8 35 39
8 35 40
8 35 44
8 35 47
8 35 48
8 35 51
8 35 52
8 35 56
8 35 58
8 35 66
8 35 68
8 35 81
8 35 90
8 35 95
8 35 96
8 35 98
8 43 11
8 43 13
8 43 22
8 43 28
8 43 36
8 43 46
8 43 53
8 43 55
8 43 60
8 43 62
8 43 64
8 43 67
8 43 70
8 43 73
8 43 74
8 43 75
8 43 76
8 43 86
8 43 93
8 43 94
8 43 97
9 0 2
9 0 4
9 0 6
9 0 8
9 0 10
9 0 13
9 0 17
9 0 20
9 0 21
9 0 22
9 0 23
9 0 24
9 0 25
9 0 27
9 0 33
9 0 36
9 0 40
9 0 41
9 0 44
9 0 45
9 0 47
9 0 50
9 0 52
9 0 53
9 0 54
9 0 55
9 0 56
9 0 57
9 0 65
9 0 66
9 0 70
9 0 79
9 0 83
9 0 89
9 0 91
9 0 96
9 43 28
9 43 37
9 43 43
9 43 48
9 43 59
9 43 62
9 43 68
9 43 75
9 43 76
9 43 78
9 43 81
9 43 94
9 43 97
--- Done ---
