0 43 53
0 43 62
0 43 63
0 43 64
0 43 73
1 35 2
1 35 5
1 35 15
1 35 17
1 35 21
1 35 23
1 35 26
1 35 34
1 35 36
1 35 38
1 35 40
1 35 48
1 35 63
1 35 69
1 35 70
1 35 77
1 35 82
1 35 84
1 35 89
1 35 90
1 35 92
1 35 96
1 43 3
1 43 6
1 43 22
1 43 30
1 43 31
1 43 32
1 43 37
1 43 42
1 43 43
1 43 44
1 43 47
1 43 54
1 43 55
1 43 60
1 43 67
1 43 68
1 43 73
1 43 85
1 43 87
1 43 93
1 43 94
2 35 10
2 35 13
2 35 15
2 35 16
2 35 19
2 35 25
2 35 27
2 35 33
2 35 35
2 35 39
2 35 45
2 35 52
2 35 59
2 35 78
2 35 90
2 35 96
2 35 98
2 35 99
2 43 2
2 43 17
2 43 28
2 43 37
2 43 43
2 43 46
2 43 50
2 43 53
2 43 61
2 43 64
2 43 65
2 43 66
2 43 70
2 43 72
2 43 75
2 43 82
2 43 83
2 43 84
2 43 88
2 43 92
2 43 93
2 43 94
2 43 97
3 35 8
3 35 13
3 35 14
3 35 16
3 35 17
3 35 24
3 35 25
3 35 26
3 35 35
3 35 38
3 35 44
3 35 49
3 35 52
3 35 54
3 35 57
3 35 63
3 35 64
3 35 82
3 35 89
3 35 93
3 35 95
3 35 99
3 43 5
3 43 12
3 43 15
3 43 20
3 43 27
3 43 30
3 43 36
3 43 40
3 43 41
3 43 51
3 43 53
3 43 55
3 43 70
3 43 71
3 43 72
3 43 74
3 43 75
3 43 76
3 43 78
3 43 79
3 43 81
3 43 84
4 35 1
4 35 2
4 35 7
4 35 8
4 35 15
4 35 16
4 35 17
4 35 24
4 35 26
4 35 27
4 35 32
4 35 33
4 35 35
4 35 38
4 35 44
4 35 49
4 35 56
4 35 58
4 35 59
4 35 62
4 35 63
4 35 74
4 35 75
4 35 79
4 35 89
4 35 96
4 35 98
4 35 99
4 43 0
4 43 3
4 43 13
4 43 25
4 43 34
4 43 39
4 43 43
4 43 46
4 43 47
4 43 54
4 43 57
4 43 64
4 43 65
4 43 83
4 43 84
4 43 86
4 43 87
4 43 92
5 35 1
5 35 7
5 35 9
5 35 12
5 35 13
5 35 19
5 35 21
5 35 23
5 35 24
5 35 26
5 35 34
5 35 41
5 35 47
5 35 51
5 35 62
5 35 64
5 35 67
5 35 72
5 35 77
5 35 79
5 35 80
5 35 82
5 35 89
5 35 90
5 35 92
5 35 95
5 35 96
5 43 11
5 43 16
5 43 25
5 43 27
5 43 29
5 43 31
5 43 42
5 43 53
5 43 55
5 43 61
5 43 63
5 43 66
5 43 70
5 43 73
5 43 74
5 43 75
5 43 76
5 43 86
5 43 87
5 43 88
5 43 94
6 35 4
6 35 5
6 35 8
6 35 13
6 35 14
6 35 15
6 35 16
6 35 17
6 35 19
6 35 22
6 35 25
6 35 26
6 35 28
6 35 32
6 35 33
6 35 34
6 35 35
6 35 37
6 35 40
6 35 41
6 35 46
6 35 48
6 35 52
6 35 60
6 35 61
6 35 63
6 35 67
6 35 76
6 35 89
6 35 91
6 35 92
6 43 20
6 43 21
6 43 27
6 43 39
6 43 43
6 43 51
6 43 55
6 43 62
6 43 68
6 43 72
6 43 74
6 43 80
6 43 86
6 43 87
6 43 94
7 35 4
7 35 5
7 35 6
7 35 14
7 35 16
7 35 17
7 35 19
7 35 23
7 35 25
7 35 28
7 35 34
7 35 39
7 35 48
7 35 51
7 35 77
7 35 89
7 35 90
7 35 91
7 35 95
7 35 98
7 35 99
7 43 3
7 43 9
7 43 20
7 43 24
7 43 31
7 43 32
7 43 37
7 43 38
7 43 47
7 43 55
7 43 57
7 43 59
7 43 61
7 43 63
7 43 65
7 43 68
7 43 69
7 43 71
7 43 75
7 43 76
7 43 79
7 43 80
7 43 83
7 43 86
7 43 87
8 35 2
8 35 5
8 35 6
8 35 13
8 35 16
8 35 26
8 35 28
8 35 29
8 35 30
8 35 35
8 35 36
8 35 39
8 35 40
8 35 44
8 35 46
8 35 47
8 35 51
8 35 53
8 35 58
8 35 60
8 35 90
8 35 95
8 35 96
8 35 98
8 43 1
8 43 11
8 43 20
8 43 22
8 43 48
8 43 52
8 43 55
8 43 56
8 43 62
8 43 64
8 43 66
8 43 67
8 43 68
8 43 70
8 43 73
8 43 74
8 43 75
8 43 76
8 43 81
8 43 86
8 43 93
8 43 94
8 43 97
9 35 2
9 35 4
9 35 6
9 35 8
9 35 10
9 35 13
9 35 17
9 35 21
9 35 22
9 35 23
9 35 25
9 35 27
9 35 28
9 35 36
9 35 41
9 35 44
9 35 45
9 35 48
9 35 50
9 35 53
9 35 54
9 35 57
9 35 66
9 35 68
9 35 70
9 35 79
9 35 89
9 35 96
9 43 20
9 43 24
9 43 33
9 43 37
9 43 40
9 43 43
9 43 47
9 43 52
9 43 55
9 43 56
9 43 59
9 43 62
9 43 65
9 43 75
9 43 76
9 43 78
9 43 81
9 43 83
9 43 91
9 43 94
9 43 97
--- Done ---
