0 43 53
0 43 62
0 43 63
0 43 64
0 43 73
1 43 2
1 43 3
1 43 5
1 43 15
1 43 21
1 43 22
1 43 23
1 43 30
1 43 31
1 43 32
1 43 34
1 43 40
1 43 42
1 43 43
1 43 44
1 43 54
1 43 55
1 43 60
1 43 63
1 43 70
1 43 73
1 43 82
1 43 84
1 43 85
1 43 90
1 43 92
1 43 93
1 43 94
1 47 6
1 47 17
1 47 26
1 47 36
1 47 37
1 47 38
1 47 47
1 47 48
1 47 67
1 47 68
1 47 69
1 47 77
1 47 87
1 47 89
1 47 96
2 43 2
2 43 10
2 43 13
2 43 15
2 43 25
2 43 33
2 43 35
2 43 43
2 43 45
2 43 50
2 43 52
2 43 53
2 43 61
2 43 64
2 43 65
2 43 70
2 43 72
2 43 75
2 43 82
2 43 83
2 43 84
2 43 90
2 43 92
2 43 93
2 43 94
2 47 16
2 47 17
2 47 19
2 47 27
2 47 28
2 47 37
2 47 39
2 47 46
2 47 59
2 47 66
2 47 78
2 47 88
2 47 96
2 47 97
2 47 98
2 47 99
3 43 5
3 43 12
3 43 13
3 43 14
3 43 15
3 43 20
3 43 24
3 43 25
3 43 30
3 43 35
3 43 40
3 43 41
3 43 44
3 43 51
3 43 52
3 43 53
3 43 54
3 43 55
3 43 63
3 43 64
3 43 70
3 43 71
3 43 72
3 43 74
3 43 75
3 43 81
3 43 82
3 43 84
3 43 93
3 43 95
3 47 8
3 47 16
3 47 17
3 47 26
3 47 27
3 47 36
3 47 38
3 47 49
3 47 57
3 47 76
3 47 78
3 47 79
3 47 89
3 47 99
4 43 0
4 43 1
4 43 2
4 43 3
4 43 13
4 43 15
4 43 24
4 43 25
4 43 32
4 43 33
4 43 34
4 43 35
4 43 43
4 43 44
4 43 54
4 43 62
4 43 63
4 43 64
4 43 65
4 43 74
4 43 75
4 43 83
4 43 84
4 43 92
4 47 7
4 47 8
4 47 16
4 47 17
4 47 26
4 47 27
4 47 38
4 47 39
4 47 46
4 47 47
4 47 49
4 47 56
4 47 57
4 47 58
4 47 59
4 47 79
4 47 86
4 47 87
4 47 89
4 47 96
4 47 98
4 47 99
5 43 1
5 43 11
5 43 12
5 43 13
5 43 21
5 43 23
5 43 24
5 43 25
5 43 31
5 43 34
5 43 41
5 43 42
5 43 51
5 43 53
5 43 55
5 43 61
5 43 62
5 43 63
5 43 64
5 43 70
5 43 72
5 43 73
5 43 74
5 43 75
5 43 80
5 43 82
5 43 90
5 43 92
5 43 94
5 43 95
5 47 7
5 47 9
5 47 16
5 47 19
5 47 26
5 47 27
5 47 29
5 47 47
5 47 66
5 47 67
5 47 76
5 47 77
5 47 79
5 47 86
5 47 87
5 47 88
5 47 89
5 47 96
6 43 4
6 43 5
6 43 13
6 43 14
6 43 15
6 43 20
6 43 21
6 43 22
6 43 25
6 43 32
6 43 33
6 43 34
6 43 35
6 43 40
6 43 41
6 43 43
6 43 51
6 43 52
6 43 55
6 43 60
6 43 61
6 43 62
6 43 63
6 43 72
6 43 74
6 43 80
6 43 91
6 43 92
6 43 94
6 47 8
6 47 16
6 47 17
6 47 19
6 47 26
6 47 27
6 47 28
6 47 37
6 47 39
6 47 46
6 47 48
6 47 67
6 47 68
6 47 76
6 47 86
6 47 87
6 47 89
7 43 3
7 43 4
7 43 5
7 43 14
7 43 20
7 43 23
7 43 24
7 43 25
7 43 31
7 43 32
7 43 34
7 43 51
7 43 55
7 43 61
7 43 63
7 43 65
7 43 71
7 43 75
7 43 80
7 43 83
7 43 90
7 43 91
7 43 95
7 47 6
7 47 9
7 47 16
7 47 17
7 47 19
7 47 28
7 47 37
7 47 38
7 47 39
7 47 47
7 47 48
7 47 57
7 47 59
7 47 68
7 47 69
7 47 76
7 47 77
7 47 79
7 47 86
7 47 87
7 47 89
7 47 98
7 47 99
8 43 1
8 43 2
8 43 5
8 43 11
8 43 13
8 43 20
8 43 22
8 43 30
8 43 35
8 43 40
8 43 44
8 43 51
8 43 52
8 43 53
8 43 55
8 43 60
8 43 62
8 43 64
8 43 70
8 43 73
8 43 74
8 43 75
8 43 81
8 43 90
8 43 93
8 43 94
8 43 95
8 47 6
8 47 16
8 47 26
8 47 28
8 47 29
8 47 36
8 47 39
8 47 46
8 47 47
8 47 48
8 47 56
8 47 58
8 47 66
8 47 67
8 47 68
8 47 76
8 47 86
8 47 96
8 47 97
8 47 98
9 43 2
9 43 4
9 43 10
9 43 13
9 43 20
9 43 21
9 43 22
9 43 23
9 43 24
9 43 25
9 43 33
9 43 40
9 43 41
9 43 43
9 43 44
9 43 45
9 43 50
9 43 52
9 43 53
9 43 54
9 43 55
9 43 62
9 43 65
9 43 70
9 43 75
9 43 81
9 43 83
9 43 91
9 43 94
9 47 6
9 47 8
9 47 17
9 47 27
9 47 28
9 47 36
9 47 37
9 47 47
9 47 48
9 47 56
9 47 57
9 47 59
9 47 66
9 47 68
9 47 76
9 47 78
9 47 79
9 47 89
9 47 96
9 47 97
--- Done ---
