0 22 13
0 22 22
0 22 23
0 22 24
0 22 32
0 22 33
1 22 0
1 22 9
1 22 10
1 22 14
1 22 20
1 22 22
1 22 35
1 22 38
1 22 57
1 22 62
1 22 71
1 22 72
1 22 73
1 22 74
1 22 75
1 22 76
1 22 80
1 22 81
1 22 85
1 22 93
1 55 8
1 55 15
1 55 16
1 55 18
1 55 21
1 55 23
1 55 25
1 55 26
1 55 27
1 55 28
1 55 32
1 55 33
1 55 37
1 55 39
1 55 47
1 55 48
1 55 59
1 55 65
1 55 68
1 55 77
1 55 84
1 55 89
1 55 99
2 22 2
2 22 4
2 22 6
2 22 20
2 22 22
2 22 25
2 22 26
2 22 31
2 22 33
2 22 35
2 22 36
2 22 40
2 22 43
2 22 47
2 22 53
2 22 57
2 22 63
2 22 71
2 22 72
2 22 73
2 22 75
2 55 14
2 55 16
2 55 17
2 55 19
2 55 28
2 55 29
2 55 37
2 55 39
2 55 42
2 55 50
2 55 52
2 55 67
2 55 69
2 55 70
2 55 81
2 55 82
2 55 87
2 55 88
2 55 94
2 64 21
2 64 64
2 64 86
2 64 90
3 22 0
3 22 1
3 22 2
3 22 4
3 22 7
3 22 13
3 22 14
3 22 15
3 22 21
3 22 25
3 22 27
3 22 30
3 22 34
3 22 36
3 22 38
3 22 41
3 22 43
3 22 44
3 22 47
3 22 51
3 22 56
3 22 60
3 22 66
3 22 72
3 22 73
3 22 75
3 22 76
3 64 12
3 64 16
3 64 17
3 64 24
3 64 32
3 64 45
3 64 46
3 64 55
3 64 61
3 64 64
3 64 70
3 64 82
3 64 84
3 64 92
3 64 95
3 64 96
3 64 98
4 22 2
4 22 7
4 22 16
4 22 20
4 22 21
4 22 31
4 22 35
4 22 45
4 22 50
4 22 56
4 22 57
4 22 62
4 22 64
4 22 66
4 22 72
4 22 76
4 22 81
4 22 88
4 55 8
4 55 12
4 55 28
4 55 29
4 55 33
4 55 37
4 55 39
4 55 43
4 55 48
4 55 52
4 55 58
4 55 59
4 55 65
4 55 69
4 55 78
4 55 82
4 55 89
4 55 96
4 55 97
4 55 99
5 22 0
5 22 4
5 22 5
5 22 6
5 22 7
5 22 12
5 22 17
5 22 22
5 22 26
5 22 31
5 22 41
5 22 44
5 22 46
5 22 52
5 22 54
5 22 56
5 22 72
5 22 73
5 22 75
5 22 81
5 22 93
5 55 8
5 55 16
5 55 19
5 55 20
5 55 25
5 55 28
5 55 29
5 55 32
5 55 35
5 55 39
5 55 55
5 55 57
5 55 59
5 55 63
5 55 65
5 55 68
5 55 79
5 55 82
5 64 30
5 64 33
5 64 34
5 64 37
5 64 62
5 64 64
5 64 90
5 64 91
6 22 0
6 22 1
6 22 2
6 22 3
6 22 7
6 22 10
6 22 12
6 22 13
6 22 14
6 22 15
6 22 20
6 22 21
6 22 22
6 22 25
6 22 31
6 22 32
6 22 33
6 22 36
6 22 41
6 22 42
6 22 45
6 22 50
6 22 56
6 22 57
6 22 60
6 22 62
6 22 71
6 22 75
6 22 77
6 22 93
6 64 17
6 64 28
6 64 44
6 64 64
6 64 65
6 64 67
6 64 68
6 64 72
6 64 80
6 64 87
6 64 89
6 64 95
6 64 96
6 64 97
7 22 0
7 22 10
7 22 12
7 22 13
7 22 17
7 22 21
7 22 33
7 22 38
7 22 43
7 22 46
7 22 50
7 22 53
7 22 56
7 22 60
7 22 61
7 22 75
7 22 85
7 22 88
7 45 14
7 45 16
7 45 18
7 45 26
7 45 28
7 45 29
7 45 32
7 45 35
7 45 36
7 45 39
7 45 42
7 45 45
7 45 47
7 45 49
7 45 59
7 45 65
7 45 67
7 45 68
7 45 69
7 45 71
7 45 78
7 45 82
7 45 86
7 45 87
7 45 97
8 22 1
8 22 3
8 22 10
8 22 14
8 22 15
8 22 21
8 22 22
8 22 25
8 22 32
8 22 38
8 22 40
8 22 43
8 22 47
8 22 51
8 22 54
8 22 63
8 22 71
8 22 74
8 22 81
8 22 83
8 22 85
8 45 5
8 45 18
8 45 19
8 45 20
8 45 24
8 45 26
8 45 28
8 45 29
8 45 31
8 45 35
8 45 37
8 45 39
8 45 41
8 45 44
8 45 48
8 45 49
8 45 56
8 45 61
8 45 64
8 45 66
8 45 67
8 45 68
8 45 76
8 45 78
8 45 86
8 45 91
8 45 92
8 45 95
9 22 1
9 22 3
9 22 11
9 22 12
9 22 23
9 22 24
9 22 27
9 22 36
9 22 42
9 22 43
9 22 45
9 22 50
9 22 53
9 22 56
9 22 66
9 22 71
9 22 72
9 22 75
9 22 85
9 46 5
9 46 6
9 46 15
9 46 18
9 46 19
9 46 34
9 46 37
9 46 38
9 46 39
9 46 46
9 46 49
9 46 58
9 46 64
9 46 67
9 46 70
9 46 76
9 46 79
9 46 82
9 46 84
9 46 89
9 46 90
9 46 96
9 46 98
--- Done ---
