0 22 13
0 22 22
0 22 23
0 22 24
0 22 32
0 22 33
1 22 0
1 22 8
1 22 9
1 22 10
1 22 14
1 22 18
1 22 20
1 22 22
1 22 33
1 22 37
1 22 48
1 22 57
1 22 59
1 22 65
1 22 71
1 22 72
1 22 73
1 22 75
1 22 76
1 22 81
1 22 84
1 22 85
1 22 93
1 22 99
1 45 15
1 45 16
1 45 21
1 45 23
1 45 25
1 45 26
1 45 27
1 45 28
1 45 32
1 45 35
1 45 38
1 45 39
1 45 47
1 45 62
1 45 68
1 45 74
1 45 77
1 45 80
1 45 89
2 22 2
2 22 6
2 22 20
2 22 22
2 22 25
2 22 28
2 22 31
2 22 35
2 22 37
2 22 42
2 22 43
2 22 47
2 22 50
2 22 53
2 22 57
2 22 63
2 22 73
2 22 82
2 22 88
2 22 90
2 45 4
2 45 14
2 45 16
2 45 17
2 45 19
2 45 21
2 45 26
2 45 29
2 45 33
2 45 36
2 45 39
2 45 40
2 45 52
2 45 64
2 45 67
2 45 69
2 45 70
2 45 71
2 45 72
2 45 75
2 45 81
2 45 86
2 45 87
2 45 94
3 22 2
3 22 4
3 22 7
3 22 12
3 22 13
3 22 14
3 22 15
3 22 16
3 22 17
3 22 27
3 22 41
3 22 43
3 22 44
3 22 46
3 22 47
3 22 51
3 22 56
3 22 60
3 22 66
3 22 70
3 22 73
3 22 75
3 22 76
3 22 82
3 22 84
3 22 95
3 45 0
3 45 1
3 45 21
3 45 24
3 45 25
3 45 30
3 45 32
3 45 34
3 45 36
3 45 38
3 45 45
3 45 55
3 45 61
3 45 64
3 45 72
3 45 92
3 45 96
3 45 98
4 22 2
4 22 7
4 22 8
4 22 12
4 22 31
4 22 33
4 22 37
4 22 43
4 22 48
4 22 52
4 22 56
4 22 57
4 22 59
4 22 62
4 22 64
4 22 72
4 22 76
4 22 78
4 22 81
4 22 88
4 22 99
4 45 16
4 45 20
4 45 21
4 45 28
4 45 29
4 45 35
4 45 39
4 45 45
4 45 50
4 45 58
4 45 65
4 45 66
4 45 69
4 45 82
4 45 89
4 45 96
4 45 97
5 22 5
5 22 8
5 22 12
5 22 22
5 22 30
5 22 32
5 22 33
5 22 35
5 22 41
5 22 46
5 22 54
5 22 55
5 22 57
5 22 59
5 22 63
5 22 65
5 22 72
5 22 75
5 22 81
5 22 93
5 45 0
5 45 4
5 45 6
5 45 7
5 45 16
5 45 17
5 45 19
5 45 20
5 45 25
5 45 26
5 45 28
5 45 29
5 45 31
5 45 34
5 45 37
5 45 39
5 45 44
5 45 52
5 45 56
5 45 62
5 45 64
5 45 68
5 45 73
5 45 79
5 45 82
5 45 90
5 45 91
6 22 2
6 22 12
6 22 13
6 22 14
6 22 17
6 22 22
6 22 25
6 22 33
6 22 41
6 22 42
6 22 44
6 22 56
6 22 60
6 22 62
6 22 71
6 22 75
6 22 77
6 22 80
6 22 87
6 22 93
6 22 95
6 45 0
6 45 1
6 45 3
6 45 7
6 45 10
6 45 15
6 45 20
6 45 21
6 45 28
6 45 31
6 45 32
6 45 36
6 45 45
6 45 50
6 45 57
6 45 64
6 45 65
6 45 67
6 45 68
6 45 72
6 45 89
6 45 96
6 45 97
7 22 10
7 22 13
7 22 16
7 22 18
7 22 32
7 22 35
7 22 36
7 22 38
7 22 47
7 22 49
7 22 50
7 22 53
7 22 56
7 22 61
7 22 65
7 22 78
7 22 85
7 45 0
7 45 12
7 45 14
7 45 17
7 45 21
7 45 26
7 45 28
7 45 29
7 45 33
7 45 39
7 45 42
7 45 43
7 45 45
7 45 46
7 45 59
7 45 60
7 45 67
7 45 68
7 45 69
7 45 71
7 45 75
7 45 82
7 45 86
7 45 87
7 45 88
7 45 97
8 22 1
8 22 3
8 22 5
8 22 22
8 22 24
8 22 31
8 22 32
8 22 35
8 22 38
8 22 43
8 22 47
8 22 48
8 22 51
8 22 54
8 22 56
8 22 61
8 22 63
8 22 64
8 22 66
8 22 67
8 22 74
8 22 76
8 22 78
8 22 81
8 22 83
8 22 95
8 45 10
8 45 14
8 45 15
8 45 18
8 45 19
8 45 20
8 45 21
8 45 25
8 45 26
8 45 28
8 45 29
8 45 37
8 45 39
8 45 40
8 45 41
8 45 44
8 45 49
8 45 68
8 45 71
8 45 85
8 45 86
8 45 91
8 45 92
9 22 1
9 22 15
9 22 23
9 22 43
9 22 49
9 22 53
9 22 56
9 22 64
9 22 67
9 22 72
9 22 75
9 22 76
9 22 84
9 22 85
9 45 3
9 45 5
9 45 6
9 45 11
9 45 12
9 45 18
9 45 19
9 45 24
9 45 27
9 45 34
9 45 36
9 45 37
9 45 38
9 45 39
9 45 42
9 45 45
9 45 46
9 45 50
9 45 58
9 45 66
9 45 70
9 45 71
9 45 79
9 45 82
9 45 89
9 45 90
9 45 96
9 45 98
--- Done ---
