0 22 13
0 22 22
0 22 23
0 22 24
0 22 32
0 22 33
1 22 8
1 22 16
1 22 21
1 22 22
1 22 28
1 22 37
1 22 57
1 22 65
1 22 71
1 22 73
1 22 74
1 22 75
1 22 76
1 22 77
1 22 80
1 22 81
1 22 84
1 22 85
1 25 0
1 25 9
1 25 10
1 25 14
1 25 15
1 25 18
1 25 20
1 25 23
1 25 25
1 25 26
1 25 32
1 25 33
1 25 35
1 25 38
1 25 39
1 25 48
1 25 59
1 25 62
1 25 68
1 25 72
1 25 89
1 25 93
1 25 99
2 22 2
2 22 22
2 22 31
2 22 36
2 22 37
2 22 40
2 22 52
2 22 63
2 22 64
2 22 67
2 22 70
2 22 71
2 22 72
2 22 73
2 22 75
2 22 81
2 22 82
2 22 88
2 22 90
2 22 94
2 25 4
2 25 6
2 25 14
2 25 16
2 25 17
2 25 19
2 25 20
2 25 21
2 25 25
2 25 26
2 25 28
2 25 29
2 25 33
2 25 35
2 25 39
2 25 42
2 25 43
2 25 47
2 25 50
2 25 53
2 25 57
2 25 69
2 25 86
2 25 87
3 22 0
3 22 7
3 22 12
3 22 14
3 22 34
3 22 41
3 22 43
3 22 47
3 22 55
3 22 56
3 22 60
3 22 66
3 22 72
3 22 73
3 22 75
3 22 76
3 22 84
3 22 95
3 26 1
3 26 2
3 26 4
3 26 13
3 26 15
3 26 16
3 26 17
3 26 21
3 26 24
3 26 25
3 26 27
3 26 30
3 26 32
3 26 36
3 26 38
3 26 44
3 26 45
3 26 46
3 26 51
3 26 61
3 26 64
3 26 70
3 26 92
3 26 96
3 26 98
4 22 2
4 22 7
4 22 16
4 22 31
4 22 43
4 22 48
4 22 50
4 22 65
4 22 66
4 22 72
4 22 76
4 22 81
4 22 88
4 26 8
4 26 12
4 26 20
4 26 21
4 26 28
4 26 29
4 26 33
4 26 35
4 26 37
4 26 39
4 26 45
4 26 52
4 26 56
4 26 57
4 26 58
4 26 59
4 26 62
4 26 64
4 26 69
4 26 78
4 26 89
4 26 96
4 26 97
4 26 99
5 22 0
5 22 4
5 22 20
5 22 22
5 22 26
5 22 31
5 22 34
5 22 35
5 22 37
5 22 41
5 22 46
5 22 54
5 22 56
5 22 57
5 22 59
5 22 62
5 22 63
5 22 64
5 22 65
5 22 73
5 22 75
5 22 90
5 22 93
5 33 5
5 33 6
5 33 7
5 33 8
5 33 12
5 33 16
5 33 17
5 33 19
5 33 25
5 33 28
5 33 29
5 33 30
5 33 32
5 33 33
5 33 39
5 33 44
5 33 52
5 33 55
5 33 68
5 33 72
5 33 79
5 33 81
5 33 82
5 33 91
6 22 0
6 22 1
6 22 10
6 22 14
6 22 15
6 22 22
6 22 28
6 22 31
6 22 41
6 22 56
6 22 57
6 22 60
6 22 64
6 22 65
6 22 67
6 22 71
6 22 72
6 22 80
6 22 93
6 22 95
6 33 2
6 33 3
6 33 7
6 33 12
6 33 13
6 33 17
6 33 20
6 33 21
6 33 25
6 33 32
6 33 33
6 33 36
6 33 42
6 33 44
6 33 45
6 33 50
6 33 62
6 33 68
6 33 75
6 33 77
6 33 87
6 33 89
6 33 96
6 33 97
7 22 0
7 22 17
7 22 26
7 22 32
7 22 33
7 22 38
7 22 42
7 22 43
7 22 47
7 22 50
7 22 53
7 22 56
7 22 59
7 22 60
7 22 65
7 22 67
7 22 85
7 22 87
7 22 88
7 24 10
7 24 12
7 24 13
7 24 14
7 24 16
7 24 18
7 24 21
7 24 28
7 24 29
7 24 35
7 24 36
7 24 39
7 24 45
7 24 46
7 24 49
7 24 61
7 24 68
7 24 69
7 24 71
7 24 75
7 24 82
7 24 86
7 24 97
8 22 1
8 22 3
8 22 18
8 22 20
8 22 22
8 22 35
8 22 37
8 22 40
8 22 43
8 22 44
8 22 48
8 22 54
8 22 56
8 22 63
8 22 64
8 22 66
8 22 71
8 22 76
8 22 78
8 22 81
8 22 83
8 22 85
8 22 95
8 24 5
8 24 10
8 24 14
8 24 15
8 24 19
8 24 21
8 24 24
8 24 25
8 24 26
8 24 28
8 24 29
8 24 31
8 24 32
8 24 38
8 24 39
8 24 41
8 24 47
8 24 49
8 24 51
8 24 61
8 24 67
8 24 68
8 24 74
8 24 86
8 24 91
8 24 92
9 22 3
9 22 11
9 22 27
9 22 43
9 22 49
9 22 53
9 22 56
9 22 66
9 22 67
9 22 71
9 22 72
9 22 75
9 22 82
9 22 85
9 26 1
9 26 5
9 26 6
9 26 12
9 26 15
9 26 18
9 26 19
9 26 23
9 26 24
9 26 34
9 26 36
9 26 37
9 26 38
9 26 39
9 26 42
9 26 45
9 26 46
9 26 50
9 26 58
9 26 64
9 26 70
9 26 76
9 26 79
9 26 84
9 26 89
9 26 90
9 26 96
9 26 98
--- Done ---
