0 22 13
0 22 22
0 22 23
0 22 24
0 22 32
0 22 33
1 22 0
1 22 8
1 22 10
1 22 14
1 22 15
1 22 16
1 22 20
1 22 21
1 22 22
1 22 23
1 22 25
1 22 32
1 22 33
1 54 9
1 54 18
1 54 26
1 54 27
1 54 28
1 54 35
1 54 37
1 54 38
1 54 39
1 54 47
1 54 48
1 54 57
1 54 59
1 54 62
1 54 65
1 54 68
1 54 71
1 54 72
1 54 73
1 54 74
1 54 75
1 54 76
1 54 77
1 54 80
1 54 81
1 54 84
1 54 85
1 54 89
1 54 93
1 54 99
2 22 2
2 22 4
2 22 6
2 22 14
2 22 16
2 22 20
2 22 21
2 22 22
2 22 25
2 22 31
2 22 33
2 22 40
2 22 42
2 22 50
2 54 17
2 54 19
2 54 26
2 54 28
2 54 29
2 54 35
2 54 36
2 54 37
2 54 39
2 54 43
2 54 47
2 54 52
2 54 53
2 54 57
2 54 63
2 54 64
2 54 67
2 54 69
2 54 70
2 54 71
2 54 72
2 54 73
2 54 75
2 54 81
2 54 82
2 54 86
2 54 87
2 54 88
2 54 90
2 54 94
3 22 0
3 22 1
3 22 2
3 22 4
3 22 7
3 22 12
3 22 13
3 22 14
3 22 15
3 22 16
3 22 21
3 22 24
3 22 25
3 22 30
3 22 32
3 22 41
3 54 17
3 54 27
3 54 34
3 54 36
3 54 38
3 54 43
3 54 44
3 54 45
3 54 46
3 54 47
3 54 51
3 54 55
3 54 56
3 54 60
3 54 61
3 54 64
3 54 66
3 54 70
3 54 72
3 54 73
3 54 75
3 54 76
3 54 82
3 54 84
3 54 92
3 54 95
3 54 96
3 54 98
4 22 2
4 22 7
4 22 8
4 22 12
4 22 16
4 22 20
4 22 21
4 22 31
4 22 33
4 22 50
4 54 28
4 54 29
4 54 35
4 54 37
4 54 39
4 54 43
4 54 45
4 54 48
4 54 52
4 54 56
4 54 57
4 54 58
4 54 59
4 54 62
4 54 64
4 54 65
4 54 66
4 54 69
4 54 72
4 54 76
4 54 78
4 54 81
4 54 82
4 54 88
4 54 89
4 54 96
4 54 97
4 54 99
5 22 0
5 22 4
5 22 5
5 22 6
5 22 7
5 22 8
5 22 12
5 22 16
5 22 20
5 22 22
5 22 25
5 22 30
5 22 31
5 22 32
5 22 33
5 22 41
5 54 17
5 54 19
5 54 26
5 54 28
5 54 29
5 54 34
5 54 35
5 54 37
5 54 39
5 54 44
5 54 46
5 54 52
5 54 54
5 54 55
5 54 56
5 54 57
5 54 59
5 54 62
5 54 63
5 54 64
5 54 65
5 54 68
5 54 72
5 54 73
5 54 75
5 54 79
5 54 81
5 54 82
5 54 90
5 54 91
5 54 93
6 22 0
6 22 1
6 22 2
6 22 3
6 22 7
6 22 10
6 22 12
6 22 13
6 22 14
6 22 15
6 22 20
6 22 21
6 22 22
6 22 25
6 22 31
6 22 32
6 22 33
6 22 41
6 22 42
6 22 50
6 54 17
6 54 28
6 54 36
6 54 44
6 54 45
6 54 56
6 54 57
6 54 60
6 54 62
6 54 64
6 54 65
6 54 67
6 54 68
6 54 71
6 54 72
6 54 75
6 54 77
6 54 80
6 54 87
6 54 89
6 54 93
6 54 95
6 54 96
6 54 97
7 22 0
7 22 10
7 22 12
7 22 13
7 22 14
7 22 16
7 22 21
7 22 32
7 22 33
7 22 42
7 22 50
7 54 17
7 54 18
7 54 26
7 54 28
7 54 29
7 54 35
7 54 36
7 54 38
7 54 39
7 54 43
7 54 45
7 54 46
7 54 47
7 54 49
7 54 53
7 54 56
7 54 59
7 54 60
7 54 61
7 54 65
7 54 67
7 54 68
7 54 69
7 54 71
7 54 75
7 54 78
7 54 82
7 54 85
7 54 86
7 54 87
7 54 88
7 54 97
8 22 1
8 22 3
8 22 5
8 22 10
8 22 14
8 22 15
8 22 20
8 22 21
8 22 22
8 22 24
8 22 25
8 22 31
8 22 32
8 22 40
8 22 41
8 54 18
8 54 19
8 54 26
8 54 28
8 54 29
8 54 35
8 54 37
8 54 38
8 54 39
8 54 43
8 54 44
8 54 47
8 54 48
8 54 49
8 54 51
8 54 54
8 54 56
8 54 61
8 54 63
8 54 64
8 54 66
8 54 67
8 54 68
8 54 71
8 54 74
8 54 76
8 54 78
8 54 81
8 54 83
8 54 85
8 54 86
8 54 91
8 54 92
8 54 95
9 22 1
9 22 3
9 22 5
9 22 6
9 22 11
9 22 12
9 22 15
9 22 23
9 22 24
9 22 42
9 22 50
9 54 18
9 54 19
9 54 27
9 54 34
9 54 36
9 54 37
9 54 38
9 54 39
9 54 43
9 54 45
9 54 46
9 54 49
9 54 53
9 54 56
9 54 58
9 54 64
9 54 66
9 54 67
9 54 70
9 54 71
9 54 72
9 54 75
9 54 76
9 54 79
9 54 82
9 54 84
9 54 85
9 54 89
9 54 90
9 54 96
9 54 98
--- Done ---
