0 22 13
0 22 22
0 22 23
0 22 24
0 22 32
0 22 33
1 22 0
1 22 10
1 22 14
1 22 15
1 22 20
1 22 21
1 22 22
1 22 23
1 22 25
1 22 32
1 22 33
1 22 62
1 22 71
1 22 80
1 56 8
1 56 9
1 56 16
1 56 18
1 56 26
1 56 27
1 56 28
1 56 35
1 56 37
1 56 38
1 56 39
1 56 47
1 56 48
1 56 57
1 56 59
1 56 65
1 56 68
1 56 72
1 56 73
1 56 74
1 56 75
1 56 76
1 56 77
1 56 81
1 56 84
1 56 85
1 56 89
1 56 93
1 56 99
2 22 2
2 22 4
2 22 6
2 22 14
2 22 20
2 22 21
2 22 22
2 22 25
2 22 31
2 22 33
2 22 40
2 22 42
2 22 43
2 22 50
2 22 52
2 22 70
2 22 71
2 56 16
2 56 17
2 56 19
2 56 26
2 56 28
2 56 29
2 56 35
2 56 36
2 56 37
2 56 39
2 56 47
2 56 53
2 56 57
2 56 63
2 56 64
2 56 67
2 56 69
2 56 72
2 56 73
2 56 75
2 56 81
2 56 82
2 56 86
2 56 87
2 56 88
2 56 90
2 56 94
3 22 0
3 22 1
3 22 2
3 22 4
3 22 12
3 22 13
3 22 14
3 22 15
3 22 21
3 22 24
3 22 25
3 22 30
3 22 32
3 22 34
3 22 41
3 22 43
3 22 51
3 22 60
3 22 61
3 22 70
3 56 7
3 56 16
3 56 17
3 56 27
3 56 36
3 56 38
3 56 44
3 56 45
3 56 46
3 56 47
3 56 55
3 56 56
3 56 64
3 56 66
3 56 72
3 56 73
3 56 75
3 56 76
3 56 82
3 56 84
3 56 92
3 56 95
3 56 96
3 56 98
4 22 2
4 22 12
4 22 20
4 22 21
4 22 31
4 22 33
4 22 43
4 22 50
4 22 52
4 22 62
4 56 7
4 56 8
4 56 16
4 56 28
4 56 29
4 56 35
4 56 37
4 56 39
4 56 45
4 56 48
4 56 56
4 56 57
4 56 58
4 56 59
4 56 64
4 56 65
4 56 66
4 56 69
4 56 72
4 56 76
4 56 78
4 56 81
4 56 82
4 56 88
4 56 89
4 56 96
4 56 97
4 56 99
5 22 0
5 22 4
5 22 5
5 22 6
5 22 12
5 22 20
5 22 22
5 22 25
5 22 30
5 22 31
5 22 32
5 22 33
5 22 34
5 22 41
5 22 52
5 22 62
5 56 7
5 56 8
5 56 16
5 56 17
5 56 19
5 56 26
5 56 28
5 56 29
5 56 35
5 56 37
5 56 39
5 56 44
5 56 46
5 56 54
5 56 55
5 56 56
5 56 57
5 56 59
5 56 63
5 56 64
5 56 65
5 56 68
5 56 72
5 56 73
5 56 75
5 56 79
5 56 81
5 56 82
5 56 90
5 56 91
5 56 93
6 22 0
6 22 1
6 22 2
6 22 3
6 22 10
6 22 12
6 22 13
6 22 14
6 22 15
6 22 20
6 22 21
6 22 22
6 22 25
6 22 31
6 22 32
6 22 33
6 22 41
6 22 42
6 22 50
6 22 60
6 22 62
6 22 71
6 22 80
6 56 7
6 56 17
6 56 28
6 56 36
6 56 44
6 56 45
6 56 56
6 56 57
6 56 64
6 56 65
6 56 67
6 56 68
6 56 72
6 56 75
6 56 77
6 56 87
6 56 89
6 56 93
6 56 95
6 56 96
6 56 97
7 22 0
7 22 10
7 22 12
7 22 13
7 22 14
7 22 21
7 22 32
7 22 33
7 22 42
7 22 43
7 22 50
7 22 60
7 22 61
7 22 71
7 56 16
7 56 17
7 56 18
7 56 26
7 56 28
7 56 29
7 56 35
7 56 36
7 56 38
7 56 39
7 56 45
7 56 46
7 56 47
7 56 49
7 56 53
7 56 56
7 56 59
7 56 65
7 56 67
7 56 68
7 56 69
7 56 75
7 56 78
7 56 82
7 56 85
7 56 86
7 56 87
7 56 88
7 56 97
8 22 1
8 22 3
8 22 5
8 22 10
8 22 14
8 22 15
8 22 20
8 22 21
8 22 22
8 22 24
8 22 25
8 22 31
8 22 32
8 22 40
8 22 41
8 22 43
8 22 51
8 22 61
8 22 71
8 56 18
8 56 19
8 56 26
8 56 28
8 56 29
8 56 35
8 56 37
8 56 38
8 56 39
8 56 44
8 56 47
8 56 48
8 56 49
8 56 54
8 56 56
8 56 63
8 56 64
8 56 66
8 56 67
8 56 68
8 56 74
8 56 76
8 56 78
8 56 81
8 56 83
8 56 85
8 56 86
8 56 91
8 56 92
8 56 95
9 22 1
9 22 3
9 22 5
9 22 6
9 22 11
9 22 12
9 22 15
9 22 23
9 22 24
9 22 34
9 22 42
9 22 43
9 22 50
9 22 70
9 22 71
9 56 18
9 56 19
9 56 27
9 56 36
9 56 37
9 56 38
9 56 39
9 56 45
9 56 46
9 56 49
9 56 53
9 56 56
9 56 58
9 56 64
9 56 66
9 56 67
9 56 72
9 56 75
9 56 76
9 56 79
9 56 82
9 56 84
9 56 85
9 56 89
9 56 90
9 56 96
9 56 98
--- Done ---
