0 22 13
0 22 22
0 22 23
0 22 24
0 22 32
0 22 33
1 22 0
1 22 9
1 22 10
1 22 20
1 22 21
1 22 22
1 22 23
1 22 25
1 22 35
1 22 38
1 22 47
1 22 57
1 22 62
1 22 71
1 22 72
1 22 74
1 22 75
1 22 76
1 22 80
1 22 81
1 22 85
1 22 93
1 56 8
1 56 14
1 56 15
1 56 16
1 56 18
1 56 26
1 56 27
1 56 28
1 56 32
1 56 33
1 56 37
1 56 39
1 56 48
1 56 59
1 56 65
1 56 68
1 56 73
1 56 77
1 56 84
1 56 89
1 56 99
2 22 2
2 22 4
2 22 6
2 22 16
2 22 20
2 22 22
2 22 26
2 22 31
2 22 33
2 22 40
2 22 63
2 22 64
2 22 71
2 22 72
2 22 75
2 22 81
2 22 88
2 49 17
2 49 19
2 49 28
2 49 37
2 49 43
2 49 69
2 49 73
2 49 82
2 49 86
2 49 90
2 56 14
2 56 21
2 56 25
2 56 29
2 56 35
2 56 36
2 56 39
2 56 42
2 56 47
2 56 50
2 56 52
2 56 53
2 56 57
2 56 67
2 56 70
2 56 87
2 56 94
3 22 0
3 22 1
3 22 2
3 22 4
3 22 7
3 22 12
3 22 13
3 22 14
3 22 15
3 22 16
3 22 21
3 22 25
3 22 27
3 22 30
3 22 32
3 22 34
3 22 41
3 22 45
3 22 47
3 22 51
3 22 60
3 22 61
3 22 64
3 22 66
3 22 72
3 22 75
3 22 76
3 49 55
3 49 73
3 49 82
3 49 96
3 56 17
3 56 24
3 56 36
3 56 38
3 56 43
3 56 44
3 56 46
3 56 56
3 56 70
3 56 84
3 56 92
3 56 95
3 56 98
4 22 2
4 22 7
4 22 12
4 22 20
4 22 21
4 22 31
4 22 33
4 22 43
4 22 45
4 22 50
4 22 52
4 22 57
4 22 62
4 22 66
4 22 72
4 22 76
4 22 81
4 49 16
4 49 28
4 49 29
4 49 35
4 49 37
4 49 39
4 49 58
4 49 65
4 49 69
4 49 78
4 49 82
4 49 89
4 56 8
4 56 48
4 56 56
4 56 59
4 56 64
4 56 88
4 56 96
4 56 97
4 56 99
5 22 0
5 22 4
5 22 5
5 22 6
5 22 7
5 22 12
5 22 16
5 22 20
5 22 22
5 22 25
5 22 30
5 22 31
5 22 35
5 22 41
5 22 44
5 22 54
5 22 57
5 22 63
5 22 72
5 22 75
5 22 81
5 49 19
5 49 29
5 49 39
5 49 59
5 49 82
5 49 90
5 56 8
5 56 17
5 56 26
5 56 28
5 56 32
5 56 33
5 56 34
5 56 37
5 56 46
5 56 52
5 56 55
5 56 56
5 56 62
5 56 64
5 56 65
5 56 68
5 56 73
5 56 79
5 56 91
5 56 93
6 22 0
6 22 1
6 22 2
6 22 3
6 22 7
6 22 10
6 22 12
6 22 13
6 22 15
6 22 20
6 22 21
6 22 22
6 22 31
6 22 32
6 22 33
6 22 41
6 22 42
6 22 44
6 22 45
6 22 50
6 22 57
6 22 64
6 22 71
6 22 72
6 22 80
6 49 68
6 49 89
6 56 14
6 56 17
6 56 25
6 56 28
6 56 36
6 56 56
6 56 60
6 56 62
6 56 65
6 56 67
6 56 75
6 56 77
6 56 87
6 56 93
6 56 95
6 56 96
6 56 97
7 22 0
7 22 10
7 22 12
7 22 13
7 22 16
7 22 21
7 22 26
7 22 35
7 22 36
7 22 38
7 22 47
7 22 53
7 22 71
7 22 85
7 22 88
7 49 17
7 49 49
7 49 75
7 49 82
7 49 86
7 56 14
7 56 18
7 56 28
7 56 29
7 56 32
7 56 33
7 56 39
7 56 42
7 56 43
7 56 45
7 56 46
7 56 50
7 56 56
7 56 59
7 56 60
7 56 61
7 56 65
7 56 67
7 56 68
7 56 69
7 56 78
7 56 87
7 56 97
8 22 1
8 22 3
8 22 5
8 22 10
8 22 14
8 22 15
8 22 20
8 22 21
8 22 22
8 22 25
8 22 26
8 22 31
8 22 32
8 22 35
8 22 38
8 22 40
8 22 41
8 22 44
8 22 51
8 22 54
8 22 61
8 22 63
8 22 64
8 22 66
8 22 71
8 22 74
8 22 76
8 22 81
8 22 83
8 49 18
8 49 19
8 49 49
8 49 78
8 49 85
8 56 24
8 56 28
8 56 29
8 56 37
8 56 39
8 56 43
8 56 47
8 56 48
8 56 56
8 56 67
8 56 68
8 56 86
8 56 91
8 56 92
8 56 95
9 22 1
9 22 3
9 22 5
9 22 6
9 22 11
9 22 12
9 22 15
9 22 23
9 22 27
9 22 34
9 22 36
9 22 38
9 22 42
9 22 45
9 22 46
9 22 50
9 22 53
9 22 64
9 22 66
9 22 71
9 22 72
9 22 75
9 22 76
9 22 85
9 49 19
9 49 37
9 49 49
9 49 58
9 49 67
9 49 79
9 49 82
9 49 89
9 49 90
9 49 96
9 56 18
9 56 24
9 56 39
9 56 43
9 56 56
9 56 70
9 56 84
9 56 98
--- Done ---
