0 47 44
0 47 53
0 47 54
0 47 55
0 47 65
1 41 4
1 41 22
1 41 43
1 41 61
1 41 62
1 41 90
1 47 18
1 47 24
1 47 25
1 47 26
1 47 44
1 47 45
1 47 54
1 47 55
1 47 58
1 47 59
1 47 69
1 75 53
1 75 60
1 75 68
1 75 85
1 75 86
1 75 89
1 75 92
1 75 95
2 2 2
2 2 3
2 2 4
2 2 5
2 2 7
2 2 12
2 2 16
2 2 20
2 2 23
2 2 50
2 41 10
2 41 13
2 41 32
2 41 44
2 41 60
2 41 90
2 47 8
2 47 18
2 47 26
2 47 27
2 47 34
2 47 35
2 47 39
2 47 43
2 47 45
2 47 47
2 47 48
2 47 53
2 47 54
2 47 55
2 47 57
2 47 64
2 47 66
2 47 67
2 47 69
2 47 76
2 47 78
2 47 87
2 47 94
2 75 56
2 75 91
2 75 92
2 75 95
2 75 96
2 75 99
3 2 3
3 2 14
3 2 16
3 2 24
3 2 51
3 41 0
3 41 4
3 41 5
3 41 13
3 41 20
3 41 21
3 41 22
3 41 23
3 41 25
3 41 30
3 41 32
3 41 33
3 41 44
3 41 55
3 41 60
3 41 63
3 41 74
3 41 83
3 41 94
3 47 6
3 47 19
3 47 27
3 47 31
3 47 39
3 47 43
3 47 45
3 47 49
3 47 53
3 47 54
3 47 59
3 47 64
3 47 68
3 47 69
3 47 77
3 47 87
3 75 37
3 75 42
3 75 46
3 75 50
3 75 52
3 75 57
3 75 62
3 75 71
3 75 72
3 75 76
3 75 80
3 75 81
3 75 84
3 75 89
3 75 95
3 75 96
3 75 99
4 2 0
4 2 1
4 2 3
4 2 4
4 2 7
4 2 10
4 2 16
4 2 21
4 2 22
4 2 23
4 2 24
4 2 30
4 2 31
4 2 32
4 2 34
4 2 35
4 2 44
4 2 51
4 2 56
4 2 63
4 41 42
4 41 50
4 41 62
4 41 64
4 41 80
4 41 90
4 41 92
4 41 94
4 47 6
4 47 8
4 47 9
4 47 15
4 47 17
4 47 18
4 47 19
4 47 25
4 47 27
4 47 28
4 47 29
4 47 53
4 47 58
4 47 65
4 47 68
4 47 69
4 47 73
4 47 77
4 47 78
4 47 85
4 47 87
4 75 26
4 75 45
4 75 46
4 75 48
4 75 54
4 75 55
4 75 57
4 75 66
4 75 67
4 75 70
4 75 71
4 75 72
4 75 79
4 75 81
4 75 82
4 75 83
4 75 89
4 75 91
4 75 93
4 75 95
4 75 97
4 75 98
4 75 99
5 2 2
5 2 7
5 2 12
5 2 13
5 2 15
5 2 16
5 2 21
5 2 23
5 2 30
5 2 32
5 2 42
5 41 0
5 41 1
5 41 4
5 41 5
5 41 10
5 41 11
5 41 20
5 41 22
5 41 40
5 41 53
5 41 55
5 41 61
5 41 62
5 41 83
5 41 90
5 47 6
5 47 9
5 47 14
5 47 17
5 47 18
5 47 19
5 47 24
5 47 25
5 47 27
5 47 29
5 47 31
5 47 33
5 47 34
5 47 35
5 47 39
5 47 43
5 47 44
5 47 45
5 47 46
5 47 49
5 47 56
5 47 57
5 47 58
5 47 64
5 47 68
5 47 69
5 47 73
5 47 77
5 47 78
5 47 82
5 47 86
5 47 87
5 75 36
5 75 50
5 75 52
5 75 54
5 75 60
5 75 65
5 75 67
5 75 71
5 75 72
5 75 74
5 75 75
5 75 79
5 75 81
5 75 84
5 75 88
5 75 89
5 75 92
5 75 95
5 75 96
5 75 97
5 75 98
5 75 99
6 2 3
6 2 4
6 2 5
6 2 6
6 2 7
6 2 10
6 2 14
6 2 16
6 2 20
6 2 21
6 2 24
6 2 30
6 2 31
6 2 35
6 2 44
6 2 50
6 41 0
6 41 1
6 41 11
6 41 12
6 41 13
6 41 22
6 41 40
6 41 41
6 41 55
6 41 60
6 41 80
6 41 90
6 47 8
6 47 9
6 47 15
6 47 17
6 47 18
6 47 19
6 47 25
6 47 27
6 47 28
6 47 33
6 47 36
6 47 37
6 47 38
6 47 39
6 47 43
6 47 46
6 47 47
6 47 49
6 47 57
6 47 65
6 47 66
6 47 67
6 47 68
6 47 69
6 47 73
6 47 76
6 47 78
6 47 85
6 47 86
6 47 87
6 47 94
6 75 26
6 75 42
6 75 53
6 75 59
6 75 61
6 75 62
6 75 71
6 75 79
6 75 81
6 75 82
6 75 83
6 75 84
6 75 88
6 75 89
6 75 91
6 75 92
6 75 93
6 75 95
6 75 96
6 75 98
7 2 2
7 2 3
7 2 7
7 2 16
7 2 50
7 2 63
7 41 4
7 41 5
7 41 12
7 41 20
7 41 21
7 41 22
7 41 30
7 41 34
7 41 40
7 41 41
7 41 42
7 41 55
7 41 61
7 41 72
7 41 90
7 41 92
7 41 94
7 47 6
7 47 8
7 47 9
7 47 18
7 47 19
7 47 24
7 47 25
7 47 26
7 47 27
7 47 28
7 47 31
7 47 36
7 47 37
7 47 39
7 47 43
7 47 46
7 47 47
7 47 48
7 47 49
7 47 56
7 47 58
7 47 59
7 47 64
7 47 65
7 47 68
7 47 73
7 47 74
7 47 76
7 47 77
7 47 78
7 47 82
7 47 87
7 47 88
7 75 62
7 75 71
7 75 75
7 75 79
7 75 81
7 75 86
7 75 89
7 75 91
7 75 95
7 75 96
7 75 97
7 75 98
7 75 99
8 2 2
8 2 3
8 2 4
8 2 7
8 2 10
8 2 11
8 2 13
8 2 16
8 2 20
8 2 21
8 2 23
8 2 30
8 2 50
8 41 41
8 41 42
8 41 51
8 41 52
8 41 61
8 41 80
8 41 90
8 41 92
8 47 8
8 47 17
8 47 19
8 47 25
8 47 26
8 47 28
8 47 34
8 47 38
8 47 39
8 47 44
8 47 45
8 47 46
8 47 49
8 47 57
8 47 63
8 47 64
8 47 65
8 47 66
8 47 68
8 47 69
8 47 73
8 47 77
8 47 78
8 47 82
8 47 86
8 47 87
8 47 88
8 47 94
8 75 60
8 75 70
8 75 75
8 75 79
8 75 81
8 75 84
8 75 89
8 75 96
8 75 99
9 2 3
9 2 11
9 2 20
9 2 21
9 2 22
9 2 23
9 2 30
9 2 31
9 2 32
9 2 44
9 2 50
9 2 56
9 41 1
9 41 40
9 47 8
9 47 18
9 47 19
9 47 24
9 47 26
9 47 29
9 47 35
9 47 36
9 47 37
9 47 39
9 47 45
9 47 47
9 47 48
9 47 53
9 47 54
9 47 55
9 47 57
9 47 58
9 47 65
9 47 66
9 47 68
9 47 69
9 47 74
9 47 86
9 47 94
9 75 71
9 75 75
9 75 78
9 75 89
9 75 91
9 75 92
9 75 95
9 75 97
10 2 0
10 2 3
10 2 4
10 2 5
10 2 11
10 2 16
10 2 21
10 2 25
10 2 31
10 2 44
10 2 53
10 41 13
10 41 55
10 47 6
10 47 8
10 47 33
10 47 35
10 47 45
10 47 48
10 47 54
10 47 69
10 47 76
10 47 77
10 47 82
10 47 88
10 75 50
10 75 60
10 75 84
10 75 89
10 75 95
10 75 96
10 75 98
11 2 1
11 2 4
11 2 5
11 2 16
11 2 21
11 2 56
11 41 20
11 41 22
11 41 32
11 41 60
11 41 73
11 47 8
11 47 19
11 47 47
11 47 76
11 47 85
11 75 75
--- Done ---
