0 47 44
0 47 53
0 47 54
0 47 55
0 47 65
1 47 4
1 47 18
1 47 22
1 47 24
1 47 25
1 47 26
1 47 43
1 47 44
1 47 45
1 47 53
1 47 54
1 47 55
2 47 2
2 47 3
2 47 4
2 47 5
2 47 7
2 47 8
2 47 10
2 47 12
2 47 13
2 47 16
2 47 18
2 47 20
2 47 23
2 47 26
2 47 27
2 47 32
2 47 34
2 47 35
2 47 39
2 47 43
2 47 44
2 47 45
2 47 47
2 47 48
2 47 50
2 47 54
2 47 55
2 47 56
2 47 57
2 47 60
3 47 0
3 47 3
3 47 4
3 47 5
3 47 6
3 47 13
3 47 14
3 47 16
3 47 19
3 47 20
3 47 21
3 47 22
3 47 23
3 47 24
3 47 25
3 47 27
3 47 30
3 47 31
3 47 32
3 47 33
3 47 37
3 47 39
3 47 42
3 47 43
3 47 46
4 47 0
4 47 1
4 47 3
4 47 4
4 47 6
4 47 7
4 47 8
4 47 9
4 47 10
4 47 15
4 47 16
4 47 17
4 47 18
4 47 19
4 47 21
4 47 22
4 47 23
4 47 24
4 47 25
4 47 26
4 47 27
4 47 28
4 47 29
4 47 30
4 47 31
5 47 0
5 47 1
5 47 2
5 47 4
5 47 5
5 47 6
5 47 7
5 47 9
5 47 10
5 47 11
5 47 12
5 47 13
5 47 14
5 47 15
5 47 16
5 47 19
6 47 0
6 47 1
6 47 3
6 47 4
6 47 5
6 47 6
6 47 7
6 47 8
6 47 9
6 47 10
6 47 11
6 47 12
6 47 13
6 47 14
6 47 15
6 47 16
6 47 17
6 47 19
7 47 2
7 47 3
7 47 4
7 47 5
7 47 6
7 47 7
7 47 8
7 47 9
7 47 12
7 47 16
7 47 18
7 47 19
7 47 20
7 47 21
7 47 22
7 47 24
7 47 25
7 47 26
7 47 27
7 47 28
7 47 30
7 47 31
7 47 34
7 47 36
7 47 39
8 47 2
8 47 3
8 47 4
8 47 7
8 47 8
8 47 10
8 47 11
8 47 13
8 47 16
8 47 17
8 47 19
8 47 20
8 47 21
8 47 23
8 47 25
8 47 26
8 47 28
8 47 30
8 47 34
8 47 38
8 47 39
8 47 41
8 47 42
8 47 44
8 47 45
8 47 46
8 47 49
9 47 1
9 47 3
9 47 8
9 47 11
9 47 18
9 47 19
9 47 20
9 47 21
9 47 22
9 47 23
9 47 24
9 47 26
9 47 29
9 47 30
9 47 31
9 47 32
9 47 35
9 47 36
9 47 37
9 47 39
9 47 40
9 47 44
10 47 0
10 47 3
10 47 4
10 47 5
10 47 6
10 47 8
10 47 11
10 47 13
10 47 16
10 47 21
10 47 25
10 47 31
10 47 33
10 47 35
10 47 44
10 47 45
10 47 48
10 47 50
10 47 53
10 47 54
10 47 55
10 47 60
10 47 69
10 47 76
10 47 77
10 47 82
10 47 84
10 47 88
10 47 89
10 47 95
10 47 96
10 47 98
11 47 1
11 47 4
11 47 5
11 47 8
11 47 16
11 47 19
11 47 20
11 47 21
11 47 22
11 47 32
11 47 47
11 47 56
11 47 60
11 47 73
11 47 75
11 47 76
11 47 85
--- Done ---
