0 47 44
0 47 45
0 47 53
0 47 54
0 47 55
0 47 65
0 76 64
1 6 5
1 6 7
1 6 16
1 6 24
1 6 25
1 6 39
1 21 0
1 21 2
1 21 10
1 21 20
1 21 21
1 21 32
1 21 41
1 21 50
1 21 51
1 47 19
1 47 26
1 47 29
1 47 33
1 47 36
1 47 38
1 47 43
1 47 44
1 47 47
1 47 53
1 47 55
1 47 56
1 47 65
1 47 67
1 47 74
1 47 87
1 47 88
1 61 40
1 61 52
1 61 64
1 61 72
1 61 80
1 61 91
1 76 77
1 76 84
1 76 93
1 76 95
1 76 98
2 6 4
2 6 6
2 6 8
2 6 11
2 6 13
2 6 24
2 6 25
2 6 34
2 21 1
2 21 3
2 21 31
2 21 50
2 47 15
2 47 18
2 47 19
2 47 26
2 47 38
2 47 39
2 47 43
2 47 46
2 47 48
2 47 53
2 47 55
2 47 57
2 47 59
2 47 65
2 47 67
2 47 86
2 47 87
2 61 41
2 61 60
2 61 61
2 61 63
2 61 70
2 61 72
2 61 73
2 61 81
2 61 84
2 61 91
2 78 69
2 78 77
2 78 79
2 78 85
2 78 98
2 78 99
3 6 5
3 6 9
3 6 14
3 6 23
3 42 0
3 42 40
3 42 41
3 42 42
3 42 52
3 47 15
3 47 19
3 47 26
3 47 27
3 47 33
3 47 35
3 47 43
3 47 46
3 47 47
3 47 48
3 47 49
3 47 53
3 47 54
3 47 55
3 47 56
3 47 57
3 47 65
3 47 67
3 47 74
3 47 76
3 47 82
3 72 32
3 72 63
3 72 70
3 72 72
3 72 73
3 72 90
3 72 92
3 72 93
3 78 77
3 78 78
3 78 85
3 78 89
3 78 96
3 78 98
4 14 0
4 14 1
4 14 2
4 14 3
4 14 5
4 14 7
4 14 12
4 14 16
4 14 23
4 14 24
4 14 25
4 14 32
4 14 34
4 14 54
4 42 20
4 42 22
4 42 40
4 47 18
4 47 26
4 47 27
4 47 29
4 47 35
4 47 36
4 47 43
4 47 45
4 47 48
4 47 49
4 47 53
4 47 55
4 47 56
4 47 59
4 47 67
4 47 68
4 47 87
4 72 41
4 72 72
4 72 80
4 97 79
4 97 83
4 97 85
4 97 89
4 97 95
4 97 98
4 97 99
5 14 1
5 14 5
5 14 7
5 14 10
5 14 25
5 26 6
5 26 17
5 26 22
5 26 58
5 26 75
5 26 77
5 26 78
5 42 11
5 42 12
5 42 21
5 42 30
5 42 31
5 42 41
5 42 42
5 42 52
5 42 60
5 42 61
5 42 73
5 47 27
5 47 33
5 47 35
5 47 36
5 47 37
5 47 39
5 47 43
5 47 44
5 47 46
5 47 47
5 47 53
5 47 55
5 47 56
5 47 86
5 47 87
5 97 68
5 97 79
5 97 83
5 97 84
5 97 85
5 97 89
5 97 95
5 97 99
6 22 2
6 22 5
6 22 10
6 22 14
6 22 20
6 22 21
6 22 22
6 22 23
6 22 34
6 22 40
6 22 41
6 26 3
6 26 7
6 26 8
6 26 16
6 26 25
6 26 77
6 47 27
6 47 36
6 47 37
6 47 43
6 47 44
6 47 45
6 47 47
6 47 48
6 47 49
6 47 54
6 47 55
6 47 58
6 47 65
6 47 68
6 47 86
6 47 88
6 62 52
6 62 64
6 62 70
6 62 71
6 62 72
6 62 73
6 62 91
6 62 92
6 97 57
6 97 69
6 97 76
6 97 78
6 97 89
6 97 96
6 97 97
6 97 98
6 97 99
7 22 11
7 22 12
7 22 13
7 22 20
7 22 22
7 22 23
7 22 24
7 22 30
7 22 34
7 22 40
7 22 41
7 22 51
7 26 6
7 26 7
7 26 26
7 47 15
7 47 19
7 47 27
7 47 29
7 47 35
7 47 36
7 47 37
7 47 38
7 47 43
7 47 44
7 47 45
7 47 47
7 47 55
7 47 65
7 47 66
7 47 67
7 47 74
7 47 76
7 47 86
7 62 42
7 62 50
7 62 61
7 62 72
7 62 80
7 62 85
7 62 91
7 62 92
7 62 94
8 23 1
8 23 3
8 23 4
8 23 5
8 23 8
8 23 11
8 23 20
8 23 21
8 23 22
8 23 24
8 23 32
8 23 34
8 23 41
8 23 42
8 23 46
8 23 51
8 23 53
8 23 54
8 23 63
8 47 19
8 47 28
8 47 35
8 47 39
8 47 43
8 47 44
8 47 47
8 47 57
8 47 59
8 47 65
8 47 66
8 47 82
8 47 88
8 61 61
8 61 64
8 61 70
8 61 71
8 61 83
8 61 90
8 61 91
8 61 92
8 87 79
8 87 87
8 87 94
8 87 95
8 87 96
8 87 97
9 18 6
9 18 9
9 18 14
9 18 48
9 23 1
9 23 3
9 23 13
9 23 23
9 23 31
9 23 34
9 23 41
9 23 45
9 23 54
9 23 72
9 47 15
9 47 29
9 47 37
9 47 38
9 47 49
9 47 53
9 47 56
9 47 59
9 47 66
9 47 67
9 47 76
9 47 82
9 47 86
9 47 88
9 61 30
9 61 40
9 61 42
9 61 60
9 61 62
9 61 70
9 61 81
9 61 83
9 61 90
9 61 91
9 61 92
9 87 77
9 87 78
9 87 79
9 87 85
9 87 95
9 87 96
--- Done ---
