0 47 44
0 47 45
0 47 53
0 47 54
0 47 55
0 47 64
0 47 65
1 14 0
1 14 5
1 14 7
1 14 10
1 14 16
1 14 19
1 14 25
1 14 36
1 14 38
1 14 43
1 14 44
1 14 50
1 14 51
1 40 20
1 40 21
1 40 32
1 40 40
1 40 41
1 40 72
1 47 2
1 47 29
1 47 33
1 47 39
1 47 47
1 47 53
1 47 55
1 47 56
1 47 64
1 47 65
1 47 67
1 47 74
1 47 77
1 47 87
1 47 88
1 66 24
1 66 26
1 66 52
1 66 80
1 66 84
1 66 91
1 66 93
1 66 95
1 66 98
2 14 1
2 14 3
2 14 11
2 14 13
2 14 15
2 14 19
2 14 25
2 14 31
2 14 38
2 40 26
2 40 41
2 40 50
2 40 60
2 40 61
2 40 70
2 40 72
2 40 81
2 47 6
2 47 8
2 47 18
2 47 24
2 47 34
2 47 39
2 47 43
2 47 48
2 47 53
2 47 55
2 47 57
2 47 59
2 47 63
2 47 65
2 47 67
2 47 69
2 47 73
2 47 77
2 47 85
2 47 86
2 47 87
2 66 4
2 66 46
2 66 79
2 66 84
2 66 91
2 66 98
2 66 99
3 42 0
3 42 5
3 42 23
3 42 32
3 42 35
3 42 40
3 42 42
3 42 43
3 42 46
3 42 57
3 42 90
3 47 9
3 47 14
3 47 15
3 47 19
3 47 26
3 47 27
3 47 33
3 47 47
3 47 48
3 47 49
3 47 53
3 47 54
3 47 55
3 47 56
3 47 63
3 47 65
3 47 67
3 47 73
3 47 74
3 47 76
3 47 82
3 75 41
3 75 52
3 75 70
3 75 72
3 75 77
3 75 78
3 75 85
3 75 89
3 75 92
3 75 93
3 75 96
3 75 98
4 14 0
4 14 1
4 14 3
4 14 5
4 14 7
4 14 16
4 14 18
4 14 23
4 14 25
4 14 32
4 14 34
4 14 35
4 14 40
4 14 54
4 14 56
4 42 12
4 42 20
4 42 22
4 42 27
4 42 29
4 42 55
4 42 72
4 47 2
4 47 24
4 47 36
4 47 43
4 47 45
4 47 48
4 47 49
4 47 53
4 47 59
4 47 68
4 47 85
4 75 26
4 75 41
4 75 67
4 75 79
4 75 80
4 75 83
4 75 87
4 75 89
4 75 95
4 75 98
4 75 99
5 14 1
5 14 5
5 14 7
5 14 10
5 14 11
5 14 12
5 14 17
5 14 21
5 14 22
5 14 30
5 14 31
5 14 36
5 14 53
5 47 6
5 47 25
5 47 27
5 47 33
5 47 37
5 47 39
5 47 43
5 47 44
5 47 46
5 47 47
5 47 55
5 47 56
5 47 68
5 47 73
5 47 85
5 47 86
5 47 87
5 75 35
5 75 41
5 75 42
5 75 52
5 75 58
5 75 60
5 75 61
5 75 75
5 75 77
5 75 78
5 75 79
5 75 83
5 75 84
5 75 89
5 75 95
5 75 99
6 2 2
6 2 3
6 2 5
6 2 7
6 2 10
6 2 16
6 2 20
6 2 21
6 2 22
6 2 23
6 2 34
6 2 37
6 2 41
6 47 8
6 47 14
6 47 27
6 47 36
6 47 43
6 47 44
6 47 45
6 47 47
6 47 48
6 47 49
6 47 57
6 47 58
6 47 64
6 47 65
6 47 69
6 47 78
6 47 86
6 52 25
6 52 40
6 52 52
6 52 54
6 75 55
6 75 68
6 75 70
6 75 71
6 75 72
6 75 73
6 75 76
6 75 77
6 75 88
6 75 89
6 75 91
6 75 92
6 75 96
6 75 97
6 75 98
6 75 99
7 2 7
7 2 11
7 2 12
7 2 13
7 2 20
7 2 22
7 2 23
7 2 30
7 2 34
7 2 35
7 47 6
7 47 15
7 47 19
7 47 26
7 47 27
7 47 29
7 47 36
7 47 37
7 47 38
7 47 44
7 47 45
7 47 47
7 47 55
7 47 65
7 47 66
7 47 67
7 47 74
7 47 76
7 47 86
7 47 94
7 52 24
7 52 40
7 52 41
7 52 42
7 52 43
7 52 50
7 52 51
7 52 61
7 52 72
7 52 80
7 52 85
7 52 91
7 52 92
8 42 1
8 42 3
8 42 11
8 42 20
8 42 21
8 42 22
8 42 32
8 42 34
8 42 41
8 42 42
8 42 43
8 42 46
8 42 51
8 42 54
8 42 57
8 42 61
8 42 64
8 42 70
8 42 71
8 42 90
8 42 92
8 47 8
8 47 19
8 47 24
8 47 28
8 47 35
8 47 39
8 47 44
8 47 47
8 47 53
8 47 59
8 47 63
8 47 82
8 47 87
8 47 94
8 66 4
8 66 5
8 66 65
8 66 66
8 66 79
8 66 83
8 66 88
8 66 91
8 66 95
8 66 96
8 66 97
9 42 1
9 42 3
9 42 13
9 42 23
9 42 30
9 42 31
9 42 40
9 42 41
9 42 42
9 42 53
9 42 60
9 42 62
9 42 70
9 42 72
9 42 81
9 42 83
9 42 90
9 42 92
9 47 6
9 47 9
9 47 14
9 47 15
9 47 29
9 47 34
9 47 37
9 47 38
9 47 45
9 47 48
9 47 54
9 47 56
9 47 59
9 47 67
9 47 77
9 47 82
9 47 85
9 47 88
9 66 49
9 66 66
9 66 76
9 66 78
9 66 79
9 66 86
9 66 91
9 66 95
9 66 96
--- Done ---
