0 47 44
0 47 53
0 47 54
0 47 55
0 47 65
1 34 4
1 34 89
1 47 18
1 47 58
1 47 69
1 47 86
1 47 24
1 47 25
1 47 26
1 47 45
1 47 59
1 47 68
1 47 85
1 47 43
1 47 44
1 47 53
1 47 55
1 50 60
1 50 90
1 50 92
1 50 95
1 50 22
1 50 61
1 50 62
1 50 54
2 2 3
2 2 7
2 2 10
2 2 16
2 2 20
2 2 4
2 2 5
2 2 13
2 2 2
2 2 12
2 2 23
2 2 32
2 2 53
2 34 34
2 47 18
2 47 69
2 47 8
2 47 39
2 47 57
2 47 67
2 47 76
2 47 78
2 47 87
2 47 94
2 47 26
2 47 27
2 47 45
2 47 47
2 47 48
2 47 66
2 47 35
2 47 43
2 47 54
2 47 55
2 47 64
2 47 44
2 47 56
2 50 90
2 50 60
2 50 91
2 50 92
2 50 95
2 50 96
2 50 50
2 75 99
3 2 0
3 2 3
3 2 16
3 2 20
3 2 4
3 2 5
3 2 6
3 2 13
3 2 14
3 2 21
3 2 22
3 2 23
3 2 24
3 2 25
3 2 30
3 2 32
3 2 31
3 2 51
3 2 44
3 2 63
3 34 -1
3 47 19
3 47 49
3 47 69
3 47 39
3 47 57
3 47 76
3 47 77
3 47 27
3 47 33
3 47 54
3 47 64
3 50 50
3 50 53
3 75 83
3 75 99
3 75 60
3 75 71
3 75 80
3 75 81
3 75 87
3 75 89
3 75 94
3 75 95
3 75 96
3 75 45
3 75 46
3 75 52
3 75 59
3 75 62
3 75 68
3 75 72
3 75 74
3 75 84
3 75 37
3 75 42
3 75 43
3 75 55
4 2 0
4 2 1
4 2 3
4 2 7
4 2 10
4 2 16
4 2 4
4 2 21
4 2 22
4 2 23
4 2 30
4 2 31
4 2 32
4 2 53
4 2 56
4 34 34
4 47 9
4 47 17
4 47 18
4 47 19
4 47 69
4 47 6
4 47 8
4 47 28
4 47 29
4 47 57
4 47 58
4 47 67
4 47 77
4 47 78
4 47 82
4 47 87
4 47 94
4 47 15
4 47 24
4 47 25
4 50 90
4 50 27
4 50 54
4 50 55
4 50 62
4 50 64
4 50 72
4 50 42
4 50 44
4 50 50
4 50 51
4 50 63
4 75 79
4 75 83
4 75 93
4 75 97
4 75 98
4 75 99
4 75 70
4 75 71
4 75 80
4 75 81
4 75 89
4 75 91
4 75 92
4 75 95
4 75 26
4 75 45
4 75 46
4 75 48
4 75 65
4 75 66
4 75 68
4 75 73
4 75 85
4 75 35
5 2 0
5 2 1
5 2 7
5 2 10
5 2 16
5 2 20
5 2 4
5 2 5
5 2 6
5 2 11
5 2 13
5 2 2
5 2 12
5 2 24
5 2 25
5 2 35
5 2 22
5 34 34
5 34 50
5 34 53
5 34 56
5 47 9
5 47 17
5 47 18
5 47 19
5 47 49
5 47 69
5 47 29
5 47 39
5 47 57
5 47 58
5 47 67
5 47 77
5 47 78
5 47 82
5 47 86
5 47 87
5 47 88
5 47 14
5 47 15
5 50 90
5 50 40
5 50 27
5 50 33
5 50 43
5 50 52
5 50 54
5 50 55
5 50 61
5 50 62
5 50 64
5 50 72
5 50 84
5 50 21
5 50 23
5 50 30
5 50 31
5 50 32
5 50 42
5 50 44
5 75 79
5 75 83
5 75 97
5 75 98
5 75 99
5 75 60
5 75 71
5 75 81
5 75 89
5 75 92
5 75 95
5 75 96
5 75 36
5 75 45
5 75 46
5 75 65
5 75 68
5 75 73
5 75 74
5 75 75
6 2 0
6 2 1
6 2 3
6 2 7
6 2 10
6 2 16
6 2 20
6 2 4
6 2 5
6 2 6
6 2 11
6 2 13
6 2 12
6 2 15
6 2 24
6 2 25
6 2 21
6 2 22
6 34 85
6 34 37
6 47 9
6 47 17
6 47 18
6 47 19
6 47 49
6 47 69
6 47 8
6 47 28
6 47 38
6 47 39
6 47 57
6 47 67
6 47 76
6 47 78
6 47 82
6 47 86
6 47 87
6 47 88
6 47 94
6 47 14
6 50 90
6 50 40
6 50 27
6 50 33
6 50 30
6 50 31
6 50 41
6 50 42
6 50 43
6 50 44
6 50 50
6 50 53
6 50 55
6 50 61
6 50 62
6 50 84
6 75 79
6 75 83
6 75 93
6 75 98
6 75 60
6 75 71
6 75 80
6 75 81
6 75 89
6 75 91
6 75 92
6 75 95
6 75 96
6 75 26
6 75 36
6 75 46
6 75 47
6 75 59
6 75 65
6 75 66
6 75 68
6 75 73
6 75 35
7 2 3
7 2 7
7 2 16
7 2 20
7 2 4
7 2 5
7 2 6
7 2 2
7 2 12
7 2 21
7 2 22
7 2 30
7 2 31
7 2 41
7 2 42
7 2 56
7 2 63
7 34 34
7 47 9
7 47 18
7 47 19
7 47 49
7 47 8
7 47 28
7 47 39
7 47 58
7 47 76
7 47 77
7 47 78
7 47 82
7 47 86
7 47 87
7 47 88
7 47 94
7 47 24
7 47 25
7 47 26
7 47 27
7 47 36
7 47 46
7 47 47
7 50 90
7 50 40
7 50 64
7 50 72
7 50 50
7 75 79
7 75 97
7 75 98
7 75 99
7 75 71
7 75 81
7 75 89
7 75 91
7 75 92
7 75 95
7 75 96
7 75 48
7 75 59
7 75 65
7 75 68
7 75 73
7 75 74
7 75 75
7 75 37
7 75 43
7 75 55
7 75 61
7 75 62
8 2 3
8 2 7
8 2 10
8 2 16
8 2 20
8 2 4
8 2 11
8 2 13
8 2 2
8 34 34
8 47 17
8 47 19
8 47 49
8 47 69
8 47 8
8 47 28
8 47 38
8 47 39
8 47 57
8 47 77
8 47 78
8 47 82
8 47 86
8 47 87
8 47 88
8 47 94
8 47 25
8 47 26
8 47 45
8 47 46
8 47 65
8 47 66
8 47 68
8 47 73
8 47 64
8 47 44
8 47 63
8 50 90
8 50 60
8 50 70
8 50 80
8 50 81
8 50 92
8 50 96
8 50 21
8 50 23
8 50 30
8 50 52
8 50 61
8 50 84
8 50 41
8 50 42
8 50 50
8 50 51
8 75 79
8 75 99
8 75 89
8 75 75
9 2 1
9 2 3
9 2 20
9 2 11
9 2 21
9 2 22
9 2 23
9 2 30
9 2 32
9 2 53
9 2 56
9 34 -1
9 47 18
9 47 19
9 47 69
9 47 8
9 47 29
9 47 39
9 47 57
9 47 58
9 47 78
9 47 86
9 47 94
9 47 24
9 47 26
9 47 36
9 47 45
9 47 47
9 47 48
9 47 65
9 47 66
9 47 68
9 47 74
9 47 31
9 47 35
9 47 37
9 47 54
9 47 55
9 47 44
9 50 40
9 50 71
9 50 91
9 50 92
9 50 95
9 50 50
9 75 97
9 75 89
9 75 75
10 2 0
10 2 3
10 2 16
10 2 4
10 2 5
10 2 6
10 2 11
10 2 13
10 2 21
10 2 25
10 2 31
10 2 35
10 34 -1
10 47 69
10 47 8
10 47 76
10 47 77
10 47 82
10 47 88
10 47 33
10 47 45
10 47 48
10 47 54
10 47 55
10 47 44
10 47 53
10 50 50
10 75 98
10 75 60
10 75 89
10 75 95
10 75 96
10 75 84
11 2 1
11 2 16
11 2 20
11 2 4
11 2 5
11 2 21
11 2 22
11 2 32
11 2 56
11 34 -1
11 47 19
11 47 8
11 47 76
11 47 47
11 47 73
11 47 85
11 50 60
11 75 75
--- Done ---
