0 47 44
0 47 53
0 47 54
0 47 55
0 47 65
0 55 -1
1 4 -1
1 17 -1
1 47 18
1 47 26
1 47 58
1 47 59
1 47 68
1 47 86
1 47 89
1 55 4
1 55 22
1 55 24
1 55 25
1 55 43
1 55 44
1 55 45
1 55 53
1 55 54
1 55 55
1 55 60
1 55 61
1 55 62
1 55 69
1 55 85
1 55 90
1 55 92
1 55 95
1 70 -1
1 88 -1
1 93 -1
2 2 -1
2 4 2
2 4 3
2 4 4
2 4 5
2 4 10
2 4 12
2 4 13
2 4 23
2 4 32
2 11 -1
2 14 -1
2 17 7
2 17 8
2 17 16
2 17 18
2 17 26
2 17 27
2 17 39
2 18 -1
2 19 -1
2 22 -1
2 27 -1
2 47 47
2 47 48
2 47 57
2 52 -1
2 53 -1
2 54 -1
2 55 34
2 55 35
2 55 43
2 55 44
2 55 45
2 55 53
2 55 54
2 55 55
2 55 56
2 55 64
2 55 66
2 56 -1
2 57 -1
2 59 -1
2 63 -1
2 69 -1
2 70 20
2 70 50
2 70 60
2 70 90
2 70 91
2 88 67
2 88 69
2 88 76
2 88 78
2 88 87
2 88 99
2 93 92
2 93 94
2 93 95
2 93 96
3 2 -1
3 4 3
3 4 4
3 4 5
3 11 0
3 11 20
3 11 21
3 14 13
3 14 14
3 14 24
3 14 25
3 17 16
3 18 6
3 19 19
3 22 22
3 22 23
3 22 30
3 22 32
3 27 27
3 27 37
3 47 -1
3 52 31
3 52 33
3 52 42
3 52 50
3 52 51
3 52 52
3 53 53
3 54 43
3 54 54
3 55 44
3 55 45
3 55 55
3 56 46
3 57 39
3 57 57
3 59 49
3 59 59
3 63 62
3 63 63
3 63 64
3 63 72
3 63 74
3 69 68
3 69 69
3 70 60
3 70 71
3 70 80
3 70 81
3 88 76
3 88 77
3 88 87
3 88 89
3 88 99
3 93 83
3 93 84
3 93 94
3 93 95
3 93 96
4 2 1
4 4 3
4 4 4
4 11 0
4 11 10
4 11 21
4 14 15
4 14 24
4 14 25
4 17 7
4 17 16
4 17 17
4 18 6
4 18 8
4 18 9
4 18 18
4 18 28
4 19 19
4 19 29
4 22 22
4 22 23
4 22 30
4 22 32
4 22 34
4 27 26
4 27 27
4 47 48
4 52 31
4 52 42
4 52 50
4 52 51
4 53 53
4 54 54
4 55 35
4 55 44
4 55 45
4 55 55
4 55 65
4 56 46
4 56 56
4 56 66
4 56 67
4 57 57
4 57 58
4 59 -1
4 63 62
4 63 63
4 63 64
4 63 72
4 63 73
4 69 68
4 69 69
4 69 79
4 70 70
4 70 71
4 70 80
4 70 81
4 70 90
4 70 91
4 88 77
4 88 78
4 88 87
4 88 89
4 88 97
4 88 98
4 88 99
4 93 82
4 93 83
4 93 85
4 93 92
4 93 93
4 93 94
4 93 95
5 2 1
5 2 2
5 4 4
5 4 5
5 11 0
5 11 10
5 11 11
5 11 20
5 11 21
5 14 13
5 14 14
5 14 15
5 14 24
5 14 25
5 17 7
5 17 16
5 17 17
5 18 6
5 18 9
5 18 18
5 19 19
5 19 29
5 22 12
5 22 22
5 22 23
5 22 30
5 22 32
5 22 34
5 27 27
5 47 36
5 52 31
5 52 33
5 52 42
5 52 50
5 52 52
5 52 61
5 53 40
5 53 53
5 54 43
5 54 54
5 55 35
5 55 44
5 55 45
5 55 55
5 55 65
5 56 46
5 56 56
5 56 67
5 57 39
5 57 57
5 57 58
5 59 49
5 63 62
5 63 64
5 63 72
5 63 73
5 63 74
5 63 75
5 69 68
5 69 69
5 69 79
5 70 60
5 70 71
5 70 81
5 70 90
5 88 77
5 88 78
5 88 86
5 88 87
5 88 88
5 88 89
5 88 97
5 88 98
5 88 99
5 93 82
5 93 83
5 93 84
5 93 92
5 93 95
5 93 96
6 2 1
6 4 3
6 4 4
6 4 5
6 11 0
6 11 10
6 11 11
6 11 20
6 11 21
6 14 13
6 14 14
6 14 15
6 14 24
6 14 25
6 17 7
6 17 16
6 17 17
6 18 6
6 18 8
6 18 9
6 18 18
6 18 28
6 19 19
6 22 12
6 22 22
6 22 30
6 27 26
6 27 27
6 27 37
6 47 36
6 47 38
6 47 47
6 52 31
6 52 33
6 52 41
6 52 42
6 52 50
6 52 61
6 53 40
6 53 53
6 54 43
6 55 35
6 55 44
6 55 55
6 55 65
6 56 46
6 56 66
6 56 67
6 57 39
6 57 57
6 59 49
6 59 59
6 63 62
6 63 73
6 69 68
6 69 69
6 69 79
6 70 60
6 70 71
6 70 80
6 70 81
6 70 90
6 70 91
6 88 76
6 88 78
6 88 86
6 88 87
6 88 88
6 88 89
6 88 98
6 93 82
6 93 83
6 93 84
6 93 85
6 93 92
6 93 93
6 93 94
6 93 95
6 93 96
7 2 2
7 4 3
7 4 4
7 4 5
7 11 20
7 11 21
7 14 24
7 14 25
7 17 7
7 17 16
7 18 6
7 18 8
7 18 9
7 18 18
7 18 28
7 19 19
7 22 12
7 22 22
7 22 30
7 22 34
7 27 26
7 27 27
7 27 37
7 47 36
7 47 47
7 47 48
7 52 31
7 52 41
7 52 42
7 52 50
7 52 61
7 53 40
7 54 43
7 55 55
7 55 65
7 56 46
7 56 56
7 57 39
7 57 58
7 59 49
7 59 59
7 63 62
7 63 63
7 63 64
7 63 72
7 63 73
7 63 74
7 63 75
7 69 68
7 69 79
7 70 71
7 70 81
7 70 90
7 70 91
7 88 76
7 88 77
7 88 78
7 88 86
7 88 87
7 88 88
7 88 89
7 88 97
7 88 98
7 88 99
7 93 82
7 93 92
7 93 94
7 93 95
7 93 96
8 2 2
8 4 3
8 4 4
8 11 10
8 11 11
8 11 20
8 11 21
8 14 13
8 14 25
8 17 7
8 17 16
8 17 17
8 18 8
8 18 28
8 19 19
8 22 23
8 22 30
8 22 34
8 27 26
8 47 38
8 52 41
8 52 42
8 52 50
8 52 51
8 52 52
8 52 61
8 53 -1
8 54 -1
8 55 44
8 55 45
8 55 65
8 56 46
8 56 66
8 57 39
8 57 57
8 59 49
8 63 63
8 63 64
8 63 73
8 63 75
8 69 68
8 69 69
8 69 79
8 70 60
8 70 70
8 70 80
8 70 81
8 70 90
8 88 77
8 88 78
8 88 86
8 88 87
8 88 88
8 88 89
8 88 99
8 93 82
8 93 84
8 93 92
8 93 94
8 93 96
9 2 1
9 4 3
9 11 11
9 11 20
9 11 21
9 14 24
9 17 -1
9 18 8
9 18 18
9 19 19
9 19 29
9 22 22
9 22 23
9 22 30
9 22 32
9 27 26
9 27 37
9 47 36
9 47 47
9 47 48
9 52 31
9 52 50
9 53 40
9 53 53
9 54 54
9 55 35
9 55 44
9 55 45
9 55 55
9 55 65
9 56 56
9 56 66
9 57 39
9 57 57
9 57 58
9 59 -1
9 63 74
9 63 75
9 69 68
9 69 69
9 70 71
9 70 91
9 88 78
9 88 86
9 88 89
9 88 97
9 93 92
9 93 94
9 93 95
10 2 -1
10 4 3
10 4 4
10 4 5
10 11 0
10 11 11
10 11 21
10 14 13
10 14 25
10 17 16
10 18 6
10 18 8
10 19 -1
10 22 -1
10 27 -1
10 47 48
10 52 31
10 52 33
10 52 50
10 53 53
10 54 54
10 55 35
10 55 44
10 55 45
10 55 55
10 56 -1
10 57 -1
10 59 -1
10 63 -1
10 69 69
10 70 60
10 88 76
10 88 77
10 88 88
10 88 89
10 88 98
10 93 82
10 93 84
10 93 95
10 93 96
11 2 1
11 4 4
11 4 5
11 11 20
11 11 21
11 14 -1
11 17 16
11 18 8
11 19 19
11 22 22
11 22 32
11 27 -1
11 47 47
11 52 -1
11 53 -1
11 54 -1
11 55 -1
11 56 56
11 57 -1
11 59 -1
11 63 73
11 63 75
11 69 -1
11 70 60
11 88 76
11 93 85
--- Done ---
