0 41 44
0 41 53
0 47 45
0 47 55
0 47 65
0 72 54
0 72 64
1 17 5
1 17 7
1 17 16
1 17 19
1 17 25
1 17 26
1 17 29
1 21 0
1 21 2
1 21 10
1 21 20
1 21 21
1 21 24
1 21 32
1 21 33
1 41 40
1 41 41
1 41 43
1 41 44
1 41 50
1 41 51
1 41 52
1 41 53
1 47 36
1 47 38
1 47 39
1 47 47
1 47 55
1 47 56
1 47 65
1 72 64
1 72 72
1 72 74
1 72 80
1 72 84
1 72 91
1 72 93
1 78 67
1 78 77
1 78 88
1 87 87
1 87 95
1 87 98
2 17 4
2 17 6
2 17 8
2 17 15
2 17 18
2 17 19
2 17 25
2 17 26
2 21 1
2 21 3
2 21 11
2 21 13
2 21 24
2 21 31
2 21 34
2 41 41
2 41 43
2 41 50
2 41 53
2 41 60
2 47 38
2 47 39
2 47 46
2 47 48
2 47 55
2 47 57
2 47 59
2 47 65
2 72 61
2 72 63
2 72 70
2 72 72
2 72 73
2 72 81
2 72 84
2 72 91
2 78 67
2 78 69
2 78 77
2 78 79
2 78 99
2 87 85
2 87 86
2 87 87
2 87 98
3 17 5
3 17 9
3 17 14
3 17 15
3 17 19
3 17 26
3 17 27
3 21 0
3 21 23
3 21 32
3 21 33
3 41 40
3 41 41
3 41 42
3 41 43
3 41 52
3 41 53
3 47 35
3 47 46
3 47 47
3 47 48
3 47 49
3 47 55
3 47 56
3 47 57
3 47 65
3 72 54
3 72 63
3 72 70
3 72 72
3 72 73
3 72 74
3 72 82
3 72 90
3 72 92
3 72 93
3 78 67
3 78 77
3 78 78
3 78 89
3 87 76
3 87 85
3 87 96
3 87 98
4 17 5
4 17 7
4 17 16
4 17 18
4 17 25
4 17 26
4 17 27
4 17 29
4 21 0
4 21 1
4 21 2
4 21 3
4 21 12
4 21 20
4 21 22
4 21 23
4 21 24
4 21 32
4 21 34
4 41 40
4 41 41
4 41 43
4 41 53
4 47 35
4 47 36
4 47 45
4 47 48
4 47 49
4 47 55
4 47 56
4 47 59
4 72 54
4 72 72
4 72 80
4 72 83
4 78 67
4 78 68
4 78 79
4 78 89
4 78 99
4 87 85
4 87 87
4 87 95
4 87 98
5 17 5
5 17 6
5 17 7
5 17 17
5 17 25
5 17 27
5 21 1
5 21 10
5 21 11
5 21 12
5 21 21
5 21 22
5 21 30
5 21 31
5 21 33
5 41 41
5 41 42
5 41 43
5 41 44
5 41 52
5 41 53
5 41 60
5 47 35
5 47 36
5 47 37
5 47 39
5 47 46
5 47 47
5 47 55
5 47 56
5 47 58
5 72 61
5 72 73
5 72 83
5 72 84
5 78 68
5 78 77
5 78 78
5 78 79
5 78 89
5 78 99
5 87 75
5 87 85
5 87 86
5 87 87
5 87 95
6 17 5
6 17 7
6 17 8
6 17 14
6 17 16
6 17 25
6 17 27
6 21 2
6 21 3
6 21 10
6 21 20
6 21 21
6 21 22
6 21 23
6 21 34
6 41 40
6 41 41
6 41 43
6 41 44
6 41 52
6 47 36
6 47 37
6 47 45
6 47 47
6 47 48
6 47 49
6 47 55
6 47 57
6 47 58
6 47 65
6 72 54
6 72 64
6 72 70
6 72 71
6 72 72
6 72 73
6 72 91
6 72 92
6 78 68
6 78 69
6 78 77
6 78 78
6 78 88
6 78 89
6 78 99
6 87 76
6 87 86
6 87 96
6 87 97
6 87 98
7 17 6
7 17 7
7 17 15
7 17 19
7 17 26
7 17 27
7 17 29
7 21 11
7 21 12
7 21 13
7 21 20
7 21 22
7 21 23
7 21 24
7 21 30
7 21 34
7 41 40
7 41 41
7 41 42
7 41 43
7 41 44
7 41 50
7 41 51
7 47 35
7 47 36
7 47 37
7 47 38
7 47 45
7 47 47
7 47 55
7 47 65
7 47 66
7 72 61
7 72 72
7 72 74
7 72 80
7 72 91
7 72 92
7 72 94
7 78 67
7 87 76
7 87 85
7 87 86
8 17 4
8 17 5
8 17 8
8 17 19
8 17 28
8 21 1
8 21 3
8 21 11
8 21 20
8 21 21
8 21 22
8 21 24
8 21 32
8 21 34
8 41 41
8 41 42
8 41 43
8 41 44
8 41 51
8 41 53
8 47 35
8 47 39
8 47 46
8 47 47
8 47 57
8 47 59
8 47 65
8 47 66
8 72 54
8 72 61
8 72 63
8 72 64
8 72 70
8 72 71
8 72 82
8 72 83
8 72 90
8 72 91
8 72 92
8 72 94
8 78 79
8 78 88
8 87 87
8 87 95
8 87 96
8 87 97
9 17 6
9 17 9
9 17 14
9 17 15
9 17 29
9 21 1
9 21 3
9 21 13
9 21 23
9 21 30
9 21 31
9 21 34
9 41 40
9 41 41
9 41 42
9 41 53
9 41 60
9 47 37
9 47 38
9 47 45
9 47 48
9 47 49
9 47 56
9 47 59
9 47 66
9 72 54
9 72 62
9 72 70
9 72 72
9 72 81
9 72 82
9 72 83
9 72 90
9 72 91
9 72 92
9 78 67
9 78 77
9 78 78
9 78 79
9 78 88
9 87 76
9 87 85
9 87 86
9 87 95
9 87 96
--- Done ---
