0 47 44
0 47 53
0 47 54
0 47 55
0 47 65
1 23 4
1 23 22
1 23 24
1 23 25
1 23 26
1 23 44
1 23 45
1 23 43
1 23 54
1 23 53
1 47 18
1 47 55
1 47 58
1 47 59
1 47 68
1 47 86
1 61 60
1 61 61
1 61 62
1 61 90
1 61 92
1 87 69
1 87 85
1 87 89
1 87 95
2 15 2
2 15 7
2 15 16
2 15 3
2 15 4
2 15 5
2 15 12
2 15 13
2 15 27
2 15 34
2 15 55
2 15 26
2 15 35
2 15 44
2 15 57
2 15 43
2 23 8
2 23 10
2 23 20
2 23 45
2 23 23
2 47 18
2 47 39
2 47 47
2 61 50
2 61 60
2 61 64
2 61 90
2 61 91
2 61 92
2 61 32
2 61 54
2 87 69
2 87 78
2 87 94
2 87 95
2 87 96
2 87 99
2 87 48
2 87 56
2 87 66
2 87 67
2 87 76
2 87 87
2 87 53
3 15 0
3 15 6
3 15 16
3 15 3
3 15 4
3 15 5
3 15 13
3 15 14
3 15 19
3 15 22
3 15 24
3 15 25
3 15 27
3 15 55
3 15 33
3 15 44
3 15 57
3 23 20
3 23 21
3 23 23
3 47 37
3 47 39
3 47 49
3 47 45
3 47 53
3 61 30
3 61 50
3 61 52
3 61 60
3 61 62
3 61 64
3 61 71
3 61 80
3 61 81
3 61 83
3 61 31
3 61 32
3 61 42
3 61 51
3 61 63
3 61 72
3 61 54
3 61 74
3 61 84
3 61 43
3 87 69
3 87 77
3 87 89
3 87 94
3 87 95
3 87 96
3 87 99
3 87 59
3 87 68
3 87 76
3 87 87
3 87 46
4 7 9
4 7 6
4 7 7
4 7 16
4 7 17
4 7 18
4 15 0
4 15 15
4 23 1
4 23 10
4 23 21
4 23 3
4 23 8
4 23 22
4 23 24
4 23 25
4 23 34
4 23 45
4 23 4
4 23 23
4 23 53
4 47 29
4 47 82
4 47 55
4 47 58
4 47 19
4 47 27
4 47 28
4 47 35
4 47 54
4 47 26
4 47 44
4 47 46
4 61 30
4 61 50
4 61 62
4 61 64
4 61 70
4 61 71
4 61 73
4 61 80
4 61 81
4 61 83
4 61 90
4 61 91
4 61 92
4 61 31
4 61 32
4 61 42
4 61 51
4 61 63
4 61 72
4 87 69
4 87 77
4 87 78
4 87 79
4 87 85
4 87 89
4 87 93
4 87 94
4 87 95
4 87 97
4 87 98
4 87 99
4 87 48
4 87 56
4 87 65
4 87 66
4 87 67
4 87 68
4 87 87
4 87 57
5 7 9
5 7 7
5 15 0
5 15 2
5 15 6
5 15 16
5 15 17
5 15 55
5 15 58
5 15 23
5 15 33
5 15 35
5 15 15
5 15 19
5 15 27
5 15 36
5 15 43
5 15 44
5 23 1
5 23 10
5 23 11
5 23 20
5 23 21
5 23 12
5 23 13
5 23 14
5 23 22
5 23 24
5 23 25
5 23 31
5 23 32
5 23 34
5 23 42
5 23 45
5 23 72
5 23 4
5 23 5
5 47 29
5 47 49
5 47 82
5 47 18
5 47 39
5 47 46
5 47 53
5 61 30
5 61 40
5 61 50
5 61 52
5 61 60
5 61 61
5 61 62
5 61 64
5 61 71
5 61 73
5 61 81
5 61 83
5 61 90
5 61 92
5 61 54
5 61 74
5 87 69
5 87 75
5 87 77
5 87 78
5 87 79
5 87 89
5 87 95
5 87 96
5 87 97
5 87 98
5 87 99
5 87 56
5 87 65
5 87 67
5 87 68
5 87 86
5 87 87
5 87 88
5 87 84
5 87 57
6 7 9
6 7 6
6 7 7
6 7 8
6 7 16
6 7 17
6 7 18
6 7 37
6 7 39
6 7 19
6 7 27
6 7 28
6 7 46
6 7 26
6 7 36
6 7 44
6 15 0
6 15 15
6 23 1
6 23 10
6 23 11
6 23 20
6 23 21
6 23 3
6 23 12
6 23 13
6 23 14
6 23 22
6 23 24
6 23 25
6 23 31
6 23 41
6 23 42
6 23 4
6 23 5
6 23 33
6 23 35
6 23 84
6 47 49
6 47 82
6 47 38
6 47 47
6 47 55
6 61 30
6 61 40
6 61 50
6 61 60
6 61 61
6 61 62
6 61 71
6 61 73
6 61 80
6 61 81
6 61 83
6 61 90
6 61 91
6 61 92
6 61 43
6 61 53
6 87 69
6 87 78
6 87 79
6 87 85
6 87 89
6 87 93
6 87 94
6 87 95
6 87 96
6 87 98
6 87 59
6 87 65
6 87 66
6 87 67
6 87 68
6 87 76
6 87 86
6 87 87
6 87 88
6 87 57
7 7 9
7 7 2
7 7 6
7 7 7
7 7 8
7 7 16
7 7 18
7 7 37
7 7 39
7 7 19
7 7 27
7 7 28
7 15 -1
7 23 20
7 23 21
7 23 3
7 23 12
7 23 22
7 23 24
7 23 25
7 23 34
7 23 4
7 23 5
7 23 46
7 23 26
7 23 36
7 47 49
7 47 82
7 47 47
7 47 55
7 47 58
7 61 30
7 61 40
7 61 50
7 61 61
7 61 62
7 61 64
7 61 71
7 61 73
7 61 81
7 61 90
7 61 91
7 61 92
7 61 31
7 61 41
7 61 42
7 61 63
7 61 72
7 61 74
7 61 43
7 87 75
7 87 77
7 87 78
7 87 79
7 87 89
7 87 94
7 87 95
7 87 96
7 87 97
7 87 98
7 87 99
7 87 48
7 87 56
7 87 59
7 87 65
7 87 68
7 87 76
7 87 86
7 87 87
7 87 88
8 7 7
8 15 2
8 15 16
8 15 17
8 15 38
8 15 19
8 15 28
8 23 10
8 23 11
8 23 20
8 23 21
8 23 3
8 23 8
8 23 13
8 23 25
8 23 34
8 23 45
8 23 4
8 23 23
8 23 26
8 23 44
8 47 49
8 47 82
8 47 39
8 61 30
8 61 50
8 61 52
8 61 60
8 61 61
8 61 64
8 61 70
8 61 73
8 61 80
8 61 81
8 61 90
8 61 92
8 61 41
8 61 42
8 61 51
8 61 63
8 61 84
8 87 69
8 87 75
8 87 77
8 87 78
8 87 79
8 87 89
8 87 94
8 87 96
8 87 99
8 87 65
8 87 66
8 87 68
8 87 86
8 87 87
8 87 88
8 87 57
8 87 46
9 7 -1
9 15 -1
9 23 1
9 23 11
9 23 20
9 23 21
9 23 3
9 23 8
9 23 22
9 23 24
9 23 31
9 23 32
9 23 45
9 23 23
9 47 29
9 47 18
9 47 37
9 47 39
9 47 47
9 47 48
9 47 55
9 47 56
9 47 58
9 47 65
9 47 66
9 47 68
9 47 86
9 47 19
9 47 35
9 47 54
9 47 57
9 47 74
9 47 26
9 47 36
9 47 44
9 47 53
9 61 30
9 61 40
9 61 50
9 61 71
9 61 91
9 61 92
9 87 69
9 87 75
9 87 78
9 87 89
9 87 94
9 87 95
9 87 97
10 7 -1
10 15 0
10 15 6
10 15 16
10 15 55
10 23 11
10 23 21
10 23 3
10 23 8
10 23 13
10 23 25
10 23 31
10 23 45
10 23 4
10 23 5
10 23 33
10 23 35
10 23 54
10 23 84
10 23 44
10 23 53
10 47 82
10 61 50
10 61 60
10 87 69
10 87 77
10 87 89
10 87 95
10 87 96
10 87 98
10 87 48
10 87 76
10 87 88
11 7 -1
11 15 16
11 23 1
11 23 20
11 23 21
11 23 8
11 23 22
11 23 32
11 23 4
11 23 5
11 47 47
11 47 19
11 61 60
11 61 73
11 87 75
11 87 85
11 87 56
11 87 76
--- Done ---
