0 47 44
0 47 53
0 47 54
0 47 55
0 47 65
1 41 4
1 41 22
1 41 90
1 41 25
1 41 60
1 41 61
1 41 62
1 41 92
1 41 55
1 47 18
1 47 24
1 47 69
1 47 26
1 47 45
1 47 54
1 47 58
1 47 59
1 47 68
1 47 85
1 47 86
1 47 43
1 47 44
1 47 53
1 75 89
1 75 95
2 4 3
2 4 7
2 4 16
2 4 4
2 4 5
2 4 10
2 4 12
2 4 13
2 4 18
2 4 23
2 4 27
2 4 32
2 4 39
2 4 2
2 4 26
2 4 35
2 4 45
2 4 54
2 4 67
2 4 34
2 4 43
2 41 20
2 41 90
2 41 8
2 41 55
2 41 64
2 41 94
2 47 69
2 47 47
2 75 91
2 75 95
2 75 96
2 75 99
2 75 48
2 75 50
2 75 56
2 75 57
2 75 60
2 75 66
2 75 76
2 75 78
2 75 87
2 75 92
2 75 44
2 75 53
3 4 3
3 4 16
3 4 4
3 4 6
3 4 19
3 4 24
3 4 27
3 4 39
3 41 0
3 41 20
3 41 21
3 41 30
3 41 5
3 41 13
3 41 22
3 41 23
3 41 31
3 41 32
3 41 50
3 41 51
3 41 52
3 41 60
3 41 62
3 41 72
3 41 80
3 41 83
3 41 14
3 41 25
3 41 33
3 41 42
3 41 64
3 41 74
3 47 49
3 47 69
3 47 53
3 47 54
3 47 55
3 47 63
3 75 71
3 75 81
3 75 84
3 75 89
3 75 95
3 75 96
3 75 99
3 75 57
3 75 59
3 75 68
3 75 76
3 75 77
3 75 87
3 75 37
3 75 44
3 75 45
3 75 46
3 75 94
3 75 43
4 4 3
4 4 7
4 4 16
4 4 4
4 4 26
4 4 35
4 4 45
4 4 46
4 24 24
4 24 55
4 24 64
4 24 73
4 24 25
4 24 34
4 24 42
4 24 54
4 41 90
4 41 0
4 41 10
4 41 21
4 41 30
4 41 92
4 41 1
4 41 22
4 41 23
4 41 32
4 41 50
4 41 62
4 41 44
4 41 53
4 47 9
4 47 29
4 47 69
4 47 18
4 47 19
4 47 87
4 47 6
4 47 8
4 47 15
4 47 17
4 47 27
4 47 28
4 47 31
4 47 56
4 47 63
4 47 65
4 47 66
4 47 67
4 47 78
4 47 94
4 75 70
4 75 71
4 75 79
4 75 81
4 75 89
4 75 91
4 75 93
4 75 95
4 75 97
4 75 98
4 75 99
4 75 51
4 75 57
4 75 58
4 75 68
4 75 72
4 75 77
4 75 80
4 75 82
4 75 83
4 75 85
4 75 48
5 4 4
5 4 67
5 4 14
5 4 25
5 4 33
5 4 34
5 4 42
5 4 43
5 4 45
5 4 46
5 4 54
5 24 7
5 24 16
5 24 24
5 24 35
5 24 53
5 24 55
5 24 64
5 24 73
5 24 74
5 24 2
5 41 90
5 41 0
5 41 10
5 41 20
5 41 21
5 41 30
5 41 40
5 41 1
5 41 5
5 41 11
5 41 12
5 41 13
5 41 22
5 41 23
5 41 32
5 41 52
5 41 62
5 41 75
5 41 44
5 47 9
5 47 29
5 47 49
5 47 69
5 47 18
5 47 19
5 47 39
5 47 57
5 47 58
5 47 6
5 47 15
5 47 17
5 47 27
5 47 31
5 47 36
5 47 56
5 47 65
5 47 78
5 75 71
5 75 79
5 75 81
5 75 84
5 75 89
5 75 95
5 75 97
5 75 98
5 75 99
5 75 60
5 75 61
5 75 68
5 75 72
5 75 77
5 75 82
5 75 83
5 75 86
5 75 87
5 75 88
5 75 92
5 75 96
5 75 50
6 4 3
6 4 7
6 4 10
6 4 16
6 4 40
6 4 1
6 4 4
6 4 5
6 4 15
6 4 17
6 4 27
6 4 28
6 4 11
6 4 12
6 4 13
6 4 14
6 4 22
6 4 25
6 4 33
6 24 24
6 24 37
6 24 47
6 41 90
6 41 0
6 41 20
6 41 21
6 41 30
6 41 41
6 41 31
6 41 42
6 41 43
6 41 44
6 41 50
6 41 53
6 41 55
6 41 62
6 41 73
6 47 9
6 47 38
6 47 49
6 47 69
6 47 18
6 47 19
6 47 39
6 47 57
6 47 59
6 47 68
6 47 76
6 47 82
6 47 85
6 47 86
6 47 87
6 47 88
6 47 6
6 47 8
6 75 71
6 75 79
6 75 81
6 75 84
6 75 89
6 75 91
6 75 93
6 75 95
6 75 98
6 75 60
6 75 61
6 75 80
6 75 83
6 75 92
6 75 96
6 75 36
6 75 65
6 75 66
6 75 67
6 75 78
6 75 94
6 75 26
6 75 35
6 75 46
7 4 3
7 4 7
7 4 16
7 4 4
7 24 96
7 24 24
7 41 90
7 41 20
7 41 21
7 41 30
7 41 40
7 41 41
7 41 92
7 41 50
7 41 62
7 41 5
7 41 12
7 41 22
7 41 42
7 41 55
7 41 64
7 41 73
7 41 74
7 41 2
7 41 25
7 41 34
7 41 43
7 47 9
7 47 49
7 47 18
7 47 19
7 47 39
7 47 36
7 47 48
7 47 56
7 47 63
7 47 65
7 47 75
7 47 78
7 47 94
7 47 6
7 47 8
7 47 26
7 47 27
7 47 28
7 47 31
7 47 37
7 47 46
7 47 47
7 75 71
7 75 79
7 75 81
7 75 89
7 75 91
7 75 95
7 75 97
7 75 98
7 75 99
7 75 58
7 75 59
7 75 61
7 75 68
7 75 72
7 75 76
7 75 77
7 75 82
7 75 86
7 75 87
7 75 88
8 4 3
8 4 7
8 4 16
8 4 19
8 4 39
8 4 4
8 4 17
8 4 28
8 24 -1
8 41 90
8 41 10
8 41 20
8 41 21
8 41 30
8 41 41
8 41 51
8 41 60
8 41 61
8 41 80
8 41 92
8 41 8
8 41 11
8 41 13
8 41 23
8 41 50
8 41 52
8 41 63
8 41 94
8 41 2
8 41 25
8 41 42
8 47 38
8 47 49
8 47 69
8 75 70
8 75 79
8 75 81
8 75 84
8 75 89
8 75 99
8 75 57
8 75 68
8 75 77
8 75 82
8 75 86
8 75 87
8 75 88
8 75 96
8 75 65
8 75 66
8 75 75
8 75 78
8 75 26
8 75 44
8 75 64
8 75 73
8 75 34
8 75 45
8 75 46
9 4 3
9 24 24
9 41 20
9 41 21
9 41 30
9 41 40
9 41 1
9 41 11
9 41 22
9 41 23
9 41 32
9 41 50
9 41 74
9 47 29
9 47 69
9 47 18
9 47 19
9 47 39
9 47 57
9 47 58
9 47 68
9 47 86
9 47 8
9 47 31
9 47 36
9 47 48
9 47 56
9 47 65
9 47 66
9 47 78
9 47 94
9 47 26
9 47 35
9 47 37
9 47 44
9 47 45
9 47 47
9 47 53
9 47 54
9 47 55
9 75 71
9 75 89
9 75 91
9 75 95
9 75 97
9 75 92
9 75 75
10 4 3
10 4 16
10 4 4
10 4 5
10 4 6
10 4 11
10 4 13
10 4 25
10 4 33
10 24 -1
10 41 0
10 41 21
10 41 8
10 41 31
10 47 69
10 75 84
10 75 89
10 75 95
10 75 98
10 75 60
10 75 76
10 75 77
10 75 82
10 75 88
10 75 96
10 75 48
10 75 50
10 75 35
10 75 44
10 75 45
10 75 53
10 75 54
10 75 55
11 4 4
11 24 16
11 24 20
11 24 21
11 24 1
11 24 5
11 24 8
11 24 22
11 24 32
11 24 56
11 24 73
11 41 60
11 47 19
11 47 76
11 47 85
11 47 47
11 75 75
--- Done ---
