0 47 45
0 47 54
0 47 55
0 53 44
0 53 53
0 53 64
0 53 65
1 14 2
1 14 5
1 14 24
1 14 25
1 19 7
1 19 16
1 19 19
1 19 29
1 19 39
1 21 0
1 21 10
1 21 20
1 21 21
1 21 32
1 21 33
1 21 51
1 47 26
1 47 36
1 47 38
1 47 47
1 47 55
1 47 56
1 47 67
1 47 88
1 53 40
1 53 41
1 53 43
1 53 44
1 53 50
1 53 52
1 53 53
1 53 64
1 53 65
1 53 74
1 78 77
1 78 87
1 78 95
1 78 98
1 81 72
1 81 80
1 81 84
1 81 91
1 81 93
2 14 3
2 14 4
2 14 6
2 14 15
2 14 24
2 14 25
2 14 34
2 19 8
2 19 18
2 19 19
2 19 39
2 21 1
2 21 11
2 21 13
2 21 31
2 21 60
2 47 26
2 47 38
2 47 46
2 47 48
2 47 55
2 47 57
2 47 59
2 47 67
2 47 86
2 53 41
2 53 43
2 53 50
2 53 53
2 53 61
2 53 63
2 53 65
2 53 72
2 53 73
2 53 85
2 78 69
2 78 77
2 78 79
2 78 87
2 78 98
2 78 99
2 81 70
2 81 81
2 81 84
2 81 91
3 6 5
3 6 9
3 6 15
3 12 0
3 12 14
3 12 23
3 12 32
3 47 19
3 47 26
3 47 27
3 47 35
3 47 46
3 47 47
3 47 48
3 47 49
3 47 54
3 47 55
3 47 56
3 47 57
3 47 67
3 47 76
3 53 33
3 53 40
3 53 41
3 53 42
3 53 43
3 53 52
3 53 53
3 53 63
3 53 65
3 53 73
3 53 74
3 81 70
3 81 72
3 81 82
3 81 90
3 81 92
3 81 93
3 87 77
3 87 78
3 87 85
3 87 89
3 87 96
3 87 98
4 6 5
4 6 7
4 6 16
4 6 18
4 6 29
4 12 0
4 12 1
4 12 2
4 12 3
4 12 12
4 12 20
4 12 22
4 12 23
4 12 24
4 12 25
4 12 32
4 41 34
4 41 40
4 41 41
4 41 43
4 41 53
4 47 26
4 47 27
4 47 35
4 47 36
4 47 45
4 47 48
4 47 49
4 47 54
4 47 55
4 47 56
4 47 59
4 47 67
4 47 68
4 72 72
4 72 80
4 72 83
4 87 79
4 87 87
4 87 95
4 87 98
4 96 85
4 96 89
4 96 99
5 1 1
5 1 10
5 1 11
5 1 12
5 1 21
5 18 5
5 18 6
5 18 7
5 18 17
5 18 39
5 41 22
5 41 30
5 41 31
5 41 33
5 41 41
5 41 42
5 41 43
5 41 52
5 41 53
5 41 60
5 46 25
5 46 44
5 46 46
5 46 75
5 47 27
5 47 35
5 47 36
5 47 37
5 47 47
5 47 55
5 47 56
5 47 58
5 47 68
5 47 86
5 72 61
5 72 83
5 87 78
5 87 79
5 87 84
5 87 85
5 87 87
5 87 89
5 87 95
5 96 73
5 96 77
5 96 99
6 1 2
6 1 3
6 1 10
6 1 14
6 1 20
6 1 21
6 1 23
6 18 5
6 18 7
6 18 8
6 18 16
6 41 22
6 41 40
6 41 41
6 41 43
6 41 52
6 46 25
6 46 34
6 46 44
6 46 73
6 47 27
6 47 36
6 47 37
6 47 45
6 47 47
6 47 48
6 47 49
6 47 54
6 47 55
6 47 57
6 47 58
6 47 68
6 47 76
6 47 86
6 47 88
6 87 65
6 87 77
6 87 78
6 91 64
6 91 70
6 91 71
6 91 72
6 91 91
6 91 92
6 96 69
6 96 89
6 96 96
6 96 97
6 96 98
6 96 99
7 14 6
7 14 12
7 14 13
7 14 15
7 14 23
7 14 24
7 14 34
7 19 7
7 19 19
7 19 29
7 20 11
7 20 20
7 20 22
7 20 30
7 20 50
7 47 26
7 47 27
7 47 35
7 47 36
7 47 37
7 47 38
7 47 45
7 47 47
7 47 55
7 47 67
7 47 76
7 47 86
7 53 40
7 53 41
7 53 42
7 53 43
7 53 44
7 53 51
7 53 61
7 53 74
7 53 85
7 87 65
7 87 66
7 87 94
7 91 72
7 91 80
7 91 91
7 91 92
8 14 3
8 14 4
8 14 5
8 14 24
8 14 34
8 19 8
8 19 19
8 19 28
8 19 39
8 20 1
8 20 11
8 20 20
8 20 21
8 20 22
8 20 32
8 47 35
8 47 46
8 47 47
8 47 54
8 47 57
8 47 59
8 47 88
8 53 41
8 53 42
8 53 43
8 53 44
8 53 53
8 53 61
8 53 63
8 53 64
8 53 65
8 70 51
8 70 70
8 70 71
8 70 82
8 70 83
8 70 90
8 70 91
8 70 92
8 87 66
8 87 79
8 87 87
8 87 94
8 87 95
8 87 96
8 87 97
9 6 6
9 6 9
9 6 14
9 6 15
9 6 29
9 22 1
9 22 3
9 22 13
9 22 23
9 22 31
9 22 34
9 41 30
9 41 40
9 41 41
9 41 42
9 41 53
9 41 62
9 47 37
9 47 38
9 47 45
9 47 48
9 47 49
9 47 54
9 47 56
9 47 59
9 47 67
9 47 76
9 47 86
9 47 88
9 70 60
9 70 70
9 70 72
9 70 81
9 70 82
9 70 83
9 70 90
9 70 91
9 70 92
9 87 66
9 87 77
9 87 78
9 87 79
9 87 85
9 87 95
9 87 96
--- Done ---
