0 47 44
0 47 53
0 47 54
0 47 55
0 47 65
1 26 -1
1 47 4
1 47 18
1 47 22
1 47 24
1 47 25
1 47 26
1 47 43
1 47 44
1 47 45
1 47 53
1 47 54
1 47 55
1 47 58
1 47 59
1 47 60
1 47 61
1 47 62
1 47 68
1 47 69
1 47 85
1 47 86
1 47 89
1 47 90
1 47 92
1 47 95
1 60 -1
1 87 -1
1 92 -1
2 26 3
2 26 4
2 26 5
2 26 7
2 26 8
2 26 13
2 26 16
2 26 18
2 26 23
2 26 26
2 26 27
2 26 34
2 26 35
2 26 45
2 32 -1
2 36 -1
2 47 2
2 47 10
2 47 39
2 47 43
2 47 44
2 47 47
2 47 48
2 47 53
2 47 54
2 47 55
2 47 56
2 47 57
2 47 67
2 60 20
2 60 50
2 60 60
2 87 12
2 87 66
2 87 69
2 87 76
2 87 78
2 87 87
2 87 94
2 87 95
2 87 96
2 87 99
2 92 32
2 92 64
2 92 90
2 92 91
2 92 92
3 14 -1
3 26 3
3 26 4
3 26 5
3 26 14
3 26 16
3 26 19
3 26 25
3 26 27
3 26 45
3 32 0
3 32 13
3 32 20
3 32 21
3 32 22
3 32 23
3 32 30
3 32 31
3 32 32
3 32 33
3 32 42
3 32 43
3 32 52
3 36 6
3 36 24
3 36 44
3 36 64
3 47 37
3 47 39
3 47 46
3 47 49
3 47 53
3 47 54
3 47 55
3 47 57
3 47 59
3 47 68
3 60 50
3 60 51
3 60 60
3 60 62
3 60 71
3 60 80
3 66 -1
3 87 69
3 87 76
3 87 77
3 87 84
3 87 87
3 87 89
3 87 94
3 87 95
3 87 96
3 87 99
3 90 -1
3 92 63
3 92 72
3 92 74
3 92 81
3 92 83
4 14 0
4 14 1
4 14 3
4 14 4
4 14 6
4 14 15
4 14 24
4 14 25
4 26 7
4 26 8
4 26 9
4 26 16
4 26 17
4 26 18
4 26 19
4 26 26
4 26 27
4 26 28
4 26 45
4 32 10
4 32 21
4 32 22
4 32 23
4 32 30
4 32 31
4 32 32
4 32 34
4 32 42
4 36 29
4 36 35
4 36 44
4 36 64
4 47 46
4 47 48
4 47 53
4 47 54
4 47 57
4 47 58
4 60 50
4 60 51
4 60 62
4 60 70
4 60 71
4 66 55
4 66 56
4 66 65
4 66 66
4 66 67
4 66 68
4 66 69
4 87 77
4 87 78
4 87 79
4 87 85
4 87 87
4 87 89
4 87 94
4 87 95
4 87 97
4 87 98
4 87 99
4 90 80
4 90 90
4 92 63
4 92 72
4 92 73
4 92 81
4 92 82
4 92 83
4 92 91
4 92 92
4 92 93
5 14 0
5 14 1
5 14 2
5 14 4
5 14 5
5 14 6
5 14 13
5 14 14
5 14 15
5 14 24
5 14 25
5 26 7
5 26 9
5 26 16
5 26 17
5 26 18
5 26 19
5 26 27
5 26 45
5 32 10
5 32 11
5 32 12
5 32 20
5 32 21
5 32 22
5 32 23
5 32 30
5 32 31
5 32 32
5 32 33
5 32 34
5 32 42
5 32 43
5 32 52
5 36 29
5 36 35
5 36 36
5 36 44
5 36 64
5 47 39
5 47 46
5 47 49
5 47 53
5 47 54
5 47 57
5 47 58
5 60 40
5 60 50
5 60 60
5 60 61
5 60 62
5 60 71
5 66 55
5 66 56
5 66 65
5 66 67
5 66 68
5 66 69
5 66 74
5 87 75
5 87 77
5 87 78
5 87 79
5 87 84
5 87 86
5 87 87
5 87 88
5 87 89
5 87 95
5 87 96
5 87 97
5 87 98
5 87 99
5 90 90
5 92 72
5 92 73
5 92 81
5 92 82
5 92 83
5 92 92
6 14 0
6 14 1
6 14 3
6 14 4
6 14 5
6 14 6
6 14 13
6 14 14
6 14 15
6 14 24
6 14 25
6 26 7
6 26 8
6 26 9
6 26 16
6 26 17
6 26 18
6 26 19
6 26 26
6 26 27
6 26 28
6 32 10
6 32 11
6 32 12
6 32 20
6 32 21
6 32 22
6 32 30
6 32 31
6 32 33
6 32 41
6 32 42
6 32 43
6 36 35
6 36 36
6 36 44
6 47 37
6 47 38
6 47 39
6 47 46
6 47 47
6 47 49
6 47 53
6 47 57
6 47 59
6 60 40
6 60 50
6 60 60
6 60 61
6 60 62
6 60 71
6 66 55
6 66 65
6 66 66
6 66 67
6 66 68
6 66 69
6 66 76
6 87 78
6 87 79
6 87 84
6 87 85
6 87 86
6 87 87
6 87 88
6 87 89
6 87 94
6 87 95
6 87 96
6 87 98
6 90 80
6 90 90
6 92 73
6 92 81
6 92 82
6 92 83
6 92 91
6 92 92
6 92 93
7 14 2
7 14 3
7 14 4
7 14 5
7 14 6
7 14 24
7 14 25
7 26 7
7 26 8
7 26 9
7 26 16
7 26 18
7 26 19
7 26 26
7 26 27
7 26 28
7 32 12
7 32 20
7 32 21
7 32 22
7 32 30
7 32 31
7 32 34
7 32 41
7 32 42
7 32 43
7 36 36
7 36 64
7 47 37
7 47 39
7 47 46
7 47 47
7 47 48
7 47 49
7 47 58
7 47 59
7 60 40
7 60 50
7 60 61
7 60 62
7 60 71
7 66 55
7 66 56
7 66 65
7 66 68
7 66 74
7 66 76
7 87 75
7 87 77
7 87 78
7 87 79
7 87 86
7 87 87
7 87 88
7 87 89
7 87 94
7 87 95
7 87 96
7 87 97
7 87 98
7 87 99
7 90 90
7 92 63
7 92 72
7 92 73
7 92 81
7 92 82
7 92 91
7 92 92
8 14 2
8 14 3
8 14 4
8 14 13
8 14 25
8 26 7
8 26 8
8 26 16
8 26 17
8 26 19
8 26 26
8 26 28
8 26 45
8 32 10
8 32 11
8 32 20
8 32 21
8 32 23
8 32 30
8 32 34
8 32 41
8 32 42
8 32 52
8 36 44
8 36 64
8 47 38
8 47 39
8 47 46
8 47 49
8 47 57
8 60 50
8 60 51
8 60 60
8 60 61
8 60 70
8 66 65
8 66 66
8 66 68
8 66 69
8 87 75
8 87 77
8 87 78
8 87 79
8 87 84
8 87 86
8 87 87
8 87 88
8 87 89
8 87 94
8 87 96
8 87 99
8 90 80
8 90 90
8 92 63
8 92 73
8 92 81
8 92 82
8 92 92
9 14 1
9 14 3
9 14 24
9 26 8
9 26 18
9 26 19
9 26 26
9 26 45
9 32 11
9 32 20
9 32 21
9 32 22
9 32 23
9 32 30
9 32 31
9 32 32
9 36 29
9 36 35
9 36 36
9 36 44
9 47 37
9 47 39
9 47 47
9 47 48
9 47 53
9 47 54
9 47 57
9 47 58
9 60 40
9 60 50
9 60 71
9 66 55
9 66 56
9 66 65
9 66 66
9 66 68
9 66 69
9 66 74
9 87 75
9 87 78
9 87 86
9 87 89
9 87 94
9 87 95
9 87 97
9 90 -1
9 92 91
9 92 92
10 14 0
10 14 3
10 14 4
10 14 5
10 14 6
10 14 13
10 14 25
10 26 8
10 26 16
10 26 45
10 32 11
10 32 21
10 32 31
10 32 33
10 36 35
10 36 44
10 47 48
10 47 53
10 47 54
10 60 50
10 60 60
10 66 55
10 66 69
10 66 76
10 87 77
10 87 84
10 87 88
10 87 89
10 87 95
10 87 96
10 87 98
10 90 -1
10 92 82
11 14 1
11 14 4
11 14 5
11 26 8
11 26 16
11 26 19
11 32 20
11 32 21
11 32 22
11 32 32
11 36 -1
11 47 47
11 60 60
11 66 56
11 66 76
11 87 75
11 87 85
11 90 -1
11 92 73
--- Done ---
