0 47 -1
0 53 44
0 53 53
0 53 65
0 53 54
0 53 55
1 3 4
1 3 22
1 3 24
1 3 25
1 18 18
1 18 26
1 47 -1
1 53 43
1 53 44
1 53 53
1 53 54
1 53 55
1 53 61
1 53 62
1 53 85
1 53 45
1 70 60
1 70 90
1 70 92
1 78 69
1 78 89
1 78 58
1 78 59
1 78 68
1 78 95
1 84 86
2 3 3
2 3 4
2 3 12
2 3 13
2 3 23
2 3 34
2 3 2
2 18 5
2 18 7
2 18 8
2 18 16
2 18 18
2 18 39
2 18 26
2 18 27
2 20 10
2 20 20
2 20 32
2 47 35
2 47 47
2 47 48
2 47 56
2 47 57
2 47 67
2 47 76
2 53 43
2 53 44
2 53 53
2 53 54
2 53 55
2 53 64
2 53 50
2 53 45
2 70 60
2 70 90
2 70 91
2 70 92
2 78 69
2 78 78
2 78 87
2 78 99
2 84 94
2 84 96
2 84 66
2 84 95
3 3 3
3 3 4
3 3 13
3 3 23
3 3 14
3 3 24
3 3 25
3 17 44
3 18 5
3 18 39
3 18 6
3 18 16
3 20 0
3 20 20
3 20 21
3 20 30
3 20 32
3 20 22
3 47 46
3 47 49
3 47 37
3 47 54
3 47 57
3 47 59
3 47 68
3 47 76
3 47 19
3 47 27
3 47 45
3 53 33
3 53 42
3 53 43
3 53 53
3 53 31
3 53 55
3 70 60
3 70 71
3 70 80
3 70 81
3 70 51
3 70 52
3 70 62
3 70 72
3 70 50
3 70 83
3 78 69
3 78 87
3 78 89
3 78 99
3 84 84
3 84 94
3 84 96
3 84 63
3 84 64
3 84 74
3 84 77
3 84 95
4 3 3
4 3 4
4 3 23
4 3 34
4 3 1
4 3 15
4 3 22
4 3 24
4 3 25
4 17 29
4 17 6
4 17 7
4 17 9
4 17 16
4 17 17
4 17 28
4 17 35
4 17 19
4 17 26
4 17 27
4 18 8
4 18 18
4 20 0
4 20 10
4 20 21
4 20 30
4 20 32
4 47 46
4 47 48
4 47 56
4 53 42
4 53 53
4 53 31
4 53 44
4 53 51
4 53 54
4 53 55
4 53 62
4 53 65
4 70 70
4 70 71
4 70 80
4 70 81
4 70 90
4 70 91
4 70 92
4 70 72
4 70 50
4 70 82
4 70 83
4 78 69
4 78 78
4 78 79
4 78 87
4 78 89
4 78 97
4 78 98
4 78 99
4 78 57
4 78 58
4 78 66
4 78 67
4 78 68
4 78 77
4 78 85
4 78 95
4 78 45
4 84 93
4 84 94
4 84 63
4 84 64
4 84 73
5 3 4
5 3 12
5 3 13
5 3 23
5 3 34
5 3 14
5 3 15
5 3 24
5 3 25
5 17 29
5 17 17
5 17 35
5 17 36
5 18 5
5 18 39
5 18 6
5 18 7
5 18 9
5 18 16
5 18 18
5 18 19
5 18 27
5 20 0
5 20 10
5 20 20
5 20 21
5 20 30
5 20 32
5 20 1
5 20 2
5 20 11
5 20 22
5 20 31
5 20 50
5 47 46
5 47 49
5 47 56
5 53 33
5 53 40
5 53 42
5 53 43
5 53 53
5 53 44
5 53 52
5 53 54
5 53 55
5 53 61
5 53 62
5 53 64
5 70 60
5 70 71
5 70 81
5 70 90
5 70 92
5 70 72
5 78 69
5 78 78
5 78 79
5 78 87
5 78 89
5 78 97
5 78 98
5 78 99
5 78 57
5 78 58
5 78 67
5 78 68
5 78 77
5 78 88
5 84 75
5 84 84
5 84 96
5 84 65
5 84 73
5 84 74
5 84 82
5 84 83
5 84 86
5 84 95
5 84 45
6 3 3
6 3 4
6 3 12
6 3 13
6 3 1
6 3 11
6 3 14
6 3 15
6 3 22
6 3 24
6 3 25
6 17 17
6 18 5
6 18 8
6 18 39
6 18 6
6 18 7
6 18 9
6 18 16
6 18 18
6 18 28
6 20 0
6 20 10
6 20 20
6 20 21
6 20 30
6 47 46
6 47 49
6 47 35
6 47 36
6 47 37
6 47 38
6 47 47
6 47 57
6 47 59
6 47 67
6 47 68
6 47 76
6 47 86
6 47 88
6 47 19
6 47 26
6 47 27
6 53 33
6 53 40
6 53 41
6 53 42
6 53 43
6 53 53
6 53 31
6 53 44
6 53 55
6 53 61
6 53 62
6 53 65
6 53 73
6 53 50
6 53 85
6 70 60
6 70 71
6 70 80
6 70 81
6 70 90
6 70 91
6 70 92
6 70 82
6 70 83
6 78 69
6 78 78
6 78 79
6 78 87
6 78 89
6 78 98
6 78 66
6 78 95
6 84 84
6 84 93
6 84 94
6 84 96
7 3 3
7 3 4
7 3 12
7 3 34
7 3 2
7 3 22
7 3 24
7 3 25
7 17 -1
7 18 5
7 18 8
7 18 39
7 18 6
7 18 7
7 18 9
7 18 16
7 18 18
7 18 28
7 20 20
7 20 21
7 20 30
7 47 46
7 47 48
7 47 49
7 47 56
7 47 36
7 47 37
7 47 47
7 47 55
7 47 58
7 47 59
7 47 68
7 47 76
7 47 86
7 47 88
7 47 19
7 47 26
7 47 27
7 53 40
7 53 41
7 53 42
7 53 43
7 53 31
7 53 61
7 53 62
7 53 63
7 53 64
7 53 65
7 53 72
7 53 73
7 53 74
7 53 50
7 70 71
7 70 81
7 70 90
7 70 91
7 70 92
7 70 82
7 78 78
7 78 79
7 78 87
7 78 89
7 78 97
7 78 98
7 78 99
7 78 77
7 78 95
7 84 75
7 84 94
7 84 96
8 3 3
8 3 4
8 3 13
8 3 23
8 3 34
8 3 2
8 3 11
8 3 25
8 17 17
8 17 38
8 18 8
8 18 39
8 18 7
8 18 16
8 18 28
8 18 19
8 18 26
8 20 10
8 20 20
8 20 21
8 20 30
8 47 46
8 47 49
8 53 41
8 53 42
8 53 44
8 70 60
8 70 70
8 70 80
8 70 81
8 70 90
8 70 92
8 70 51
8 70 52
8 70 61
8 70 82
8 70 50
8 78 69
8 78 78
8 78 79
8 78 87
8 78 89
8 78 99
8 78 57
8 78 68
8 78 88
8 84 75
8 84 84
8 84 94
8 84 96
8 84 63
8 84 64
8 84 65
8 84 66
8 84 73
8 84 77
8 84 86
8 84 45
9 3 3
9 3 23
9 3 1
9 3 11
9 3 22
9 3 24
9 17 29
9 18 8
9 18 39
9 18 18
9 20 20
9 20 21
9 20 30
9 20 32
9 20 31
9 20 50
9 47 48
9 47 56
9 47 35
9 47 36
9 47 37
9 47 47
9 47 54
9 47 55
9 47 57
9 47 58
9 47 68
9 47 86
9 47 19
9 47 26
9 47 45
9 53 40
9 53 53
9 53 44
9 53 65
9 53 74
9 70 71
9 70 91
9 70 92
9 78 69
9 78 78
9 78 89
9 78 97
9 78 66
9 78 95
9 84 75
9 84 94
10 3 3
10 3 4
10 3 13
10 3 11
10 3 25
10 17 -1
10 18 5
10 18 8
10 18 6
10 18 16
10 20 0
10 20 21
10 20 31
10 47 48
10 47 35
10 53 33
10 53 53
10 53 44
10 53 54
10 53 55
10 53 50
10 70 60
10 78 69
10 78 89
10 78 98
10 78 76
10 78 77
10 78 88
10 78 95
10 78 45
10 84 84
10 84 96
10 84 82
11 3 4
11 17 -1
11 18 5
11 18 8
11 18 16
11 18 19
11 20 20
11 20 21
11 20 32
11 20 1
11 20 22
11 47 56
11 47 47
11 47 76
11 53 -1
11 70 60
11 78 -1
11 84 75
11 84 73
11 84 85
--- Done ---
