0 47 55
0 74 44
0 74 53
0 74 65
0 74 54
1 28 18
1 28 26
1 33 4
1 33 22
1 33 24
1 33 43
1 33 25
1 33 44
1 33 53
1 33 55
1 47 54
1 47 58
1 47 59
1 47 68
1 47 86
1 47 45
1 70 60
1 70 61
1 70 90
1 70 92
1 70 62
1 74 -1
1 78 69
1 78 89
1 78 85
1 78 95
2 6 5
2 6 7
2 6 8
2 6 16
2 6 18
2 11 2
2 11 3
2 11 10
2 11 20
2 28 39
2 33 23
2 33 32
2 33 34
2 33 43
2 33 4
2 33 12
2 33 13
2 33 44
2 33 50
2 33 53
2 33 55
2 47 35
2 47 47
2 47 56
2 47 26
2 47 27
2 47 48
2 47 57
2 47 67
2 70 60
2 70 90
2 70 91
2 70 92
2 74 64
2 74 94
2 74 96
2 74 54
2 74 66
2 74 95
2 74 45
2 74 76
2 78 69
2 78 78
2 78 87
2 78 99
3 6 5
3 6 6
3 6 16
3 11 0
3 11 3
3 11 20
3 11 21
3 11 30
3 28 39
3 28 19
3 28 27
3 28 46
3 28 49
3 28 37
3 33 23
3 33 24
3 33 32
3 33 33
3 33 42
3 33 43
3 33 4
3 33 13
3 33 22
3 33 25
3 33 31
3 33 44
3 33 50
3 33 52
3 33 55
3 33 14
3 47 54
3 70 51
3 70 80
3 70 60
3 70 72
3 70 81
3 70 83
3 74 63
3 74 64
3 74 94
3 74 96
3 74 53
3 74 62
3 74 71
3 78 69
3 78 77
3 78 87
3 78 89
3 78 99
3 78 57
3 78 59
3 78 68
3 78 95
3 78 45
3 78 76
3 92 74
3 92 84
4 6 7
4 6 8
4 6 15
4 6 6
4 6 9
4 6 16
4 6 17
4 6 18
4 6 29
4 11 0
4 11 1
4 11 3
4 11 10
4 11 21
4 11 30
4 28 28
4 33 23
4 33 24
4 33 32
4 33 34
4 33 42
4 33 4
4 33 22
4 33 25
4 33 31
4 33 44
4 33 50
4 33 53
4 47 35
4 47 56
4 47 19
4 47 26
4 47 27
4 47 46
4 47 48
4 47 55
4 47 54
4 47 57
4 47 58
4 47 67
4 47 68
4 47 45
4 70 51
4 70 80
4 70 90
4 70 70
4 70 81
4 70 91
4 74 63
4 74 64
4 74 65
4 74 94
4 74 62
4 74 71
4 74 73
4 74 93
4 74 72
4 74 82
4 74 83
4 78 69
4 78 77
4 78 78
4 78 79
4 78 87
4 78 89
4 78 97
4 78 98
4 78 99
4 78 66
4 78 85
4 78 95
4 92 92
5 6 5
5 6 7
5 6 15
5 6 6
5 6 9
5 6 16
5 6 17
5 6 18
5 6 29
5 6 14
5 11 0
5 11 1
5 11 2
5 11 11
5 11 20
5 11 30
5 11 10
5 11 12
5 11 13
5 11 21
5 11 22
5 11 31
5 28 39
5 33 23
5 33 24
5 33 32
5 33 33
5 33 34
5 33 43
5 33 4
5 33 25
5 33 42
5 33 55
5 33 44
5 33 50
5 33 52
5 47 35
5 47 56
5 47 19
5 47 27
5 47 36
5 47 46
5 47 49
5 47 54
5 47 57
5 47 58
5 47 67
5 47 68
5 47 86
5 47 45
5 47 88
5 51 40
5 70 90
5 70 61
5 70 81
5 70 60
5 70 72
5 70 82
5 70 83
5 74 64
5 74 65
5 74 96
5 74 73
5 74 74
5 74 75
5 74 84
5 74 95
5 74 53
5 74 62
5 74 71
5 78 69
5 78 77
5 78 78
5 78 79
5 78 87
5 78 89
5 78 97
5 78 98
5 78 99
5 92 92
6 6 5
6 6 7
6 6 8
6 6 15
6 6 4
6 6 6
6 6 9
6 6 16
6 6 17
6 6 18
6 6 14
6 6 37
6 11 0
6 11 1
6 11 3
6 11 11
6 11 20
6 11 30
6 11 10
6 11 12
6 11 13
6 11 21
6 11 22
6 11 31
6 28 28
6 28 39
6 28 19
6 28 26
6 28 27
6 28 36
6 28 38
6 28 46
6 28 49
6 33 24
6 33 33
6 33 43
6 33 25
6 33 41
6 33 42
6 33 55
6 33 44
6 33 50
6 33 53
6 47 35
6 47 47
6 51 40
6 70 80
6 70 90
6 70 61
6 70 81
6 70 91
6 70 60
6 74 65
6 74 94
6 74 96
6 74 73
6 74 84
6 74 86
6 74 93
6 74 62
6 74 71
6 74 82
6 74 83
6 78 69
6 78 78
6 78 79
6 78 87
6 78 89
6 78 98
6 78 57
6 78 59
6 78 66
6 78 67
6 78 68
6 78 85
6 78 95
6 78 76
6 78 88
6 92 92
7 6 5
7 6 7
7 6 8
7 6 6
7 6 9
7 6 16
7 6 18
7 11 2
7 11 3
7 11 20
7 11 30
7 11 21
7 28 28
7 28 39
7 33 24
7 33 34
7 33 43
7 33 4
7 33 12
7 33 22
7 33 25
7 33 41
7 33 42
7 33 31
7 33 50
7 47 47
7 47 56
7 47 19
7 47 26
7 47 27
7 47 36
7 47 46
7 47 48
7 47 49
7 47 55
7 47 58
7 47 59
7 47 68
7 47 86
7 47 37
7 47 76
7 47 88
7 51 40
7 51 61
7 70 90
7 70 81
7 70 91
7 74 63
7 74 64
7 74 65
7 74 94
7 74 96
7 74 73
7 74 74
7 74 75
7 74 62
7 74 71
7 74 72
7 74 82
7 78 77
7 78 78
7 78 79
7 78 87
7 78 89
7 78 97
7 78 98
7 78 99
7 78 95
7 92 92
8 6 7
8 6 8
8 6 4
8 6 16
8 6 17
8 11 2
8 11 3
8 11 11
8 11 20
8 11 30
8 11 10
8 11 13
8 11 21
8 28 28
8 28 39
8 28 19
8 28 25
8 28 26
8 28 38
8 28 46
8 28 49
8 33 23
8 33 34
8 33 41
8 33 42
8 47 -1
8 51 51
8 70 80
8 70 90
8 70 61
8 70 81
8 70 50
8 70 52
8 70 60
8 70 70
8 70 82
8 74 63
8 74 64
8 74 65
8 74 94
8 74 96
8 74 66
8 74 73
8 74 75
8 74 84
8 74 86
8 74 44
8 74 45
8 74 88
8 78 69
8 78 77
8 78 78
8 78 79
8 78 87
8 78 89
8 78 99
8 78 57
8 78 68
8 92 92
9 6 8
9 11 1
9 11 3
9 11 11
9 11 20
9 11 30
9 11 21
9 11 22
9 11 31
9 28 39
9 28 18
9 28 19
9 28 26
9 28 29
9 28 36
9 28 48
9 28 37
9 33 23
9 33 24
9 33 32
9 33 55
9 33 44
9 33 50
9 33 53
9 47 35
9 47 47
9 47 56
9 47 54
9 47 86
9 51 40
9 70 -1
9 74 65
9 74 94
9 74 74
9 74 75
9 74 71
9 78 69
9 78 78
9 78 89
9 78 97
9 78 57
9 78 58
9 78 66
9 78 68
9 78 95
9 78 45
9 92 91
9 92 92
10 6 5
10 6 8
10 6 4
10 6 6
10 6 16
10 11 0
10 11 3
10 11 11
10 11 13
10 11 21
10 11 31
10 28 -1
10 33 33
10 33 25
10 33 50
10 47 35
10 47 48
10 47 54
10 47 55
10 51 -1
10 70 60
10 74 96
10 74 84
10 74 44
10 74 53
10 74 82
10 78 69
10 78 77
10 78 89
10 78 98
10 78 95
10 78 45
10 78 76
10 78 88
10 92 -1
11 6 5
11 6 8
11 6 4
11 6 16
11 11 1
11 11 20
11 11 21
11 11 22
11 28 -1
11 33 32
11 47 47
11 47 56
11 47 19
11 47 76
11 51 -1
11 70 60
11 74 73
11 74 75
11 74 85
11 78 -1
11 92 -1
--- Done ---
