0 47 44
0 47 53
0 47 54
0 47 55
0 47 65
1 47 4
1 47 18
1 47 22
1 47 24
1 47 25
1 47 26
1 47 43
1 47 44
1 47 45
1 47 53
1 47 54
1 47 55
1 47 58
1 47 59
1 47 60
1 47 61
1 47 62
1 47 68
1 47 69
1 47 85
1 47 86
1 47 89
1 47 90
1 47 92
1 47 95
2 42 3
2 42 5
2 42 12
2 42 13
2 42 20
2 42 23
2 42 32
2 42 43
2 42 44
2 42 50
2 42 53
2 42 60
2 42 90
2 42 92
2 46 4
2 46 7
2 46 10
2 46 16
2 46 34
2 46 35
2 46 39
2 46 45
2 46 54
2 46 55
2 46 56
2 46 57
2 46 64
2 46 66
2 46 78
2 46 94
2 46 95
2 46 96
2 47 2
2 47 8
2 47 18
2 47 26
2 47 27
2 47 47
2 47 48
2 47 67
2 47 69
2 47 76
2 47 87
2 47 91
2 47 99
3 42 0
3 42 3
3 42 5
3 42 13
3 42 20
3 42 21
3 42 22
3 42 23
3 42 24
3 42 30
3 42 31
3 42 32
3 42 33
3 42 42
3 42 43
3 42 44
3 42 50
3 42 51
3 42 52
3 42 53
3 42 60
3 42 62
3 42 63
3 42 71
3 42 72
3 42 81
3 42 84
3 46 4
3 46 6
3 46 14
3 46 16
3 46 25
3 46 39
3 46 45
3 46 46
3 46 54
3 46 57
3 46 89
3 47 19
3 47 27
3 47 37
3 47 49
3 47 59
3 47 87
3 66 55
3 66 64
3 66 68
3 66 69
3 66 74
3 66 76
3 66 77
3 66 80
3 66 83
3 66 94
3 66 95
3 66 96
3 66 99
4 42 0
4 42 1
4 42 3
4 42 30
4 42 31
4 42 32
4 42 42
4 42 50
4 42 51
4 42 62
4 42 63
4 42 70
4 42 72
4 42 73
4 42 81
4 42 90
4 42 92
4 43 4
4 43 15
4 43 21
4 43 22
4 43 23
4 43 24
4 43 34
4 43 44
4 43 45
4 43 53
4 43 54
4 43 71
4 46 6
4 46 7
4 46 9
4 46 10
4 46 16
4 46 17
4 46 25
4 46 35
4 46 46
4 46 56
4 46 57
4 46 85
4 46 89
4 47 8
4 47 18
4 47 19
4 47 26
4 47 27
4 47 28
4 47 29
4 47 48
4 47 58
4 47 82
4 47 87
4 66 55
4 66 64
4 66 65
4 66 66
4 66 67
4 66 68
4 66 69
4 66 77
4 66 78
4 66 79
4 66 80
4 66 83
4 66 91
4 66 93
4 66 94
4 66 95
4 66 97
4 66 98
4 66 99
5 42 0
5 42 1
5 42 5
5 42 20
5 42 30
5 42 31
5 42 32
5 42 40
5 42 42
5 42 50
5 42 52
5 42 60
5 42 62
5 42 72
5 42 73
5 42 81
5 42 84
5 42 90
5 42 92
5 43 2
5 43 4
5 43 11
5 43 12
5 43 13
5 43 15
5 43 21
5 43 22
5 43 23
5 43 24
5 43 33
5 43 34
5 43 43
5 43 44
5 43 45
5 43 53
5 43 54
5 43 61
5 43 71
5 46 6
5 46 7
5 46 9
5 46 10
5 46 14
5 46 16
5 46 17
5 46 25
5 46 35
5 46 39
5 46 46
5 46 56
5 46 57
5 46 75
5 46 89
5 47 18
5 47 19
5 47 27
5 47 29
5 47 36
5 47 49
5 47 58
5 47 82
5 47 87
5 47 88
5 66 55
5 66 64
5 66 65
5 66 67
5 66 68
5 66 69
5 66 74
5 66 77
5 66 78
5 66 79
5 66 83
5 66 86
5 66 95
5 66 96
5 66 97
5 66 98
5 66 99
6 42 0
6 42 1
6 42 3
6 42 5
6 42 20
6 42 30
6 42 31
6 42 40
6 42 42
6 42 50
6 42 60
6 42 62
6 42 73
6 42 81
6 42 84
6 42 90
6 42 92
6 43 4
6 43 11
6 43 12
6 43 13
6 43 15
6 43 21
6 43 22
6 43 24
6 43 33
6 43 41
6 43 43
6 43 44
6 43 53
6 43 61
6 43 71
6 46 6
6 46 7
6 46 9
6 46 10
6 46 14
6 46 16
6 46 17
6 46 25
6 46 35
6 46 39
6 46 46
6 46 57
6 46 85
6 46 89
6 47 8
6 47 18
6 47 19
6 47 26
6 47 27
6 47 28
6 47 36
6 47 37
6 47 38
6 47 47
6 47 49
6 47 59
6 47 82
6 47 87
6 47 88
6 66 55
6 66 65
6 66 66
6 66 67
6 66 68
6 66 69
6 66 76
6 66 78
6 66 79
6 66 80
6 66 83
6 66 86
6 66 91
6 66 93
6 66 94
6 66 95
6 66 96
6 66 98
7 42 3
7 42 5
7 42 20
7 42 30
7 42 31
7 42 40
7 42 42
7 42 50
7 42 62
7 42 63
7 42 72
7 42 73
7 42 81
7 42 90
7 42 92
7 43 2
7 43 4
7 43 12
7 43 21
7 43 22
7 43 24
7 43 34
7 43 41
7 43 43
7 43 61
7 43 71
7 46 6
7 46 7
7 46 9
7 46 16
7 46 25
7 46 39
7 46 46
7 46 56
7 46 75
7 46 89
7 47 8
7 47 18
7 47 19
7 47 26
7 47 27
7 47 28
7 47 36
7 47 37
7 47 47
7 47 48
7 47 49
7 47 58
7 47 59
7 47 82
7 47 87
7 47 88
7 66 55
7 66 64
7 66 65
7 66 68
7 66 74
7 66 76
7 66 77
7 66 78
7 66 79
7 66 86
7 66 91
7 66 94
7 66 95
7 66 96
7 66 97
7 66 98
7 66 99
8 42 3
8 42 20
8 42 30
8 42 42
8 42 50
8 42 51
8 42 52
8 42 60
8 42 63
8 42 70
8 42 73
8 42 81
8 42 84
8 42 90
8 42 92
8 43 2
8 43 4
8 43 11
8 43 13
8 43 21
8 43 23
8 43 34
8 43 41
8 43 44
8 43 45
8 43 61
8 46 7
8 46 10
8 46 16
8 46 17
8 46 25
8 46 39
8 46 46
8 46 57
8 46 75
8 46 89
8 47 8
8 47 19
8 47 26
8 47 28
8 47 38
8 47 49
8 47 82
8 47 87
8 47 88
8 66 64
8 66 65
8 66 66
8 66 68
8 66 69
8 66 77
8 66 78
8 66 79
8 66 80
8 66 86
8 66 94
8 66 96
8 66 99
9 42 1
9 42 3
9 42 20
9 42 30
9 42 31
9 42 32
9 42 40
9 42 50
9 42 92
9 43 11
9 43 21
9 43 22
9 43 23
9 43 24
9 43 44
9 43 45
9 43 53
9 43 54
9 43 71
9 46 35
9 46 39
9 46 56
9 46 57
9 46 75
9 46 89
9 47 8
9 47 18
9 47 19
9 47 26
9 47 29
9 47 36
9 47 37
9 47 47
9 47 48
9 47 58
9 66 55
9 66 65
9 66 66
9 66 68
9 66 69
9 66 74
9 66 78
9 66 86
9 66 91
9 66 94
9 66 95
9 66 97
10 42 0
10 42 3
10 42 5
10 42 31
10 42 50
10 42 60
10 42 84
10 43 4
10 43 11
10 43 13
10 43 21
10 43 33
10 43 44
10 43 45
10 43 53
10 43 54
10 46 6
10 46 16
10 46 25
10 46 35
10 46 89
10 47 8
10 47 48
10 47 82
10 47 88
10 66 55
10 66 69
10 66 76
10 66 77
10 66 95
10 66 96
10 66 98
11 42 1
11 42 5
11 42 20
11 42 32
11 42 60
11 42 73
11 43 4
11 43 21
11 43 22
11 46 16
11 46 56
11 46 75
11 46 85
11 47 8
11 47 19
11 47 47
11 66 76
--- Done ---
