0 47 45
0 47 54
0 47 55
0 53 44
0 53 53
0 53 64
0 53 65
1 14 2
1 14 5
1 14 24
1 14 25
1 19 7
1 19 16
1 19 19
1 19 29
1 19 39
1 21 0
1 21 10
1 21 20
1 21 21
1 21 32
1 21 33
1 47 26
1 47 36
1 47 38
1 47 47
1 47 55
1 47 56
1 47 67
1 47 88
1 53 40
1 53 41
1 53 43
1 53 44
1 53 50
1 53 51
1 53 52
1 53 53
1 53 64
1 53 65
1 53 72
1 53 74
1 78 77
1 78 87
1 78 95
1 78 98
1 81 80
1 81 84
1 81 91
1 81 93
2 14 3
2 14 4
2 14 6
2 14 15
2 14 24
2 14 25
2 14 34
2 19 8
2 19 18
2 19 19
2 19 39
2 21 1
2 21 11
2 21 13
2 21 31
2 21 60
2 47 26
2 47 38
2 47 46
2 47 48
2 47 55
2 47 57
2 47 59
2 47 67
2 47 86
2 53 41
2 53 43
2 53 50
2 53 53
2 53 61
2 53 63
2 53 65
2 53 72
2 53 73
2 78 69
2 78 77
2 78 79
2 78 85
2 78 87
2 78 98
2 78 99
2 81 70
2 81 81
2 81 84
2 81 91
3 14 5
3 14 14
3 14 15
3 14 23
3 19 9
3 19 19
3 21 0
3 21 32
3 21 33
3 47 26
3 47 27
3 47 35
3 47 46
3 47 47
3 47 48
3 47 49
3 47 54
3 47 55
3 47 56
3 47 57
3 47 67
3 47 76
3 53 40
3 53 41
3 53 42
3 53 43
3 53 52
3 53 53
3 53 65
3 53 72
3 53 85
3 74 63
3 74 74
3 74 82
3 74 96
3 78 77
3 78 78
3 78 89
3 78 98
3 81 70
3 81 73
3 81 90
3 81 92
3 81 93
4 14 2
4 14 5
4 14 24
4 14 25
4 14 34
4 19 7
4 19 16
4 19 18
4 19 29
4 21 0
4 21 1
4 21 3
4 21 12
4 21 20
4 21 22
4 21 23
4 21 32
4 47 26
4 47 27
4 47 35
4 47 36
4 47 45
4 47 48
4 47 49
4 47 54
4 47 55
4 47 56
4 47 59
4 47 67
4 47 68
4 53 40
4 53 41
4 53 43
4 53 53
4 74 72
4 74 83
4 78 79
4 78 85
4 78 87
4 78 89
4 78 95
4 78 98
4 78 99
4 81 80
5 14 5
5 14 6
5 14 25
5 19 7
5 19 17
5 19 39
5 21 1
5 21 10
5 21 11
5 21 12
5 21 21
5 21 22
5 21 30
5 21 31
5 21 33
5 21 60
5 47 27
5 47 35
5 47 36
5 47 37
5 47 46
5 47 47
5 47 55
5 47 56
5 47 58
5 47 68
5 47 86
5 53 41
5 53 42
5 53 43
5 53 52
5 53 53
5 53 85
5 74 44
5 74 75
5 74 83
5 74 95
5 78 77
5 78 78
5 78 79
5 78 87
5 78 89
5 78 99
5 81 61
5 81 73
5 81 84
6 14 2
6 14 3
6 14 5
6 14 14
6 14 25
6 14 34
6 19 7
6 19 8
6 19 16
6 21 10
6 21 20
6 21 21
6 21 22
6 21 23
6 47 27
6 47 36
6 47 37
6 47 45
6 47 47
6 47 48
6 47 49
6 47 54
6 47 55
6 47 57
6 47 58
6 47 68
6 47 76
6 47 86
6 47 88
6 53 40
6 53 41
6 53 43
6 53 52
6 53 64
6 53 65
6 53 73
6 74 44
6 74 72
6 74 96
6 78 69
6 78 77
6 78 78
6 78 89
6 78 97
6 78 98
6 78 99
6 81 70
6 81 71
6 81 91
6 81 92
7 14 6
7 14 12
7 14 15
7 14 24
7 14 34
7 19 7
7 19 19
7 19 29
7 21 11
7 21 13
7 21 20
7 21 22
7 21 23
7 21 30
7 21 51
7 47 26
7 47 27
7 47 35
7 47 36
7 47 37
7 47 38
7 47 45
7 47 47
7 47 55
7 47 67
7 47 76
7 47 86
7 53 40
7 53 41
7 53 42
7 53 43
7 53 44
7 53 50
7 53 65
7 74 66
7 74 72
7 74 74
7 74 94
7 78 85
7 81 61
7 81 80
7 81 91
7 81 92
8 14 3
8 14 4
8 14 5
8 14 24
8 14 34
8 19 8
8 19 19
8 19 28
8 19 39
8 21 1
8 21 11
8 21 20
8 21 21
8 21 22
8 21 32
8 21 51
8 47 35
8 47 46
8 47 47
8 47 54
8 47 57
8 47 59
8 47 88
8 53 41
8 53 42
8 53 43
8 53 44
8 53 53
8 53 61
8 53 63
8 53 64
8 74 65
8 74 66
8 74 82
8 74 83
8 74 94
8 74 96
8 78 79
8 78 87
8 78 95
8 78 97
8 81 70
8 81 71
8 81 90
8 81 91
8 81 92
9 14 6
9 14 14
9 14 15
9 14 34
9 19 9
9 19 29
9 21 1
9 21 3
9 21 13
9 21 23
9 21 30
9 21 31
9 21 60
9 47 37
9 47 38
9 47 45
9 47 48
9 47 49
9 47 54
9 47 56
9 47 59
9 47 67
9 47 76
9 47 86
9 47 88
9 53 40
9 53 41
9 53 42
9 53 53
9 53 62
9 53 72
9 53 85
9 74 82
9 74 83
9 74 95
9 74 96
9 78 66
9 78 77
9 78 78
9 78 79
9 81 70
9 81 81
9 81 90
9 81 91
9 81 92
--- Done ---
