0 23 44
0 23 53
0 23 54
0 47 45
0 47 55
0 86 64
0 86 65
1 23 0
1 23 2
1 23 5
1 23 10
1 23 16
1 23 20
1 23 21
1 23 24
1 23 25
1 23 32
1 23 33
1 23 43
1 23 44
1 23 53
1 47 7
1 47 19
1 47 26
1 47 29
1 47 36
1 47 38
1 47 39
1 47 47
1 47 55
1 47 56
1 47 67
1 50 40
1 50 41
1 50 50
1 50 51
1 50 52
1 50 72
1 50 80
1 50 91
1 86 64
1 86 65
1 86 74
1 86 77
1 86 84
1 86 87
1 86 88
1 86 93
1 86 95
1 86 98
2 23 1
2 23 3
2 23 4
2 23 6
2 23 11
2 23 13
2 23 15
2 23 24
2 23 25
2 23 31
2 23 34
2 23 43
2 23 53
2 47 8
2 47 18
2 47 19
2 47 26
2 47 38
2 47 39
2 47 46
2 47 48
2 47 55
2 47 57
2 47 59
2 47 67
2 47 69
2 50 41
2 50 50
2 50 60
2 50 61
2 50 63
2 50 70
2 50 72
2 50 81
2 50 91
2 86 65
2 86 73
2 86 77
2 86 79
2 86 84
2 86 85
2 86 86
2 86 87
2 86 98
2 86 99
3 23 0
3 23 5
3 23 14
3 23 15
3 23 23
3 23 32
3 23 33
3 23 35
3 23 42
3 23 43
3 23 53
3 23 54
3 47 9
3 47 19
3 47 26
3 47 27
3 47 46
3 47 47
3 47 48
3 47 49
3 47 55
3 47 56
3 47 57
3 47 67
3 50 40
3 50 41
3 50 52
3 50 63
3 50 70
3 50 72
3 50 82
3 50 90
3 86 65
3 86 73
3 86 74
3 86 76
3 86 77
3 86 78
3 86 85
3 86 89
3 86 92
3 86 93
3 86 96
3 86 98
4 23 0
4 23 1
4 23 2
4 23 3
4 23 5
4 23 12
4 23 16
4 23 20
4 23 22
4 23 23
4 23 24
4 23 25
4 23 32
4 23 34
4 23 35
4 23 43
4 23 53
4 23 54
4 47 7
4 47 18
4 47 26
4 47 27
4 47 29
4 47 36
4 47 45
4 47 48
4 47 49
4 47 55
4 47 56
4 47 59
4 47 67
4 47 68
4 50 40
4 50 41
4 50 72
4 50 80
4 86 79
4 86 83
4 86 85
4 86 87
4 86 89
4 86 95
4 86 98
4 86 99
5 23 1
5 23 5
5 23 6
5 23 10
5 23 11
5 23 12
5 23 21
5 23 22
5 23 25
5 23 31
5 23 33
5 23 35
5 23 42
5 23 43
5 23 44
5 23 53
5 47 7
5 47 17
5 47 27
5 47 36
5 47 37
5 47 39
5 47 46
5 47 47
5 47 55
5 47 56
5 47 58
5 47 68
5 50 30
5 50 41
5 50 52
5 50 60
5 50 61
5 86 73
5 86 75
5 86 77
5 86 78
5 86 79
5 86 83
5 86 84
5 86 85
5 86 86
5 86 87
5 86 89
5 86 95
5 86 99
6 23 2
6 23 3
6 23 5
6 23 10
6 23 14
6 23 16
6 23 20
6 23 21
6 23 22
6 23 23
6 23 25
6 23 34
6 23 43
6 23 44
6 23 54
6 47 7
6 47 8
6 47 27
6 47 36
6 47 37
6 47 45
6 47 47
6 47 48
6 47 49
6 47 55
6 47 57
6 47 58
6 47 68
6 47 69
6 50 40
6 50 41
6 50 52
6 50 70
6 50 71
6 50 72
6 50 91
6 86 64
6 86 65
6 86 73
6 86 76
6 86 77
6 86 78
6 86 86
6 86 88
6 86 89
6 86 92
6 86 96
6 86 97
6 86 98
6 86 99
7 23 6
7 23 11
7 23 12
7 23 13
7 23 15
7 23 20
7 23 22
7 23 23
7 23 24
7 23 34
7 23 35
7 23 42
7 23 43
7 23 44
7 47 7
7 47 19
7 47 26
7 47 27
7 47 29
7 47 36
7 47 37
7 47 38
7 47 45
7 47 47
7 47 55
7 47 67
7 50 30
7 50 40
7 50 41
7 50 50
7 50 51
7 50 61
7 50 72
7 50 80
7 50 91
7 86 65
7 86 66
7 86 74
7 86 76
7 86 85
7 86 86
7 86 92
7 86 94
8 23 1
8 23 3
8 23 4
8 23 5
8 23 11
8 23 20
8 23 21
8 23 22
8 23 24
8 23 32
8 23 34
8 23 35
8 23 42
8 23 43
8 23 44
8 23 53
8 23 54
8 47 8
8 47 19
8 47 28
8 47 39
8 47 46
8 47 47
8 47 57
8 47 59
8 50 41
8 50 51
8 50 61
8 50 63
8 50 70
8 50 71
8 50 82
8 50 90
8 50 91
8 86 64
8 86 65
8 86 66
8 86 79
8 86 83
8 86 87
8 86 88
8 86 92
8 86 94
8 86 95
8 86 96
8 86 97
9 23 1
9 23 3
9 23 6
9 23 13
9 23 14
9 23 15
9 23 23
9 23 31
9 23 34
9 23 42
9 23 53
9 23 54
9 47 9
9 47 29
9 47 37
9 47 38
9 47 45
9 47 48
9 47 49
9 47 56
9 47 59
9 47 67
9 50 30
9 50 40
9 50 41
9 50 60
9 50 62
9 50 70
9 50 72
9 50 81
9 50 82
9 50 90
9 50 91
9 86 66
9 86 76
9 86 77
9 86 78
9 86 79
9 86 83
9 86 85
9 86 86
9 86 88
9 86 92
9 86 95
9 86 96
--- Done ---
