0 47 44
0 47 53
0 47 54
0 47 55
0 47 65
1 6 4
1 6 24
1 6 25
1 47 18
1 47 26
1 47 43
1 47 44
1 47 45
1 47 53
1 47 54
1 47 55
1 47 58
1 47 59
1 47 68
1 47 86
1 62 22
1 62 60
1 62 61
1 62 62
1 62 90
1 62 92
1 96 69
1 96 85
1 96 89
1 96 95
2 6 5
2 6 7
2 6 8
2 6 13
2 6 16
2 6 34
2 20 2
2 20 3
2 20 4
2 20 10
2 20 12
2 20 20
2 20 23
2 20 32
2 47 18
2 47 26
2 47 27
2 47 35
2 47 39
2 47 43
2 47 44
2 47 45
2 47 47
2 47 48
2 47 54
2 47 55
2 47 56
2 47 57
2 47 66
2 47 67
2 47 76
2 47 87
2 62 50
2 62 53
2 62 60
2 62 64
2 62 90
2 62 91
2 62 92
2 96 69
2 96 78
2 96 94
2 96 95
2 96 96
2 96 99
3 6 5
3 6 6
3 6 13
3 6 14
3 6 16
3 6 24
3 6 25
3 20 0
3 20 3
3 20 4
3 20 20
3 20 21
3 20 22
3 20 23
3 20 30
3 20 42
3 20 50
3 47 19
3 47 27
3 47 33
3 47 37
3 47 39
3 47 43
3 47 44
3 47 45
3 47 46
3 47 49
3 47 54
3 47 55
3 47 57
3 47 59
3 47 68
3 47 74
3 47 76
3 47 87
3 62 31
3 62 32
3 62 51
3 62 52
3 62 53
3 62 60
3 62 62
3 62 63
3 62 64
3 62 71
3 62 72
3 62 80
3 62 81
3 62 83
3 62 84
3 96 69
3 96 77
3 96 89
3 96 94
3 96 95
3 96 96
3 96 99
4 6 6
4 6 7
4 6 8
4 6 9
4 6 16
4 6 17
4 6 24
4 6 25
4 6 27
4 6 29
4 6 34
4 20 0
4 20 1
4 20 3
4 20 4
4 20 10
4 20 21
4 20 23
4 20 30
4 20 42
4 20 50
4 20 55
4 47 15
4 47 18
4 47 19
4 47 26
4 47 28
4 47 35
4 47 45
4 47 46
4 47 48
4 47 53
4 47 54
4 47 56
4 47 57
4 47 58
4 47 65
4 47 66
4 47 67
4 47 68
4 47 82
4 47 87
4 62 22
4 62 31
4 62 32
4 62 44
4 62 51
4 62 62
4 62 63
4 62 64
4 62 70
4 62 71
4 62 72
4 62 80
4 62 81
4 62 83
4 62 90
4 62 91
4 62 92
4 96 69
4 96 73
4 96 77
4 96 78
4 96 79
4 96 85
4 96 89
4 96 93
4 96 94
4 96 95
4 96 97
4 96 98
4 96 99
5 6 4
5 6 5
5 6 6
5 6 7
5 6 9
5 6 13
5 6 14
5 6 15
5 6 16
5 6 17
5 6 24
5 6 25
5 6 29
5 6 34
5 6 39
5 20 0
5 20 1
5 20 2
5 20 10
5 20 11
5 20 12
5 20 20
5 20 21
5 20 22
5 20 23
5 20 30
5 20 31
5 20 32
5 20 40
5 20 42
5 20 50
5 20 61
5 47 18
5 47 19
5 47 27
5 47 33
5 47 35
5 47 36
5 47 43
5 47 44
5 47 45
5 47 46
5 47 49
5 47 54
5 47 55
5 47 56
5 47 57
5 47 58
5 47 65
5 47 68
5 47 82
5 47 88
5 62 53
5 62 60
5 62 62
5 62 64
5 62 71
5 62 72
5 62 81
5 62 83
5 62 90
5 62 92
5 96 52
5 96 67
5 96 69
5 96 73
5 96 74
5 96 75
5 96 77
5 96 78
5 96 79
5 96 84
5 96 86
5 96 87
5 96 89
5 96 95
5 96 96
5 96 97
5 96 98
5 96 99
6 6 5
6 6 6
6 6 7
6 6 8
6 6 9
6 6 11
6 6 13
6 6 14
6 6 16
6 6 17
6 6 24
6 6 25
6 20 0
6 20 1
6 20 3
6 20 4
6 20 10
6 20 12
6 20 20
6 20 21
6 20 22
6 20 30
6 20 31
6 20 40
6 20 41
6 20 42
6 20 61
6 47 15
6 47 18
6 47 19
6 47 26
6 47 27
6 47 28
6 47 33
6 47 35
6 47 36
6 47 37
6 47 38
6 47 39
6 47 43
6 47 44
6 47 46
6 47 47
6 47 49
6 47 53
6 47 55
6 47 57
6 47 59
6 47 65
6 47 66
6 47 67
6 47 68
6 47 76
6 47 82
6 47 86
6 47 87
6 47 88
6 62 50
6 62 60
6 62 62
6 62 71
6 62 73
6 62 80
6 62 81
6 62 83
6 62 85
6 62 90
6 62 91
6 62 92
6 62 94
6 96 69
6 96 78
6 96 79
6 96 84
6 96 89
6 96 93
6 96 95
6 96 96
6 96 98
7 6 4
7 6 5
7 6 6
7 6 7
7 6 8
7 6 9
7 6 16
7 6 24
7 6 25
7 6 34
7 20 2
7 20 3
7 20 12
7 20 20
7 20 21
7 20 22
7 20 30
7 20 31
7 20 40
7 20 41
7 20 42
7 47 18
7 47 19
7 47 26
7 47 27
7 47 28
7 47 36
7 47 37
7 47 39
7 47 43
7 47 46
7 47 47
7 47 48
7 47 49
7 47 55
7 47 56
7 47 58
7 47 59
7 47 65
7 47 68
7 47 74
7 47 76
7 47 82
7 47 86
7 47 87
7 47 88
7 62 50
7 62 61
7 62 62
7 62 63
7 62 64
7 62 71
7 62 72
7 62 73
7 62 81
7 62 90
7 62 91
7 62 92
7 96 75
7 96 77
7 96 78
7 96 79
7 96 89
7 96 94
7 96 95
7 96 96
7 96 97
7 96 98
7 96 99
8 6 4
8 6 7
8 6 8
8 6 13
8 6 16
8 6 17
8 6 25
8 6 34
8 20 2
8 20 3
8 20 10
8 20 11
8 20 20
8 20 21
8 20 23
8 20 30
8 20 41
8 20 50
8 47 19
8 47 26
8 47 28
8 47 38
8 47 39
8 47 44
8 47 45
8 47 46
8 47 49
8 47 57
8 47 65
8 47 66
8 47 82
8 47 86
8 47 87
8 47 88
8 62 42
8 62 51
8 62 60
8 62 61
8 62 63
8 62 64
8 62 70
8 62 73
8 62 80
8 62 81
8 62 90
8 62 92
8 96 52
8 96 68
8 96 69
8 96 75
8 96 77
8 96 78
8 96 79
8 96 84
8 96 89
8 96 94
8 96 96
8 96 99
9 6 8
9 6 11
9 6 23
9 6 24
9 20 1
9 20 3
9 20 20
9 20 21
9 20 30
9 20 31
9 20 32
9 20 40
9 47 18
9 47 19
9 47 26
9 47 29
9 47 35
9 47 36
9 47 37
9 47 39
9 47 44
9 47 45
9 47 47
9 47 48
9 47 53
9 47 54
9 47 56
9 47 57
9 47 58
9 47 65
9 47 66
9 47 68
9 47 74
9 47 86
9 62 22
9 62 50
9 62 55
9 62 71
9 62 91
9 62 92
9 96 69
9 96 75
9 96 78
9 96 89
9 96 94
9 96 95
9 96 97
10 6 4
10 6 5
10 6 6
10 6 8
10 6 11
10 6 13
10 6 16
10 6 25
10 20 0
10 20 3
10 20 21
10 20 31
10 47 33
10 47 35
10 47 44
10 47 45
10 47 48
10 47 54
10 47 55
10 47 76
10 47 88
10 62 50
10 62 53
10 62 60
10 62 82
10 62 84
10 96 69
10 96 77
10 96 89
10 96 95
10 96 96
10 96 98
11 6 4
11 6 5
11 6 8
11 6 16
11 20 1
11 20 20
11 20 21
11 20 22
11 47 19
11 47 47
11 47 56
11 47 76
11 62 32
11 62 60
11 62 73
11 96 75
11 96 85
--- Done ---
