0 47 44
0 47 53
0 47 54
0 47 55
0 47 65
1 32 4
1 32 22
1 32 24
1 32 25
1 32 61
1 32 62
1 32 95
1 47 18
1 47 26
1 47 55
1 47 58
1 47 44
1 47 45
1 47 53
1 47 54
1 47 59
1 47 68
1 47 43
1 47 86
1 71 60
1 71 90
1 71 92
1 87 69
1 87 85
1 87 89
2 17 5
2 17 7
2 17 8
2 17 16
2 17 3
2 17 18
2 17 26
2 17 27
2 17 35
2 17 39
2 21 50
2 21 2
2 21 10
2 21 12
2 21 20
2 21 23
2 21 34
2 21 60
2 21 13
2 21 43
2 21 44
2 32 4
2 32 32
2 32 45
2 32 54
2 47 55
2 47 47
2 71 64
2 71 90
2 71 91
2 71 92
2 87 69
2 87 78
2 87 94
2 87 96
2 87 99
2 87 48
2 87 57
2 87 66
2 87 76
2 87 87
2 87 95
2 87 53
2 87 56
2 87 67
3 17 5
3 17 6
3 17 16
3 17 3
3 17 14
3 17 19
3 17 25
3 17 27
3 17 37
3 17 39
3 17 49
3 17 13
3 17 24
3 17 44
3 21 0
3 21 50
3 21 20
3 21 21
3 21 22
3 21 23
3 21 31
3 32 4
3 32 32
3 32 45
3 32 54
3 32 33
3 47 55
3 47 53
3 47 74
3 47 43
3 71 63
3 71 64
3 71 71
3 71 72
3 71 80
3 71 81
3 71 83
3 71 60
3 71 30
3 71 42
3 71 51
3 71 52
3 71 62
3 87 69
3 87 77
3 87 84
3 87 89
3 87 94
3 87 96
3 87 99
3 87 46
3 87 57
3 87 59
3 87 68
3 87 76
3 87 87
3 87 95
4 17 6
4 17 7
4 17 8
4 17 9
4 17 16
4 17 17
4 17 3
4 17 25
4 21 0
4 21 1
4 21 50
4 21 10
4 21 21
4 21 22
4 21 23
4 21 31
4 21 34
4 21 24
4 21 53
4 21 44
4 21 62
4 32 4
4 32 32
4 47 55
4 47 58
4 47 15
4 47 18
4 47 19
4 47 26
4 47 27
4 47 28
4 47 29
4 47 35
4 47 45
4 47 46
4 47 48
4 47 54
4 47 57
4 47 65
4 47 68
4 47 56
4 71 63
4 71 64
4 71 70
4 71 71
4 71 72
4 71 73
4 71 80
4 71 81
4 71 83
4 71 90
4 71 91
4 71 92
4 71 82
4 71 30
4 71 42
4 71 51
4 87 69
4 87 77
4 87 78
4 87 79
4 87 85
4 87 89
4 87 93
4 87 94
4 87 97
4 87 98
4 87 99
4 87 66
4 87 87
4 87 95
4 87 67
5 17 5
5 17 6
5 17 7
5 17 9
5 17 16
5 17 17
5 17 14
5 17 15
5 17 18
5 17 19
5 17 25
5 17 27
5 17 29
5 17 35
5 17 39
5 17 49
5 17 13
5 17 56
5 21 0
5 21 1
5 21 50
5 21 2
5 21 10
5 21 11
5 21 12
5 21 20
5 21 21
5 21 22
5 21 23
5 21 31
5 21 34
5 21 60
5 21 24
5 21 30
5 21 33
5 21 42
5 21 52
5 21 44
5 21 62
5 21 43
5 32 4
5 32 32
5 47 55
5 47 58
5 47 45
5 47 54
5 47 36
5 47 53
5 47 86
5 71 64
5 71 71
5 71 72
5 71 73
5 71 81
5 71 83
5 71 90
5 71 92
5 71 40
5 71 61
5 71 82
5 87 69
5 87 75
5 87 77
5 87 78
5 87 79
5 87 84
5 87 89
5 87 96
5 87 97
5 87 98
5 87 99
5 87 46
5 87 57
5 87 65
5 87 68
5 87 87
5 87 88
5 87 95
5 87 67
5 87 74
6 17 5
6 17 6
6 17 7
6 17 8
6 17 9
6 17 16
6 17 17
6 17 3
6 17 14
6 17 15
6 17 18
6 17 19
6 17 25
6 17 26
6 17 27
6 17 28
6 17 35
6 17 37
6 21 0
6 21 1
6 21 50
6 21 10
6 21 11
6 21 12
6 21 20
6 21 21
6 21 22
6 21 31
6 21 13
6 21 24
6 21 41
6 21 60
6 21 53
6 21 30
6 21 33
6 21 42
6 21 44
6 21 62
6 32 4
6 47 55
6 47 38
6 47 39
6 47 47
6 47 49
6 47 36
6 47 67
6 71 71
6 71 73
6 71 80
6 71 81
6 71 83
6 71 90
6 71 91
6 71 92
6 71 40
6 71 61
6 71 82
6 71 86
6 71 43
6 87 69
6 87 78
6 87 79
6 87 84
6 87 85
6 87 89
6 87 93
6 87 94
6 87 96
6 87 98
6 87 46
6 87 57
6 87 59
6 87 65
6 87 66
6 87 68
6 87 76
6 87 87
6 87 88
6 87 95
7 17 5
7 17 6
7 17 7
7 17 8
7 17 9
7 17 16
7 17 3
7 17 18
7 17 19
7 17 25
7 17 26
7 17 27
7 17 28
7 17 37
7 17 39
7 17 49
7 17 24
7 17 36
7 21 50
7 21 2
7 21 12
7 21 20
7 21 21
7 21 22
7 21 31
7 21 34
7 21 41
7 32 4
7 47 55
7 47 58
7 47 47
7 71 63
7 71 64
7 71 71
7 71 72
7 71 73
7 71 81
7 71 90
7 71 91
7 71 92
7 71 40
7 71 61
7 71 82
7 71 30
7 71 42
7 71 74
7 71 86
7 71 62
7 71 43
7 87 75
7 87 77
7 87 78
7 87 79
7 87 89
7 87 94
7 87 96
7 87 97
7 87 98
7 87 99
7 87 46
7 87 48
7 87 59
7 87 65
7 87 68
7 87 76
7 87 87
7 87 88
7 87 95
7 87 56
8 17 7
8 17 8
8 17 16
8 17 17
8 17 3
8 17 19
8 17 25
8 17 26
8 17 28
8 17 38
8 17 39
8 17 49
8 21 50
8 21 2
8 21 10
8 21 11
8 21 20
8 21 21
8 21 23
8 21 34
8 21 41
8 21 60
8 21 13
8 21 30
8 21 42
8 21 51
8 21 52
8 21 44
8 32 4
8 32 45
8 47 -1
8 71 63
8 71 64
8 71 70
8 71 73
8 71 80
8 71 81
8 71 90
8 71 92
8 71 61
8 71 82
8 87 69
8 87 75
8 87 77
8 87 78
8 87 79
8 87 84
8 87 89
8 87 94
8 87 96
8 87 99
8 87 46
8 87 57
8 87 65
8 87 66
8 87 68
8 87 87
8 87 88
8 87 86
9 17 8
9 17 18
9 17 19
9 17 26
9 17 29
9 17 35
9 17 37
9 17 39
9 17 24
9 17 36
9 17 56
9 17 44
9 21 1
9 21 50
9 21 3
9 21 11
9 21 20
9 21 21
9 21 22
9 21 23
9 21 31
9 21 30
9 21 53
9 32 32
9 47 55
9 47 58
9 47 45
9 47 47
9 47 54
9 71 71
9 71 91
9 71 92
9 71 40
9 87 69
9 87 75
9 87 78
9 87 89
9 87 94
9 87 97
9 87 48
9 87 57
9 87 65
9 87 66
9 87 68
9 87 95
9 87 74
9 87 86
10 17 5
10 17 6
10 17 8
10 17 16
10 17 3
10 17 25
10 17 35
10 17 13
10 17 44
10 21 0
10 21 50
10 21 11
10 21 21
10 21 31
10 21 60
10 21 33
10 32 4
10 47 55
10 47 45
10 47 54
10 47 82
10 71 -1
10 87 69
10 87 77
10 87 84
10 87 89
10 87 96
10 87 98
10 87 48
10 87 76
10 87 88
10 87 95
10 87 53
11 17 5
11 17 8
11 17 16
11 17 19
11 17 56
11 21 1
11 21 20
11 21 21
11 21 22
11 21 60
11 32 4
11 32 32
11 47 47
11 71 73
11 87 75
11 87 85
11 87 76
--- Done ---
