0 17 77
0 17 78
0 17 79
0 17 87
0 17 88
0 17 89
0 17 97
0 17 98
1 4 11
1 4 14
1 4 15
1 4 22
1 4 24
1 4 25
1 4 33
1 4 34
1 4 44
1 4 50
1 4 52
1 4 63
1 4 71
1 4 72
1 4 83
1 4 91
1 4 92
1 17 8
1 17 16
1 17 17
1 17 18
1 17 19
1 17 27
1 17 28
1 17 29
1 17 36
1 17 37
1 17 38
1 17 39
1 17 45
1 17 48
1 17 49
1 17 57
1 17 58
1 17 65
1 17 66
1 17 67
1 17 74
1 17 75
1 17 78
1 17 84
1 17 85
1 17 87
1 17 93
1 17 97
1 17 98
2 4 0
2 4 2
2 4 3
2 4 4
2 4 10
2 4 12
2 4 13
2 4 22
2 4 23
2 4 24
2 4 30
2 4 32
2 4 33
2 4 41
2 4 42
2 4 43
2 4 44
2 4 51
2 4 53
2 4 54
2 4 61
2 4 63
2 4 72
2 4 80
2 4 81
2 4 92
2 17 6
2 17 19
2 17 29
2 17 35
2 17 37
2 17 45
2 17 47
2 17 48
2 17 49
2 17 58
2 17 66
2 17 68
2 17 69
2 17 74
2 17 78
2 17 86
2 17 88
2 17 93
2 17 94
2 17 98
3 4 1
3 4 10
3 4 14
3 4 21
3 4 24
3 4 25
3 4 32
3 4 50
3 4 52
3 4 54
3 4 61
3 4 62
3 4 63
3 4 72
3 4 80
3 4 91
3 17 9
3 17 18
3 17 19
3 17 36
3 17 37
3 17 45
3 17 46
3 17 47
3 17 55
3 17 56
3 17 57
3 17 58
3 17 59
3 17 64
3 17 66
3 17 67
3 17 68
3 17 69
3 17 74
3 17 77
3 17 79
3 17 84
3 17 86
3 17 87
3 17 94
3 17 96
3 17 98
3 17 99
4 4 2
4 4 5
4 4 10
4 4 11
4 4 20
4 4 22
4 4 23
4 4 24
4 4 25
4 4 34
4 4 40
4 4 44
4 4 51
4 4 60
4 4 62
4 4 63
4 4 72
4 4 81
4 4 82
4 4 91
4 4 92
4 17 8
4 17 9
4 17 17
4 17 26
4 17 27
4 17 29
4 17 35
4 17 36
4 17 39
4 17 47
4 17 48
4 17 49
4 17 55
4 17 59
4 17 65
4 17 67
4 17 69
4 17 74
4 17 79
4 17 84
4 17 87
4 17 88
4 17 89
4 17 94
4 17 96
5 4 0
5 4 1
5 4 2
5 4 4
5 4 5
5 4 12
5 4 21
5 4 22
5 4 23
5 4 34
5 4 40
5 4 42
5 4 53
5 4 54
5 4 60
5 4 63
5 4 70
5 4 71
5 4 72
5 4 82
5 4 90
5 4 91
5 17 17
5 17 27
5 17 29
5 17 36
5 17 37
5 17 38
5 17 39
5 17 46
5 17 56
5 17 57
5 17 58
5 17 65
5 17 74
5 17 78
5 17 79
5 17 84
5 17 86
5 17 87
5 17 89
5 17 94
5 17 95
5 17 96
5 17 98
5 17 99
6 4 0
6 4 1
6 4 4
6 4 12
6 4 14
6 4 15
6 4 20
6 4 25
6 4 30
6 4 34
6 4 41
6 4 42
6 4 51
6 4 53
6 4 54
6 4 62
6 4 63
6 4 80
6 4 81
6 4 82
6 4 90
6 17 16
6 17 19
6 17 27
6 17 29
6 17 37
6 17 38
6 17 39
6 17 47
6 17 49
6 17 55
6 17 56
6 17 57
6 17 65
6 17 67
6 17 69
6 17 76
6 17 78
6 17 88
6 17 89
6 17 96
6 17 97
6 17 98
7 4 0
7 4 2
7 4 3
7 4 4
7 4 5
7 4 11
7 4 13
7 4 14
7 4 15
7 4 20
7 4 21
7 4 22
7 4 25
7 4 31
7 4 32
7 4 34
7 4 40
7 4 43
7 4 44
7 4 51
7 4 52
7 4 60
7 4 61
7 4 62
7 4 70
7 17 6
7 17 7
7 17 9
7 17 19
7 17 26
7 17 29
7 17 36
7 17 37
7 17 39
7 17 45
7 17 47
7 17 48
7 17 58
7 17 59
7 17 65
7 17 66
7 17 68
7 17 69
7 17 74
7 17 76
7 17 78
7 17 79
7 17 84
7 17 86
7 17 87
7 17 97
8 4 2
8 4 3
8 4 4
8 4 11
8 4 15
8 4 21
8 4 22
8 4 23
8 4 30
8 4 31
8 4 33
8 4 42
8 4 43
8 4 50
8 4 53
8 4 60
8 4 61
8 4 63
8 4 70
8 4 71
8 4 81
8 4 82
8 4 91
8 4 92
8 17 7
8 17 9
8 17 16
8 17 26
8 17 27
8 17 28
8 17 37
8 17 39
8 17 45
8 17 47
8 17 48
8 17 56
8 17 58
8 17 66
8 17 67
8 17 69
8 17 75
8 17 76
8 17 77
8 17 78
8 17 79
8 17 98
9 4 3
9 4 11
9 4 12
9 4 15
9 4 21
9 4 23
9 4 32
9 4 33
9 4 34
9 4 44
9 4 53
9 4 54
9 4 62
9 4 71
9 4 73
9 17 6
9 17 27
9 17 35
9 17 36
9 17 37
9 17 38
9 17 45
9 17 47
9 17 48
9 17 55
9 17 56
9 17 64
9 17 65
9 17 66
9 17 67
9 17 69
9 17 74
9 17 75
9 17 76
9 17 77
9 17 78
9 17 79
9 17 85
9 17 87
9 17 88
9 17 93
9 17 97
9 17 99
--- Done ---
