0 4 77
0 4 79
0 35 78
0 35 87
0 35 88
0 35 89
0 35 97
0 35 98
1 4 22
1 4 27
1 4 29
1 4 38
1 4 39
1 4 44
1 4 49
1 4 52
1 4 58
1 4 63
1 4 65
1 4 66
1 4 67
1 4 71
1 4 72
1 4 75
1 4 78
1 4 83
1 4 84
1 4 85
1 4 87
1 4 91
1 4 92
1 4 93
1 35 8
1 35 11
1 35 14
1 35 15
1 35 16
1 35 17
1 35 18
1 35 19
1 35 24
1 35 25
1 35 28
1 35 33
1 35 34
1 35 36
1 35 37
1 35 45
1 35 48
1 35 50
1 35 57
1 35 74
1 35 97
1 35 98
2 4 3
2 4 4
2 4 10
2 4 13
2 4 23
2 4 24
2 4 29
2 4 33
2 4 41
2 4 48
2 4 49
2 4 53
2 4 54
2 4 61
2 4 66
2 4 69
2 4 92
2 35 0
2 35 2
2 35 6
2 35 12
2 35 19
2 35 22
2 35 30
2 35 32
2 35 35
2 35 37
2 35 42
2 35 43
2 35 44
2 35 45
2 35 47
2 35 51
2 35 58
2 35 63
2 35 68
2 35 72
2 35 74
2 35 78
2 35 80
2 35 81
2 35 86
2 35 88
2 35 93
2 35 94
2 35 98
3 4 1
3 4 9
3 4 10
3 4 14
3 4 18
3 4 21
3 4 25
3 4 32
3 4 45
3 4 46
3 4 47
3 4 50
3 4 55
3 4 56
3 4 57
3 4 58
3 4 62
3 4 63
3 4 64
3 4 66
3 4 69
3 4 77
3 4 79
3 35 19
3 35 24
3 35 36
3 35 37
3 35 52
3 35 54
3 35 59
3 35 61
3 35 67
3 35 68
3 35 72
3 35 74
3 35 80
3 35 84
3 35 86
3 35 87
3 35 91
3 35 94
3 35 96
3 35 98
3 35 99
4 4 5
4 4 10
4 4 17
4 4 22
4 4 24
4 4 27
4 4 29
4 4 40
4 4 44
4 4 47
4 4 48
4 4 51
4 4 55
4 4 60
4 4 62
4 4 63
4 4 69
4 4 72
4 4 79
4 4 82
4 4 84
4 4 89
4 4 91
4 4 92
4 35 2
4 35 8
4 35 9
4 35 11
4 35 20
4 35 23
4 35 25
4 35 26
4 35 34
4 35 35
4 35 36
4 35 39
4 35 49
4 35 59
4 35 65
4 35 67
4 35 74
4 35 81
4 35 87
4 35 88
4 35 94
4 35 96
5 4 1
5 4 4
5 4 5
5 4 17
5 4 21
5 4 22
5 4 23
5 4 37
5 4 38
5 4 53
5 4 56
5 4 58
5 4 60
5 4 65
5 4 71
5 4 78
5 4 79
5 4 82
5 4 89
5 4 95
5 35 0
5 35 2
5 35 12
5 35 27
5 35 29
5 35 34
5 35 36
5 35 39
5 35 40
5 35 42
5 35 46
5 35 54
5 35 57
5 35 63
5 35 70
5 35 72
5 35 74
5 35 84
5 35 86
5 35 87
5 35 90
5 35 91
5 35 94
5 35 96
5 35 98
5 35 99
6 4 0
6 4 1
6 4 4
6 4 16
6 4 19
6 4 30
6 4 38
6 4 47
6 4 53
6 4 54
6 4 55
6 4 56
6 4 63
6 4 65
6 4 69
6 4 82
6 4 89
6 4 90
6 35 12
6 35 14
6 35 15
6 35 20
6 35 25
6 35 27
6 35 29
6 35 34
6 35 37
6 35 39
6 35 41
6 35 42
6 35 49
6 35 51
6 35 57
6 35 62
6 35 67
6 35 76
6 35 78
6 35 80
6 35 81
6 35 88
6 35 96
6 35 97
6 35 98
7 4 3
7 4 4
7 4 5
7 4 11
7 4 13
7 4 19
7 4 20
7 4 22
7 4 26
7 4 29
7 4 31
7 4 32
7 4 39
7 4 44
7 4 45
7 4 48
7 4 51
7 4 52
7 4 62
7 4 66
7 4 69
7 4 70
7 4 76
7 4 78
7 4 79
7 35 0
7 35 2
7 35 6
7 35 7
7 35 9
7 35 14
7 35 15
7 35 21
7 35 25
7 35 34
7 35 36
7 35 37
7 35 40
7 35 43
7 35 47
7 35 58
7 35 59
7 35 60
7 35 61
7 35 65
7 35 68
7 35 74
7 35 84
7 35 86
7 35 87
7 35 97
8 4 3
8 4 4
8 4 9
8 4 22
8 4 26
8 4 33
8 4 39
8 4 48
8 4 53
8 4 56
8 4 58
8 4 63
8 4 66
8 4 67
8 4 70
8 4 71
8 4 75
8 4 76
8 4 79
8 4 82
8 4 92
8 35 2
8 35 7
8 35 11
8 35 15
8 35 16
8 35 21
8 35 23
8 35 27
8 35 28
8 35 30
8 35 31
8 35 37
8 35 42
8 35 43
8 35 45
8 35 47
8 35 50
8 35 60
8 35 61
8 35 69
8 35 77
8 35 78
8 35 81
8 35 91
8 35 98
9 4 3
9 4 6
9 4 11
9 4 38
9 4 45
9 4 47
9 4 53
9 4 54
9 4 55
9 4 56
9 4 64
9 4 65
9 4 66
9 4 67
9 4 69
9 4 71
9 4 73
9 4 75
9 4 76
9 4 77
9 4 78
9 4 79
9 4 85
9 4 87
9 35 12
9 35 15
9 35 21
9 35 23
9 35 27
9 35 32
9 35 33
9 35 34
9 35 35
9 35 36
9 35 37
9 35 44
9 35 48
9 35 62
9 35 74
9 35 88
9 35 93
9 35 97
9 35 99
--- Done ---
