0 4 77
0 4 78
0 4 79
0 4 87
0 4 89
0 13 88
0 13 97
0 13 98
1 4 8
1 4 14
1 4 19
1 4 22
1 4 25
1 4 27
1 4 29
1 4 44
1 4 48
1 4 50
1 4 66
1 4 75
1 4 84
1 4 93
1 13 11
1 13 15
1 13 16
1 13 17
1 13 18
1 13 24
1 13 28
1 13 33
1 13 34
1 13 36
1 13 37
1 13 38
1 13 39
1 13 45
1 13 49
1 13 52
1 13 57
1 13 58
1 13 63
1 13 65
1 13 67
1 13 71
1 13 72
1 13 74
1 13 78
1 13 83
1 13 85
1 13 87
1 13 91
1 13 92
1 13 97
1 13 98
2 4 0
2 4 2
2 4 3
2 4 4
2 4 6
2 4 13
2 4 19
2 4 22
2 4 24
2 4 29
2 4 30
2 4 33
2 4 37
2 4 41
2 4 42
2 4 43
2 4 47
2 4 49
2 4 53
2 4 58
2 4 66
2 4 69
2 4 93
2 45 10
2 45 12
2 45 23
2 45 32
2 45 35
2 45 44
2 45 45
2 45 48
2 45 51
2 45 54
2 45 61
2 45 63
2 45 68
2 45 72
2 45 74
2 45 78
2 45 80
2 45 81
2 45 86
2 45 88
2 45 92
2 45 94
2 45 98
3 4 1
3 4 9
3 4 18
3 4 19
3 4 21
3 4 25
3 4 32
3 4 36
3 4 37
3 4 47
3 4 52
3 4 54
3 4 55
3 4 62
3 4 64
3 4 66
3 4 67
3 4 69
3 4 72
3 4 77
3 4 79
3 4 84
3 4 91
3 45 14
3 45 24
3 45 45
3 45 46
3 45 50
3 45 56
3 45 57
3 45 58
3 45 59
3 45 61
3 45 63
3 45 68
3 45 74
3 45 80
3 45 86
3 45 87
3 45 94
3 45 96
3 45 98
3 45 99
4 4 8
4 4 9
4 4 22
4 4 25
4 4 29
4 4 34
4 4 44
4 4 48
4 4 49
4 4 51
4 4 55
4 4 62
4 4 65
4 4 69
4 4 72
4 4 79
4 4 82
4 4 89
4 35 2
4 35 5
4 35 10
4 35 11
4 35 17
4 35 20
4 35 23
4 35 24
4 35 26
4 35 27
4 35 35
4 35 36
4 35 39
4 35 40
4 35 47
4 35 59
4 35 60
4 35 63
4 35 67
4 35 74
4 35 81
4 35 84
4 35 87
4 35 88
4 35 91
4 35 92
4 35 94
4 35 96
5 4 0
5 4 1
5 4 2
5 4 4
5 4 12
5 4 29
5 4 36
5 4 38
5 4 53
5 4 54
5 4 56
5 4 57
5 4 58
5 4 63
5 4 71
5 4 79
5 4 82
5 4 84
5 4 87
5 4 90
5 4 91
5 4 95
5 35 5
5 35 17
5 35 21
5 35 22
5 35 23
5 35 27
5 35 34
5 35 37
5 35 39
5 35 40
5 35 42
5 35 46
5 35 60
5 35 65
5 35 70
5 35 72
5 35 74
5 35 78
5 35 86
5 35 89
5 35 94
5 35 96
5 35 98
5 35 99
6 4 0
6 4 1
6 4 4
6 4 14
6 4 27
6 4 29
6 4 30
6 4 37
6 4 47
6 4 49
6 4 53
6 4 54
6 4 55
6 4 56
6 4 63
6 4 65
6 4 67
6 4 69
6 4 76
6 4 89
6 4 90
6 35 12
6 35 15
6 35 16
6 35 19
6 35 20
6 35 25
6 35 34
6 35 38
6 35 39
6 35 41
6 35 42
6 35 51
6 35 57
6 35 62
6 35 78
6 35 80
6 35 81
6 35 82
6 35 88
6 35 96
6 35 97
6 35 98
7 4 0
7 4 4
7 4 9
7 4 14
7 4 19
7 4 22
7 4 25
7 4 31
7 4 34
7 4 36
7 4 39
7 4 40
7 4 43
7 4 48
7 4 51
7 4 52
7 4 58
7 4 61
7 4 62
7 4 65
7 4 66
7 4 76
7 4 78
7 4 79
7 4 87
7 32 2
7 32 3
7 32 5
7 32 6
7 32 7
7 32 11
7 32 13
7 32 15
7 32 20
7 32 21
7 32 26
7 32 29
7 32 32
7 32 37
7 32 44
7 32 45
7 32 47
7 32 59
7 32 60
7 32 68
7 32 69
7 32 70
7 32 74
7 32 84
7 32 86
7 32 97
8 4 3
8 4 4
8 4 9
8 4 26
8 4 27
8 4 28
8 4 33
8 4 37
8 4 39
8 4 47
8 4 50
8 4 56
8 4 58
8 4 61
8 4 66
8 4 67
8 4 69
8 4 70
8 4 71
8 4 75
8 4 76
8 4 82
8 4 91
8 32 2
8 32 7
8 32 11
8 32 15
8 32 16
8 32 21
8 32 22
8 32 23
8 32 30
8 32 31
8 32 42
8 32 43
8 32 45
8 32 48
8 32 53
8 32 60
8 32 63
8 32 77
8 32 78
8 32 79
8 32 81
8 32 92
8 32 98
9 4 21
9 4 32
9 4 33
9 4 37
9 4 44
9 4 45
9 4 48
9 4 53
9 4 55
9 4 56
9 4 65
9 4 66
9 4 67
9 4 71
9 4 73
9 4 75
9 4 85
9 4 87
9 4 93
9 18 3
9 18 6
9 18 11
9 18 12
9 18 15
9 18 23
9 18 27
9 18 34
9 18 35
9 18 36
9 18 38
9 18 47
9 18 54
9 18 62
9 18 64
9 18 69
9 18 74
9 18 76
9 18 77
9 18 78
9 18 79
9 18 88
9 18 97
9 18 99
--- Done ---
