0 86 77
0 86 78
0 86 79
0 86 87
0 86 88
0 86 89
0 86 97
0 86 98
1 4 8
1 4 11
1 4 14
1 4 15
1 4 16
1 4 17
1 4 18
1 4 19
1 4 22
1 4 24
1 4 25
1 4 27
1 4 28
1 4 29
1 4 33
1 4 34
1 65 36
1 65 37
1 65 38
1 65 39
1 65 44
1 65 45
1 65 48
1 65 49
1 65 50
1 65 52
1 65 57
1 65 58
1 65 63
1 65 65
1 65 66
1 65 67
1 65 71
1 65 72
1 65 74
1 65 75
1 65 83
1 65 91
1 86 78
1 86 84
1 86 85
1 86 87
1 86 92
1 86 93
1 86 97
1 86 98
2 4 0
2 4 2
2 4 3
2 4 4
2 4 6
2 4 10
2 4 12
2 4 13
2 4 19
2 4 22
2 4 23
2 4 24
2 4 29
2 4 30
2 4 32
2 4 33
2 65 35
2 65 37
2 65 41
2 65 42
2 65 43
2 65 44
2 65 45
2 65 47
2 65 48
2 65 49
2 65 51
2 65 53
2 65 54
2 65 58
2 65 61
2 65 63
2 65 66
2 65 72
2 65 74
2 65 80
2 65 81
2 86 68
2 86 69
2 86 78
2 86 86
2 86 88
2 86 92
2 86 93
2 86 94
2 86 98
3 4 1
3 4 9
3 4 10
3 4 14
3 4 18
3 4 19
3 4 21
3 4 24
3 4 25
3 4 32
3 65 36
3 65 37
3 65 45
3 65 46
3 65 47
3 65 50
3 65 52
3 65 54
3 65 55
3 65 56
3 65 57
3 65 58
3 65 59
3 65 61
3 65 62
3 65 63
3 65 64
3 65 66
3 65 67
3 65 72
3 65 74
3 65 80
3 65 91
3 86 68
3 86 69
3 86 77
3 86 79
3 86 84
3 86 86
3 86 87
3 86 94
3 86 96
3 86 98
3 86 99
4 4 2
4 4 5
4 4 8
4 4 9
4 4 10
4 4 11
4 4 17
4 4 20
4 4 22
4 4 23
4 4 24
4 4 25
4 4 26
4 4 27
4 4 29
4 4 34
4 65 35
4 65 36
4 65 39
4 65 40
4 65 44
4 65 47
4 65 48
4 65 49
4 65 51
4 65 55
4 65 59
4 65 60
4 65 62
4 65 63
4 65 65
4 65 67
4 65 72
4 65 74
4 65 81
4 65 82
4 65 91
4 86 69
4 86 79
4 86 84
4 86 87
4 86 88
4 86 89
4 86 92
4 86 94
4 86 96
5 4 0
5 4 1
5 4 2
5 4 4
5 4 5
5 4 12
5 4 17
5 4 21
5 4 22
5 4 23
5 4 27
5 4 29
5 4 34
5 65 36
5 65 37
5 65 38
5 65 39
5 65 40
5 65 42
5 65 46
5 65 53
5 65 54
5 65 56
5 65 57
5 65 58
5 65 60
5 65 63
5 65 65
5 65 70
5 65 71
5 65 72
5 65 74
5 65 82
5 65 90
5 65 91
5 86 78
5 86 79
5 86 84
5 86 86
5 86 87
5 86 89
5 86 94
5 86 95
5 86 96
5 86 98
5 86 99
6 4 0
6 4 1
6 4 4
6 4 12
6 4 14
6 4 15
6 4 16
6 4 19
6 4 20
6 4 25
6 4 27
6 4 29
6 4 30
6 4 34
6 65 37
6 65 38
6 65 39
6 65 41
6 65 42
6 65 47
6 65 49
6 65 51
6 65 53
6 65 54
6 65 55
6 65 56
6 65 57
6 65 62
6 65 63
6 65 65
6 65 67
6 65 80
6 65 81
6 65 82
6 65 90
6 86 69
6 86 76
6 86 78
6 86 88
6 86 89
6 86 96
6 86 97
6 86 98
7 4 0
7 4 2
7 4 3
7 4 4
7 4 5
7 4 6
7 4 7
7 4 9
7 4 11
7 4 13
7 4 14
7 4 15
7 4 19
7 4 20
7 4 21
7 4 22
7 4 25
7 4 26
7 4 29
7 4 31
7 4 32
7 4 34
7 65 36
7 65 37
7 65 39
7 65 40
7 65 43
7 65 44
7 65 45
7 65 47
7 65 48
7 65 51
7 65 52
7 65 58
7 65 59
7 65 60
7 65 61
7 65 62
7 65 65
7 65 66
7 65 70
7 65 74
7 86 68
7 86 69
7 86 76
7 86 78
7 86 79
7 86 84
7 86 86
7 86 87
7 86 97
8 4 2
8 4 3
8 4 4
8 4 7
8 4 9
8 4 11
8 4 15
8 4 16
8 4 21
8 4 22
8 4 23
8 4 26
8 4 27
8 4 28
8 4 30
8 4 31
8 4 33
8 65 37
8 65 39
8 65 42
8 65 43
8 65 45
8 65 47
8 65 48
8 65 50
8 65 53
8 65 56
8 65 58
8 65 60
8 65 61
8 65 63
8 65 66
8 65 67
8 65 70
8 65 71
8 65 75
8 65 81
8 65 82
8 65 91
8 86 69
8 86 76
8 86 77
8 86 78
8 86 79
8 86 92
8 86 98
9 4 3
9 4 6
9 4 11
9 4 12
9 4 15
9 4 21
9 4 23
9 4 27
9 4 32
9 4 33
9 4 34
9 65 35
9 65 36
9 65 37
9 65 38
9 65 44
9 65 45
9 65 47
9 65 48
9 65 53
9 65 54
9 65 55
9 65 56
9 65 62
9 65 64
9 65 65
9 65 66
9 65 67
9 65 71
9 65 73
9 65 74
9 65 75
9 86 69
9 86 76
9 86 77
9 86 78
9 86 79
9 86 85
9 86 87
9 86 88
9 86 93
9 86 97
9 86 99
--- Done ---
