0 1 21
0 1 22
0 1 23
0 1 31
0 1 32
0 1 33
1 1 0
1 1 1
1 1 5
1 1 7
1 1 13
1 1 30
1 1 36
1 1 39
1 1 45
1 1 56
1 1 58
1 1 59
1 1 61
1 1 63
1 1 70
1 1 74
1 1 80
1 1 93
1 1 95
1 24 3
1 24 10
1 24 12
1 24 14
1 24 15
1 24 16
1 24 17
1 24 22
1 24 23
1 24 24
1 24 26
1 24 28
1 24 41
1 24 50
1 24 51
1 24 53
1 24 55
1 24 57
1 24 60
1 24 62
1 24 66
1 24 68
1 24 75
1 24 77
1 24 81
1 24 83
1 24 87
1 24 92
1 24 97
2 1 1
2 1 7
2 1 11
2 1 13
2 1 25
2 1 26
2 1 35
2 1 36
2 1 39
2 1 43
2 1 50
2 1 51
2 1 54
2 1 58
2 1 61
2 1 65
2 1 74
2 1 77
2 1 80
2 1 82
2 1 84
2 1 86
2 1 93
2 1 95
2 24 5
2 24 9
2 24 16
2 24 17
2 24 18
2 24 19
2 24 24
2 24 32
2 24 46
2 24 49
2 24 55
2 24 56
2 24 63
2 24 67
2 24 71
2 24 76
2 24 78
2 24 79
2 24 81
2 24 87
2 24 94
2 24 97
3 1 2
3 1 13
3 1 30
3 1 32
3 1 35
3 1 54
3 1 65
3 1 70
3 1 74
3 1 80
3 1 84
3 1 85
3 24 0
3 24 14
3 24 15
3 24 16
3 24 18
3 24 21
3 24 22
3 24 24
3 24 31
3 24 33
3 24 38
3 24 39
3 24 40
3 24 42
3 24 45
3 24 46
3 24 53
3 24 55
3 24 57
3 24 58
3 24 61
3 24 63
3 24 66
3 24 67
3 24 68
3 24 76
3 24 83
3 24 92
3 24 95
3 24 96
4 1 0
4 1 1
4 1 4
4 1 6
4 1 7
4 1 8
4 1 17
4 1 24
4 1 39
4 1 50
4 1 58
4 1 61
4 1 65
4 1 80
4 1 82
4 1 93
4 1 94
4 1 95
4 33 3
4 33 5
4 33 12
4 33 15
4 33 16
4 33 19
4 33 21
4 33 31
4 33 34
4 33 38
4 33 41
4 33 43
4 33 45
4 33 46
4 33 47
4 33 60
4 33 69
4 33 70
4 33 71
4 33 73
4 33 75
4 33 77
4 33 86
4 33 88
4 33 89
4 33 96
4 33 97
4 33 98
4 33 99
5 1 2
5 1 5
5 1 10
5 1 21
5 1 22
5 1 25
5 1 31
5 1 34
5 1 35
5 1 40
5 1 41
5 1 43
5 1 47
5 1 48
5 1 49
5 1 56
5 1 58
5 1 59
5 1 63
5 1 70
5 1 80
5 1 84
5 33 3
5 33 14
5 33 15
5 33 18
5 33 28
5 33 30
5 33 39
5 33 44
5 33 45
5 33 46
5 33 53
5 33 57
5 33 60
5 33 61
5 33 67
5 33 69
5 33 72
5 33 76
5 33 78
5 33 85
5 33 88
5 33 96
5 33 97
6 1 6
6 1 7
6 1 17
6 1 27
6 1 35
6 1 38
6 1 40
6 1 42
6 1 43
6 1 45
6 1 48
6 1 63
6 1 74
6 1 80
6 1 84
6 1 90
6 33 9
6 33 10
6 33 16
6 33 22
6 33 23
6 33 24
6 33 28
6 33 29
6 33 33
6 33 36
6 33 39
6 33 46
6 33 47
6 33 51
6 33 52
6 33 55
6 33 56
6 33 61
6 33 62
6 33 64
6 33 65
6 33 66
6 33 73
6 33 75
6 33 78
6 33 81
6 33 83
6 33 88
6 33 89
6 33 94
7 1 3
7 1 4
7 1 14
7 1 21
7 1 39
7 1 42
7 1 48
7 1 51
7 1 54
7 1 60
7 1 62
7 1 63
7 1 86
7 1 94
7 1 95
7 33 8
7 33 11
7 33 13
7 33 15
7 33 16
7 33 17
7 33 19
7 33 25
7 33 26
7 33 29
7 33 32
7 33 33
7 33 36
7 33 37
7 33 41
7 33 49
7 33 52
7 33 56
7 33 64
7 33 67
7 33 69
7 33 72
7 33 73
7 33 75
7 33 76
7 33 78
7 33 79
7 33 83
7 33 93
7 33 96
7 33 97
7 33 99
8 1 7
8 1 10
8 1 17
8 1 18
8 1 21
8 1 22
8 1 25
8 1 35
8 1 36
8 1 37
8 1 39
8 1 42
8 1 43
8 1 49
8 1 74
8 1 84
8 33 5
8 33 9
8 33 11
8 33 12
8 33 13
8 33 14
8 33 15
8 33 20
8 33 29
8 33 31
8 33 32
8 33 33
8 33 34
8 33 38
8 33 41
8 33 44
8 33 51
8 33 53
8 33 54
8 33 55
8 33 61
8 33 63
8 33 67
8 33 72
8 33 73
8 33 77
8 33 80
8 33 83
9 1 0
9 1 1
9 1 3
9 1 12
9 1 14
9 1 26
9 1 31
9 1 40
9 1 42
9 1 50
9 1 54
9 1 77
9 1 82
9 1 91
9 1 93
9 1 95
9 32 8
9 32 11
9 32 15
9 32 16
9 32 23
9 32 24
9 32 27
9 32 28
9 32 29
9 32 33
9 32 36
9 32 37
9 32 38
9 32 41
9 32 51
9 32 52
9 32 55
9 32 57
9 32 58
9 32 64
9 32 67
9 32 71
9 32 72
9 32 73
9 32 75
9 32 76
9 32 78
9 32 79
9 32 81
9 32 92
9 32 99
--- Done ---
