0 1 21
0 1 22
0 1 23
0 1 31
0 1 32
0 1 33
1 1 0
1 1 1
1 1 3
1 1 5
1 1 10
1 1 12
1 1 13
1 1 14
1 1 15
1 1 16
1 1 22
1 1 23
1 1 24
1 1 30
1 1 36
1 1 39
1 1 41
1 1 50
1 1 51
1 1 59
1 1 61
1 1 62
1 1 63
1 1 70
1 1 95
1 56 7
1 56 17
1 56 26
1 56 28
1 56 45
1 56 55
1 56 56
1 56 57
1 56 58
1 56 66
1 56 74
1 56 80
1 56 92
1 56 97
1 65 53
1 65 60
1 65 68
1 65 75
1 65 77
1 65 81
1 65 83
1 65 87
1 65 93
2 1 1
2 1 5
2 1 11
2 1 13
2 1 16
2 1 18
2 1 24
2 1 25
2 1 35
2 1 36
2 1 39
2 1 43
2 1 50
2 1 51
2 1 61
2 1 63
2 1 82
2 1 86
2 1 95
2 56 7
2 56 9
2 56 17
2 56 26
2 56 46
2 56 49
2 56 54
2 56 55
2 56 56
2 56 58
2 56 67
2 56 71
2 56 74
2 56 77
2 56 78
2 56 93
2 56 97
2 65 19
2 65 32
2 65 65
2 65 76
2 65 79
2 65 80
2 65 81
2 65 84
2 65 87
2 65 94
3 1 0
3 1 2
3 1 13
3 1 14
3 1 15
3 1 16
3 1 18
3 1 21
3 1 22
3 1 24
3 1 30
3 1 31
3 1 32
3 1 33
3 1 35
3 1 39
3 1 40
3 1 42
3 1 63
3 1 70
3 1 95
3 56 45
3 56 53
3 56 54
3 56 55
3 56 57
3 56 58
3 56 61
3 56 66
3 56 67
3 56 68
3 56 92
3 65 38
3 65 46
3 65 65
3 65 74
3 65 76
3 65 80
3 65 83
3 65 84
3 65 85
3 65 93
3 65 96
4 1 0
4 1 1
4 1 3
4 1 4
4 1 5
4 1 6
4 1 8
4 1 12
4 1 15
4 1 16
4 1 21
4 1 24
4 1 31
4 1 34
4 1 39
4 1 41
4 1 43
4 1 47
4 1 50
4 1 61
4 1 70
4 1 82
4 1 86
4 1 95
4 56 7
4 56 19
4 56 38
4 56 45
4 56 46
4 56 58
4 56 69
4 56 73
4 56 77
4 56 88
4 56 98
4 65 17
4 65 60
4 65 65
4 65 71
4 65 75
4 65 80
4 65 89
4 65 93
4 65 94
4 65 96
4 65 97
4 65 99
5 1 2
5 1 3
5 1 5
5 1 10
5 1 14
5 1 15
5 1 18
5 1 21
5 1 22
5 1 25
5 1 30
5 1 31
5 1 34
5 1 35
5 1 39
5 1 40
5 1 41
5 1 43
5 1 44
5 1 47
5 1 48
5 1 59
5 1 61
5 1 63
5 1 70
5 56 28
5 56 45
5 56 46
5 56 49
5 56 53
5 56 56
5 56 57
5 56 60
5 56 67
5 56 69
5 56 76
5 56 80
5 56 84
5 56 88
5 56 96
5 65 58
5 65 72
5 65 78
5 65 85
5 65 97
6 1 2
6 1 6
6 1 10
6 1 16
6 1 22
6 1 23
6 1 24
6 1 33
6 1 35
6 1 36
6 1 39
6 1 40
6 1 42
6 1 43
6 1 47
6 1 48
6 1 51
6 1 52
6 1 62
6 1 63
6 56 7
6 56 9
6 56 27
6 56 29
6 56 38
6 56 45
6 56 46
6 56 55
6 56 56
6 56 61
6 56 66
6 56 73
6 56 75
6 56 80
6 56 81
6 56 84
6 65 17
6 65 28
6 65 64
6 65 65
6 65 74
6 65 78
6 65 83
6 65 88
6 65 89
6 65 90
6 65 94
7 1 3
7 1 4
7 1 8
7 1 11
7 1 13
7 1 14
7 1 15
7 1 16
7 1 21
7 1 25
7 1 32
7 1 33
7 1 36
7 1 37
7 1 39
7 1 41
7 1 42
7 1 48
7 1 51
7 1 52
7 1 62
7 1 63
7 1 86
7 1 95
7 56 17
7 56 19
7 56 26
7 56 29
7 56 49
7 56 54
7 56 56
7 56 64
7 56 67
7 56 72
7 56 73
7 56 78
7 56 79
7 65 60
7 65 69
7 65 75
7 65 76
7 65 83
7 65 93
7 65 94
7 65 96
7 65 97
7 65 99
8 1 5
8 1 10
8 1 11
8 1 12
8 1 13
8 1 14
8 1 15
8 1 18
8 1 20
8 1 21
8 1 22
8 1 25
8 1 31
8 1 32
8 1 33
8 1 34
8 1 35
8 1 36
8 1 37
8 1 39
8 1 41
8 1 42
8 1 43
8 1 44
8 1 51
8 1 61
8 1 63
8 56 7
8 56 9
8 56 17
8 56 29
8 56 38
8 56 49
8 56 54
8 56 55
8 56 67
8 56 72
8 56 73
8 56 74
8 56 77
8 56 80
8 56 84
8 65 53
8 65 83
9 1 0
9 1 1
9 1 3
9 1 8
9 1 11
9 1 12
9 1 14
9 1 15
9 1 16
9 1 23
9 1 24
9 1 31
9 1 33
9 1 36
9 1 37
9 1 40
9 1 41
9 1 42
9 1 50
9 1 51
9 1 52
9 1 82
9 1 95
9 56 26
9 56 29
9 56 38
9 56 54
9 56 57
9 56 58
9 56 64
9 56 67
9 56 72
9 56 73
9 56 76
9 56 77
9 56 78
9 56 81
9 56 92
9 56 93
9 65 27
9 65 28
9 65 55
9 65 71
9 65 75
9 65 79
9 65 91
9 65 99
--- Done ---
