0 1 21
0 1 22
0 1 23
0 1 31
0 1 32
0 1 33
1 1 0
1 1 1
1 1 3
1 1 5
1 1 7
1 1 10
1 1 12
1 1 13
1 1 14
1 1 15
1 1 16
1 1 17
1 1 22
1 1 23
1 1 24
1 1 26
1 1 30
1 1 36
1 1 39
1 1 45
1 1 50
1 1 51
1 1 56
1 1 58
1 1 59
1 1 60
1 1 61
1 1 62
1 1 63
1 1 70
1 1 74
1 1 77
1 1 80
1 1 93
1 1 95
1 35 28
1 35 41
1 35 53
1 35 55
1 35 57
1 35 66
1 35 68
1 35 75
1 35 81
1 35 83
1 35 87
1 35 92
1 35 97
2 1 1
2 1 5
2 1 7
2 1 11
2 1 13
2 1 16
2 1 18
2 1 24
2 1 25
2 1 32
2 1 36
2 1 43
2 1 50
2 1 51
2 1 54
2 1 56
2 1 58
2 1 61
2 1 63
2 1 65
2 1 71
2 1 74
2 1 77
2 1 80
2 1 82
2 1 84
2 1 86
2 1 93
2 1 94
2 1 95
2 35 9
2 35 17
2 35 19
2 35 26
2 35 35
2 35 39
2 35 46
2 35 49
2 35 55
2 35 67
2 35 76
2 35 78
2 35 79
2 35 81
2 35 87
2 35 97
3 1 0
3 1 2
3 1 13
3 1 14
3 1 15
3 1 16
3 1 18
3 1 21
3 1 22
3 1 24
3 1 30
3 1 31
3 1 32
3 1 38
3 1 39
3 1 42
3 1 54
3 1 58
3 1 63
3 1 65
3 1 70
3 1 74
3 1 80
3 1 93
3 1 95
3 35 33
3 35 35
3 35 40
3 35 45
3 35 46
3 35 53
3 35 55
3 35 57
3 35 61
3 35 66
3 35 67
3 35 68
3 35 76
3 35 83
3 35 84
3 35 85
3 35 92
3 35 96
4 1 0
4 1 1
4 1 3
4 1 4
4 1 5
4 1 6
4 1 7
4 1 8
4 1 12
4 1 15
4 1 16
4 1 17
4 1 21
4 1 24
4 1 31
4 1 34
4 1 38
4 1 39
4 1 43
4 1 45
4 1 47
4 1 50
4 1 60
4 1 61
4 1 65
4 1 70
4 1 71
4 1 77
4 1 80
4 1 82
4 1 86
4 1 93
4 1 94
4 1 95
4 35 19
4 35 41
4 35 58
4 35 69
4 35 88
4 35 98
4 76 46
4 76 73
4 76 75
4 76 89
4 76 96
4 76 97
4 76 99
5 1 2
5 1 3
5 1 5
5 1 10
5 1 14
5 1 15
5 1 18
5 1 21
5 1 22
5 1 25
5 1 30
5 1 31
5 1 34
5 1 39
5 1 41
5 1 43
5 1 44
5 1 45
5 1 47
5 1 48
5 1 49
5 1 56
5 1 58
5 1 59
5 1 60
5 1 61
5 1 63
5 1 70
5 1 80
5 1 84
5 1 85
5 35 35
5 35 46
5 35 57
5 35 67
5 35 69
5 35 72
5 35 78
5 35 96
5 35 97
5 76 28
5 76 40
5 76 53
5 76 76
5 76 88
6 1 2
6 1 6
6 1 7
6 1 10
6 1 16
6 1 17
6 1 23
6 1 24
6 1 27
6 1 29
6 1 33
6 1 36
6 1 38
6 1 39
6 1 40
6 1 42
6 1 43
6 1 45
6 1 47
6 1 48
6 1 51
6 1 52
6 1 56
6 1 61
6 1 62
6 1 63
6 1 65
6 1 74
6 1 80
6 1 84
6 1 90
6 1 94
6 35 35
6 35 46
6 35 55
6 35 64
6 35 66
6 35 75
6 35 83
6 35 88
6 76 9
6 76 22
6 76 28
6 76 73
6 76 78
6 76 81
6 76 89
7 1 3
7 1 4
7 1 8
7 1 11
7 1 13
7 1 14
7 1 15
7 1 16
7 1 17
7 1 21
7 1 25
7 1 26
7 1 29
7 1 32
7 1 33
7 1 36
7 1 37
7 1 41
7 1 42
7 1 48
7 1 49
7 1 51
7 1 52
7 1 54
7 1 60
7 1 62
7 1 86
7 1 93
7 1 94
7 1 95
7 35 39
7 35 56
7 35 67
7 35 72
7 76 19
7 76 63
7 76 64
7 76 69
7 76 73
7 76 75
7 76 76
7 76 78
7 76 79
7 76 83
7 76 96
7 76 97
7 76 99
8 1 5
8 1 7
8 1 10
8 1 11
8 1 12
8 1 13
8 1 14
8 1 15
8 1 17
8 1 18
8 1 20
8 1 21
8 1 22
8 1 25
8 1 29
8 1 31
8 1 32
8 1 34
8 1 36
8 1 37
8 1 38
8 1 39
8 1 41
8 1 42
8 1 44
8 1 49
8 1 51
8 1 54
8 1 61
8 1 63
8 1 74
8 1 77
8 1 80
8 1 84
8 35 35
8 35 55
8 35 73
8 35 83
8 76 9
8 76 33
8 76 43
8 76 53
8 76 67
8 76 72
9 1 0
9 1 1
9 1 3
9 1 8
9 1 11
9 1 12
9 1 14
9 1 15
9 1 16
9 1 23
9 1 24
9 1 26
9 1 27
9 1 29
9 1 33
9 1 36
9 1 37
9 1 38
9 1 40
9 1 41
9 1 42
9 1 50
9 1 52
9 1 54
9 1 58
9 1 71
9 1 77
9 1 93
9 1 95
9 35 51
9 35 55
9 35 91
9 76 28
9 76 31
9 76 57
9 76 64
9 76 67
9 76 72
9 76 73
9 76 75
9 76 76
9 76 78
9 76 79
9 76 81
9 76 82
9 76 92
9 76 99
--- Done ---
