0 1 31
0 5 21
0 5 22
0 5 23
0 5 32
0 5 33
1 1 0
1 1 1
1 1 3
1 1 10
1 1 12
1 1 13
1 1 14
1 1 15
1 1 22
1 1 23
1 1 24
1 1 30
1 1 41
1 1 50
1 1 51
1 1 61
1 5 5
1 5 7
1 5 16
1 5 17
1 5 26
1 5 36
1 66 28
1 66 39
1 66 45
1 66 53
1 66 57
1 66 58
1 66 59
1 66 62
1 66 63
1 66 66
1 66 70
1 66 75
1 66 77
1 66 83
1 66 92
1 66 93
1 66 97
1 82 55
1 82 56
1 82 60
1 82 68
1 82 74
1 82 80
1 82 81
1 82 87
1 82 95
2 1 1
2 1 11
2 1 13
2 1 24
2 1 35
2 1 50
2 1 51
2 1 61
2 5 5
2 5 7
2 5 9
2 5 16
2 5 17
2 5 18
2 5 19
2 5 25
2 5 26
2 5 32
2 5 36
2 5 39
2 5 43
2 5 46
2 5 49
2 5 54
2 5 56
2 66 55
2 66 58
2 66 65
2 66 76
2 66 77
2 66 78
2 66 79
2 66 86
2 66 93
2 66 94
2 66 97
2 82 63
2 82 67
2 82 71
2 82 74
2 82 80
2 82 81
2 82 82
2 82 84
2 82 87
2 82 95
3 1 0
3 1 2
3 1 13
3 1 14
3 1 15
3 1 21
3 1 22
3 1 24
3 1 35
3 1 40
3 1 61
3 5 16
3 5 30
3 5 32
3 5 33
3 5 39
3 66 18
3 66 38
3 66 42
3 66 45
3 66 46
3 66 53
3 66 54
3 66 57
3 66 58
3 66 63
3 66 65
3 66 66
3 66 67
3 66 68
3 66 70
3 66 74
3 66 76
3 66 83
3 66 84
3 66 85
3 66 92
3 66 93
3 66 95
3 66 96
3 82 31
3 82 55
3 82 80
4 1 0
4 1 1
4 1 3
4 1 4
4 1 12
4 1 15
4 1 21
4 1 24
4 1 39
4 1 50
4 1 61
4 5 5
4 5 6
4 5 7
4 5 8
4 5 16
4 5 17
4 5 19
4 5 34
4 5 38
4 5 43
4 5 45
4 5 46
4 5 47
4 66 69
4 66 73
4 66 77
4 66 86
4 66 88
4 66 89
4 66 95
4 66 96
4 66 97
4 66 98
4 66 99
4 82 31
4 82 41
4 82 58
4 82 60
4 82 65
4 82 70
4 82 71
4 82 75
4 82 80
4 82 82
4 82 93
4 82 94
5 1 2
5 1 3
5 1 10
5 1 14
5 1 15
5 1 21
5 1 22
5 1 30
5 1 31
5 1 35
5 1 40
5 1 41
5 1 61
5 5 5
5 5 25
5 5 34
5 5 43
5 5 44
5 5 45
5 5 46
5 5 47
5 5 49
5 66 18
5 66 28
5 66 39
5 66 48
5 66 53
5 66 56
5 66 57
5 66 58
5 66 59
5 66 69
5 66 70
5 66 76
5 66 78
5 66 84
5 66 85
5 66 88
5 66 96
5 66 97
5 82 60
5 82 63
5 82 67
5 82 72
5 82 80
6 1 2
6 1 10
6 1 22
6 1 23
6 1 24
6 1 35
6 1 43
6 1 51
6 5 6
6 5 9
6 5 16
6 5 27
6 5 33
6 5 36
6 5 38
6 66 7
6 66 17
6 66 28
6 66 29
6 66 39
6 66 42
6 66 45
6 66 46
6 66 47
6 66 48
6 66 66
6 66 78
6 66 88
6 66 89
6 82 40
6 82 52
6 82 55
6 82 56
6 82 61
6 82 62
6 82 63
6 82 64
6 82 65
6 82 73
6 82 74
6 82 75
6 82 80
6 82 81
6 82 83
6 82 84
6 82 90
6 82 94
7 1 3
7 1 4
7 1 11
7 1 13
7 1 14
7 1 15
7 1 21
7 1 32
7 1 39
7 1 51
7 5 8
7 5 16
7 5 19
7 5 33
7 5 36
7 5 37
7 5 49
7 66 17
7 66 25
7 66 26
7 66 29
7 66 42
7 66 48
7 66 52
7 66 56
7 66 60
7 66 62
7 66 64
7 66 67
7 66 69
7 66 73
7 66 76
7 66 78
7 66 79
7 66 86
7 66 93
7 66 94
7 66 96
7 66 97
7 66 99
7 82 41
7 82 54
7 82 63
7 82 72
7 82 75
7 82 83
7 82 95
8 1 10
8 1 11
8 1 12
8 1 13
8 1 14
8 1 15
8 1 20
8 1 21
8 1 22
8 1 34
8 1 35
8 1 39
8 1 41
8 1 51
8 1 61
8 5 5
8 5 9
8 5 17
8 5 25
8 5 32
8 5 33
8 5 36
8 5 37
8 5 43
8 5 44
8 5 49
8 66 7
8 66 18
8 66 29
8 66 38
8 66 53
8 66 77
8 82 31
8 82 42
8 82 54
8 82 55
8 82 63
8 82 67
8 82 72
8 82 73
8 82 74
8 82 80
8 82 83
8 82 84
9 1 0
9 1 1
9 1 3
9 1 11
9 1 12
9 1 14
9 1 15
9 1 23
9 1 24
9 1 31
9 1 40
9 1 41
9 1 50
9 5 8
9 5 16
9 5 33
9 5 36
9 5 38
9 66 26
9 66 27
9 66 28
9 66 29
9 66 37
9 66 55
9 66 57
9 66 67
9 66 75
9 66 77
9 66 78
9 66 79
9 66 99
9 82 42
9 82 51
9 82 52
9 82 54
9 82 58
9 82 64
9 82 71
9 82 72
9 82 73
9 82 76
9 82 81
9 82 82
9 82 91
9 82 92
9 82 93
9 82 95
--- Done ---
