0 64 54
0 64 55
0 64 64
0 64 65
0 64 75
1 18 7
1 18 8
1 18 9
1 18 24
1 18 27
1 18 28
1 18 29
1 18 49
1 25 2
1 25 4
1 25 5
1 25 14
1 25 25
1 25 45
1 25 48
1 25 58
1 30 0
1 30 10
1 30 12
1 30 22
1 30 30
1 30 31
1 30 41
1 30 42
1 30 50
1 30 60
1 64 11
1 64 36
1 64 43
1 64 44
1 64 62
1 64 63
1 64 65
1 64 66
1 64 71
1 64 72
1 64 74
1 64 82
1 76 37
1 76 67
1 76 79
1 76 88
1 76 89
1 76 93
1 76 96
1 76 98
2 18 7
2 18 8
2 18 17
2 18 29
2 18 49
2 18 69
2 25 2
2 25 13
2 25 14
2 25 23
2 25 25
2 25 33
2 25 45
2 25 47
2 30 10
2 30 20
2 30 30
2 30 31
2 30 40
2 30 50
2 64 6
2 64 11
2 64 32
2 64 43
2 64 44
2 64 46
2 64 52
2 64 53
2 64 54
2 64 62
2 64 63
2 64 65
2 64 66
2 64 72
2 64 75
2 64 78
2 64 82
2 64 87
2 76 56
2 76 88
2 76 89
2 76 98
3 15 13
3 15 14
3 15 15
3 15 19
3 15 26
3 18 29
3 30 0
3 30 31
3 30 40
3 30 50
3 30 54
3 64 11
3 64 32
3 64 34
3 64 35
3 64 42
3 64 45
3 64 46
3 64 52
3 64 55
3 64 63
3 64 65
3 64 66
3 64 71
3 64 72
3 64 73
3 64 78
3 64 81
3 64 82
3 64 83
3 64 86
3 64 87
3 64 92
3 64 95
3 64 96
3 76 25
3 76 47
3 76 56
3 76 67
3 76 68
3 76 74
3 76 76
3 76 88
3 76 94
4 12 1
4 12 10
4 12 12
4 12 21
4 12 22
4 12 24
4 12 25
4 12 30
4 12 40
4 15 7
4 15 15
4 15 26
4 15 54
4 49 29
4 49 37
4 49 46
4 49 47
4 49 48
4 49 56
4 49 58
4 49 59
4 49 67
4 49 69
4 49 79
4 49 89
4 64 6
4 64 34
4 64 35
4 64 45
4 64 51
4 64 52
4 64 53
4 64 57
4 64 63
4 64 64
4 64 71
4 64 72
4 64 73
4 64 74
4 64 76
4 64 77
4 64 78
4 64 82
4 64 83
4 64 85
4 64 86
4 92 90
4 92 94
5 12 0
5 12 2
5 12 10
5 12 12
5 12 23
5 12 26
5 12 31
5 12 40
5 12 41
5 12 44
5 15 3
5 15 4
5 15 8
5 15 19
5 15 27
5 15 56
5 49 37
5 49 47
5 49 49
5 49 57
5 49 58
5 49 59
5 49 67
5 49 89
5 64 11
5 64 34
5 64 35
5 64 42
5 64 51
5 64 53
5 64 55
5 64 66
5 64 72
5 64 75
5 64 76
5 64 81
5 64 84
5 64 85
5 64 87
5 64 96
5 92 70
5 92 91
5 92 92
5 92 94
6 21 12
6 21 13
6 21 20
6 21 21
6 21 30
6 21 31
6 21 41
6 21 51
6 27 5
6 27 7
6 27 8
6 27 25
6 27 28
6 27 29
6 27 37
6 27 38
6 27 45
6 27 47
6 27 63
6 64 11
6 64 32
6 64 34
6 64 35
6 64 36
6 64 44
6 64 46
6 64 52
6 64 57
6 64 61
6 64 66
6 64 73
6 64 77
6 64 81
6 64 83
6 64 84
6 64 96
6 68 48
6 68 67
6 68 68
6 68 79
6 68 88
6 68 99
6 72 50
6 72 60
6 72 70
6 72 72
6 72 80
6 72 91
6 72 93
7 21 0
7 21 13
7 21 20
7 21 22
7 21 24
7 21 41
7 27 8
7 27 16
7 27 17
7 27 25
7 27 27
7 27 48
7 64 6
7 64 11
7 64 32
7 64 34
7 64 36
7 64 42
7 64 53
7 64 55
7 64 57
7 64 61
7 64 62
7 64 65
7 64 73
7 64 76
7 64 77
7 64 83
7 64 85
7 64 92
7 64 96
7 68 37
7 68 47
7 68 49
7 68 56
7 68 59
7 68 67
7 68 88
7 68 89
7 68 97
7 68 98
7 72 72
7 72 74
7 72 80
8 14 0
8 14 3
8 14 4
8 14 5
8 14 12
8 14 14
8 14 23
8 14 24
8 14 26
8 14 27
8 14 33
8 29 7
8 29 9
8 29 19
8 29 25
8 29 38
8 64 32
8 64 35
8 64 36
8 64 43
8 64 44
8 64 51
8 64 53
8 64 54
8 64 56
8 64 57
8 64 62
8 64 71
8 64 73
8 64 75
8 64 76
8 64 81
8 64 82
8 64 86
8 64 87
8 64 92
8 64 95
8 64 96
8 68 77
8 68 79
8 68 88
8 68 89
8 72 40
8 72 91
9 6 1
9 6 4
9 6 8
9 6 13
9 6 16
9 6 17
9 6 24
9 6 25
9 6 33
9 14 2
9 14 22
9 14 32
9 29 26
9 29 29
9 29 47
9 29 49
9 29 59
9 29 69
9 29 79
9 64 34
9 64 36
9 64 45
9 64 46
9 64 52
9 64 53
9 64 55
9 64 57
9 64 61
9 64 62
9 64 63
9 64 66
9 64 73
9 64 74
9 64 76
9 64 77
9 64 78
9 64 83
9 64 87
9 70 50
9 70 60
9 70 70
9 70 82
9 70 90
9 70 91
--- Done ---
