0 57 75
0 64 53
0 64 54
0 64 64
0 64 65
1 14 14
1 14 34
1 14 5
1 14 13
1 14 23
1 17 18
1 21 10
1 57 58
1 57 69
1 57 47
1 57 75
1 61 50
1 61 71
1 64 53
1 64 54
1 64 73
1 64 85
1 64 52
1 64 55
1 64 63
1 64 64
1 64 65
1 97 77
1 97 99
2 14 1
2 14 2
2 14 14
2 14 11
2 14 23
2 14 24
2 17 6
2 17 7
2 17 18
2 17 36
2 17 4
2 17 16
2 17 17
2 17 25
2 17 26
2 17 28
2 17 29
2 21 10
2 21 20
2 21 31
2 21 40
2 49 49
2 57 69
2 57 89
2 57 38
2 57 59
2 57 66
2 57 64
2 57 75
2 61 61
2 64 53
2 64 54
2 64 51
2 64 63
2 64 65
2 92 93
2 92 83
2 92 72
2 92 80
2 92 81
2 92 82
2 92 92
2 92 94
2 92 95
2 97 78
3 14 0
3 14 1
3 14 2
3 14 34
3 14 3
3 14 11
3 14 12
3 14 22
3 14 24
3 14 42
3 17 6
3 17 7
3 17 8
3 17 9
3 17 18
3 17 19
3 17 4
3 17 5
3 17 16
3 17 28
3 17 46
3 21 30
3 21 43
3 49 49
3 57 69
3 57 89
3 57 38
3 57 55
3 57 58
3 57 59
3 57 75
3 57 87
3 57 48
3 57 76
3 57 68
3 61 50
3 61 60
3 61 61
3 61 70
3 61 71
3 61 31
3 61 40
3 61 41
3 61 51
3 61 80
3 61 81
3 61 91
3 61 72
3 64 54
3 64 65
3 64 83
3 64 64
3 92 90
3 92 93
3 92 92
3 92 94
3 92 95
3 97 98
3 97 99
4 14 0
4 14 1
4 14 2
4 14 14
4 14 15
4 14 3
4 14 11
4 14 12
4 14 13
4 14 23
4 14 24
4 14 25
4 14 27
4 14 33
4 14 37
4 17 6
4 17 7
4 17 8
4 17 9
4 17 36
4 17 45
4 17 5
4 17 26
4 17 46
4 21 20
4 21 21
4 21 32
4 21 43
4 21 31
4 21 40
4 21 41
4 49 39
4 57 67
4 57 69
4 57 89
4 57 38
4 57 55
4 57 57
4 57 58
4 57 59
4 57 65
4 57 66
4 57 75
4 57 79
4 61 50
4 61 60
4 61 61
4 61 80
4 61 81
4 61 91
4 64 53
4 64 54
4 64 85
4 64 52
4 64 62
4 64 63
4 64 73
4 64 78
4 64 64
4 64 76
4 64 83
4 64 72
4 64 82
4 64 95
4 92 90
4 92 92
4 97 77
4 97 88
4 97 96
4 97 97
4 97 98
4 97 99
4 97 87
4 97 94
5 14 0
5 14 2
5 14 15
5 14 34
5 14 4
5 14 5
5 14 16
5 17 6
5 17 7
5 17 36
5 17 45
5 17 8
5 17 9
5 17 18
5 17 27
5 17 46
5 17 47
5 17 26
5 17 37
5 17 48
5 17 17
5 17 29
5 19 19
5 21 20
5 21 21
5 21 32
5 21 43
5 21 11
5 21 12
5 21 13
5 21 22
5 21 23
5 21 31
5 21 40
5 21 41
5 21 42
5 49 39
5 49 49
5 49 79
5 49 38
5 57 56
5 57 69
5 57 89
5 57 58
5 57 59
5 57 65
5 57 66
5 61 50
5 61 60
5 61 61
5 61 70
5 61 71
5 61 81
5 61 72
5 61 82
5 61 91
5 64 44
5 64 53
5 64 54
5 64 74
5 64 85
5 64 51
5 64 52
5 64 55
5 64 62
5 64 63
5 64 64
5 64 73
5 64 76
5 64 78
5 64 83
5 92 90
5 92 93
5 92 84
5 92 92
5 97 77
5 97 88
5 97 96
5 97 97
5 97 98
5 97 99
5 97 75
5 97 68
5 97 86
5 97 94
5 97 95
6 14 0
6 14 1
6 14 2
6 14 14
6 14 15
6 14 34
6 14 35
6 14 3
6 14 4
6 14 5
6 14 11
6 14 12
6 14 13
6 14 16
6 14 23
6 14 24
6 14 25
6 14 27
6 14 33
6 17 6
6 17 7
6 17 36
6 17 45
6 17 9
6 17 18
6 17 46
6 17 47
6 17 17
6 17 26
6 17 28
6 17 29
6 17 48
6 19 19
6 21 10
6 21 20
6 21 32
6 21 43
6 21 31
6 21 42
6 21 40
6 21 41
6 49 49
6 57 56
6 57 69
6 57 58
6 57 59
6 57 79
6 57 87
6 57 38
6 57 68
6 61 60
6 61 71
6 64 44
6 64 53
6 64 54
6 64 85
6 64 51
6 64 52
6 64 55
6 64 62
6 64 63
6 64 66
6 64 73
6 64 78
6 64 84
6 64 64
6 64 76
6 64 82
6 64 95
6 92 90
6 92 93
6 97 77
6 97 88
6 97 96
6 97 99
6 97 75
6 97 94
7 14 0
7 14 1
7 14 14
7 14 15
7 14 34
7 14 3
7 14 4
7 14 5
7 14 11
7 14 12
7 14 13
7 14 22
7 14 23
7 14 24
7 14 27
7 14 33
7 14 42
7 17 6
7 17 7
7 17 36
7 17 45
7 17 8
7 17 46
7 17 47
7 17 28
7 19 19
7 21 10
7 21 32
7 49 49
7 57 56
7 57 67
7 57 69
7 57 89
7 57 57
7 57 58
7 57 59
7 57 66
7 57 75
7 57 79
7 57 26
7 57 38
7 57 48
7 57 68
7 61 50
7 61 61
7 61 70
7 61 71
7 61 31
7 61 40
7 61 41
7 61 51
7 61 52
7 61 62
7 61 63
7 61 80
7 61 91
7 61 72
7 61 82
7 64 44
7 64 53
7 64 74
7 64 85
7 64 55
7 64 73
7 64 78
7 64 83
7 64 86
7 64 64
7 64 95
7 92 90
7 92 92
7 97 77
7 97 88
7 97 96
7 97 97
7 97 98
7 97 94
8 14 0
8 14 14
8 14 15
8 14 34
8 14 35
8 14 5
8 14 11
8 14 13
8 14 16
8 14 22
8 14 24
8 14 42
8 14 37
8 17 17
8 19 9
8 19 18
8 21 10
8 21 21
8 21 30
8 21 32
8 21 43
8 21 40
8 21 41
8 49 -1
8 57 56
8 57 67
8 57 69
8 57 89
8 57 46
8 57 47
8 57 55
8 57 57
8 57 65
8 57 66
8 57 26
8 57 48
8 57 68
8 61 50
8 61 60
8 64 44
8 64 53
8 64 54
8 64 74
8 64 52
8 64 62
8 64 63
8 64 64
8 64 72
8 64 82
8 92 90
8 92 81
8 92 91
8 92 92
8 97 77
8 97 88
8 97 96
8 97 97
8 97 98
8 97 99
8 97 94
9 14 0
9 14 2
9 14 15
9 14 35
9 14 3
9 14 4
9 14 11
9 14 16
9 14 22
9 14 27
9 14 33
9 14 42
9 14 37
9 17 6
9 17 36
9 17 8
9 17 18
9 17 46
9 17 17
9 17 28
9 17 29
9 19 19
9 21 20
9 21 21
9 21 32
9 49 39
9 57 56
9 57 69
9 57 57
9 57 58
9 57 59
9 57 79
9 57 87
9 57 26
9 57 38
9 57 48
9 57 68
9 61 50
9 61 61
9 61 71
9 61 40
9 61 52
9 61 82
9 64 44
9 64 54
9 64 74
9 64 55
9 64 64
9 92 93
9 97 96
9 97 97
9 97 98
9 97 99
9 97 86
10 14 0
10 14 2
10 14 34
10 14 3
10 14 4
10 14 22
10 14 23
10 14 25
10 14 27
10 17 7
10 17 36
10 17 45
10 17 18
10 17 46
10 17 26
10 17 48
10 19 19
10 21 10
10 21 20
10 21 21
10 49 -1
10 57 56
10 57 67
10 57 57
10 57 75
10 61 61
10 64 44
10 64 53
10 64 51
10 64 63
10 64 78
10 64 86
10 92 90
10 92 81
10 92 92
10 97 97
11 14 34
11 14 4
11 14 13
11 14 16
11 17 45
11 19 -1
11 21 -1
11 49 -1
11 57 89
11 57 46
11 57 48
11 61 60
11 61 31
11 61 41
11 64 64
11 92 -1
11 97 99
--- Done ---
