0 60 -1
0 74 54
0 74 64
0 74 65
0 74 75
0 74 53
1 1 10
1 4 5
1 4 14
1 4 13
1 4 23
1 36 18
1 36 34
1 36 47
1 36 58
1 60 50
1 60 52
1 60 71
1 61 -1
1 74 64
1 74 65
1 74 73
1 74 75
1 74 85
1 74 54
1 74 55
1 74 53
1 74 63
1 88 69
1 88 77
1 88 99
2 1 10
2 1 20
2 1 1
2 1 2
2 1 11
2 4 6
2 4 14
2 4 4
2 4 16
2 4 23
2 4 24
2 4 25
2 4 17
2 36 7
2 36 18
2 36 36
2 36 53
2 47 28
2 47 29
2 47 59
2 47 26
2 47 38
2 47 49
2 47 66
2 60 -1
2 61 92
2 61 31
2 61 40
2 61 51
2 61 72
2 61 82
2 61 61
2 61 63
2 61 80
2 61 81
2 74 64
2 74 65
2 74 75
2 74 83
2 74 93
2 74 94
2 74 54
2 88 69
2 88 78
2 88 89
2 88 95
3 1 0
3 1 1
3 1 2
3 1 3
3 1 11
3 1 22
3 1 12
3 4 5
3 4 4
3 4 24
3 18 8
3 18 9
3 18 19
3 18 6
3 18 7
3 18 18
3 18 28
3 18 48
3 18 16
3 18 38
3 36 -1
3 43 30
3 43 34
3 43 31
3 43 43
3 47 59
3 47 46
3 47 49
3 47 58
3 60 81
3 60 60
3 61 61
3 62 90
3 62 92
3 62 40
3 62 50
3 62 51
3 62 64
3 62 70
3 62 71
3 62 80
3 62 41
3 62 42
3 62 54
3 62 55
3 74 65
3 74 75
3 74 93
3 74 94
3 74 76
3 74 83
3 74 91
3 74 72
3 88 68
3 88 69
3 88 87
3 88 89
3 88 95
3 88 98
3 88 99
4 1 0
4 1 20
4 1 21
4 1 1
4 1 2
4 1 3
4 1 11
4 1 13
4 1 23
4 1 12
4 4 5
4 4 14
4 4 15
4 4 25
4 4 24
4 18 8
4 18 9
4 18 39
4 18 6
4 18 7
4 18 27
4 18 26
4 18 37
4 18 38
4 36 36
4 43 32
4 43 33
4 43 31
4 43 43
4 43 55
4 47 59
4 47 45
4 47 46
4 47 58
4 60 81
4 60 40
4 60 50
4 60 60
4 60 80
4 60 41
4 60 52
4 60 63
4 60 53
4 61 61
4 62 90
4 62 92
4 62 62
4 74 65
4 74 75
4 74 85
4 74 94
4 74 66
4 74 73
4 74 76
4 74 83
4 74 91
4 74 64
4 74 72
4 74 82
4 74 54
4 88 69
4 88 77
4 88 78
4 88 79
4 88 87
4 88 88
4 88 89
4 88 95
4 88 96
4 88 97
4 88 98
4 88 99
4 88 67
4 88 57
5 1 0
5 1 20
5 1 21
5 1 2
5 1 11
5 1 13
5 1 22
5 1 23
5 1 12
5 4 5
5 4 4
5 4 15
5 18 8
5 18 9
5 18 19
5 18 39
5 18 6
5 18 7
5 18 18
5 18 27
5 18 29
5 18 48
5 18 16
5 18 26
5 18 37
5 18 38
5 18 17
5 36 36
5 43 32
5 43 34
5 43 64
5 43 74
5 43 31
5 43 43
5 43 44
5 43 54
5 43 55
5 43 41
5 43 42
5 43 52
5 43 53
5 47 59
5 47 45
5 47 46
5 47 47
5 47 49
5 47 58
5 47 66
5 60 81
5 60 60
5 61 91
5 61 72
5 61 82
5 61 92
5 61 40
5 61 50
5 61 51
5 61 61
5 61 63
5 61 70
5 61 71
5 62 90
5 62 73
5 62 62
5 74 65
5 74 75
5 74 84
5 74 85
5 74 93
5 74 94
5 74 83
5 88 68
5 88 69
5 88 77
5 88 78
5 88 79
5 88 88
5 88 89
5 88 95
5 88 96
5 88 97
5 88 98
5 88 99
5 88 76
5 88 86
5 88 56
6 1 0
6 1 20
6 1 1
6 1 2
6 1 3
6 1 10
6 1 11
6 1 13
6 1 23
6 1 12
6 4 5
6 4 14
6 4 4
6 4 6
6 4 15
6 4 25
6 4 24
6 18 9
6 18 19
6 18 7
6 18 18
6 18 27
6 18 28
6 18 29
6 18 48
6 18 16
6 18 26
6 18 38
6 18 17
6 36 36
6 43 32
6 43 33
6 43 34
6 43 31
6 43 43
6 43 44
6 43 64
6 43 41
6 43 42
6 43 52
6 43 54
6 43 55
6 43 53
6 47 59
6 47 45
6 47 46
6 47 47
6 47 49
6 47 58
6 47 66
6 47 35
6 60 60
6 61 -1
6 62 90
6 62 40
6 62 51
6 62 71
6 62 62
6 74 75
6 74 84
6 74 85
6 74 93
6 74 94
6 74 73
6 74 82
6 74 63
6 88 68
6 88 69
6 88 77
6 88 78
6 88 79
6 88 87
6 88 88
6 88 95
6 88 96
6 88 99
6 88 76
6 88 56
7 1 0
7 1 1
7 1 22
7 4 5
7 4 14
7 4 3
7 4 4
7 4 6
7 4 11
7 4 13
7 4 15
7 4 23
7 4 12
7 4 24
7 18 8
7 18 19
7 18 7
7 18 27
7 18 28
7 18 48
7 36 36
7 43 32
7 43 34
7 43 31
7 47 59
7 47 45
7 47 46
7 47 47
7 47 49
7 47 58
7 47 66
7 47 26
7 47 38
7 60 -1
7 61 61
7 62 90
7 62 10
7 62 33
7 62 73
7 62 83
7 62 92
7 62 40
7 62 44
7 62 50
7 62 51
7 62 64
7 62 70
7 62 71
7 62 72
7 62 80
7 62 82
7 62 41
7 62 42
7 62 52
7 62 55
7 62 62
7 62 63
7 74 75
7 74 85
7 74 94
7 74 91
7 74 74
7 74 53
7 88 68
7 88 69
7 88 77
7 88 78
7 88 79
7 88 88
7 88 89
7 88 95
7 88 96
7 88 97
7 88 98
7 88 67
7 88 86
7 88 56
7 88 57
8 1 0
8 1 21
8 1 10
8 1 11
8 1 13
8 1 22
8 4 5
8 4 14
8 4 15
8 4 24
8 18 9
8 18 18
8 18 48
8 18 16
8 18 26
8 18 37
8 18 17
8 36 46
8 43 30
8 43 32
8 43 34
8 43 35
8 43 43
8 43 44
8 43 64
8 43 41
8 43 42
8 43 52
8 43 54
8 43 55
8 43 53
8 47 47
8 60 81
8 60 60
8 61 -1
8 62 90
8 62 92
8 62 40
8 62 50
8 62 72
8 62 82
8 62 62
8 62 63
8 74 65
8 74 94
8 74 66
8 74 91
8 74 74
8 88 68
8 88 69
8 88 77
8 88 88
8 88 89
8 88 96
8 88 97
8 88 98
8 88 99
8 88 67
8 88 56
8 88 57
9 1 0
9 1 20
9 1 21
9 1 2
9 1 3
9 1 11
9 1 22
9 4 4
9 4 15
9 18 8
9 18 19
9 18 39
9 18 6
9 18 18
9 18 27
9 18 28
9 18 29
9 18 48
9 18 16
9 18 26
9 18 37
9 18 38
9 18 17
9 36 36
9 43 32
9 43 33
9 43 44
9 43 64
9 43 42
9 43 52
9 43 54
9 43 55
9 47 59
9 47 46
9 47 58
9 47 35
9 60 40
9 60 50
9 60 71
9 61 61
9 62 -1
9 74 93
9 74 74
9 74 82
9 88 68
9 88 69
9 88 79
9 88 87
9 88 96
9 88 97
9 88 98
9 88 99
9 88 86
9 88 56
9 88 57
10 1 0
10 1 20
10 1 21
10 1 2
10 1 3
10 1 10
10 1 22
10 1 23
10 4 4
10 4 25
10 18 19
10 18 7
10 18 18
10 18 27
10 18 48
10 18 26
10 36 34
10 36 45
10 36 46
10 36 67
10 36 36
10 36 44
10 36 57
10 36 53
10 43 -1
10 47 -1
10 60 81
10 61 61
10 62 90
10 62 92
10 62 51
10 62 63
10 74 75
10 88 78
10 88 97
10 88 86
10 88 56
11 1 -1
11 4 4
11 4 13
11 18 48
11 36 34
11 36 45
11 36 46
11 36 16
11 43 31
11 43 64
11 43 41
11 47 -1
11 60 60
11 61 -1
11 62 -1
11 74 -1
11 88 89
11 88 99
--- Done ---
