0 64 53
0 64 54
0 64 64
0 64 65
0 64 75
1 27 -1
1 32 -1
1 64 5
1 64 10
1 64 13
1 64 14
1 64 18
1 64 23
1 64 34
1 64 47
1 64 50
1 64 52
1 64 53
1 64 54
1 64 55
1 64 58
1 64 63
1 64 64
1 64 65
1 64 69
1 64 71
1 64 73
1 64 75
1 64 77
1 64 85
1 64 99
1 69 -1
2 27 7
2 27 14
2 27 16
2 27 17
2 27 18
2 27 25
2 27 26
2 27 28
2 27 29
2 27 36
2 27 38
2 32 1
2 32 2
2 32 4
2 32 10
2 32 11
2 32 20
2 32 23
2 32 24
2 32 31
2 32 40
2 54 -1
2 64 6
2 64 51
2 64 53
2 64 54
2 64 61
2 64 63
2 64 64
2 64 65
2 64 72
2 64 75
2 64 80
2 64 81
2 64 82
2 64 83
2 64 92
2 64 93
2 64 94
2 64 95
2 69 49
2 69 59
2 69 66
2 69 69
2 69 78
2 69 89
2 81 -1
3 7 -1
3 14 -1
3 27 5
3 27 7
3 27 8
3 27 9
3 27 16
3 27 18
3 27 19
3 27 28
3 27 38
3 27 48
3 32 0
3 32 1
3 32 2
3 32 3
3 32 4
3 32 11
3 32 12
3 32 22
3 32 24
3 32 30
3 32 31
3 32 40
3 32 41
3 32 42
3 32 46
3 32 50
3 54 34
3 54 43
3 54 51
3 54 54
3 54 55
3 54 61
3 54 76
3 64 6
3 64 64
3 64 65
3 64 83
3 64 95
3 69 49
3 69 58
3 69 59
3 69 68
3 69 69
3 69 87
3 69 89
3 69 98
3 69 99
3 81 60
3 81 70
3 81 71
3 81 72
3 81 75
3 81 80
3 81 81
3 81 90
3 81 91
3 81 92
3 81 93
3 81 94
4 7 6
4 7 7
4 7 8
4 7 9
4 14 0
4 14 1
4 14 2
4 14 3
4 14 5
4 14 13
4 14 14
4 14 15
4 14 24
4 27 25
4 27 26
4 27 27
4 27 36
4 27 37
4 27 38
4 27 39
4 32 11
4 32 12
4 32 20
4 32 21
4 32 23
4 32 31
4 32 32
4 32 33
4 32 40
4 32 41
4 32 46
4 32 50
4 54 43
4 54 45
4 54 52
4 54 54
4 54 55
4 54 61
4 54 76
4 54 96
4 64 53
4 64 62
4 64 63
4 64 64
4 64 65
4 64 73
4 64 83
4 64 85
4 64 95
4 69 57
4 69 58
4 69 59
4 69 66
4 69 67
4 69 69
4 69 77
4 69 78
4 69 79
4 69 87
4 69 88
4 69 89
4 69 97
4 69 98
4 69 99
4 81 60
4 81 72
4 81 75
4 81 80
4 81 81
4 81 82
4 81 90
4 81 91
4 81 92
4 81 94
5 7 6
5 7 7
5 7 8
5 7 9
5 7 16
5 7 17
5 7 18
5 7 19
5 7 29
5 12 -1
5 13 -1
5 14 0
5 14 2
5 14 4
5 14 5
5 14 13
5 14 15
5 14 34
5 26 -1
5 27 26
5 27 27
5 27 36
5 27 37
5 27 38
5 27 39
5 27 47
5 27 48
5 32 11
5 32 12
5 32 20
5 32 21
5 32 22
5 32 23
5 32 31
5 32 32
5 32 40
5 32 41
5 32 42
5 32 46
5 32 50
5 54 43
5 54 44
5 54 45
5 54 51
5 54 52
5 54 54
5 54 55
5 54 56
5 54 61
5 54 76
5 54 96
5 55 -1
5 64 53
5 64 62
5 64 63
5 64 64
5 64 65
5 64 73
5 64 74
5 64 83
5 64 84
5 64 85
5 64 86
5 64 95
5 69 49
5 69 58
5 69 59
5 69 66
5 69 68
5 69 69
5 69 77
5 69 78
5 69 79
5 69 88
5 69 89
5 69 97
5 69 98
5 69 99
5 81 60
5 81 70
5 81 71
5 81 72
5 81 75
5 81 81
5 81 82
5 81 90
5 81 91
5 81 92
5 81 93
5 81 94
5 83 -1
5 96 -1
5 98 -1
6 7 6
6 7 7
6 7 9
6 7 17
6 7 18
6 7 19
6 7 29
6 12 1
6 12 2
6 12 11
6 12 12
6 13 3
6 13 10
6 13 13
6 13 23
6 14 0
6 14 4
6 14 5
6 14 14
6 14 15
6 14 24
6 14 34
6 26 16
6 26 25
6 26 26
6 26 35
6 26 36
6 26 46
6 26 47
6 27 27
6 27 28
6 27 38
6 27 48
6 32 20
6 32 31
6 32 32
6 32 33
6 32 40
6 32 41
6 32 42
6 54 43
6 54 44
6 54 51
6 54 52
6 54 54
6 54 76
6 55 45
6 55 55
6 55 56
6 55 66
6 55 77
6 64 53
6 64 62
6 64 63
6 64 64
6 69 49
6 69 58
6 69 59
6 69 68
6 69 69
6 69 78
6 69 79
6 81 60
6 81 71
6 81 75
6 81 82
6 81 90
6 83 73
6 83 84
6 83 93
6 83 94
6 96 85
6 96 87
6 96 95
6 96 96
6 98 88
6 98 99
7 7 6
7 7 7
7 7 8
7 7 19
7 12 1
7 12 11
7 12 12
7 12 22
7 13 3
7 13 10
7 13 13
7 13 23
7 14 0
7 14 4
7 14 5
7 14 14
7 14 15
7 14 24
7 14 34
7 26 26
7 26 36
7 26 46
7 26 47
7 27 27
7 27 28
7 27 38
7 27 48
7 32 31
7 32 32
7 32 33
7 32 40
7 32 41
7 32 42
7 32 50
7 54 44
7 54 51
7 54 52
7 54 61
7 55 45
7 55 55
7 55 56
7 55 57
7 55 66
7 55 77
7 64 53
7 64 62
7 64 63
7 64 64
7 64 74
7 69 49
7 69 58
7 69 59
7 69 67
7 69 68
7 69 69
7 69 78
7 69 79
7 81 70
7 81 71
7 81 72
7 81 75
7 81 80
7 81 82
7 81 90
7 81 91
7 83 73
7 83 83
7 83 92
7 83 94
7 96 85
7 96 86
7 96 95
7 96 96
7 96 97
7 98 88
7 98 89
7 98 98
8 7 9
8 7 17
8 7 18
8 12 11
8 12 22
8 13 10
8 13 13
8 14 0
8 14 5
8 14 14
8 14 15
8 14 24
8 14 34
8 26 16
8 26 26
8 26 35
8 26 46
8 26 47
8 27 37
8 27 48
8 32 21
8 32 30
8 32 32
8 32 40
8 32 41
8 32 42
8 32 50
8 54 43
8 54 44
8 54 52
8 54 54
8 55 55
8 55 56
8 55 57
8 55 65
8 55 66
8 55 77
8 64 53
8 64 62
8 64 63
8 64 64
8 64 74
8 69 67
8 69 68
8 69 69
8 81 60
8 81 72
8 81 81
8 81 82
8 81 90
8 81 91
8 83 92
8 83 94
8 96 96
8 96 97
8 98 88
8 98 89
8 98 98
8 98 99
9 7 6
9 7 8
9 7 17
9 7 18
9 7 19
9 7 29
9 12 2
9 12 11
9 12 22
9 13 3
9 14 0
9 14 4
9 14 15
9 26 16
9 26 26
9 26 35
9 26 36
9 26 46
9 27 27
9 27 28
9 27 37
9 27 38
9 27 39
9 27 48
9 32 20
9 32 21
9 32 32
9 32 33
9 32 40
9 32 42
9 32 50
9 54 44
9 54 52
9 54 54
9 54 61
9 55 55
9 55 56
9 55 57
9 64 64
9 64 74
9 69 58
9 69 59
9 69 68
9 69 69
9 69 79
9 81 71
9 81 82
9 83 93
9 96 86
9 96 87
9 96 96
9 96 97
9 98 98
9 98 99
10 7 7
10 7 18
10 7 19
10 12 2
10 12 22
10 13 3
10 13 10
10 13 23
10 14 0
10 14 4
10 14 34
10 26 25
10 26 26
10 26 36
10 26 46
10 27 27
10 27 48
10 32 20
10 32 21
10 54 44
10 54 51
10 54 61
10 55 45
10 55 56
10 55 57
10 64 53
10 64 63
10 69 67
10 69 78
10 81 75
10 81 81
10 81 90
10 83 92
10 96 86
10 96 97
10 98 -1
11 7 -1
11 12 -1
11 13 13
11 14 4
11 14 34
11 26 16
11 26 46
11 27 48
11 32 31
11 32 41
11 54 -1
11 55 45
11 64 64
11 69 -1
11 81 60
11 83 -1
11 96 -1
11 98 89
11 98 99
--- Done ---
