0 64 53
0 64 54
0 64 64
0 64 65
0 64 75
1 64 5
1 64 10
1 64 13
1 64 14
1 64 18
1 64 23
1 64 34
1 64 47
1 64 50
1 64 52
1 64 53
1 64 54
1 64 55
1 64 58
1 64 63
1 64 64
1 64 65
1 64 69
1 64 71
1 64 73
1 64 75
1 64 77
1 64 85
1 64 99
2 64 1
2 64 2
2 64 4
2 64 6
2 64 7
2 64 10
2 64 11
2 64 14
2 64 16
2 64 17
2 64 18
2 64 20
2 64 23
2 64 24
2 64 25
2 64 26
2 64 28
2 64 29
2 64 31
2 64 36
2 64 38
2 64 40
2 64 49
2 64 51
2 64 53
2 64 54
2 64 59
2 64 61
2 64 63
2 64 64
2 64 65
2 64 66
2 64 69
2 64 72
2 64 75
2 64 78
2 64 80
2 64 81
2 64 82
2 64 83
2 64 89
2 64 92
2 64 93
2 64 94
2 64 95
3 64 0
3 64 1
3 64 2
3 64 3
3 64 4
3 64 5
3 64 6
3 64 7
3 64 8
3 64 9
3 64 11
3 64 12
3 64 16
3 64 18
3 64 19
3 64 22
3 64 24
3 64 28
3 64 30
3 64 31
3 64 34
3 64 38
3 64 40
3 64 41
3 64 42
3 64 43
3 64 46
3 64 48
3 64 49
3 64 50
3 64 51
3 64 54
3 64 55
3 64 58
3 64 59
3 64 60
3 64 61
3 64 64
3 64 65
3 64 68
3 64 69
3 64 70
3 64 71
3 64 72
3 64 75
3 64 76
3 64 80
3 64 81
3 64 83
3 64 87
3 64 89
3 64 90
3 64 91
3 64 92
3 64 93
3 64 94
3 64 95
3 64 98
3 64 99
4 64 0
4 64 1
4 64 2
4 64 3
4 64 5
4 64 6
4 64 7
4 64 8
4 64 9
4 64 11
4 64 12
4 64 13
4 64 14
4 64 15
4 64 20
4 64 21
4 64 23
4 64 24
4 64 25
4 64 26
4 64 27
4 64 31
4 64 32
4 64 33
4 64 36
4 64 37
4 64 38
4 64 39
4 64 40
4 64 41
4 64 43
4 64 45
4 64 46
4 64 50
4 64 52
4 64 53
4 64 54
4 64 55
4 64 57
4 64 58
4 64 59
4 64 60
4 64 61
4 64 62
4 64 63
4 64 64
4 64 65
4 64 66
4 64 67
4 64 69
4 64 72
4 64 73
4 64 75
4 64 76
4 64 77
4 64 78
4 64 79
4 64 80
4 64 81
4 64 82
4 64 83
4 64 85
4 64 87
4 64 88
4 64 89
4 64 90
4 64 91
4 64 92
4 64 94
4 64 95
4 64 96
4 64 97
4 64 98
4 64 99
5 64 0
5 64 2
5 64 4
5 64 5
5 64 6
5 64 7
5 64 8
5 64 9
5 64 11
5 64 12
5 64 13
5 64 15
5 64 16
5 64 17
5 64 18
5 64 19
5 64 20
5 64 21
5 64 22
5 64 23
5 64 26
5 64 27
5 64 29
5 64 31
5 64 32
5 64 34
5 64 36
5 64 37
5 64 38
5 64 39
5 64 40
5 64 41
5 64 42
5 64 43
5 64 44
5 64 45
5 64 46
5 64 47
5 64 48
5 64 49
5 64 50
5 64 51
5 64 52
5 64 53
5 64 54
5 64 55
5 64 56
5 64 58
5 64 59
5 64 60
5 64 61
5 64 62
5 64 63
5 64 64
5 64 65
5 64 66
5 64 68
5 64 69
5 64 70
5 64 71
5 64 72
5 64 73
5 64 74
5 64 75
5 64 76
5 64 77
5 64 78
5 64 79
5 64 81
5 64 82
5 64 83
5 64 84
5 64 85
5 64 86
5 64 88
5 64 89
5 64 90
5 64 91
5 64 92
5 64 93
5 64 94
5 64 95
5 64 96
5 64 97
5 64 98
5 64 99
6 64 0
6 64 1
6 64 2
6 64 3
6 64 4
6 64 5
6 64 6
6 64 7
6 64 9
6 64 10
6 64 11
6 64 12
6 64 13
6 64 14
6 64 15
6 64 16
6 64 17
6 64 18
6 64 19
6 64 20
6 64 23
6 64 24
6 64 25
6 64 26
6 64 27
6 64 28
6 64 29
6 64 31
6 64 32
6 64 33
6 64 34
6 64 35
6 64 36
6 64 38
6 64 40
6 64 41
6 64 42
6 64 43
6 64 44
6 64 45
6 64 46
6 64 47
6 64 48
6 64 49
6 64 51
6 64 52
6 64 53
6 64 54
6 64 55
6 64 56
6 64 58
6 64 59
6 64 60
6 64 62
6 64 63
6 64 64
6 64 66
6 64 68
6 64 69
6 64 71
6 64 73
6 64 75
6 64 76
6 64 77
6 64 78
6 64 79
6 64 82
6 64 84
6 64 85
6 64 87
6 64 88
6 64 90
6 64 93
6 64 94
6 64 95
6 64 96
6 64 99
7 64 0
7 64 1
7 64 3
7 64 4
7 64 5
7 64 6
7 64 7
7 64 8
7 64 10
7 64 11
7 64 12
7 64 13
7 64 14
7 64 15
7 64 19
7 64 22
7 64 23
7 64 24
7 64 26
7 64 27
7 64 28
7 64 31
7 64 32
7 64 33
7 64 34
7 64 36
7 64 38
7 64 40
7 64 41
7 64 42
7 64 44
7 64 45
7 64 46
7 64 47
7 64 48
7 64 49
7 64 50
7 64 51
7 64 52
7 64 53
7 64 55
7 64 56
7 64 57
7 64 58
7 64 59
7 64 61
7 64 62
7 64 63
7 64 64
7 64 66
7 64 67
7 64 68
7 64 69
7 64 70
7 64 71
7 64 72
7 64 73
7 64 74
7 64 75
7 64 77
7 64 78
7 64 79
7 64 80
7 64 82
7 64 83
7 64 85
7 64 86
7 64 88
7 64 89
7 64 90
7 64 91
7 64 92
7 64 94
7 64 95
7 64 96
7 64 97
7 64 98
8 64 0
8 64 5
8 64 9
8 64 10
8 64 11
8 64 13
8 64 14
8 64 15
8 64 16
8 64 17
8 64 18
8 64 21
8 64 22
8 64 24
8 64 26
8 64 30
8 64 32
8 64 34
8 64 35
8 64 37
8 64 40
8 64 41
8 64 42
8 64 43
8 64 44
8 64 46
8 64 47
8 64 48
8 64 50
8 64 52
8 64 53
8 64 54
8 64 55
8 64 56
8 64 57
8 64 60
8 64 62
8 64 63
8 64 64
8 64 65
8 64 66
8 64 67
8 64 68
8 64 69
8 64 72
8 64 74
8 64 77
8 64 81
8 64 82
8 64 88
8 64 89
8 64 90
8 64 91
8 64 92
8 64 94
8 64 96
8 64 97
8 64 98
8 64 99
9 64 0
9 64 2
9 64 3
9 64 4
9 64 6
9 64 8
9 64 11
9 64 15
9 64 16
9 64 17
9 64 18
9 64 19
9 64 20
9 64 21
9 64 22
9 64 26
9 64 27
9 64 28
9 64 29
9 64 32
9 64 33
9 64 35
9 64 36
9 64 37
9 64 38
9 64 39
9 64 40
9 64 42
9 64 44
9 64 46
9 64 48
9 64 50
9 64 52
9 64 54
9 64 55
9 64 56
9 64 57
9 64 58
9 64 59
9 64 61
9 64 64
9 64 68
9 64 69
9 64 71
9 64 74
9 64 79
9 64 82
9 64 86
9 64 87
9 64 93
9 64 96
9 64 97
9 64 98
9 64 99
10 64 0
10 64 2
10 64 3
10 64 4
10 64 7
10 64 10
10 64 18
10 64 19
10 64 20
10 64 21
10 64 22
10 64 23
10 64 25
10 64 26
10 64 27
10 64 34
10 64 36
10 64 44
10 64 45
10 64 46
10 64 48
10 64 51
10 64 53
10 64 56
10 64 57
10 64 61
10 64 63
10 64 67
10 64 75
10 64 78
10 64 81
10 64 86
10 64 90
10 64 92
10 64 97
11 64 4
11 64 13
11 64 16
11 64 31
11 64 34
11 64 41
11 64 45
11 64 46
11 64 48
11 64 60
11 64 64
11 64 89
11 64 99
--- Done ---
