0 64 53
0 64 54
0 64 64
0 64 65
0 64 75
1 64 5
1 64 10
1 64 13
1 64 14
1 64 18
1 64 23
1 64 34
1 64 47
1 64 50
1 64 52
1 64 53
1 64 54
1 64 55
1 64 58
1 64 63
1 64 64
1 64 69
1 64 71
1 64 73
1 64 75
1 64 77
1 64 85
1 64 99
2 64 1
2 64 2
2 64 4
2 64 6
2 64 7
2 64 10
2 64 11
2 64 14
2 64 16
2 64 17
2 64 18
2 64 20
2 64 23
2 64 24
2 64 25
2 64 26
2 64 28
2 64 29
2 64 31
2 64 36
2 64 38
2 64 40
2 64 49
2 64 51
2 64 53
2 64 54
2 64 59
2 64 61
2 64 66
3 64 0
3 64 1
3 64 2
3 64 3
3 64 4
3 64 5
3 64 6
3 64 7
3 64 8
3 64 9
3 64 11
3 64 12
3 64 16
3 64 18
3 64 19
3 64 22
3 64 24
3 64 28
3 64 30
3 64 31
3 64 34
3 64 38
3 64 40
3 64 41
3 64 42
4 64 0
4 64 1
4 64 2
4 64 3
4 64 5
4 64 6
4 64 7
4 64 8
4 64 9
4 64 11
4 64 12
4 64 13
4 64 14
4 64 15
4 64 20
4 64 21
4 64 23
4 64 24
4 64 25
4 64 26
4 64 27
5 64 0
5 64 2
5 64 4
5 64 5
5 64 6
5 64 7
5 64 8
5 64 9
5 64 11
5 64 12
5 64 13
5 64 15
5 64 16
5 64 17
5 64 18
5 64 19
5 64 20
5 64 21
5 64 22
5 64 23
6 64 0
6 64 1
6 64 2
6 64 3
6 64 4
6 64 5
6 64 6
6 64 7
6 64 9
6 64 10
6 64 11
6 64 12
6 64 13
6 64 14
6 64 15
6 64 16
6 64 17
6 64 18
6 64 19
6 64 20
7 64 0
7 64 1
7 64 3
7 64 4
7 64 5
7 64 6
7 64 7
7 64 8
7 64 10
7 64 11
7 64 12
7 64 13
7 64 14
7 64 15
7 64 19
7 64 22
7 64 23
7 64 24
7 64 26
7 64 27
7 64 28
7 64 31
8 64 0
8 64 5
8 64 9
8 64 10
8 64 11
8 64 13
8 64 14
8 64 15
8 64 16
8 64 17
8 64 18
8 64 21
8 64 22
8 64 24
8 64 26
8 64 30
8 64 32
8 64 34
8 64 35
8 64 37
8 64 40
8 64 41
8 64 42
8 64 43
9 64 0
9 64 2
9 64 3
9 64 4
9 64 6
9 64 8
9 64 11
9 64 15
9 64 16
9 64 17
9 64 18
9 64 19
9 64 20
9 64 21
9 64 22
9 64 26
9 64 27
9 64 28
9 64 29
9 64 32
9 64 33
9 64 35
9 64 36
9 64 37
9 64 38
9 64 39
9 64 40
9 64 42
10 64 0
10 64 2
10 64 3
10 64 4
10 64 7
10 64 10
10 64 18
10 64 19
10 64 20
10 64 21
10 64 22
10 64 23
10 64 25
10 64 26
10 64 27
10 64 34
10 64 36
10 64 44
10 64 45
10 64 46
10 64 48
10 64 51
10 64 53
10 64 56
10 64 57
10 64 61
10 64 63
10 64 67
10 64 75
10 64 81
11 64 4
11 64 13
11 64 16
11 64 31
11 64 34
11 64 41
11 64 45
11 64 46
11 64 48
11 64 60
11 64 64
11 64 89
11 64 99
--- Done ---
