0 64 53
0 64 54
0 64 64
0 64 65
0 64 75
1 34 5
1 34 10
1 34 13
1 34 14
1 34 18
1 34 34
1 34 53
1 34 58
1 64 23
1 64 47
1 64 50
1 64 52
1 64 54
1 64 55
1 64 63
1 64 64
1 64 65
1 64 69
1 64 71
1 64 73
1 64 75
1 64 77
1 64 85
1 67 99
2 34 1
2 34 2
2 34 7
2 34 14
2 34 16
2 34 18
2 34 28
2 34 36
2 34 40
2 34 53
2 42 4
2 42 10
2 42 11
2 42 17
2 42 20
2 42 23
2 42 24
2 42 25
2 42 31
2 42 61
2 42 63
2 42 66
2 42 75
2 42 81
2 64 6
2 64 26
2 64 49
2 64 51
2 64 54
2 64 64
2 64 65
2 64 69
2 64 72
2 64 78
2 64 80
2 64 82
2 64 83
2 64 89
2 64 92
2 64 93
2 64 94
2 64 95
2 67 29
2 67 38
2 67 59
3 34 1
3 34 2
3 34 7
3 34 8
3 34 9
3 34 16
3 34 18
3 34 28
3 34 34
3 34 41
3 34 58
3 34 75
3 34 76
3 34 93
3 42 0
3 42 3
3 42 4
3 42 5
3 42 11
3 42 12
3 42 24
3 42 30
3 42 42
3 42 46
3 42 50
3 42 54
3 42 60
3 42 61
3 42 70
3 42 71
3 42 81
3 42 91
3 64 6
3 64 22
3 64 31
3 64 40
3 64 43
3 64 49
3 64 51
3 64 64
3 64 68
3 64 80
3 64 83
3 64 87
3 64 89
3 64 90
3 64 92
3 64 94
3 64 95
3 67 19
3 67 38
3 67 48
3 67 55
3 67 59
3 67 65
3 67 69
3 67 72
3 67 98
3 67 99
4 34 0
4 34 1
4 34 2
4 34 5
4 34 7
4 34 8
4 34 9
4 34 14
4 34 15
4 34 20
4 34 23
4 34 24
4 34 26
4 34 27
4 34 31
4 34 37
4 34 40
4 34 43
4 34 46
4 34 50
4 34 52
4 34 54
4 34 58
4 34 60
4 34 66
4 34 72
4 34 75
4 34 85
4 42 11
4 42 12
4 42 13
4 42 21
4 42 32
4 42 33
4 42 41
4 42 45
4 42 55
4 42 57
4 42 61
4 42 81
4 42 82
4 42 91
4 64 3
4 64 6
4 64 25
4 64 53
4 64 62
4 64 63
4 64 64
4 64 65
4 64 73
4 64 76
4 64 78
4 64 80
4 64 83
4 64 87
4 64 89
4 64 90
4 64 92
4 64 94
4 64 95
4 64 96
4 64 97
4 67 36
4 67 38
4 67 39
4 67 59
4 67 67
4 67 69
4 67 77
4 67 79
4 67 88
4 67 98
4 67 99
5 34 2
5 34 4
5 34 5
5 34 8
5 34 9
5 34 15
5 34 16
5 34 18
5 34 20
5 34 26
5 34 29
5 34 31
5 34 34
5 34 36
5 34 40
5 34 43
5 34 44
5 34 45
5 34 46
5 34 47
5 34 50
5 34 51
5 34 60
5 34 61
5 34 68
5 34 77
5 34 85
5 34 93
5 42 0
5 42 12
5 42 13
5 42 17
5 42 21
5 42 32
5 42 41
5 42 42
5 42 54
5 42 55
5 42 62
5 42 63
5 42 66
5 42 70
5 42 71
5 42 72
5 42 73
5 42 75
5 42 81
5 42 82
5 42 84
5 42 91
5 64 6
5 64 11
5 64 22
5 64 37
5 64 49
5 64 64
5 64 65
5 64 69
5 64 76
5 64 83
5 64 86
5 64 89
5 64 90
5 64 94
5 64 95
5 64 96
5 67 7
5 67 19
5 67 23
5 67 27
5 67 38
5 67 39
5 67 48
5 67 52
5 67 53
5 67 56
5 67 58
5 67 59
5 67 74
5 67 78
5 67 79
5 67 88
5 67 92
5 67 97
5 67 98
5 67 99
6 34 0
6 34 1
6 34 2
6 34 7
6 34 9
6 34 10
6 34 13
6 34 14
6 34 15
6 34 16
6 34 20
6 34 27
6 34 28
6 34 29
6 34 31
6 34 34
6 34 41
6 34 48
6 34 55
6 34 63
6 34 85
6 42 5
6 42 12
6 42 17
6 42 24
6 42 25
6 42 26
6 42 32
6 42 42
6 42 46
6 42 52
6 42 56
6 42 60
6 64 3
6 64 6
6 64 11
6 64 23
6 64 33
6 64 35
6 64 36
6 64 40
6 64 43
6 64 44
6 64 45
6 64 47
6 64 49
6 64 51
6 64 53
6 64 54
6 64 62
6 64 64
6 64 66
6 64 68
6 64 69
6 64 71
6 64 73
6 64 75
6 64 76
6 64 78
6 64 82
6 64 84
6 64 87
6 64 90
6 64 93
6 64 94
6 64 95
6 64 96
6 67 4
6 67 18
6 67 19
6 67 38
6 67 58
6 67 59
6 67 77
6 67 79
6 67 88
6 67 99
7 34 1
7 34 5
7 34 7
7 34 8
7 34 10
7 34 14
7 34 15
7 34 24
7 34 28
7 34 31
7 34 34
7 34 44
7 34 51
7 34 58
7 42 0
7 42 4
7 42 11
7 42 12
7 42 13
7 42 41
7 42 42
7 42 50
7 42 53
7 42 57
7 42 66
7 42 70
7 42 71
7 42 75
7 42 91
7 64 3
7 64 6
7 64 22
7 64 23
7 64 26
7 64 32
7 64 33
7 64 36
7 64 40
7 64 45
7 64 46
7 64 47
7 64 49
7 64 52
7 64 55
7 64 56
7 64 61
7 64 62
7 64 63
7 64 64
7 64 68
7 64 69
7 64 72
7 64 73
7 64 74
7 64 77
7 64 80
7 64 82
7 64 83
7 64 86
7 64 89
7 64 90
7 64 92
7 64 94
7 64 95
7 64 96
7 64 97
7 67 19
7 67 27
7 67 38
7 67 48
7 67 59
7 67 67
7 67 78
7 67 79
7 67 85
7 67 88
7 67 98
8 34 9
8 34 13
8 34 14
8 34 15
8 34 16
8 34 18
8 34 24
8 34 34
8 34 55
8 42 0
8 42 5
8 42 10
8 42 17
8 42 21
8 42 30
8 42 41
8 42 42
8 42 54
8 42 60
8 42 63
8 42 82
8 42 91
8 64 11
8 64 22
8 64 26
8 64 32
8 64 35
8 64 37
8 64 40
8 64 43
8 64 44
8 64 46
8 64 47
8 64 50
8 64 52
8 64 53
8 64 56
8 64 57
8 64 62
8 64 64
8 64 65
8 64 66
8 64 68
8 64 72
8 64 74
8 64 81
8 64 89
8 64 90
8 64 92
8 64 94
8 64 96
8 64 97
8 67 48
8 67 67
8 67 69
8 67 77
8 67 88
8 67 98
8 67 99
9 34 0
9 34 2
9 34 3
9 34 4
9 34 8
9 34 15
9 34 16
9 34 20
9 34 21
9 34 27
9 34 28
9 34 29
9 34 48
9 34 58
9 42 17
9 42 42
9 64 6
9 64 11
9 64 22
9 64 26
9 64 32
9 64 33
9 64 35
9 64 36
9 64 37
9 64 40
9 64 44
9 64 46
9 64 50
9 64 52
9 64 54
9 64 55
9 64 56
9 64 57
9 64 61
9 64 64
9 64 68
9 64 69
9 64 71
9 64 74
9 64 82
9 64 86
9 64 87
9 64 93
9 64 96
9 64 97
9 67 18
9 67 19
9 67 38
9 67 39
9 67 59
9 67 79
9 67 98
9 67 99
10 34 0
10 34 2
10 34 3
10 34 4
10 34 10
10 34 18
10 34 20
10 34 21
10 34 25
10 34 27
10 34 34
10 34 36
10 34 45
10 34 46
10 34 48
10 34 51
10 34 53
10 42 -1
10 64 7
10 64 22
10 64 23
10 64 26
10 64 44
10 64 56
10 64 57
10 64 61
10 64 63
10 64 75
10 64 78
10 64 81
10 64 86
10 64 90
10 64 92
10 64 97
10 67 19
10 67 67
11 34 13
11 34 16
11 34 34
11 34 41
11 34 46
11 34 60
11 42 4
11 64 31
11 64 45
11 64 64
11 64 89
11 67 48
11 67 99
--- Done ---
