0 64 54
0 64 55
0 64 64
0 64 65
0 72 75
1 14 2
1 14 4
1 14 5
1 14 12
1 14 14
1 14 22
1 14 24
1 14 25
1 14 37
1 14 42
1 17 7
1 17 8
1 17 9
1 17 27
1 17 28
1 17 29
1 17 36
1 30 0
1 30 10
1 30 11
1 30 30
1 30 31
1 30 41
1 30 50
1 47 43
1 47 45
1 47 48
1 47 49
1 47 58
1 64 44
1 64 62
1 64 63
1 64 65
1 64 66
1 64 74
1 64 82
1 72 60
1 72 71
1 72 72
1 72 93
1 88 67
1 88 79
1 88 88
1 88 89
1 88 96
1 88 98
2 14 2
2 14 11
2 14 13
2 14 14
2 14 23
2 14 33
2 17 6
2 17 7
2 17 8
2 17 17
2 17 25
2 17 29
2 30 10
2 30 20
2 30 30
2 30 31
2 30 32
2 30 40
2 30 50
2 47 43
2 47 45
2 47 46
2 47 47
2 47 49
2 64 44
2 64 52
2 64 53
2 64 54
2 64 62
2 64 63
2 64 65
2 64 66
2 64 78
2 64 82
2 72 72
2 72 75
2 88 56
2 88 69
2 88 87
2 88 88
2 88 89
2 88 98
3 14 13
3 14 14
3 14 15
3 14 25
3 14 34
3 14 42
3 17 19
3 17 29
3 17 45
3 17 46
3 30 0
3 30 11
3 30 31
3 30 32
3 30 40
3 30 50
3 47 26
3 47 35
3 47 47
3 64 52
3 64 54
3 64 55
3 64 63
3 64 65
3 64 66
3 64 73
3 64 74
3 64 76
3 64 78
3 64 82
3 64 83
3 64 86
3 64 95
3 72 71
3 72 72
3 72 81
3 72 92
3 72 94
3 88 56
3 88 67
3 88 68
3 88 87
3 88 88
3 88 96
4 14 1
4 14 15
4 14 24
4 14 34
4 14 35
4 17 6
4 17 7
4 17 25
4 17 26
4 17 37
4 17 45
4 17 48
4 30 10
4 30 12
4 30 21
4 30 22
4 30 30
4 47 29
4 47 46
4 47 47
4 47 56
4 47 58
4 47 59
4 64 51
4 64 52
4 64 53
4 64 54
4 64 63
4 64 64
4 64 73
4 64 74
4 64 76
4 64 78
4 64 83
4 64 85
4 64 86
4 72 40
4 72 71
4 72 72
4 82 82
4 82 90
4 82 94
4 88 57
4 88 67
4 88 69
4 88 77
4 88 79
4 88 89
5 14 0
5 14 2
5 14 3
5 14 11
5 14 23
5 14 34
5 14 37
5 14 42
5 17 4
5 17 8
5 17 19
5 17 26
5 17 27
5 30 10
5 30 12
5 30 31
5 30 40
5 47 35
5 47 47
5 47 49
5 47 58
5 47 59
5 64 44
5 64 51
5 64 53
5 64 55
5 64 66
5 64 76
5 64 84
5 64 85
5 72 70
5 72 72
5 72 75
5 72 81
5 82 41
5 82 91
5 82 92
5 82 94
5 88 56
5 88 57
5 88 67
5 88 87
5 88 89
5 88 96
6 14 11
6 14 12
6 14 13
6 14 34
6 14 37
6 17 5
6 17 7
6 17 8
6 17 25
6 17 28
6 17 29
6 17 36
6 30 20
6 30 21
6 30 30
6 30 31
6 30 32
6 30 41
6 30 50
6 47 35
6 47 38
6 47 45
6 47 46
6 47 47
6 47 48
6 64 44
6 64 51
6 64 52
6 64 63
6 64 66
6 64 73
6 64 83
6 64 84
6 72 60
6 72 61
6 72 70
6 72 72
6 72 80
6 72 81
6 72 93
6 82 91
6 88 57
6 88 67
6 88 68
6 88 77
6 88 79
6 88 88
6 88 96
6 88 99
7 14 0
7 14 11
7 14 13
7 14 22
7 14 24
7 14 25
7 14 34
7 14 42
7 17 6
7 17 8
7 17 16
7 17 17
7 17 27
7 17 36
7 17 37
7 30 20
7 30 32
7 30 41
7 47 47
7 47 48
7 47 49
7 47 59
7 64 53
7 64 55
7 64 62
7 64 65
7 64 73
7 64 74
7 64 76
7 64 83
7 64 85
7 72 61
7 72 72
7 72 80
7 72 92
7 88 56
7 88 57
7 88 67
7 88 77
7 88 88
7 88 89
7 88 96
7 88 97
7 88 98
8 14 0
8 14 3
8 14 4
8 14 12
8 14 14
8 14 23
8 14 24
8 14 25
8 14 33
8 14 35
8 17 5
8 17 7
8 17 9
8 17 19
8 17 26
8 17 27
8 17 36
8 30 32
8 30 40
8 47 38
8 47 43
8 47 56
8 64 44
8 64 51
8 64 53
8 64 54
8 64 62
8 64 73
8 64 76
8 64 86
8 64 95
8 72 71
8 72 75
8 72 81
8 72 92
8 82 82
8 82 91
8 88 57
8 88 77
8 88 79
8 88 87
8 88 88
8 88 89
8 88 96
9 14 1
9 14 2
9 14 4
9 14 13
9 14 16
9 14 22
9 14 24
9 14 33
9 14 34
9 17 8
9 17 17
9 17 25
9 17 26
9 17 29
9 17 45
9 17 46
9 30 32
9 30 50
9 47 36
9 47 47
9 47 49
9 47 59
9 64 52
9 64 53
9 64 55
9 64 62
9 64 63
9 64 66
9 64 73
9 64 74
9 64 76
9 64 78
9 64 83
9 72 60
9 72 61
9 72 70
9 82 82
9 82 90
9 82 91
9 88 57
9 88 69
9 88 77
9 88 79
9 88 87
--- Done ---
