0 64 53
0 64 54
0 64 64
0 64 65
0 64 75
1 33 5
1 33 10
1 33 13
1 33 14
1 33 34
1 64 50
1 64 64
1 64 73
1 64 75
1 64 23
1 64 53
1 64 54
1 64 55
1 64 65
1 64 71
1 64 77
1 64 85
1 67 18
1 67 58
1 67 99
1 67 47
1 67 52
1 67 63
1 67 69
2 33 2
2 33 10
2 33 20
2 33 1
2 33 4
2 33 14
2 33 16
2 33 24
2 33 28
2 33 31
2 33 40
2 33 51
2 33 38
2 33 54
2 37 17
2 37 18
2 37 29
2 37 59
2 37 65
2 64 80
2 64 81
2 64 82
2 64 83
2 64 6
2 64 49
2 64 61
2 64 64
2 64 75
2 64 89
2 64 92
2 64 93
2 64 94
2 64 95
2 64 11
2 64 25
2 64 63
2 64 66
2 64 69
2 64 72
2 64 78
2 64 7
2 64 23
2 64 26
2 64 36
2 64 53
2 67 -1
3 21 70
3 21 0
3 21 2
3 21 12
3 21 30
3 21 41
3 21 50
3 21 60
3 21 42
3 21 55
3 33 91
3 37 8
3 37 9
3 37 5
3 37 16
3 37 18
3 37 19
3 37 28
3 37 49
3 37 58
3 37 59
3 37 98
3 37 1
3 37 24
3 37 48
3 37 61
3 37 68
3 37 69
3 37 7
3 37 11
3 37 34
3 37 54
3 64 80
3 64 81
3 64 83
3 64 90
3 64 64
3 64 75
3 64 87
3 64 89
3 64 92
3 64 93
3 64 94
3 64 95
3 64 3
3 64 6
3 64 22
3 64 31
3 64 40
3 64 43
3 64 51
3 67 99
3 67 4
3 67 71
3 67 65
3 67 72
3 67 76
3 67 38
3 67 46
4 21 21
4 33 91
4 33 0
4 33 2
4 33 12
4 33 13
4 33 15
4 33 20
4 33 41
4 33 60
4 33 1
4 33 14
4 33 24
4 33 27
4 33 62
4 33 73
4 33 97
4 33 7
4 33 11
4 33 25
4 33 26
4 37 8
4 37 9
4 37 5
4 37 39
4 37 58
4 37 59
4 37 79
4 37 98
4 37 37
4 37 63
4 37 69
4 37 78
4 37 36
4 37 53
4 37 57
4 37 76
4 37 77
4 37 85
4 37 23
4 37 38
4 64 80
4 64 81
4 64 83
4 64 90
4 64 50
4 64 64
4 64 75
4 64 82
4 64 87
4 64 89
4 64 92
4 64 94
4 64 95
4 64 96
4 64 3
4 64 6
4 64 31
4 64 32
4 64 40
4 64 43
4 64 52
4 64 61
4 64 66
4 67 88
4 67 99
4 67 55
4 67 65
4 67 67
4 67 33
4 67 45
4 67 46
4 67 54
4 67 72
5 21 70
5 21 21
5 21 50
5 21 61
5 21 72
5 28 8
5 28 9
5 28 17
5 28 59
5 28 66
5 28 69
5 28 74
5 28 77
5 28 38
5 28 45
5 28 46
5 28 55
5 33 91
5 33 0
5 33 2
5 33 4
5 33 12
5 33 13
5 33 20
5 33 41
5 33 60
5 33 5
5 33 15
5 33 16
5 33 62
5 33 71
5 33 73
5 33 84
5 33 97
5 33 6
5 33 11
5 33 34
5 37 65
5 37 76
5 37 85
5 37 7
5 37 26
5 37 27
5 64 81
5 64 90
5 64 64
5 64 75
5 64 82
5 64 83
5 64 86
5 64 89
5 64 92
5 64 93
5 64 94
5 64 95
5 64 96
5 64 22
5 64 31
5 64 32
5 64 40
5 64 43
5 64 49
5 64 51
5 64 52
5 67 88
5 67 99
5 67 79
5 67 98
5 67 18
5 67 19
5 67 29
5 67 39
5 67 63
5 67 68
5 67 78
5 67 42
5 67 53
5 67 23
5 67 36
5 67 37
5 67 44
5 67 47
5 67 48
5 67 54
5 67 56
5 67 58
6 21 0
6 21 2
6 21 10
6 21 12
6 21 13
6 21 20
6 21 41
6 21 60
6 21 82
6 21 1
6 21 3
6 21 24
6 21 31
6 21 32
6 21 40
6 21 43
6 21 51
6 21 52
6 21 73
6 21 6
6 28 9
6 28 17
6 28 5
6 28 15
6 28 16
6 28 28
6 28 49
6 28 87
6 28 14
6 28 27
6 28 38
6 28 48
6 28 55
6 28 66
6 28 69
6 28 7
6 28 26
6 33 33
6 33 56
6 33 77
6 37 -1
6 64 90
6 64 64
6 64 75
6 64 11
6 64 34
6 64 42
6 64 23
6 64 25
6 64 35
6 64 53
6 64 54
6 64 76
6 64 85
6 64 36
6 64 44
6 64 45
6 64 46
6 67 88
6 67 99
6 67 4
6 67 79
6 67 93
6 67 94
6 67 95
6 67 96
6 67 18
6 67 19
6 67 29
6 67 58
6 67 59
6 67 62
6 67 63
6 67 68
6 67 71
6 67 78
6 67 84
6 67 47
7 21 70
7 21 0
7 21 10
7 21 12
7 21 13
7 21 41
7 21 50
7 21 82
7 21 1
7 21 24
7 21 73
7 21 6
7 21 11
7 21 34
7 21 42
7 21 72
7 21 14
7 21 23
7 21 38
7 21 45
7 21 46
7 28 8
7 28 5
7 28 15
7 28 19
7 28 28
7 28 58
7 28 59
7 33 91
7 33 33
7 37 -1
7 64 80
7 64 90
7 64 64
7 64 75
7 64 83
7 64 86
7 64 89
7 64 92
7 64 94
7 64 95
7 64 96
7 64 3
7 64 22
7 64 31
7 64 32
7 64 40
7 64 49
7 64 51
7 64 52
7 64 61
7 64 62
7 64 63
7 67 88
7 67 4
7 67 79
7 67 98
7 67 68
7 67 71
7 67 78
7 67 97
7 67 47
7 67 53
7 67 66
7 67 69
7 67 85
7 67 7
7 67 26
7 67 27
7 67 36
7 67 44
7 67 48
7 67 55
7 67 56
7 67 57
7 67 67
7 67 74
7 67 77
8 21 21
8 28 9
8 28 17
8 33 91
8 33 0
8 33 10
8 33 13
8 33 30
8 33 41
8 33 60
8 33 5
8 33 15
8 33 16
8 33 22
8 33 24
8 33 32
8 33 40
8 33 43
8 33 62
8 33 97
8 33 11
8 33 14
8 33 34
8 33 35
8 33 42
8 33 48
8 33 53
8 33 65
8 37 37
8 64 81
8 64 90
8 64 50
8 64 64
8 64 82
8 64 89
8 64 92
8 64 94
8 64 96
8 64 52
8 64 63
8 64 68
8 64 47
8 64 26
8 64 44
8 64 54
8 64 55
8 64 56
8 64 57
8 64 66
8 64 69
8 64 72
8 64 74
8 64 77
8 64 46
8 67 88
8 67 99
8 67 98
8 67 18
8 67 67
9 21 0
9 21 2
9 21 20
9 21 21
9 21 50
9 21 82
9 21 3
9 21 22
9 21 32
9 21 40
9 21 61
9 21 6
9 21 11
9 21 46
9 28 8
9 28 17
9 28 15
9 28 16
9 28 28
9 28 35
9 28 74
9 33 33
9 37 37
9 64 64
9 67 99
9 67 4
9 67 79
9 67 86
9 67 93
9 67 96
9 67 98
9 67 18
9 67 19
9 67 29
9 67 39
9 67 52
9 67 58
9 67 59
9 67 68
9 67 71
9 67 87
9 67 97
9 67 27
9 67 42
9 67 48
9 67 69
9 67 26
9 67 36
9 67 38
9 67 44
9 67 54
9 67 55
9 67 56
9 67 57
10 21 0
10 21 2
10 21 10
10 21 20
10 21 21
10 21 3
10 21 22
10 21 51
10 21 61
10 21 34
10 21 23
10 21 25
10 28 18
10 28 19
10 28 27
10 28 48
10 33 4
10 37 -1
10 64 81
10 64 90
10 64 75
10 64 86
10 64 92
10 64 63
10 64 78
10 64 97
10 64 53
10 64 7
10 64 26
10 64 36
10 64 44
10 64 56
10 64 57
10 64 45
10 64 46
10 67 67
11 21 13
11 21 41
11 21 60
11 21 31
11 21 34
11 21 45
11 21 46
11 28 -1
11 33 -1
11 37 16
11 64 64
11 67 99
11 67 4
11 67 89
11 67 48
--- Done ---
