0 64 53
0 64 54
0 64 64
0 64 65
0 64 75
1 34 5
1 34 10
1 34 13
1 34 18
1 34 58
1 34 14
1 34 23
1 34 34
1 34 50
1 34 52
1 34 47
1 34 53
1 34 54
1 34 55
1 34 63
1 34 65
1 34 75
1 34 77
1 34 85
1 64 64
1 76 99
1 76 69
1 76 71
1 76 73
2 8 17
2 34 1
2 34 2
2 34 10
2 34 20
2 34 24
2 34 4
2 34 16
2 34 18
2 34 28
2 34 29
2 34 31
2 34 51
2 34 61
2 34 7
2 34 14
2 34 23
2 34 26
2 34 40
2 34 53
2 34 54
2 34 63
2 34 72
2 34 75
2 34 93
2 34 25
2 34 36
2 34 66
2 64 11
2 64 80
2 64 81
2 64 82
2 64 83
2 64 92
2 64 6
2 64 49
2 64 69
2 64 78
2 64 89
2 64 94
2 64 95
2 64 64
2 76 59
2 76 38
2 76 65
3 8 19
3 8 6
3 8 8
3 8 49
3 34 0
3 34 1
3 34 2
3 34 24
3 34 30
3 34 4
3 34 5
3 34 9
3 34 16
3 34 18
3 34 22
3 34 28
3 34 31
3 34 41
3 34 42
3 34 48
3 34 51
3 34 58
3 34 60
3 34 3
3 34 7
3 34 34
3 34 40
3 64 11
3 64 64
3 76 12
3 76 59
3 76 98
3 76 99
3 76 38
3 76 69
3 76 70
3 76 87
3 76 89
3 76 46
3 76 55
3 76 76
3 76 43
3 76 54
3 76 68
3 76 71
3 76 72
3 76 75
3 76 93
3 76 94
3 76 95
3 92 91
3 92 80
3 92 81
3 92 83
3 92 90
3 92 92
3 92 50
3 92 61
3 92 65
4 8 8
4 34 0
4 34 1
4 34 2
4 34 13
4 34 20
4 34 24
4 34 5
4 34 9
4 34 15
4 34 21
4 34 27
4 34 31
4 34 33
4 34 41
4 34 58
4 34 60
4 34 3
4 34 7
4 34 14
4 34 26
4 34 32
4 34 40
4 34 46
4 64 11
4 64 6
4 64 80
4 64 81
4 64 82
4 64 83
4 64 90
4 64 50
4 64 52
4 64 61
4 64 23
4 64 25
4 64 37
4 64 43
4 64 54
4 64 62
4 64 63
4 64 64
4 64 66
4 76 12
4 76 59
4 76 79
4 76 88
4 76 98
4 76 99
4 76 38
4 76 39
4 76 67
4 76 69
4 76 78
4 76 87
4 76 89
4 76 96
4 76 97
4 76 45
4 76 53
4 76 55
4 76 57
4 76 76
4 76 36
4 92 91
4 92 92
4 92 72
4 92 73
4 92 75
4 92 77
4 92 85
4 92 94
4 92 95
4 92 65
5 8 17
5 8 19
5 8 6
5 8 8
5 8 49
5 8 23
5 8 65
5 34 0
5 34 2
5 34 13
5 34 20
5 34 4
5 34 5
5 34 9
5 34 15
5 34 16
5 34 18
5 34 21
5 34 22
5 34 27
5 34 29
5 34 31
5 34 41
5 34 42
5 34 48
5 34 51
5 34 58
5 34 60
5 34 7
5 34 26
5 34 34
5 64 11
5 64 55
5 64 76
5 64 36
5 64 37
5 64 44
5 64 47
5 64 56
5 64 64
5 64 66
5 64 68
5 64 71
5 64 72
5 64 73
5 64 74
5 64 75
5 64 77
5 64 93
5 76 12
5 76 59
5 76 79
5 76 88
5 76 98
5 76 99
5 76 38
5 76 39
5 76 69
5 76 70
5 76 78
5 76 89
5 76 96
5 76 97
5 76 32
5 76 40
5 76 45
5 76 46
5 76 53
5 92 91
5 92 81
5 92 82
5 92 83
5 92 90
5 92 92
5 92 50
5 92 52
5 92 43
5 92 54
5 92 61
5 92 62
5 92 63
5 92 84
5 92 85
5 92 86
5 92 94
5 92 95
6 8 17
6 8 19
6 8 6
6 8 3
6 8 7
6 8 26
6 8 34
6 8 49
6 8 25
6 8 36
6 8 44
6 8 47
6 8 56
6 8 66
6 8 68
6 8 23
6 34 0
6 34 1
6 34 2
6 34 10
6 34 13
6 34 20
6 34 24
6 34 4
6 34 5
6 34 9
6 34 15
6 34 16
6 34 18
6 34 27
6 34 28
6 34 29
6 34 31
6 34 33
6 34 41
6 64 11
6 64 42
6 64 51
6 64 52
6 64 78
6 64 87
6 64 96
6 64 43
6 64 54
6 64 62
6 64 63
6 64 64
6 64 71
6 64 73
6 64 75
6 64 77
6 64 82
6 64 84
6 64 85
6 64 90
6 76 12
6 76 59
6 76 79
6 76 88
6 76 99
6 76 38
6 76 48
6 76 14
6 76 32
6 76 35
6 76 40
6 76 45
6 76 46
6 76 53
6 76 55
6 76 69
6 76 76
6 92 58
6 92 60
6 92 93
6 92 94
6 92 95
7 8 19
7 8 8
7 34 0
7 34 1
7 34 10
7 34 13
7 34 24
7 34 4
7 34 5
7 34 15
7 34 22
7 34 27
7 34 28
7 34 31
7 34 33
7 34 41
7 34 42
7 34 48
7 34 51
7 34 58
7 34 3
7 34 7
7 34 14
7 34 26
7 34 32
7 34 34
7 34 40
7 34 45
7 34 55
7 64 11
7 64 6
7 64 49
7 64 80
7 64 82
7 64 83
7 64 90
7 64 50
7 64 52
7 64 61
7 64 23
7 64 64
7 64 66
7 64 71
7 64 73
7 64 74
7 64 75
7 64 77
7 64 85
7 76 12
7 76 59
7 76 79
7 76 88
7 76 98
7 76 38
7 76 67
7 76 69
7 76 70
7 76 78
7 76 89
7 76 96
7 76 97
7 76 46
7 76 53
7 76 57
7 76 36
7 76 44
7 76 47
7 76 56
7 76 62
7 76 63
7 76 68
7 76 72
7 92 91
7 92 92
7 92 86
7 92 94
7 92 95
8 8 17
8 34 0
8 34 10
8 34 13
8 34 24
8 34 30
8 34 5
8 34 9
8 34 15
8 34 16
8 34 18
8 34 21
8 34 22
8 34 41
8 34 42
8 34 48
8 34 60
8 34 14
8 34 26
8 34 32
8 34 34
8 34 35
8 34 40
8 34 46
8 64 11
8 64 64
8 76 88
8 76 98
8 76 99
8 76 67
8 76 69
8 76 89
8 76 96
8 76 97
8 76 53
8 76 55
8 76 57
8 76 37
8 76 43
8 76 44
8 76 47
8 76 54
8 76 56
8 76 62
8 76 63
8 76 66
8 76 68
8 76 72
8 76 74
8 76 77
8 76 94
8 92 91
8 92 81
8 92 82
8 92 90
8 92 92
8 92 50
8 92 52
8 92 65
9 8 17
9 8 19
9 8 6
9 8 8
9 8 15
9 8 16
9 8 18
9 8 27
9 8 28
9 8 29
9 8 38
9 8 39
9 8 3
9 8 26
9 34 0
9 34 2
9 34 20
9 34 4
9 34 21
9 34 22
9 34 33
9 34 42
9 34 48
9 34 58
9 34 32
9 34 35
9 34 40
9 34 46
9 34 50
9 34 52
9 34 55
9 34 57
9 34 61
9 34 36
9 34 37
9 34 44
9 34 54
9 34 56
9 34 68
9 34 74
9 34 93
9 64 11
9 64 82
9 64 64
9 76 59
9 76 79
9 76 98
9 76 99
9 76 69
9 76 87
9 76 96
9 76 97
9 76 71
9 76 86
9 92 -1
10 8 19
10 34 0
10 34 2
10 34 10
10 34 20
10 34 4
10 34 18
10 34 21
10 34 22
10 34 27
10 34 48
10 34 51
10 34 3
10 34 7
10 34 26
10 34 34
10 34 45
10 34 46
10 34 53
10 34 57
10 34 61
10 34 23
10 34 25
10 34 36
10 34 44
10 34 56
10 34 63
10 34 75
10 64 -1
10 76 67
10 76 78
10 76 97
10 76 86
10 92 81
10 92 90
10 92 92
11 8 -1
11 34 13
11 34 4
11 34 16
11 34 31
11 34 41
11 34 48
11 34 60
11 34 34
11 34 45
11 34 46
11 64 64
11 76 99
11 76 89
11 92 -1
--- Done ---
