0 64 53
0 64 54
0 64 64
0 64 65
0 64 75
1 34 -1
1 64 5
1 64 10
1 64 13
1 64 14
1 64 18
1 64 23
1 64 34
1 64 47
1 64 50
1 64 52
1 64 53
1 64 54
1 64 55
1 64 58
1 64 63
1 64 64
1 64 65
1 64 69
1 64 71
1 64 73
1 64 75
1 64 77
1 64 85
1 64 99
1 76 -1
2 34 1
2 34 2
2 34 4
2 34 7
2 34 10
2 34 14
2 34 16
2 34 18
2 34 20
2 34 23
2 34 24
2 34 25
2 34 26
2 34 28
2 34 29
2 34 31
2 34 36
2 64 6
2 64 11
2 64 17
2 64 49
2 64 51
2 64 53
2 64 54
2 64 61
2 64 63
2 64 64
2 64 65
2 64 69
2 64 72
2 64 80
2 64 81
2 64 82
2 64 83
2 64 92
2 64 95
2 65 -1
2 76 38
2 76 40
2 76 59
2 76 66
2 76 75
2 76 78
2 76 89
2 76 93
2 76 94
3 34 0
3 34 1
3 34 2
3 34 3
3 34 4
3 34 5
3 34 7
3 34 8
3 34 9
3 34 18
3 34 22
3 34 24
3 34 28
3 34 30
3 34 31
3 34 34
3 34 41
3 34 42
3 34 43
3 34 46
3 34 50
3 53 -1
3 64 6
3 64 11
3 64 49
3 64 51
3 64 54
3 64 61
3 64 64
3 64 69
3 64 71
3 64 72
3 64 80
3 64 81
3 64 83
3 64 90
3 64 92
3 64 95
3 65 16
3 65 19
3 65 55
3 65 58
3 65 60
3 65 65
3 65 75
3 65 91
3 76 12
3 76 38
3 76 40
3 76 48
3 76 59
3 76 68
3 76 70
3 76 76
3 76 87
3 76 89
3 76 93
3 76 94
3 76 98
3 76 99
4 34 0
4 34 2
4 34 3
4 34 5
4 34 8
4 34 9
4 34 13
4 34 14
4 34 15
4 34 20
4 34 21
4 34 23
4 34 24
4 34 25
4 34 26
4 34 27
4 34 31
4 34 33
4 34 36
4 34 46
4 53 1
4 53 7
4 53 32
4 53 41
4 53 43
4 53 50
4 53 52
4 53 53
4 53 54
4 53 60
4 53 63
4 53 80
4 53 90
4 53 91
4 64 6
4 64 11
4 64 61
4 64 62
4 64 64
4 64 69
4 64 72
4 64 73
4 64 81
4 64 82
4 64 83
4 64 92
4 64 95
4 65 45
4 65 55
4 65 58
4 65 65
4 65 75
4 76 12
4 76 37
4 76 38
4 76 39
4 76 40
4 76 57
4 76 59
4 76 66
4 76 67
4 76 76
4 76 77
4 76 78
4 76 79
4 76 85
4 76 87
4 76 88
4 76 89
4 76 94
4 76 96
4 76 97
4 76 98
4 76 99
5 34 0
5 34 2
5 34 4
5 34 5
5 34 8
5 34 9
5 34 13
5 34 15
5 34 18
5 34 20
5 34 21
5 34 22
5 34 23
5 34 26
5 34 27
5 34 31
5 34 34
5 34 36
5 34 42
5 34 46
5 34 47
5 35 -1
5 53 7
5 53 19
5 53 32
5 53 41
5 53 43
5 53 49
5 53 50
5 53 51
5 53 52
5 53 53
5 53 54
5 53 60
5 53 63
5 53 70
5 53 71
5 53 90
5 53 91
5 64 6
5 64 11
5 64 44
5 64 61
5 64 62
5 64 64
5 64 69
5 64 72
5 64 73
5 64 74
5 64 81
5 64 82
5 64 83
5 64 92
5 64 95
5 65 16
5 65 17
5 65 29
5 65 45
5 65 55
5 65 56
5 65 58
5 65 65
5 65 75
5 76 12
5 76 37
5 76 38
5 76 39
5 76 40
5 76 48
5 76 59
5 76 66
5 76 68
5 76 76
5 76 77
5 76 78
5 76 79
5 76 84
5 76 85
5 76 86
5 76 88
5 76 89
5 76 93
5 76 94
5 76 96
5 76 97
5 76 98
5 76 99
6 34 0
6 34 2
6 34 4
6 34 9
6 34 10
6 34 13
6 34 14
6 34 15
6 34 18
6 34 20
6 34 23
6 34 24
6 34 31
6 34 33
6 34 34
6 34 42
6 35 3
6 35 5
6 35 7
6 35 12
6 35 16
6 35 17
6 35 25
6 35 26
6 35 27
6 35 28
6 35 35
6 35 36
6 35 38
6 35 45
6 35 46
6 35 47
6 35 48
6 53 1
6 53 19
6 53 32
6 53 41
6 53 43
6 53 49
6 53 51
6 53 52
6 53 53
6 53 54
6 53 60
6 53 63
6 53 71
6 53 90
6 64 6
6 64 11
6 64 44
6 64 62
6 64 64
6 64 69
6 64 73
6 64 82
6 64 95
6 65 29
6 65 55
6 65 56
6 65 58
6 65 75
6 76 40
6 76 59
6 76 66
6 76 68
6 76 76
6 76 77
6 76 78
6 76 79
6 76 84
6 76 85
6 76 87
6 76 88
6 76 93
6 76 94
6 76 96
6 76 99
7 34 0
7 34 4
7 34 8
7 34 10
7 34 13
7 34 14
7 34 15
7 34 22
7 34 23
7 34 24
7 34 31
7 34 33
7 34 34
7 34 42
7 35 3
7 35 5
7 35 7
7 35 12
7 35 26
7 35 27
7 35 28
7 35 36
7 35 38
7 35 45
7 35 46
7 35 47
7 35 48
7 53 1
7 53 19
7 53 32
7 53 41
7 53 49
7 53 50
7 53 51
7 53 52
7 53 53
7 53 63
7 53 70
7 53 71
7 53 80
7 53 90
7 53 91
7 64 6
7 64 11
7 64 44
7 64 61
7 64 62
7 64 64
7 64 69
7 64 72
7 64 73
7 64 74
7 64 82
7 64 83
7 64 92
7 64 95
7 65 55
7 65 56
7 65 58
7 65 75
7 76 40
7 76 57
7 76 59
7 76 66
7 76 67
7 76 68
7 76 77
7 76 78
7 76 79
7 76 85
7 76 86
7 76 88
7 76 89
7 76 94
7 76 96
7 76 97
7 76 98
8 34 0
8 34 9
8 34 10
8 34 13
8 34 14
8 34 15
8 34 18
8 34 21
8 34 22
8 34 24
8 34 34
8 34 42
8 35 5
8 35 16
8 35 17
8 35 26
8 35 35
8 35 37
8 35 46
8 35 47
8 35 48
8 53 30
8 53 32
8 53 41
8 53 43
8 53 50
8 53 52
8 53 53
8 53 54
8 53 60
8 53 63
8 53 90
8 53 91
8 64 11
8 64 44
8 64 62
8 64 64
8 64 69
8 64 72
8 64 74
8 64 81
8 64 82
8 64 92
8 65 55
8 65 56
8 65 65
8 76 40
8 76 57
8 76 66
8 76 67
8 76 68
8 76 77
8 76 88
8 76 89
8 76 94
8 76 96
8 76 97
8 76 98
8 76 99
9 34 0
9 34 2
9 34 4
9 34 8
9 34 15
9 34 18
9 34 20
9 34 21
9 34 22
9 34 33
9 34 42
9 35 3
9 35 16
9 35 17
9 35 26
9 35 27
9 35 28
9 35 35
9 35 36
9 35 37
9 35 38
9 35 46
9 35 48
9 53 19
9 53 32
9 53 50
9 53 52
9 53 54
9 53 71
9 64 6
9 64 11
9 64 44
9 64 61
9 64 64
9 64 69
9 64 74
9 64 82
9 65 29
9 65 55
9 65 56
9 65 58
9 76 39
9 76 40
9 76 57
9 76 59
9 76 68
9 76 79
9 76 86
9 76 87
9 76 93
9 76 96
9 76 97
9 76 98
9 76 99
10 34 0
10 34 2
10 34 4
10 34 10
10 34 18
10 34 20
10 34 21
10 34 22
10 34 23
10 34 34
10 35 3
10 35 7
10 35 25
10 35 26
10 35 27
10 35 36
10 35 45
10 35 46
10 35 48
10 53 19
10 53 51
10 53 53
10 53 63
10 53 90
10 64 44
10 64 61
10 64 81
10 64 92
10 65 56
10 65 75
10 76 57
10 76 67
10 76 78
10 76 86
10 76 97
11 34 4
11 34 13
11 34 31
11 34 34
11 35 16
11 35 45
11 35 46
11 35 48
11 53 41
11 53 60
11 64 64
11 65 -1
11 76 89
11 76 99
--- Done ---
