0 54 -1
0 60 53
0 60 54
0 60 64
0 60 65
0 60 75
1 1 -1
1 6 -1
1 54 5
1 54 13
1 54 14
1 54 23
1 54 34
1 54 47
1 54 53
1 54 54
1 54 55
1 54 58
1 54 63
1 54 64
1 54 65
1 54 69
1 54 73
1 54 75
1 54 77
1 54 85
1 54 99
1 58 -1
1 60 10
1 60 18
1 60 50
1 60 52
1 60 71
1 79 -1
1 94 -1
2 1 1
2 1 2
2 1 10
2 1 11
2 1 20
2 1 23
2 6 4
2 6 6
2 6 7
2 6 14
2 6 16
2 6 17
2 6 18
2 6 24
2 6 25
2 6 28
2 18 -1
2 19 -1
2 20 -1
2 23 -1
2 28 -1
2 36 -1
2 41 -1
2 54 31
2 54 38
2 54 53
2 54 54
2 54 63
2 54 64
2 54 65
2 54 72
2 56 -1
2 58 26
2 58 29
2 58 36
2 58 49
2 58 59
2 58 66
2 60 40
2 60 51
2 60 61
2 60 80
2 60 81
2 63 -1
2 79 69
2 79 78
2 79 89
2 94 75
2 94 82
2 94 83
2 94 92
2 94 93
2 94 94
2 94 95
3 1 0
3 1 1
3 1 2
3 1 11
3 6 4
3 6 5
3 6 6
3 6 7
3 6 16
3 18 8
3 18 18
3 19 9
3 19 19
3 20 30
3 23 3
3 23 12
3 23 22
3 23 24
3 23 31
3 28 28
3 28 38
3 36 34
3 36 46
3 41 40
3 41 41
3 41 42
3 54 43
3 54 54
3 54 55
3 54 64
3 54 65
3 56 -1
3 58 48
3 58 49
3 58 58
3 58 59
3 58 68
3 60 50
3 60 51
3 60 60
3 60 61
3 60 70
3 60 71
3 60 80
3 60 90
3 63 72
3 63 76
3 63 81
3 79 69
3 79 87
3 79 89
3 79 98
3 79 99
3 94 75
3 94 83
3 94 91
3 94 92
3 94 93
3 94 94
3 94 95
4 1 0
4 1 1
4 1 2
4 1 11
4 3 -1
4 4 -1
4 6 5
4 6 6
4 6 7
4 13 -1
4 16 -1
4 17 -1
4 18 8
4 19 9
4 20 20
4 20 21
4 23 3
4 23 12
4 23 13
4 23 14
4 23 15
4 23 23
4 23 24
4 23 31
4 23 33
4 26 -1
4 28 27
4 28 37
4 28 38
4 28 39
4 30 -1
4 33 -1
4 36 25
4 36 26
4 36 36
4 36 46
4 37 -1
4 39 -1
4 41 32
4 41 40
4 41 41
4 41 52
4 43 -1
4 45 -1
4 46 -1
4 52 -1
4 54 43
4 54 53
4 54 54
4 54 55
4 54 64
4 54 65
4 56 45
4 56 57
4 56 66
4 56 67
4 56 77
4 58 58
4 58 59
4 60 50
4 60 60
4 60 61
4 60 80
4 60 90
4 62 -1
4 63 62
4 63 63
4 63 72
4 63 73
4 63 76
4 63 81
4 65 -1
4 69 -1
4 71 -1
4 74 -1
4 77 -1
4 79 69
4 79 78
4 79 79
4 79 87
4 79 88
4 79 89
4 79 98
4 79 99
4 81 -1
4 83 -1
4 86 -1
4 87 -1
4 92 -1
4 93 -1
4 94 75
4 94 82
4 94 83
4 94 85
4 94 91
4 94 92
4 94 94
4 94 95
4 94 96
4 94 97
4 96 -1
5 1 0
5 1 11
5 3 2
5 4 4
5 6 5
5 6 6
5 6 7
5 13 12
5 13 13
5 16 15
5 16 16
5 17 8
5 17 17
5 18 18
5 19 9
5 19 19
5 20 20
5 20 21
5 23 22
5 23 23
5 23 31
5 26 26
5 28 27
5 28 29
5 30 40
5 33 32
5 33 34
5 36 36
5 37 37
5 37 47
5 39 38
5 39 39
5 39 49
5 41 41
5 43 42
5 43 43
5 43 44
5 43 53
5 45 45
5 46 46
5 52 51
5 52 52
5 54 54
5 54 64
5 56 56
5 58 48
5 58 58
5 58 68
5 60 50
5 60 60
5 60 61
5 60 70
5 62 62
5 63 63
5 63 72
5 65 55
5 65 65
5 65 75
5 69 59
5 69 69
5 71 71
5 74 66
5 74 74
5 77 76
5 77 77
5 79 78
5 79 79
5 79 89
5 79 99
5 81 81
5 81 82
5 81 90
5 83 73
5 83 83
5 86 85
5 86 86
5 87 88
5 92 91
5 92 92
5 93 93
5 94 84
5 94 94
5 94 95
5 96 96
5 96 97
5 96 98
6 1 0
6 1 1
6 1 10
6 1 11
6 3 2
6 3 3
6 4 4
6 6 5
6 6 6
6 6 7
6 13 12
6 13 13
6 13 14
6 16 15
6 16 16
6 17 17
6 18 18
6 19 9
6 19 19
6 20 20
6 23 23
6 23 24
6 23 31
6 26 25
6 26 26
6 28 27
6 28 28
6 28 29
6 30 40
6 33 32
6 33 33
6 33 34
6 36 36
6 37 47
6 39 38
6 39 49
6 41 41
6 43 42
6 43 43
6 43 44
6 43 53
6 45 35
6 45 45
6 46 46
6 52 51
6 52 52
6 54 54
6 54 64
6 56 56
6 58 48
6 58 58
6 58 68
6 60 60
6 62 62
6 63 63
6 65 55
6 65 75
6 69 59
6 69 69
6 71 71
6 74 66
6 77 76
6 77 77
6 79 78
6 79 79
6 79 99
6 81 82
6 81 90
6 83 73
6 86 85
6 87 87
6 87 88
6 92 -1
6 93 93
6 94 84
6 94 94
6 94 95
6 96 96
7 1 0
7 1 1
7 1 10
7 1 11
7 3 3
7 4 4
7 6 5
7 6 6
7 6 7
7 13 12
7 13 13
7 13 14
7 16 15
7 17 8
7 18 -1
7 19 19
7 20 -1
7 23 22
7 23 23
7 23 24
7 23 31
7 26 26
7 28 27
7 28 28
7 30 40
7 33 32
7 33 33
7 33 34
7 36 36
7 37 47
7 39 38
7 39 49
7 41 41
7 43 42
7 43 44
7 43 53
7 45 45
7 46 46
7 52 51
7 52 52
7 54 64
7 56 56
7 56 57
7 58 48
7 58 58
7 58 68
7 60 50
7 60 61
7 60 70
7 62 62
7 63 63
7 63 72
7 65 55
7 65 75
7 69 59
7 69 69
7 71 71
7 74 66
7 74 74
7 77 67
7 77 77
7 79 78
7 79 79
7 79 89
7 81 80
7 81 82
7 81 90
7 83 73
7 83 83
7 86 85
7 86 86
7 87 88
7 92 91
7 92 92
7 93 -1
7 94 94
7 94 95
7 96 96
7 96 97
7 96 98
8 1 0
8 1 10
8 1 11
8 3 -1
8 4 -1
8 6 5
8 13 13
8 13 14
8 16 15
8 16 16
8 17 17
8 18 18
8 19 9
8 20 21
8 23 22
8 23 24
8 26 26
8 28 -1
8 30 30
8 30 40
8 33 32
8 33 34
8 36 -1
8 37 37
8 37 47
8 39 -1
8 41 41
8 43 42
8 43 43
8 43 44
8 43 53
8 45 35
8 46 46
8 52 52
8 54 54
8 54 64
8 56 56
8 56 57
8 58 48
8 58 68
8 60 50
8 60 60
8 62 62
8 63 63
8 63 72
8 65 55
8 65 65
8 69 69
8 71 -1
8 74 66
8 74 74
8 77 67
8 77 77
8 79 89
8 79 99
8 81 81
8 81 82
8 81 90
8 83 -1
8 86 -1
8 87 88
8 92 91
8 92 92
8 93 -1
8 94 94
8 96 96
8 96 97
8 96 98
9 1 0
9 1 11
9 3 2
9 3 3
9 4 4
9 6 6
9 13 -1
9 16 15
9 16 16
9 17 8
9 17 17
9 18 18
9 19 19
9 20 20
9 20 21
9 23 22
9 26 26
9 28 27
9 28 28
9 28 29
9 30 40
9 33 32
9 33 33
9 36 36
9 37 37
9 39 38
9 39 39
9 41 -1
9 43 42
9 43 44
9 45 35
9 46 46
9 52 52
9 54 54
9 54 64
9 56 56
9 56 57
9 58 48
9 58 58
9 58 68
9 60 50
9 60 61
9 62 -1
9 63 -1
9 65 55
9 69 59
9 69 69
9 71 71
9 74 74
9 77 -1
9 79 79
9 79 99
9 81 82
9 83 -1
9 86 86
9 87 87
9 92 -1
9 93 93
9 94 -1
9 96 96
9 96 97
9 96 98
10 1 0
10 1 10
10 3 2
10 3 3
10 4 4
10 6 7
10 13 -1
10 16 -1
10 17 -1
10 18 18
10 19 19
10 20 20
10 20 21
10 23 22
10 23 23
10 26 25
10 26 26
10 28 27
10 30 -1
10 33 34
10 36 36
10 37 -1
10 39 -1
10 41 -1
10 43 44
10 43 53
10 45 45
10 46 46
10 52 51
10 54 -1
10 56 56
10 56 57
10 58 48
10 60 61
10 62 -1
10 63 63
10 65 75
10 69 -1
10 71 -1
10 74 -1
10 77 67
10 79 78
10 81 81
10 81 90
10 83 -1
10 86 86
10 87 -1
10 92 92
10 93 -1
10 94 -1
10 96 97
11 1 -1
11 3 -1
11 4 4
11 6 -1
11 13 13
11 16 16
11 17 -1
11 18 -1
11 19 -1
11 20 -1
11 23 31
11 26 -1
11 28 -1
11 30 -1
11 33 34
11 36 -1
11 37 -1
11 39 -1
11 41 41
11 43 -1
11 45 45
11 46 46
11 52 -1
11 54 64
11 56 -1
11 58 48
11 60 60
11 62 -1
11 63 -1
11 65 -1
11 69 -1
11 71 -1
11 74 -1
11 77 -1
11 79 89
11 79 99
11 81 -1
11 83 -1
11 86 -1
11 87 -1
11 92 -1
11 93 -1
11 94 -1
11 96 -1
--- Done ---
