0 64 54
0 64 55
0 64 64
0 64 65
0 72 75
1 14 0
1 14 2
1 14 5
1 14 11
1 14 12
1 14 14
1 14 24
1 14 42
1 17 4
1 17 7
1 17 8
1 17 9
1 17 25
1 17 27
1 17 28
1 17 29
1 17 36
1 17 37
1 17 45
1 17 48
1 31 10
1 31 22
1 31 30
1 31 31
1 31 41
1 31 43
1 31 50
1 64 44
1 64 62
1 64 63
1 64 65
1 64 66
1 64 74
1 72 60
1 72 71
1 72 72
1 72 82
1 72 93
1 78 49
1 78 58
1 78 67
1 78 79
1 78 88
1 78 89
1 78 96
1 78 98
2 14 2
2 14 11
2 14 13
2 14 14
2 14 23
2 14 25
2 17 6
2 17 7
2 17 8
2 17 17
2 17 29
2 17 45
2 17 46
2 17 47
2 30 20
2 30 30
2 30 32
2 30 40
2 30 50
2 31 10
2 31 31
2 31 33
2 31 43
2 64 44
2 64 52
2 64 53
2 64 54
2 64 62
2 64 63
2 64 65
2 64 66
2 64 72
2 64 82
2 78 49
2 78 69
2 78 78
2 78 98
2 87 56
2 87 75
2 87 87
2 87 88
2 87 89
3 14 0
3 14 11
3 14 13
3 14 14
3 14 15
3 14 34
3 14 35
3 14 42
3 17 19
3 17 25
3 17 26
3 17 29
3 17 45
3 17 46
3 17 47
3 30 31
3 30 32
3 30 40
3 30 50
3 64 52
3 64 54
3 64 55
3 64 63
3 64 65
3 64 66
3 64 72
3 64 73
3 64 74
3 64 76
3 64 78
3 64 82
3 64 86
3 64 95
3 87 56
3 87 67
3 87 68
3 87 83
3 87 87
3 87 88
3 87 96
3 93 71
3 93 81
3 93 92
3 93 94
4 14 1
4 14 12
4 14 15
4 14 24
4 14 25
4 14 34
4 14 35
4 17 6
4 17 7
4 17 26
4 17 29
4 17 37
4 17 45
4 17 46
4 17 47
4 31 10
4 31 21
4 31 22
4 31 30
4 31 40
4 64 51
4 64 52
4 64 53
4 64 54
4 64 63
4 64 64
4 64 72
4 64 73
4 64 74
4 64 76
4 64 78
4 64 82
4 64 83
4 64 85
4 64 86
4 68 48
4 68 56
4 68 57
4 68 58
4 68 59
4 68 67
4 68 69
4 68 77
4 68 79
4 68 89
4 93 71
4 93 90
4 93 94
5 14 0
5 14 2
5 14 3
5 14 11
5 14 12
5 14 27
5 14 35
5 14 42
5 17 4
5 17 8
5 17 19
5 17 26
5 17 37
5 17 47
5 31 10
5 31 23
5 31 31
5 31 40
5 61 41
5 61 70
5 61 81
5 61 91
5 64 44
5 64 51
5 64 53
5 64 55
5 64 66
5 64 72
5 64 76
5 64 84
5 68 49
5 68 56
5 68 57
5 68 58
5 68 59
5 68 67
5 68 89
5 85 34
5 85 75
5 85 85
5 85 87
5 85 92
5 85 94
5 85 96
6 17 5
6 17 7
6 17 8
6 17 25
6 17 28
6 17 36
6 17 37
6 17 45
6 17 46
6 17 48
6 32 11
6 32 12
6 32 13
6 32 20
6 32 21
6 32 30
6 32 32
6 32 35
6 47 29
6 47 38
6 47 47
6 61 31
6 61 41
6 61 50
6 61 60
6 61 61
6 61 70
6 61 80
6 61 81
6 61 91
6 64 44
6 64 51
6 64 52
6 64 63
6 64 66
6 64 72
6 64 73
6 64 83
6 64 84
6 85 34
6 85 93
6 85 96
6 88 57
6 88 67
6 88 68
6 88 77
6 88 79
6 88 88
6 88 99
7 14 0
7 14 11
7 14 16
7 14 24
7 14 25
7 14 27
7 14 34
7 18 6
7 18 8
7 18 17
7 18 36
7 18 48
7 32 13
7 32 20
7 32 22
7 32 32
7 32 41
7 32 42
7 47 37
7 47 47
7 47 49
7 47 59
7 61 61
7 61 80
7 61 92
7 64 53
7 64 55
7 64 62
7 64 65
7 64 72
7 64 73
7 64 74
7 64 76
7 64 83
7 64 85
7 88 56
7 88 57
7 88 67
7 88 77
7 88 88
7 88 89
7 88 96
7 88 97
7 88 98
8 14 0
8 14 3
8 14 4
8 14 5
8 14 12
8 14 14
8 14 23
8 14 24
8 14 25
8 14 33
8 14 35
8 18 7
8 18 9
8 18 19
8 18 26
8 18 27
8 18 36
8 18 38
8 61 40
8 61 51
8 61 71
8 61 81
8 61 91
8 61 92
8 63 32
8 63 43
8 63 75
8 64 44
8 64 53
8 64 54
8 64 62
8 64 73
8 64 76
8 64 82
8 64 86
8 64 95
8 88 56
8 88 57
8 88 77
8 88 79
8 88 87
8 88 88
8 88 89
8 88 96
9 14 1
9 14 2
9 14 4
9 14 13
9 14 16
9 14 22
9 14 24
9 14 25
9 14 33
9 14 34
9 37 8
9 37 17
9 37 26
9 37 29
9 37 36
9 37 45
9 37 46
9 37 47
9 37 49
9 63 32
9 63 63
9 64 52
9 64 53
9 64 55
9 64 62
9 64 66
9 64 73
9 64 74
9 64 76
9 64 78
9 64 82
9 64 83
9 67 57
9 67 59
9 67 69
9 67 77
9 67 79
9 67 87
9 70 50
9 70 60
9 70 61
9 70 70
9 70 90
9 70 91
--- Done ---
