0 64 53
0 64 54
0 64 64
0 64 65
0 64 75
1 26 5
1 26 14
1 26 18
1 26 47
1 32 10
1 32 23
1 32 50
1 32 13
1 32 52
1 32 73
1 32 53
1 32 55
1 32 63
1 64 71
1 64 64
1 68 58
1 68 69
1 68 99
1 68 75
1 68 77
1 68 85
1 68 65
1 68 34
1 68 54
2 26 7
2 26 14
2 26 16
2 26 26
2 26 18
2 26 28
2 26 6
2 26 17
2 26 24
2 26 25
2 26 36
2 26 38
2 26 49
2 26 53
2 26 64
2 32 1
2 32 2
2 32 10
2 32 20
2 32 23
2 32 31
2 32 40
2 32 4
2 32 11
2 48 29
2 48 59
2 48 69
2 48 89
2 64 95
2 64 65
2 64 66
2 64 75
2 64 78
2 64 54
2 64 63
2 68 -1
2 81 80
2 81 93
2 81 94
2 81 72
2 81 81
2 81 82
2 81 83
2 81 92
2 81 51
2 81 61
3 21 0
3 21 3
3 26 5
3 26 7
3 26 8
3 26 9
3 26 16
3 26 4
3 26 18
3 26 19
3 26 28
3 26 6
3 32 2
3 32 50
3 32 1
3 32 12
3 32 22
3 32 30
3 32 31
3 32 40
3 32 41
3 32 70
3 32 11
3 32 42
3 32 55
3 32 24
3 48 48
3 64 87
3 64 65
3 64 75
3 64 43
3 64 51
3 64 61
3 68 98
3 68 99
3 68 58
3 68 59
3 68 68
3 68 69
3 68 76
3 68 89
3 68 95
3 68 38
3 68 49
3 68 64
3 68 34
3 68 46
3 68 54
3 81 60
3 81 80
3 81 90
3 81 91
3 81 93
3 81 94
3 81 71
3 81 72
3 81 81
3 81 83
3 81 92
4 21 0
4 21 3
4 21 1
4 21 12
4 21 20
4 21 21
4 21 23
4 21 31
4 21 40
4 21 41
4 21 11
4 21 24
4 21 43
4 21 45
4 21 54
4 26 5
4 26 7
4 26 8
4 26 9
4 26 15
4 26 26
4 26 14
4 26 27
4 26 39
4 26 6
4 26 13
4 26 25
4 26 33
4 26 36
4 26 37
4 26 38
4 26 53
4 26 55
4 26 46
4 32 2
4 32 50
4 32 32
4 48 -1
4 64 87
4 64 96
4 64 77
4 64 78
4 64 57
4 64 64
4 68 88
4 68 97
4 68 98
4 68 99
4 68 58
4 68 59
4 68 67
4 68 69
4 68 76
4 68 79
4 68 85
4 68 89
4 68 95
4 68 65
4 68 66
4 81 60
4 81 80
4 81 90
4 81 91
4 81 94
4 81 72
4 81 81
4 81 82
4 81 83
4 81 92
4 81 52
4 81 62
4 81 75
4 81 63
4 81 73
4 81 61
5 21 0
5 21 21
5 21 54
5 21 45
5 26 5
5 26 7
5 26 8
5 26 9
5 26 15
5 26 16
5 26 26
5 26 4
5 26 18
5 26 19
5 26 27
5 26 39
5 26 6
5 26 13
5 26 17
5 26 36
5 26 64
5 26 34
5 26 43
5 26 46
5 32 2
5 32 50
5 32 12
5 32 20
5 32 22
5 32 23
5 32 31
5 32 40
5 32 41
5 32 70
5 32 11
5 32 32
5 32 42
5 32 52
5 32 53
5 32 55
5 32 62
5 32 44
5 48 29
5 48 48
5 48 56
5 64 96
5 64 65
5 64 66
5 64 73
5 64 75
5 64 78
5 64 84
5 64 63
5 68 88
5 68 97
5 68 98
5 68 99
5 68 58
5 68 59
5 68 68
5 68 69
5 68 76
5 68 79
5 68 85
5 68 89
5 68 95
5 68 37
5 68 38
5 68 47
5 68 49
5 68 77
5 81 60
5 81 90
5 81 91
5 81 93
5 81 94
5 81 71
5 81 72
5 81 81
5 81 82
5 81 83
5 81 86
5 81 92
5 81 51
5 81 61
5 81 74
6 21 0
6 21 3
6 21 1
6 21 10
6 21 12
6 21 20
6 21 23
6 21 31
6 21 40
6 21 41
6 21 11
6 21 42
6 21 24
6 21 43
6 21 45
6 21 51
6 21 54
6 26 5
6 26 7
6 26 9
6 26 15
6 26 16
6 26 26
6 26 4
6 26 14
6 26 18
6 26 19
6 26 27
6 26 28
6 26 6
6 26 13
6 26 17
6 26 25
6 26 33
6 26 35
6 26 36
6 26 38
6 26 47
6 26 53
6 32 2
6 32 32
6 32 55
6 48 29
6 48 48
6 48 58
6 48 59
6 48 69
6 48 79
6 48 49
6 48 44
6 48 56
6 48 66
6 48 77
6 48 78
6 48 34
6 64 87
6 64 96
6 64 64
6 68 88
6 68 99
6 68 68
6 68 76
6 68 85
6 68 95
6 68 46
6 81 60
6 81 90
6 81 93
6 81 94
6 81 71
6 81 82
6 81 52
6 81 62
6 81 73
6 81 75
6 81 84
6 81 63
7 21 0
7 21 3
7 21 1
7 21 10
7 21 12
7 21 22
7 21 23
7 21 31
7 21 40
7 21 41
7 21 11
7 21 42
7 26 5
7 26 7
7 26 8
7 26 15
7 26 26
7 26 4
7 26 14
7 26 19
7 26 27
7 26 28
7 26 6
7 26 13
7 26 33
7 26 36
7 26 38
7 26 47
7 26 49
7 26 53
7 26 55
7 26 24
7 26 44
7 26 45
7 26 57
7 26 34
7 26 46
7 32 50
7 32 32
7 48 48
7 64 96
7 64 64
7 68 88
7 68 97
7 68 98
7 68 58
7 68 59
7 68 67
7 68 68
7 68 69
7 68 79
7 68 85
7 68 89
7 68 95
7 68 56
7 68 66
7 68 77
7 68 78
7 81 80
7 81 90
7 81 91
7 81 94
7 81 70
7 81 71
7 81 72
7 81 82
7 81 83
7 81 86
7 81 92
7 81 52
7 81 62
7 81 73
7 81 75
7 81 51
7 81 61
7 81 63
7 81 74
8 21 0
8 21 10
8 21 21
8 21 22
8 21 30
8 21 40
8 21 41
8 21 11
8 21 42
8 26 5
8 26 9
8 26 15
8 26 16
8 26 26
8 26 14
8 26 18
8 26 13
8 26 17
8 26 35
8 26 37
8 26 47
8 26 53
8 26 55
8 26 65
8 26 24
8 26 43
8 26 44
8 26 57
8 26 34
8 26 46
8 26 54
8 32 50
8 32 32
8 48 48
8 64 96
8 64 64
8 68 88
8 68 97
8 68 98
8 68 99
8 68 67
8 68 68
8 68 69
8 68 89
8 68 56
8 68 66
8 68 77
8 68 63
8 81 60
8 81 90
8 81 91
8 81 94
8 81 72
8 81 81
8 81 82
8 81 92
8 81 52
8 81 62
8 81 74
9 21 0
9 21 3
9 21 20
9 21 21
9 21 22
9 21 40
9 21 11
9 21 42
9 21 61
9 26 8
9 26 15
9 26 16
9 26 26
9 26 4
9 26 18
9 26 19
9 26 27
9 26 28
9 26 39
9 26 6
9 26 17
9 26 33
9 26 35
9 26 36
9 26 37
9 26 38
9 26 55
9 26 44
9 26 57
9 26 46
9 26 54
9 32 2
9 32 50
9 32 32
9 48 29
9 48 48
9 48 58
9 48 59
9 48 69
9 48 79
9 48 56
9 48 74
9 64 87
9 64 96
9 64 71
9 64 82
9 64 86
9 64 52
9 64 64
9 68 97
9 68 98
9 68 99
9 68 68
9 81 93
10 21 0
10 21 3
10 21 10
10 21 20
10 21 21
10 21 22
10 21 23
10 21 51
10 21 61
10 26 7
10 26 26
10 26 4
10 26 18
10 26 19
10 26 27
10 26 25
10 26 36
10 26 53
10 26 44
10 26 45
10 26 57
10 26 34
10 26 46
10 32 2
10 48 48
10 64 -1
10 68 97
10 68 67
10 68 56
10 68 78
10 68 63
10 81 90
10 81 81
10 81 86
10 81 92
10 81 75
11 21 -1
11 26 16
11 26 4
11 32 31
11 32 41
11 32 13
11 48 48
11 48 89
11 48 45
11 48 34
11 48 46
11 64 64
11 68 99
11 81 60
--- Done ---
