0 57 75
0 64 53
0 64 54
0 64 64
0 64 65
1 11 -1
1 18 18
1 25 5
1 25 13
1 25 14
1 25 34
1 25 23
1 57 47
1 57 58
1 57 69
1 57 65
1 57 75
1 57 55
1 62 50
1 62 71
1 62 10
1 62 52
1 62 53
1 62 54
1 62 63
1 62 73
1 64 85
1 64 64
1 97 77
1 97 99
2 11 1
2 11 2
2 11 11
2 11 20
2 11 31
2 11 10
2 11 23
2 18 6
2 18 7
2 18 18
2 18 28
2 18 16
2 18 29
2 18 17
2 18 36
2 25 4
2 25 14
2 25 24
2 25 25
2 48 49
2 57 89
2 57 59
2 57 65
2 57 66
2 57 69
2 57 75
2 57 26
2 57 38
2 62 40
2 62 61
2 62 51
2 62 53
2 62 54
2 62 63
2 62 80
2 62 83
2 62 92
2 62 72
2 62 82
2 64 64
2 91 81
2 91 93
2 97 94
2 97 78
2 97 95
3 11 0
3 11 1
3 11 2
3 11 3
3 11 11
3 11 12
3 11 22
3 11 30
3 11 31
3 18 6
3 18 7
3 18 8
3 18 9
3 18 18
3 18 19
3 18 28
3 18 16
3 18 38
3 25 4
3 25 5
3 25 24
3 25 34
3 25 46
3 48 49
3 48 48
3 57 89
3 57 58
3 57 59
3 57 65
3 57 69
3 62 40
3 62 42
3 62 43
3 62 50
3 62 60
3 62 61
3 62 71
3 62 41
3 62 51
3 62 54
3 62 55
3 62 70
3 62 80
3 62 83
3 62 90
3 62 92
3 62 72
3 64 64
3 91 81
3 91 91
3 91 93
3 97 94
3 97 98
3 97 99
3 97 75
3 97 87
3 97 68
3 97 76
3 97 95
4 11 0
4 11 1
4 11 2
4 11 3
4 11 11
4 11 12
4 11 20
4 11 21
4 11 31
4 11 32
4 11 23
4 11 41
4 18 6
4 18 7
4 18 8
4 18 9
4 18 39
4 25 5
4 25 13
4 25 14
4 25 15
4 25 24
4 25 45
4 25 25
4 25 27
4 25 36
4 25 46
4 25 37
4 48 -1
4 57 79
4 57 89
4 57 57
4 57 58
4 57 59
4 57 65
4 57 66
4 57 67
4 57 69
4 57 75
4 57 87
4 57 26
4 57 38
4 62 33
4 62 40
4 62 43
4 62 50
4 62 60
4 62 61
4 62 52
4 62 53
4 62 54
4 62 62
4 62 63
4 62 73
4 62 80
4 62 83
4 62 90
4 62 92
4 62 55
4 62 72
4 62 82
4 64 85
4 64 64
4 91 81
4 91 91
4 97 88
4 97 94
4 97 96
4 97 97
4 97 98
4 97 99
4 97 77
4 97 78
4 97 95
4 97 76
5 11 0
5 11 2
5 11 11
5 11 12
5 11 20
5 11 21
5 11 22
5 11 31
5 11 32
5 11 23
5 11 41
5 18 6
5 18 7
5 18 8
5 18 9
5 18 18
5 18 19
5 18 16
5 18 29
5 18 39
5 18 17
5 18 27
5 18 36
5 25 4
5 25 5
5 25 13
5 25 15
5 25 45
5 25 34
5 48 49
5 48 48
5 57 79
5 57 89
5 57 47
5 57 56
5 57 58
5 57 59
5 57 69
5 57 64
5 57 75
5 57 76
5 57 26
5 57 38
5 57 46
5 57 68
5 57 37
5 62 40
5 62 42
5 62 43
5 62 50
5 62 60
5 62 61
5 62 71
5 62 51
5 62 52
5 62 53
5 62 54
5 62 62
5 62 63
5 62 70
5 62 83
5 62 44
5 62 55
5 62 72
5 62 82
5 62 90
5 62 92
5 64 84
5 64 85
5 64 65
5 64 66
5 64 73
5 64 74
5 91 81
5 91 91
5 91 93
5 97 88
5 97 94
5 97 96
5 97 97
5 97 98
5 97 99
5 97 78
5 97 86
5 97 95
5 97 77
6 11 0
6 11 1
6 11 2
6 11 3
6 11 11
6 11 12
6 11 20
6 11 31
6 11 32
6 11 10
6 11 23
6 11 41
6 18 6
6 18 7
6 18 9
6 18 18
6 18 19
6 18 28
6 18 29
6 25 4
6 25 5
6 25 13
6 25 14
6 25 15
6 25 24
6 25 35
6 25 45
6 25 16
6 25 25
6 25 34
6 25 17
6 25 26
6 25 27
6 25 36
6 25 44
6 25 46
6 48 49
6 48 48
6 57 79
6 57 47
6 57 56
6 57 58
6 57 59
6 57 66
6 57 69
6 57 75
6 57 87
6 57 38
6 57 68
6 57 76
6 62 33
6 62 40
6 62 42
6 62 43
6 62 60
6 62 71
6 62 51
6 62 52
6 62 53
6 62 54
6 62 62
6 62 63
6 62 73
6 62 90
6 62 55
6 62 82
6 64 84
6 64 85
6 64 64
6 91 93
6 97 88
6 97 94
6 97 96
6 97 99
6 97 77
6 97 78
6 97 95
7 11 0
7 11 1
7 11 3
7 11 11
7 11 12
7 11 22
7 11 31
7 11 32
7 11 10
7 11 23
7 11 41
7 18 6
7 18 7
7 18 8
7 18 19
7 18 28
7 25 4
7 25 5
7 25 13
7 25 14
7 25 15
7 25 24
7 25 45
7 25 34
7 25 27
7 25 36
7 48 49
7 48 48
7 57 79
7 57 89
7 57 47
7 57 56
7 57 57
7 57 58
7 57 59
7 57 66
7 57 67
7 57 69
7 57 75
7 57 26
7 57 38
7 57 46
7 57 68
7 62 33
7 62 40
7 62 42
7 62 50
7 62 61
7 62 71
7 62 51
7 62 52
7 62 53
7 62 62
7 62 63
7 62 70
7 62 73
7 62 74
7 62 80
7 62 83
7 62 90
7 62 92
7 62 44
7 62 55
7 62 72
7 62 82
7 64 85
7 64 64
7 91 91
7 97 88
7 97 94
7 97 96
7 97 97
7 97 98
7 97 77
7 97 78
7 97 86
7 97 95
8 11 0
8 11 11
8 11 21
8 11 22
8 11 30
8 11 32
8 11 10
8 11 41
8 18 9
8 18 18
8 25 5
8 25 13
8 25 14
8 25 15
8 25 24
8 25 35
8 25 16
8 25 34
8 25 17
8 25 26
8 25 46
8 25 37
8 48 48
8 57 89
8 57 47
8 57 56
8 57 57
8 57 65
8 57 66
8 57 67
8 57 69
8 57 68
8 62 40
8 62 42
8 62 43
8 62 50
8 62 60
8 62 52
8 62 53
8 62 54
8 62 62
8 62 63
8 62 74
8 62 90
8 62 92
8 62 44
8 62 55
8 62 72
8 62 82
8 64 64
8 91 81
8 91 91
8 97 88
8 97 94
8 97 96
8 97 97
8 97 98
8 97 99
8 97 77
9 11 0
9 11 2
9 11 3
9 11 11
9 11 20
9 11 21
9 11 22
9 11 32
9 18 6
9 18 8
9 18 18
9 18 19
9 18 28
9 18 16
9 18 29
9 18 39
9 18 17
9 18 26
9 18 27
9 18 36
9 18 38
9 18 37
9 25 4
9 25 15
9 25 35
9 48 48
9 57 79
9 57 56
9 57 57
9 57 58
9 57 59
9 57 69
9 57 87
9 57 46
9 57 55
9 57 68
9 62 33
9 62 40
9 62 42
9 62 50
9 62 61
9 62 71
9 62 52
9 62 54
9 62 74
9 62 44
9 62 82
9 64 64
9 91 93
9 97 96
9 97 97
9 97 98
9 97 99
9 97 86
10 11 0
10 11 2
10 11 3
10 11 20
10 11 21
10 11 22
10 11 10
10 11 23
10 18 7
10 18 18
10 18 19
10 25 4
10 25 45
10 25 25
10 25 34
10 25 26
10 25 27
10 25 36
10 25 44
10 25 46
10 48 48
10 57 56
10 57 57
10 57 67
10 57 75
10 62 61
10 62 51
10 62 53
10 62 63
10 62 90
10 62 92
10 64 -1
10 91 81
10 97 97
10 97 78
10 97 86
11 11 31
11 18 -1
11 25 4
11 25 13
11 25 45
11 25 16
11 25 34
11 25 46
11 48 48
11 57 89
11 62 60
11 62 41
11 64 64
11 91 -1
11 97 99
--- Done ---
