0 64 53
0 64 54
0 64 64
0 64 65
0 64 75
1 12 10
1 12 13
1 12 14
1 12 23
1 17 5
1 17 18
1 64 34
1 64 52
1 64 53
1 64 54
1 64 55
1 64 63
1 64 64
1 64 71
1 64 75
1 64 77
1 64 85
1 68 47
1 68 58
1 68 65
1 68 69
1 68 99
1 72 50
1 72 73
2 12 1
2 12 2
2 12 10
2 12 14
2 12 20
2 12 23
2 12 24
2 12 25
2 12 36
2 12 40
2 12 51
2 17 4
2 17 7
2 17 11
2 17 16
2 17 17
2 17 18
2 17 26
2 17 28
2 17 29
2 64 6
2 64 53
2 64 61
2 64 64
2 64 66
2 64 75
2 64 78
2 64 81
2 64 82
2 68 38
2 68 49
2 68 54
2 68 59
2 68 65
2 68 69
2 68 89
2 72 31
2 72 63
2 72 72
2 72 80
2 72 83
2 72 92
2 72 93
2 72 94
2 72 95
3 12 0
3 12 1
3 12 2
3 12 3
3 12 4
3 12 12
3 12 22
3 12 24
3 12 30
3 12 31
3 12 41
3 12 51
3 17 5
3 17 6
3 17 7
3 17 8
3 17 9
3 17 11
3 17 16
3 17 18
3 17 19
3 17 28
3 17 46
3 17 48
3 17 54
3 64 34
3 64 42
3 64 43
3 64 55
3 64 64
3 64 75
3 64 76
3 64 81
3 64 87
3 68 38
3 68 49
3 68 58
3 68 59
3 68 68
3 68 69
3 68 89
3 68 98
3 68 99
3 72 40
3 72 50
3 72 61
3 72 70
3 72 72
3 72 80
3 72 91
3 72 94
3 72 95
3 92 60
3 92 65
3 92 71
3 92 83
3 92 90
3 92 92
3 92 93
4 12 0
4 12 1
4 12 2
4 12 3
4 12 6
4 12 12
4 12 13
4 12 14
4 12 15
4 12 20
4 12 21
4 12 23
4 12 24
4 12 25
4 12 26
4 12 31
4 12 32
4 12 33
4 12 36
4 12 40
4 12 41
4 17 5
4 17 7
4 17 8
4 17 9
4 17 11
4 17 27
4 17 37
4 17 39
4 17 45
4 17 46
4 64 43
4 64 53
4 64 55
4 64 57
4 64 61
4 64 63
4 64 64
4 64 66
4 64 75
4 64 76
4 64 77
4 64 78
4 64 82
4 64 83
4 64 85
4 64 87
4 64 95
4 64 96
4 68 38
4 68 54
4 68 58
4 68 59
4 68 65
4 68 67
4 68 69
4 68 79
4 68 88
4 68 89
4 68 97
4 68 98
4 68 99
4 72 50
4 72 52
4 72 60
4 72 62
4 72 72
4 72 73
4 72 80
4 72 81
4 72 91
4 72 94
4 92 90
4 92 92
5 12 0
5 12 2
5 12 6
5 12 12
5 12 13
5 12 20
5 12 21
5 12 22
5 12 23
5 12 26
5 12 31
5 12 32
5 12 36
5 12 40
5 12 41
5 12 44
5 12 74
5 17 4
5 17 5
5 17 7
5 17 8
5 17 9
5 17 11
5 17 15
5 17 16
5 17 17
5 17 18
5 17 19
5 17 27
5 17 29
5 17 34
5 17 37
5 17 39
5 17 45
5 17 46
5 17 47
5 17 48
5 17 54
5 64 42
5 64 43
5 64 51
5 64 52
5 64 55
5 64 64
5 64 66
5 64 86
5 64 95
5 64 96
5 68 38
5 68 49
5 68 56
5 68 58
5 68 59
5 68 68
5 68 69
5 68 76
5 68 77
5 68 78
5 68 79
5 68 84
5 68 85
5 68 88
5 68 89
5 68 97
5 68 98
5 68 99
5 72 50
5 72 53
5 72 61
5 72 62
5 72 63
5 72 70
5 72 71
5 72 72
5 72 73
5 72 82
5 72 83
5 72 91
5 72 94
5 92 60
5 92 65
5 92 75
5 92 81
5 92 90
5 92 92
5 92 93
6 12 0
6 12 1
6 12 2
6 12 3
6 12 4
6 12 10
6 12 11
6 12 12
6 12 13
6 12 20
6 12 23
6 12 24
6 12 32
6 12 33
6 12 41
6 17 5
6 17 7
6 17 9
6 17 14
6 17 15
6 17 16
6 17 17
6 17 18
6 17 19
6 17 25
6 17 26
6 17 27
6 17 29
6 17 34
6 17 36
6 17 45
6 17 47
6 64 6
6 64 35
6 64 42
6 64 43
6 64 46
6 64 51
6 64 52
6 64 53
6 64 55
6 64 56
6 64 64
6 64 66
6 64 73
6 64 76
6 64 78
6 64 82
6 64 87
6 64 96
6 68 28
6 68 38
6 68 48
6 68 49
6 68 58
6 68 59
6 68 68
6 68 69
6 68 75
6 68 77
6 68 79
6 68 84
6 68 88
6 68 99
6 72 31
6 72 40
6 72 44
6 72 60
6 72 62
6 72 63
6 72 71
6 72 85
6 72 95
6 92 54
6 92 90
6 92 93
6 92 94
7 12 0
7 12 1
7 12 3
7 12 4
7 12 10
7 12 11
7 12 12
7 12 13
7 12 15
7 12 22
7 12 23
7 12 24
7 12 26
7 12 31
7 12 33
7 12 40
7 12 41
7 12 44
7 12 51
7 12 74
7 17 5
7 17 7
7 17 8
7 17 14
7 17 19
7 17 27
7 17 28
7 17 46
7 17 47
7 17 48
7 64 6
7 64 32
7 64 34
7 64 36
7 64 42
7 64 45
7 64 52
7 64 53
7 64 55
7 64 56
7 64 57
7 64 61
7 64 62
7 64 63
7 64 64
7 64 73
7 64 75
7 64 77
7 64 78
7 64 82
7 64 83
7 64 86
7 64 96
7 68 38
7 68 49
7 68 58
7 68 59
7 68 66
7 68 67
7 68 68
7 68 69
7 68 79
7 68 88
7 68 89
7 68 97
7 68 98
7 72 50
7 72 72
7 72 85
7 92 70
7 92 71
7 92 80
7 92 90
7 92 91
7 92 92
7 92 94
7 92 95
8 12 0
8 12 10
8 12 13
8 12 14
8 12 15
8 12 21
8 12 22
8 12 24
8 12 26
8 12 30
8 12 41
8 17 5
8 17 9
8 17 16
8 17 17
8 17 18
8 17 35
8 64 11
8 64 32
8 64 34
8 64 42
8 64 43
8 64 44
8 64 46
8 64 52
8 64 53
8 64 54
8 64 55
8 64 57
8 64 64
8 64 65
8 64 66
8 64 74
8 64 77
8 64 81
8 64 82
8 64 96
8 68 37
8 68 47
8 68 48
8 68 56
8 68 63
8 68 67
8 68 68
8 68 69
8 68 88
8 68 89
8 68 97
8 68 98
8 68 99
8 72 40
8 72 50
8 72 60
8 72 62
8 72 72
8 72 91
8 72 94
8 92 90
8 92 92
9 12 0
9 12 2
9 12 3
9 12 15
9 12 20
9 12 21
9 12 22
9 12 26
9 12 33
9 17 4
9 17 8
9 17 16
9 17 17
9 17 18
9 17 19
9 17 27
9 17 28
9 17 29
9 17 37
9 17 39
9 64 6
9 64 11
9 64 32
9 64 35
9 64 36
9 64 42
9 64 44
9 64 52
9 64 54
9 64 55
9 64 56
9 64 57
9 64 61
9 64 64
9 64 71
9 64 74
9 64 82
9 64 86
9 64 87
9 64 96
9 68 38
9 68 46
9 68 48
9 68 58
9 68 59
9 68 68
9 68 69
9 68 79
9 68 97
9 68 98
9 68 99
9 72 40
9 72 50
9 72 93
9 92 -1
10 12 0
10 12 2
10 12 3
10 12 4
10 12 10
10 12 20
10 12 21
10 12 22
10 12 23
10 12 25
10 12 26
10 17 7
10 17 18
10 17 19
10 17 27
10 17 46
10 17 48
10 64 34
10 64 36
10 64 44
10 64 45
10 64 51
10 64 53
10 64 56
10 64 61
10 64 75
10 64 78
10 64 81
10 64 86
10 68 57
10 68 63
10 68 67
10 68 97
10 72 -1
10 92 90
10 92 92
11 12 4
11 12 13
11 12 31
11 12 41
11 17 16
11 17 46
11 17 48
11 64 34
11 64 45
11 64 64
11 68 89
11 68 99
11 72 60
11 92 -1
--- Done ---
