0 64 53
0 64 54
0 64 64
0 64 65
0 72 75
1 64 5
1 64 14
1 64 18
1 64 23
1 64 34
1 64 47
1 64 53
1 64 54
1 64 55
1 64 63
1 64 64
1 64 65
1 64 69
1 64 77
1 64 85
1 64 99
1 72 10
1 72 13
1 72 50
1 72 52
1 72 58
1 72 71
1 72 73
1 72 75
2 64 1
2 64 4
2 64 6
2 64 7
2 64 11
2 64 14
2 64 16
2 64 17
2 64 18
2 64 23
2 64 24
2 64 25
2 64 28
2 64 29
2 64 36
2 64 38
2 64 49
2 64 51
2 64 53
2 64 54
2 64 59
2 64 63
2 64 64
2 64 66
2 64 69
2 64 78
2 64 83
2 64 89
2 64 95
2 72 2
2 72 10
2 72 20
2 72 26
2 72 31
2 72 40
2 72 61
2 72 65
2 72 72
2 72 75
2 72 80
2 72 81
2 72 82
2 72 92
2 72 93
2 72 94
3 64 1
3 64 3
3 64 4
3 64 5
3 64 6
3 64 7
3 64 9
3 64 11
3 64 12
3 64 16
3 64 18
3 64 19
3 64 24
3 64 28
3 64 34
3 64 38
3 64 42
3 64 43
3 64 46
3 64 48
3 64 49
3 64 51
3 64 54
3 64 55
3 64 59
3 64 64
3 64 68
3 64 69
3 64 76
3 64 83
3 64 87
3 64 92
3 72 0
3 72 2
3 72 8
3 72 22
3 72 30
3 72 31
3 72 40
3 72 41
3 72 50
3 72 58
3 72 60
3 72 61
3 72 65
3 72 70
3 72 71
3 72 72
3 72 75
3 72 80
3 72 81
3 72 90
3 72 91
3 72 94
4 64 1
4 64 3
4 64 5
4 64 6
4 64 7
4 64 9
4 64 11
4 64 12
4 64 14
4 64 15
4 64 23
4 64 24
4 64 25
4 64 32
4 64 36
4 64 37
4 64 38
4 64 39
4 64 43
4 64 45
4 64 46
4 64 53
4 64 54
4 64 55
4 64 57
4 64 59
4 64 63
4 64 64
4 64 66
4 64 79
4 72 0
4 72 2
4 72 8
4 72 13
4 72 20
4 72 21
4 72 26
4 72 27
4 72 31
4 72 33
4 72 40
4 72 41
4 72 50
4 72 52
4 72 58
4 72 60
4 72 61
4 72 62
4 72 65
4 72 67
4 72 69
4 72 72
4 72 73
4 72 82
5 64 4
5 64 5
5 64 6
5 64 7
5 64 9
5 64 11
5 64 12
5 64 15
5 64 16
5 64 17
5 64 18
5 64 19
5 64 23
5 64 29
5 64 32
5 64 34
5 64 36
5 64 37
5 64 38
5 64 39
5 64 42
5 64 43
5 64 44
5 64 45
5 64 46
5 64 47
5 64 48
5 64 49
5 64 51
5 64 53
5 64 54
5 64 56
5 64 63
5 72 0
5 72 2
5 72 8
5 72 13
5 72 20
5 72 21
5 72 22
5 72 26
5 72 27
5 72 31
5 72 40
5 72 41
5 72 50
5 72 52
5 72 55
5 72 58
5 72 59
5 72 60
5 72 61
5 72 62
5 72 64
5 72 66
5 72 68
5 72 69
5 72 70
6 64 1
6 64 3
6 64 4
6 64 5
6 64 6
6 64 7
6 64 9
6 64 11
6 64 12
6 64 14
6 64 15
6 64 16
6 64 17
6 64 18
6 64 19
6 64 23
6 64 24
6 64 25
6 64 28
6 64 29
6 64 32
6 64 34
6 64 35
6 64 36
6 64 38
6 64 42
6 64 43
6 64 44
6 72 0
6 72 2
6 72 10
6 72 13
6 72 20
6 72 26
6 72 27
6 72 31
6 72 33
6 72 40
6 72 41
6 72 45
6 72 46
6 72 47
6 72 48
6 72 49
6 72 51
6 72 52
6 72 53
6 72 54
6 72 55
6 72 56
6 72 58
6 72 59
6 72 60
7 64 1
7 64 3
7 64 4
7 64 5
7 64 6
7 64 7
7 64 11
7 64 12
7 64 14
7 64 15
7 64 19
7 64 23
7 64 24
7 64 28
7 64 32
7 64 34
7 64 36
7 64 38
7 64 42
7 64 44
7 64 45
7 64 46
7 64 47
7 64 48
7 64 49
7 64 51
7 64 53
7 64 55
7 64 56
7 64 57
7 64 59
7 64 63
7 64 64
7 64 66
7 64 67
7 72 0
7 72 8
7 72 10
7 72 13
7 72 22
7 72 26
7 72 27
7 72 31
7 72 33
7 72 40
7 72 41
7 72 50
7 72 52
7 72 58
7 72 61
7 72 62
7 72 68
7 72 69
7 72 70
7 72 71
7 72 72
7 72 73
7 72 74
7 72 75
7 72 77
7 72 78
7 72 79
7 72 80
7 72 82
7 72 83
7 72 85
7 72 86
7 72 88
7 72 89
7 72 91
8 64 5
8 64 9
8 64 11
8 64 14
8 64 15
8 64 16
8 64 17
8 64 18
8 64 24
8 64 32
8 64 34
8 64 35
8 64 37
8 64 42
8 64 43
8 64 44
8 64 46
8 64 47
8 64 48
8 64 53
8 64 54
8 64 55
8 64 56
8 64 57
8 64 63
8 64 64
8 64 65
8 64 66
8 64 67
8 64 68
8 64 69
8 64 74
8 64 89
8 72 0
8 72 10
8 72 13
8 72 21
8 72 22
8 72 26
8 72 30
8 72 40
8 72 41
8 72 50
8 72 52
8 72 60
8 72 62
8 72 72
8 72 77
8 72 81
8 72 82
8 72 88
8 72 90
8 72 91
8 72 92
8 72 94
8 72 96
8 72 97
8 72 98
8 72 99
9 64 3
9 64 4
9 64 6
9 64 11
9 64 15
9 64 16
9 64 17
9 64 18
9 64 19
9 64 28
9 64 29
9 64 32
9 64 35
9 64 36
9 64 37
9 64 38
9 64 39
9 64 42
9 64 44
9 64 46
9 64 48
9 64 54
9 64 55
9 64 56
9 64 57
9 64 59
9 64 64
9 64 68
9 64 69
9 64 74
9 64 79
9 64 86
9 64 87
9 64 96
9 64 97
9 64 98
9 64 99
9 72 0
9 72 2
9 72 8
9 72 20
9 72 21
9 72 22
9 72 26
9 72 27
9 72 33
9 72 40
9 72 50
9 72 52
9 72 58
9 72 61
9 72 71
9 72 82
9 72 93
10 64 3
10 64 4
10 64 7
10 64 18
10 64 19
10 64 23
10 64 25
10 64 34
10 64 36
10 64 44
10 64 45
10 64 46
10 64 48
10 64 51
10 64 53
10 64 56
10 64 57
10 64 63
10 64 67
10 64 78
10 64 86
10 64 97
10 72 0
10 72 2
10 72 10
10 72 20
10 72 21
10 72 22
10 72 26
10 72 27
10 72 61
10 72 75
10 72 81
10 72 90
10 72 92
11 64 4
11 64 16
11 64 34
11 64 45
11 64 46
11 64 48
11 64 64
11 64 89
11 64 99
11 72 13
11 72 31
11 72 41
11 72 60
--- Done ---
