0 64 53
0 64 54
0 64 64
0 64 65
0 64 75
1 16 5
1 16 14
1 16 18
1 16 13
1 16 23
1 16 47
1 32 10
1 32 50
1 32 52
1 32 53
1 32 55
1 64 71
1 64 64
1 64 65
1 64 73
1 64 75
1 64 77
1 64 85
1 64 63
1 64 34
1 64 54
1 68 58
1 68 69
1 68 99
2 16 14
2 16 7
2 16 16
2 16 18
2 16 26
2 16 6
2 16 36
2 28 29
2 28 28
2 32 1
2 32 2
2 32 10
2 32 20
2 32 31
2 32 40
2 32 4
2 32 11
2 32 23
2 32 24
2 32 51
2 32 53
2 32 61
2 32 17
2 32 25
2 32 63
2 32 54
2 64 64
2 68 69
2 68 89
2 68 38
2 68 49
2 68 59
2 68 78
2 68 66
2 92 80
2 92 93
2 92 94
2 92 72
2 92 81
2 92 82
2 92 83
2 92 92
2 92 65
2 92 75
2 92 95
3 0 0
3 16 5
3 16 3
3 16 7
3 16 8
3 16 16
3 16 18
3 16 19
3 16 24
3 16 6
3 28 9
3 28 28
3 32 40
3 32 1
3 32 2
3 32 22
3 32 30
3 32 31
3 32 41
3 32 42
3 32 43
3 32 50
3 32 51
3 32 55
3 32 61
3 32 70
3 32 4
3 32 11
3 32 12
3 32 46
3 32 54
3 64 87
3 64 64
3 64 65
3 64 75
3 64 95
3 64 34
3 68 68
3 68 69
3 68 89
3 68 98
3 68 99
3 68 38
3 68 48
3 68 49
3 68 58
3 68 59
3 68 76
3 92 60
3 92 80
3 92 90
3 92 91
3 92 93
3 92 94
3 92 71
3 92 72
3 92 81
3 92 83
3 92 92
4 0 0
4 0 1
4 0 2
4 0 3
4 0 14
4 0 20
4 0 21
4 0 31
4 0 41
4 0 50
4 16 5
4 16 15
4 16 23
4 16 24
4 16 33
4 16 45
4 28 9
4 28 7
4 28 8
4 28 26
4 28 27
4 28 39
4 28 6
4 28 36
4 32 40
4 32 32
4 32 43
4 32 52
4 32 53
4 32 55
4 32 61
4 32 62
4 32 11
4 32 12
4 32 13
4 32 25
4 32 63
4 32 54
4 64 87
4 64 96
4 64 64
4 68 69
4 68 79
4 68 88
4 68 89
4 68 97
4 68 98
4 68 99
4 68 38
4 68 57
4 68 58
4 68 59
4 68 67
4 68 76
4 68 77
4 68 78
4 68 85
4 68 37
4 68 66
4 68 75
4 68 46
4 92 60
4 92 80
4 92 90
4 92 91
4 92 94
4 92 72
4 92 81
4 92 82
4 92 83
4 92 92
4 92 65
4 92 73
4 92 95
5 0 0
5 0 2
5 0 20
5 0 21
5 0 22
5 0 31
5 0 41
5 0 50
5 16 5
5 16 15
5 16 7
5 16 8
5 16 16
5 16 18
5 16 19
5 16 23
5 16 26
5 16 27
5 16 39
5 16 45
5 16 6
5 16 36
5 28 9
5 28 29
5 32 40
5 32 32
5 32 42
5 32 43
5 32 44
5 32 52
5 32 53
5 32 55
5 32 62
5 32 74
5 32 4
5 32 11
5 32 12
5 32 13
5 32 17
5 32 34
5 32 46
5 32 51
5 32 70
5 64 86
5 64 96
5 64 56
5 64 64
5 64 66
5 64 84
5 64 95
5 64 61
5 64 71
5 64 72
5 64 73
5 64 81
5 64 82
5 64 92
5 64 54
5 68 68
5 68 69
5 68 79
5 68 88
5 68 89
5 68 97
5 68 98
5 68 99
5 68 38
5 68 48
5 68 49
5 68 58
5 68 59
5 68 76
5 68 77
5 68 78
5 68 85
5 68 37
5 68 47
5 90 90
5 92 60
5 92 93
5 92 94
5 92 83
5 92 91
5 92 65
5 92 75
5 92 63
6 0 0
6 0 1
6 0 2
6 0 3
6 0 10
6 0 14
6 0 20
6 0 31
6 0 41
6 16 5
6 16 15
6 16 16
6 16 23
6 16 24
6 16 33
6 16 45
6 16 36
6 28 9
6 28 29
6 28 7
6 28 18
6 28 19
6 28 26
6 28 27
6 28 38
6 28 48
6 28 49
6 28 58
6 28 59
6 28 6
6 28 17
6 28 25
6 28 28
6 28 47
6 32 40
6 32 32
6 32 42
6 32 43
6 32 44
6 32 52
6 32 53
6 32 55
6 32 62
6 32 4
6 32 11
6 32 12
6 32 13
6 32 35
6 32 46
6 32 51
6 32 73
6 32 54
6 64 87
6 64 96
6 64 64
6 64 71
6 64 82
6 68 68
6 68 69
6 68 79
6 68 88
6 68 99
6 68 76
6 68 77
6 68 78
6 68 85
6 68 56
6 68 66
6 68 75
6 68 84
6 68 95
6 68 34
6 68 63
6 90 90
6 92 60
6 92 93
6 92 94
7 0 0
7 0 1
7 0 10
7 0 22
7 0 31
7 0 41
7 0 50
7 16 5
7 16 15
7 16 3
7 16 7
7 16 8
7 16 14
7 16 19
7 16 23
7 16 24
7 16 26
7 16 27
7 16 33
7 16 45
7 16 4
7 16 6
7 16 12
7 16 13
7 16 36
7 16 47
7 28 28
7 32 40
7 32 32
7 64 86
7 64 96
7 64 42
7 64 44
7 64 52
7 64 53
7 64 55
7 64 62
7 64 74
7 64 83
7 64 11
7 64 51
7 64 61
7 64 64
7 64 71
7 64 72
7 64 73
7 64 82
7 64 63
7 68 68
7 68 69
7 68 79
7 68 88
7 68 89
7 68 97
7 68 98
7 68 38
7 68 48
7 68 49
7 68 57
7 68 58
7 68 59
7 68 67
7 68 77
7 68 78
7 68 85
7 68 56
7 68 66
7 68 75
7 68 95
7 68 34
7 68 46
7 90 90
7 90 91
7 90 70
7 92 94
7 92 80
7 92 92
8 0 0
8 0 10
8 0 21
8 0 22
8 0 30
8 16 5
8 16 15
8 16 14
8 16 16
8 16 18
8 16 24
8 16 26
8 28 9
8 32 40
8 32 32
8 32 41
8 32 42
8 32 43
8 32 44
8 32 50
8 32 52
8 32 53
8 32 55
8 32 62
8 32 74
8 32 11
8 32 13
8 32 17
8 32 35
8 64 96
8 64 64
8 68 68
8 68 69
8 68 88
8 68 89
8 68 97
8 68 98
8 68 99
8 68 48
8 68 57
8 68 67
8 68 77
8 68 37
8 68 47
8 68 56
8 68 65
8 68 66
8 68 34
8 68 46
8 68 63
8 68 54
8 90 90
8 92 60
8 92 94
8 92 91
8 92 72
8 92 81
8 92 82
8 92 92
9 0 0
9 0 2
9 0 3
9 0 20
9 0 21
9 0 22
9 0 50
9 0 4
9 0 11
9 16 15
9 16 16
9 28 29
9 28 8
9 28 18
9 28 19
9 28 26
9 28 27
9 28 38
9 28 39
9 28 48
9 28 58
9 28 59
9 28 6
9 28 17
9 28 28
9 28 36
9 28 37
9 28 56
9 28 46
9 32 40
9 32 32
9 32 33
9 64 86
9 64 87
9 64 96
9 64 42
9 64 44
9 64 52
9 64 55
9 64 74
9 64 35
9 64 61
9 64 64
9 64 71
9 64 82
9 64 54
9 68 68
9 68 69
9 68 79
9 68 97
9 68 98
9 68 99
9 68 57
9 90 -1
9 92 93
10 0 0
10 0 2
10 0 3
10 0 10
10 0 20
10 0 21
10 0 22
10 0 4
10 16 7
10 16 18
10 16 19
10 16 23
10 16 26
10 16 27
10 16 45
10 16 25
10 16 36
10 16 34
10 28 -1
10 32 -1
10 64 86
10 64 44
10 64 53
10 64 51
10 64 61
10 64 81
10 68 97
10 68 48
10 68 57
10 68 67
10 68 78
10 68 56
10 68 75
10 68 46
10 68 63
10 90 90
10 92 92
11 0 -1
11 16 16
11 16 45
11 28 -1
11 32 31
11 32 41
11 32 4
11 32 13
11 32 34
11 32 46
11 64 64
11 68 89
11 68 99
11 68 48
11 90 -1
11 92 60
--- Done ---
