0 24 12
0 24 13
0 24 22
0 24 23
0 24 24
1 19 6
1 19 8
1 19 9
1 22 20
1 22 22
1 22 30
1 22 32
1 22 40
1 22 43
1 24 4
1 24 12
1 24 15
1 24 23
1 24 24
1 24 33
1 24 34
1 24 54
1 37 17
1 37 26
1 37 28
1 37 35
1 37 37
1 37 38
1 37 39
1 37 45
1 37 46
1 37 48
1 37 55
1 37 56
1 71 51
1 71 61
1 71 71
1 71 81
1 71 90
1 71 91
1 77 59
1 77 66
1 77 68
1 77 86
1 77 96
1 77 97
1 77 98
1 83 62
1 83 72
1 83 73
1 83 74
1 83 76
1 83 94
2 13 5
2 13 11
2 13 13
2 13 25
2 19 6
2 19 19
2 22 0
2 22 2
2 22 3
2 22 10
2 22 12
2 22 24
2 22 32
2 37 26
2 37 36
2 37 37
2 37 38
2 37 46
2 37 48
2 37 55
2 71 50
2 71 73
2 71 74
2 71 90
2 77 64
2 77 66
2 77 67
2 77 69
2 77 78
2 77 79
2 77 86
2 77 87
2 77 97
2 83 62
2 83 63
2 83 83
2 83 91
2 83 92
2 83 93
2 83 94
2 83 95
2 84 57
3 13 1
3 13 15
3 13 22
3 13 23
3 13 24
3 13 25
3 13 31
3 19 8
3 19 9
3 19 18
3 37 7
3 37 16
3 37 27
3 37 36
3 37 37
3 37 45
3 37 47
3 52 21
3 52 33
3 52 43
3 52 50
3 52 51
3 52 65
3 82 54
3 82 61
3 82 62
3 82 64
3 82 72
3 82 80
3 82 82
3 82 83
3 82 90
3 82 93
3 84 73
3 84 84
3 84 94
3 87 66
3 87 68
3 87 75
3 87 86
3 87 88
3 87 89
3 87 97
3 87 98
4 6 3
4 6 5
4 6 6
4 6 15
4 6 25
4 12 2
4 12 4
4 12 11
4 12 12
4 12 14
4 12 20
4 12 22
4 12 53
4 37 26
4 37 27
4 37 29
4 37 35
4 37 39
4 37 46
4 37 47
4 37 48
4 37 56
4 52 34
4 52 43
4 52 44
4 52 51
4 52 52
4 52 61
4 52 63
4 52 74
4 82 62
4 82 64
4 82 73
4 82 80
4 82 83
4 82 91
4 82 92
4 84 57
4 84 72
4 84 84
4 87 65
4 87 67
4 87 75
4 87 85
4 87 87
4 87 88
4 87 98
5 6 3
5 6 5
5 6 15
5 6 18
5 6 25
5 12 0
5 12 1
5 12 11
5 12 12
5 12 22
5 12 24
5 12 32
5 37 7
5 37 16
5 37 26
5 37 28
5 37 29
5 37 36
5 37 39
5 37 45
5 37 46
5 37 47
5 52 30
5 52 31
5 52 42
5 52 44
5 52 53
5 52 54
5 52 62
5 52 64
5 52 65
5 52 71
5 68 67
5 68 76
5 68 77
5 68 79
5 68 98
5 84 73
5 84 75
5 84 82
5 84 84
5 84 85
5 84 93
5 84 94
5 84 96
6 8 18
6 8 19
6 13 1
6 13 4
6 13 5
6 13 15
6 13 25
6 13 31
6 13 44
6 22 0
6 22 11
6 22 20
6 22 22
6 22 40
6 22 43
6 37 7
6 37 16
6 37 17
6 37 28
6 37 29
6 37 35
6 37 39
6 37 47
6 37 48
6 37 55
6 37 56
6 37 58
6 61 53
6 61 60
6 61 70
6 61 72
6 61 81
6 61 90
6 68 57
6 68 66
6 68 67
6 68 68
6 68 76
6 68 77
6 68 78
6 68 98
6 83 62
6 83 74
6 83 82
6 83 85
6 83 92
6 83 95
7 8 6
7 8 8
7 8 18
7 8 19
7 8 49
7 13 3
7 13 14
7 13 24
7 13 33
7 13 34
7 22 12
7 22 20
7 22 22
7 22 30
7 22 42
7 22 43
7 22 53
7 37 7
7 37 16
7 37 17
7 37 26
7 37 27
7 37 28
7 37 36
7 37 38
7 37 46
7 37 47
7 37 48
7 37 55
7 37 56
7 61 50
7 61 51
7 61 61
7 61 72
7 61 81
7 61 90
7 65 64
7 65 67
7 65 69
7 65 74
7 65 78
7 65 86
7 83 62
7 83 71
7 83 73
7 83 76
7 83 92
7 83 93
7 83 94
7 83 95
7 87 68
7 87 89
8 13 1
8 13 5
8 13 12
8 13 24
8 13 25
8 13 32
8 13 34
8 22 0
8 22 2
8 22 3
8 22 20
8 22 22
8 22 30
8 22 40
8 22 43
8 29 18
8 29 29
8 29 49
8 37 7
8 37 16
8 37 35
8 37 36
8 37 45
8 37 46
8 37 47
8 65 54
8 65 57
8 65 64
8 65 65
8 65 66
8 65 67
8 65 69
8 65 75
8 65 78
8 71 51
8 71 63
8 71 70
8 71 74
8 71 90
8 71 91
8 87 59
8 87 76
8 87 87
8 87 89
8 87 96
8 87 97
9 13 1
9 13 2
9 13 11
9 13 12
9 13 13
9 13 15
9 13 23
9 13 24
9 13 25
9 13 31
9 13 34
9 13 44
9 22 0
9 22 14
9 22 21
9 22 30
9 22 33
9 22 42
9 22 43
9 29 9
9 29 18
9 29 49
9 37 26
9 37 28
9 37 35
9 37 39
9 37 45
9 37 46
9 37 47
9 37 48
9 55 53
9 55 54
9 55 55
9 55 57
9 55 63
9 55 75
9 55 84
9 71 52
9 71 70
9 71 72
9 71 80
9 71 81
9 71 82
9 71 90
9 78 68
9 78 77
9 78 78
9 78 88
9 78 89
9 78 98
--- Done ---
