0 22 12
0 22 13
0 22 22
0 22 23
0 22 24
1 22 4
1 22 12
1 22 20
1 22 22
1 22 23
1 22 24
1 22 30
1 22 32
1 22 33
1 22 34
1 22 43
1 22 54
1 37 6
1 37 8
1 37 9
1 37 15
1 37 17
1 37 26
1 37 28
1 37 35
1 37 37
1 37 38
1 37 39
1 37 45
1 37 46
1 37 48
1 37 55
1 37 56
1 37 59
1 60 40
1 60 51
1 60 61
1 60 62
1 60 71
1 60 72
1 60 73
1 60 81
1 60 90
1 60 91
1 77 66
1 77 68
1 77 74
1 77 76
1 77 86
1 77 94
1 77 96
1 77 97
1 77 98
2 22 0
2 22 2
2 22 3
2 22 5
2 22 10
2 22 11
2 22 12
2 22 13
2 22 24
2 22 32
2 37 6
2 37 19
2 37 25
2 37 26
2 37 36
2 37 37
2 37 38
2 37 46
2 37 48
2 37 55
2 37 57
2 60 50
2 60 62
2 60 63
2 60 73
2 60 83
2 60 90
2 60 91
2 60 92
2 60 93
2 77 64
2 77 66
2 77 67
2 77 69
2 77 74
2 77 78
2 77 79
2 77 86
2 77 87
2 77 94
2 77 95
2 77 97
3 22 1
3 22 21
3 22 22
3 22 23
3 22 24
3 22 31
3 22 33
3 22 43
3 22 54
3 37 7
3 37 8
3 37 9
3 37 15
3 37 16
3 37 18
3 37 25
3 37 27
3 37 36
3 37 37
3 37 45
3 37 47
3 60 50
3 60 51
3 60 61
3 60 62
3 60 72
3 60 73
3 60 80
3 60 82
3 60 83
3 60 90
3 60 93
3 77 64
3 77 65
3 77 66
3 77 68
3 77 75
3 77 84
3 77 86
3 77 88
3 77 89
3 77 94
3 77 97
3 77 98
4 22 2
4 22 3
4 22 4
4 22 5
4 22 11
4 22 12
4 22 14
4 22 20
4 22 22
4 22 34
4 22 43
4 22 44
4 22 53
4 37 6
4 37 15
4 37 25
4 37 26
4 37 27
4 37 29
4 37 35
4 37 39
4 37 46
4 37 47
4 37 48
4 37 56
4 37 57
4 60 51
4 60 52
4 60 61
4 60 62
4 60 63
4 60 72
4 60 73
4 60 80
4 60 83
4 60 91
4 60 92
4 77 64
4 77 65
4 77 67
4 77 74
4 77 75
4 77 84
4 77 85
4 77 87
4 77 88
4 77 98
5 22 0
5 22 1
5 22 3
5 22 5
5 22 11
5 22 12
5 22 22
5 22 24
5 22 30
5 22 31
5 22 32
5 22 42
5 22 44
5 22 53
5 22 54
5 37 7
5 37 15
5 37 16
5 37 18
5 37 25
5 37 26
5 37 28
5 37 29
5 37 36
5 37 39
5 37 45
5 37 46
5 37 47
5 60 62
5 60 71
5 60 73
5 60 82
5 60 93
5 77 64
5 77 65
5 77 67
5 77 75
5 77 76
5 77 77
5 77 79
5 77 84
5 77 85
5 77 94
5 77 96
5 77 98
6 22 0
6 22 1
6 22 4
6 22 5
6 22 11
6 22 20
6 22 22
6 22 31
6 22 43
6 22 44
6 22 53
6 37 7
6 37 15
6 37 16
6 37 17
6 37 18
6 37 19
6 37 25
6 37 28
6 37 29
6 37 35
6 37 39
6 37 47
6 37 48
6 37 55
6 37 56
6 37 57
6 37 58
6 60 40
6 60 60
6 60 62
6 60 70
6 60 72
6 60 81
6 60 82
6 60 90
6 60 92
6 77 66
6 77 67
6 77 68
6 77 74
6 77 76
6 77 77
6 77 78
6 77 85
6 77 95
6 77 98
7 22 3
7 22 12
7 22 14
7 22 20
7 22 22
7 22 24
7 22 30
7 22 33
7 22 34
7 22 42
7 22 43
7 22 53
7 37 6
7 37 7
7 37 8
7 37 16
7 37 17
7 37 18
7 37 19
7 37 26
7 37 27
7 37 28
7 37 36
7 37 38
7 37 46
7 37 47
7 37 48
7 37 49
7 37 55
7 37 56
7 60 50
7 60 51
7 60 61
7 60 62
7 60 71
7 60 72
7 60 73
7 60 81
7 60 90
7 60 92
7 60 93
7 77 64
7 77 67
7 77 68
7 77 69
7 77 74
7 77 76
7 77 78
7 77 86
7 77 89
7 77 94
7 77 95
8 22 0
8 22 1
8 22 2
8 22 3
8 22 5
8 22 12
8 22 20
8 22 22
8 22 24
8 22 30
8 22 32
8 22 34
8 22 43
8 22 54
8 37 7
8 37 16
8 37 18
8 37 25
8 37 29
8 37 35
8 37 36
8 37 45
8 37 46
8 37 47
8 37 49
8 37 57
8 37 59
8 60 40
8 60 51
8 60 63
8 60 70
8 60 90
8 60 91
8 77 64
8 77 65
8 77 66
8 77 67
8 77 69
8 77 74
8 77 75
8 77 76
8 77 78
8 77 87
8 77 89
8 77 96
8 77 97
9 22 0
9 22 1
9 22 2
9 22 11
9 22 12
9 22 13
9 22 14
9 22 21
9 22 23
9 22 24
9 22 30
9 22 31
9 22 33
9 22 34
9 22 42
9 22 43
9 22 44
9 22 53
9 22 54
9 37 9
9 37 15
9 37 18
9 37 25
9 37 26
9 37 28
9 37 35
9 37 39
9 37 45
9 37 46
9 37 47
9 37 48
9 37 49
9 37 55
9 37 57
9 60 52
9 60 63
9 60 70
9 60 72
9 60 80
9 60 81
9 60 82
9 60 90
9 77 68
9 77 75
9 77 77
9 77 78
9 77 84
9 77 88
9 77 89
9 77 98
--- Done ---
