0 13 12
0 13 13
0 13 22
0 13 23
0 37 24
1 13 4
1 13 6
1 13 12
1 13 20
1 13 23
1 13 33
1 13 34
1 22 9
1 22 22
1 22 30
1 22 32
1 22 40
1 22 43
1 22 51
1 22 54
1 37 8
1 37 15
1 37 17
1 37 24
1 37 26
1 37 28
1 37 35
1 37 37
1 37 38
1 37 39
1 37 45
1 37 46
1 37 48
1 37 55
1 37 56
1 37 59
1 37 68
1 77 66
1 77 74
1 77 76
1 77 86
1 77 97
1 77 98
1 83 61
1 83 62
1 83 71
1 83 72
1 83 73
1 83 81
1 83 90
1 83 91
1 83 94
1 83 96
2 13 0
2 13 6
2 13 11
2 13 13
2 22 2
2 22 3
2 22 5
2 22 10
2 22 12
2 22 32
2 22 64
2 37 19
2 37 24
2 37 25
2 37 26
2 37 36
2 37 37
2 37 38
2 37 46
2 37 48
2 37 55
2 37 57
2 37 67
2 77 66
2 77 69
2 77 78
2 77 79
2 77 86
2 77 87
2 77 95
2 77 97
2 83 50
2 83 62
2 83 63
2 83 73
2 83 74
2 83 83
2 83 90
2 83 91
2 83 92
2 83 93
2 83 94
3 13 23
3 13 33
3 22 1
3 22 9
3 22 21
3 22 22
3 22 31
3 22 43
3 22 51
3 22 54
3 22 64
3 22 73
3 37 7
3 37 8
3 37 15
3 37 16
3 37 18
3 37 24
3 37 25
3 37 27
3 37 36
3 37 37
3 37 45
3 37 47
3 37 68
3 77 65
3 77 66
3 77 84
3 77 86
3 77 88
3 77 89
3 77 97
3 77 98
3 83 50
3 83 61
3 83 62
3 83 72
3 83 75
3 83 80
3 83 82
3 83 83
3 83 90
3 83 93
3 83 94
4 13 2
4 13 5
4 13 6
4 13 11
4 13 20
4 22 3
4 22 4
4 22 12
4 22 14
4 22 22
4 22 34
4 22 43
4 22 44
4 22 51
4 22 52
4 22 53
4 22 64
4 37 15
4 37 25
4 37 26
4 37 27
4 37 29
4 37 35
4 37 39
4 37 46
4 37 47
4 37 48
4 37 56
4 37 57
4 37 67
4 77 65
4 77 84
4 77 85
4 77 87
4 77 88
4 77 98
4 83 61
4 83 62
4 83 63
4 83 72
4 83 73
4 83 74
4 83 75
4 83 80
4 83 83
4 83 91
4 83 92
5 13 0
5 13 11
5 13 12
5 13 31
5 22 1
5 22 3
5 22 5
5 22 22
5 22 30
5 22 32
5 22 44
5 22 53
5 37 7
5 37 15
5 37 16
5 37 18
5 37 24
5 37 25
5 37 26
5 37 28
5 37 29
5 37 36
5 37 39
5 37 42
5 37 45
5 37 46
5 37 47
5 37 67
5 77 65
5 77 76
5 77 77
5 77 79
5 77 84
5 77 85
5 77 96
5 77 98
5 83 54
5 83 62
5 83 64
5 83 71
5 83 73
5 83 75
5 83 82
5 83 93
5 83 94
6 13 1
6 13 4
6 13 11
6 22 0
6 22 5
6 22 20
6 22 22
6 22 31
6 22 40
6 22 43
6 22 44
6 22 53
6 37 7
6 37 15
6 37 16
6 37 17
6 37 18
6 37 19
6 37 25
6 37 28
6 37 29
6 37 35
6 37 39
6 37 47
6 37 48
6 37 55
6 37 56
6 37 57
6 37 58
6 37 67
6 37 68
6 77 66
6 77 74
6 77 76
6 77 77
6 77 78
6 77 95
6 77 98
6 83 60
6 83 62
6 83 70
6 83 72
6 83 81
6 83 82
6 83 85
6 83 90
6 83 92
7 13 3
7 13 6
7 13 12
7 13 14
7 13 33
7 22 20
7 22 22
7 22 30
7 22 34
7 22 43
7 22 51
7 22 64
7 22 73
7 37 7
7 37 8
7 37 16
7 37 17
7 37 18
7 37 19
7 37 24
7 37 26
7 37 27
7 37 28
7 37 36
7 37 38
7 37 42
7 37 46
7 37 47
7 37 48
7 37 55
7 37 56
7 37 67
7 37 68
7 77 49
7 77 69
7 77 74
7 77 76
7 77 78
7 77 86
7 77 89
7 83 50
7 83 53
7 83 61
7 83 62
7 83 71
7 83 72
7 83 81
7 83 90
7 83 92
7 83 93
7 83 94
7 83 95
8 13 1
8 13 2
8 13 3
8 13 5
8 13 12
8 13 32
8 13 34
8 22 0
8 22 20
8 22 22
8 22 30
8 22 40
8 22 43
8 22 51
8 22 54
8 22 64
8 37 7
8 37 16
8 37 18
8 37 24
8 37 25
8 37 29
8 37 35
8 37 36
8 37 45
8 37 46
8 37 47
8 37 57
8 37 59
8 37 67
8 77 49
8 77 66
8 77 69
8 77 74
8 77 75
8 77 76
8 77 78
8 77 87
8 77 89
8 77 97
8 83 63
8 83 65
8 83 70
8 83 90
8 83 91
8 83 96
9 13 0
9 13 1
9 13 12
9 13 13
9 13 33
9 13 34
9 22 2
9 22 9
9 22 11
9 22 14
9 22 21
9 22 23
9 22 30
9 22 31
9 22 43
9 22 44
9 22 52
9 22 53
9 22 54
9 37 15
9 37 18
9 37 24
9 37 25
9 37 26
9 37 28
9 37 35
9 37 39
9 37 42
9 37 45
9 37 46
9 37 47
9 37 48
9 37 55
9 37 57
9 37 68
9 77 49
9 77 75
9 77 77
9 77 78
9 77 84
9 77 88
9 77 89
9 77 98
9 83 63
9 83 70
9 83 72
9 83 80
9 83 81
9 83 82
9 83 90
--- Done ---
