0 11 12
0 11 13
0 11 22
0 34 23
0 34 24
1 11 12
1 11 20
1 11 22
1 11 30
1 27 6
1 27 8
1 27 9
1 27 15
1 27 17
1 27 26
1 27 28
1 34 4
1 34 23
1 34 24
1 34 32
1 34 33
1 34 34
1 34 35
1 34 43
1 34 45
1 34 54
1 34 55
1 37 37
1 37 38
1 37 39
1 37 46
1 37 48
1 37 59
1 60 40
1 60 51
1 60 61
1 60 62
1 60 71
1 60 72
1 60 81
1 60 90
1 60 91
1 76 56
1 76 66
1 76 73
1 76 74
1 76 76
1 76 86
1 76 94
1 76 96
1 77 68
1 77 97
1 77 98
2 11 0
2 11 2
2 11 3
2 11 10
2 11 11
2 11 12
2 11 13
2 27 5
2 27 6
2 27 19
2 27 26
2 34 24
2 34 25
2 34 32
2 34 55
2 37 36
2 37 37
2 37 38
2 37 46
2 37 48
2 37 57
2 60 50
2 60 62
2 60 63
2 60 90
2 60 91
2 60 92
2 76 64
2 76 66
2 76 73
2 76 74
2 76 83
2 76 86
2 76 93
2 76 94
2 76 95
2 77 67
2 77 69
2 77 78
2 77 79
2 77 87
2 77 97
3 11 1
3 11 21
3 11 22
3 11 31
3 27 7
3 27 8
3 27 9
3 27 15
3 27 16
3 27 18
3 27 27
3 34 23
3 34 24
3 34 25
3 34 33
3 34 43
3 34 45
3 34 54
3 37 36
3 37 37
3 37 47
3 60 50
3 60 51
3 60 61
3 60 62
3 60 72
3 60 80
3 60 82
3 60 90
3 76 64
3 76 65
3 76 66
3 76 73
3 76 75
3 76 83
3 76 84
3 76 86
3 76 93
3 76 94
3 77 68
3 77 88
3 77 89
3 77 97
3 77 98
4 11 2
4 11 3
4 11 11
4 11 12
4 11 20
4 11 22
4 27 5
4 27 6
4 27 15
4 27 26
4 27 27
4 27 29
4 34 4
4 34 14
4 34 25
4 34 34
4 34 35
4 34 43
4 34 44
4 34 53
4 37 39
4 37 46
4 37 47
4 37 48
4 37 57
4 60 51
4 60 52
4 60 61
4 60 62
4 60 63
4 60 72
4 60 80
4 60 91
4 60 92
4 76 56
4 76 64
4 76 65
4 76 73
4 76 74
4 76 75
4 76 83
4 76 84
4 76 85
4 77 67
4 77 87
4 77 88
4 77 98
5 11 0
5 11 1
5 11 3
5 11 11
5 11 12
5 11 22
5 11 30
5 11 31
5 27 5
5 27 7
5 27 15
5 27 16
5 27 18
5 27 26
5 27 28
5 27 29
5 34 24
5 34 25
5 34 32
5 34 42
5 34 44
5 34 45
5 34 53
5 34 54
5 37 36
5 37 39
5 37 46
5 37 47
5 60 62
5 60 71
5 60 82
5 76 64
5 76 65
5 76 73
5 76 75
5 76 76
5 76 84
5 76 85
5 76 93
5 76 94
5 76 96
5 77 67
5 77 77
5 77 79
5 77 98
6 11 0
6 11 1
6 11 11
6 11 20
6 11 22
6 11 31
6 27 5
6 27 7
6 27 15
6 27 16
6 27 17
6 27 18
6 27 19
6 27 28
6 27 29
6 34 4
6 34 25
6 34 35
6 34 43
6 34 44
6 34 53
6 34 55
6 37 39
6 37 47
6 37 48
6 37 57
6 37 58
6 60 40
6 60 60
6 60 62
6 60 70
6 60 72
6 60 81
6 60 82
6 60 90
6 60 92
6 76 56
6 76 66
6 76 74
6 76 76
6 76 85
6 76 95
6 77 67
6 77 68
6 77 77
6 77 78
6 77 98
7 11 3
7 11 12
7 11 20
7 11 22
7 11 30
7 27 6
7 27 7
7 27 8
7 27 16
7 27 17
7 27 18
7 27 19
7 27 26
7 27 27
7 27 28
7 34 14
7 34 24
7 34 33
7 34 34
7 34 42
7 34 43
7 34 53
7 34 55
7 37 36
7 37 38
7 37 46
7 37 47
7 37 48
7 37 49
7 60 50
7 60 51
7 60 61
7 60 62
7 60 71
7 60 72
7 60 81
7 60 90
7 60 92
7 76 56
7 76 64
7 76 73
7 76 74
7 76 76
7 76 86
7 76 93
7 76 94
7 76 95
7 77 67
7 77 68
7 77 69
7 77 78
7 77 89
8 11 0
8 11 1
8 11 2
8 11 3
8 11 12
8 11 20
8 11 22
8 11 30
8 27 5
8 27 7
8 27 16
8 27 18
8 27 29
8 34 24
8 34 25
8 34 32
8 34 34
8 34 35
8 34 43
8 34 45
8 34 54
8 37 36
8 37 46
8 37 47
8 37 49
8 37 57
8 37 59
8 60 40
8 60 51
8 60 63
8 60 70
8 60 90
8 60 91
8 76 64
8 76 65
8 76 66
8 76 74
8 76 75
8 76 76
8 76 96
8 77 67
8 77 69
8 77 78
8 77 87
8 77 89
8 77 97
9 11 0
9 11 1
9 11 2
9 11 11
9 11 12
9 11 13
9 11 21
9 11 30
9 11 31
9 27 9
9 27 15
9 27 18
9 27 26
9 27 28
9 34 14
9 34 23
9 34 24
9 34 25
9 34 33
9 34 34
9 34 35
9 34 42
9 34 43
9 34 44
9 34 45
9 34 53
9 34 54
9 34 55
9 37 39
9 37 46
9 37 47
9 37 48
9 37 49
9 37 57
9 60 52
9 60 63
9 60 70
9 60 72
9 60 80
9 60 81
9 60 82
9 60 90
9 76 75
9 76 84
9 77 68
9 77 77
9 77 78
9 77 88
9 77 89
9 77 98
--- Done ---
