0 83 65
0 83 66
0 83 75
0 83 76
1 14 21
1 14 24
1 14 51
1 14 73
1 46 9
1 46 48
1 46 58
1 46 77
1 46 98
1 46 15
1 46 18
1 46 32
1 46 35
1 46 66
1 46 76
1 46 34
1 46 67
1 83 62
1 83 71
1 83 72
1 83 75
1 83 81
1 83 82
1 83 87
1 83 93
1 83 97
1 83 61
1 83 65
2 14 0
2 14 10
2 14 20
2 14 21
2 14 24
2 14 30
2 14 31
2 14 40
2 14 51
2 14 3
2 14 14
2 14 19
2 14 23
2 14 25
2 14 32
2 14 33
2 14 73
2 14 17
2 14 35
2 14 36
2 46 98
2 46 78
2 49 69
2 49 89
2 49 9
2 49 29
2 49 48
2 49 49
2 49 59
2 49 68
2 49 75
2 49 77
2 49 15
2 83 62
2 83 70
2 83 80
2 83 81
2 83 85
2 83 90
2 83 93
2 83 54
2 83 61
2 83 65
2 83 84
2 83 86
2 83 95
2 83 96
2 83 55
2 83 66
2 83 74
2 83 76
2 83 34
2 83 43
2 83 56
3 14 0
3 14 2
3 14 7
3 14 8
3 14 10
3 14 11
3 14 20
3 14 22
3 14 24
3 14 30
3 14 31
3 14 40
3 14 3
3 14 12
3 14 13
3 14 16
3 14 23
3 14 25
3 14 32
3 14 50
3 14 52
3 14 34
3 14 44
3 14 45
3 14 53
3 14 15
3 46 98
3 46 88
3 46 95
3 46 96
3 46 26
3 46 36
3 46 37
3 46 38
3 46 56
3 46 57
3 49 89
3 49 39
3 49 58
3 49 59
3 49 68
3 49 75
3 49 77
3 49 66
3 49 74
3 49 76
3 49 5
3 83 60
3 83 62
3 83 70
3 83 71
3 83 80
3 83 82
3 83 90
3 83 93
3 83 94
3 83 54
3 83 61
3 83 63
3 83 65
3 83 73
3 83 86
3 83 87
4 14 2
4 14 4
4 14 7
4 14 8
4 14 11
4 14 20
4 14 21
4 14 22
4 14 30
4 14 31
4 14 40
4 14 42
4 14 51
4 14 3
4 14 12
4 14 13
4 14 14
4 14 16
4 14 23
4 14 33
4 14 41
4 14 34
4 14 43
4 14 44
4 14 64
4 14 35
4 46 98
4 46 9
4 46 27
4 46 29
4 46 39
4 46 48
4 46 58
4 46 59
4 46 68
4 46 96
4 46 6
4 46 18
4 46 26
4 46 28
4 46 36
4 46 37
4 46 38
4 46 46
4 46 56
4 46 57
4 46 67
4 49 69
4 49 49
4 49 75
4 49 77
4 49 78
4 49 79
4 49 87
4 49 55
4 49 66
4 49 74
4 49 76
4 49 99
4 49 17
4 83 62
4 83 70
4 83 71
4 83 72
4 83 81
4 83 82
4 83 83
4 83 85
4 83 90
4 83 91
4 83 93
4 83 54
4 83 61
4 83 63
4 83 65
4 83 86
5 14 0
5 14 10
5 14 20
5 14 21
5 14 22
5 14 30
5 14 51
5 14 1
5 14 4
5 14 8
5 14 24
5 14 31
5 14 40
5 14 42
5 14 52
5 14 3
5 14 12
5 14 13
5 14 14
5 26 26
5 26 79
5 26 54
5 26 55
5 26 56
5 26 63
5 26 64
5 26 65
5 26 66
5 46 98
5 46 16
5 46 25
5 46 33
5 46 15
5 46 17
5 46 27
5 46 28
5 46 29
5 46 35
5 46 36
5 46 37
5 46 38
5 46 47
5 46 48
5 46 49
5 46 57
5 46 58
5 46 59
5 46 68
5 46 74
5 46 76
5 46 77
5 49 69
5 49 75
5 49 87
5 49 9
5 49 19
5 49 5
5 49 6
5 83 60
5 83 70
5 83 71
5 83 80
5 83 82
5 83 83
5 83 85
5 83 90
5 83 91
5 83 93
5 83 94
5 83 97
5 83 61
5 83 84
5 83 86
5 83 92
5 83 99
5 83 43
5 83 44
5 83 45
5 83 46
5 83 53
5 83 67
6 14 2
6 14 10
6 14 20
6 14 22
6 14 30
6 14 1
6 14 4
6 14 7
6 14 11
6 14 31
6 14 32
6 14 40
6 14 42
6 14 52
6 14 12
6 14 14
6 14 16
6 14 19
6 14 23
6 14 33
6 26 92
6 26 26
6 26 43
6 26 45
6 26 47
6 26 48
6 26 64
6 26 65
6 26 46
6 26 55
6 26 56
6 26 57
6 26 58
6 26 66
6 26 67
6 46 98
6 46 95
6 46 25
6 46 27
6 46 29
6 46 5
6 46 6
6 46 15
6 46 17
6 46 28
6 46 34
6 46 35
6 46 36
6 46 37
6 46 38
6 46 39
6 46 44
6 49 69
6 49 49
6 49 76
6 49 99
6 49 78
6 49 79
6 83 60
6 83 70
6 83 71
6 83 80
6 83 81
6 83 82
6 83 90
6 83 91
6 83 97
6 83 41
6 83 50
6 83 62
6 83 72
6 83 73
6 83 75
6 83 84
6 83 86
6 83 88
6 83 53
7 14 2
7 14 10
7 14 21
7 14 22
7 14 30
7 14 1
7 14 4
7 14 7
7 14 8
7 14 11
7 14 31
7 14 40
7 14 41
7 14 42
7 14 52
7 14 73
7 14 3
7 14 13
7 14 14
7 14 16
7 14 19
7 14 5
7 26 -1
7 46 57
7 46 46
7 46 55
7 46 56
7 46 64
7 46 66
7 49 89
7 49 69
7 49 27
7 49 29
7 49 39
7 49 48
7 49 49
7 49 58
7 49 59
7 49 68
7 49 77
7 49 78
7 49 79
7 49 6
7 49 15
7 49 17
7 49 18
7 49 35
7 49 37
7 49 47
7 83 60
7 83 70
7 83 71
7 83 80
7 83 81
7 83 83
7 83 91
7 83 97
7 83 72
7 83 75
7 83 84
7 83 86
7 83 87
7 83 95
7 83 96
7 83 54
7 83 63
7 83 76
7 83 99
7 83 34
7 83 43
7 83 44
7 83 53
8 14 0
8 14 2
8 14 10
8 14 21
8 14 22
8 14 30
8 14 51
8 14 4
8 14 7
8 14 8
8 14 11
8 14 24
8 14 52
8 14 12
8 14 13
8 14 16
8 14 23
8 14 5
8 14 6
8 14 15
8 14 18
8 14 35
8 14 37
8 14 38
8 14 44
8 14 45
8 14 47
8 14 53
8 26 26
8 46 98
8 49 89
8 49 69
8 49 9
8 49 27
8 49 29
8 49 39
8 49 49
8 49 58
8 49 59
8 49 68
8 49 77
8 49 57
8 83 70
8 83 71
8 83 82
8 83 83
8 83 85
8 83 90
8 83 91
8 83 93
8 83 62
8 83 72
8 83 84
8 83 86
8 83 87
8 83 92
8 83 95
8 83 96
8 83 63
8 83 65
8 83 76
8 83 64
8 83 55
8 83 56
8 83 66
9 14 2
9 14 20
9 14 51
9 14 4
9 14 8
9 14 11
9 14 24
9 14 32
9 14 40
9 14 50
9 14 73
9 14 3
9 14 12
9 14 13
9 14 23
9 14 33
9 14 18
9 14 37
9 14 47
9 14 53
9 14 64
9 14 67
9 26 -1
9 46 98
9 46 9
9 46 39
9 46 48
9 46 58
9 46 59
9 46 68
9 46 78
9 46 79
9 46 46
9 49 49
9 83 71
9 83 94
9 83 97
9 83 61
9 83 62
9 83 84
9 83 87
9 83 96
9 83 54
9 83 99
10 14 0
10 14 10
10 14 20
10 14 32
10 14 40
10 14 42
10 14 73
10 14 19
10 14 25
10 14 18
10 14 36
10 14 45
10 14 56
10 14 67
10 26 -1
10 46 -1
10 49 69
10 49 9
10 49 49
10 49 78
10 83 70
10 83 90
10 83 61
10 83 75
10 83 86
10 83 87
10 83 88
10 83 54
10 83 55
10 83 66
11 14 0
11 14 32
11 14 28
11 14 36
11 14 37
11 26 -1
11 46 -1
11 49 -1
11 83 71
11 83 90
11 83 94
11 83 84
11 83 54
11 83 76
11 83 99
11 83 34
--- Done ---
