0 77 66
0 83 65
0 83 75
0 83 76
1 14 15
1 14 24
1 14 32
1 14 34
1 37 9
1 37 18
1 37 35
1 37 62
1 37 66
1 37 75
1 37 76
1 40 21
1 40 51
1 40 61
1 77 48
1 77 58
1 77 67
1 77 77
1 77 87
1 77 97
1 77 98
1 83 65
1 83 71
1 83 72
1 83 73
1 83 81
1 83 82
1 83 93
2 14 3
2 14 14
2 14 15
2 14 17
2 14 21
2 14 24
2 14 32
2 14 33
2 14 34
2 14 43
2 37 9
2 37 19
2 37 25
2 37 29
2 37 35
2 37 36
2 37 48
2 37 49
2 37 56
2 37 66
2 37 68
2 37 69
2 40 0
2 40 10
2 40 20
2 40 30
2 40 31
2 40 40
2 40 51
2 40 61
2 40 80
2 77 59
2 77 75
2 77 77
2 77 78
2 77 86
2 77 89
2 77 98
2 83 23
2 83 54
2 83 55
2 83 62
2 83 65
2 83 70
2 83 73
2 83 74
2 83 76
2 83 81
2 83 84
2 83 85
2 83 90
2 83 93
2 83 95
2 83 96
3 14 0
3 14 2
3 14 3
3 14 5
3 14 7
3 14 12
3 14 13
3 14 15
3 14 16
3 14 20
3 14 23
3 14 24
3 14 25
3 14 26
3 14 32
3 14 34
3 14 36
3 14 45
3 14 57
3 37 8
3 37 37
3 37 38
3 37 39
3 37 56
3 37 62
3 37 66
3 37 68
3 37 75
3 37 76
3 40 10
3 40 11
3 40 22
3 40 30
3 40 31
3 40 40
3 40 44
3 40 50
3 40 52
3 40 53
3 40 54
3 40 61
3 40 80
3 77 58
3 77 59
3 77 77
3 77 86
3 77 87
3 77 88
3 77 89
3 77 98
3 83 60
3 83 63
3 83 65
3 83 70
3 83 71
3 83 73
3 83 74
3 83 82
3 83 90
3 83 93
3 83 94
3 83 95
3 83 96
4 14 2
4 14 3
4 14 4
4 14 6
4 14 7
4 14 12
4 14 13
4 14 14
4 14 16
4 14 17
4 14 21
4 14 22
4 14 23
4 14 26
4 14 33
4 14 34
4 14 35
4 14 36
4 14 43
4 14 46
4 14 57
4 37 8
4 37 9
4 37 18
4 37 27
4 37 29
4 37 37
4 37 38
4 37 39
4 37 49
4 37 56
4 37 62
4 37 66
4 37 68
4 37 69
4 37 76
4 40 11
4 40 20
4 40 30
4 40 31
4 40 40
4 40 41
4 40 42
4 40 44
4 40 51
4 40 54
4 40 61
4 40 70
4 40 71
4 77 28
4 77 48
4 77 58
4 77 59
4 77 67
4 77 75
4 77 77
4 77 78
4 77 79
4 77 87
4 77 98
4 77 99
4 83 55
4 83 63
4 83 64
4 83 65
4 83 72
4 83 74
4 83 81
4 83 82
4 83 83
4 83 85
4 83 86
4 83 90
4 83 91
4 83 93
4 83 96
5 14 1
5 14 3
5 14 4
5 14 5
5 14 6
5 14 12
5 14 13
5 14 14
5 14 15
5 14 16
5 14 17
5 14 24
5 14 25
5 14 26
5 14 33
5 14 35
5 14 36
5 14 43
5 14 45
5 14 46
5 14 57
5 37 8
5 37 9
5 37 19
5 37 27
5 37 28
5 37 29
5 37 37
5 37 38
5 37 47
5 37 49
5 37 75
5 40 0
5 40 10
5 40 20
5 40 21
5 40 22
5 40 30
5 40 31
5 40 40
5 40 42
5 40 44
5 40 51
5 40 52
5 40 53
5 40 54
5 40 61
5 40 80
5 77 48
5 77 56
5 77 58
5 77 59
5 77 66
5 77 67
5 77 68
5 77 69
5 77 77
5 77 79
5 77 87
5 77 97
5 77 98
5 77 99
5 83 55
5 83 60
5 83 63
5 83 64
5 83 65
5 83 70
5 83 71
5 83 74
5 83 76
5 83 82
5 83 83
5 83 84
5 83 85
5 83 86
5 83 90
5 83 91
5 83 92
5 83 93
5 83 94
6 14 1
6 14 2
6 14 5
6 14 6
6 14 7
6 14 12
6 14 14
6 14 15
6 14 16
6 14 17
6 14 25
6 14 32
6 14 33
6 14 34
6 14 42
6 14 43
6 14 57
6 37 4
6 37 19
6 37 26
6 37 27
6 37 28
6 37 29
6 37 35
6 37 36
6 37 37
6 37 38
6 37 39
6 37 44
6 37 46
6 37 47
6 37 48
6 37 49
6 37 56
6 37 66
6 40 10
6 40 11
6 40 20
6 40 22
6 40 30
6 40 31
6 40 40
6 40 41
6 40 45
6 40 50
6 40 52
6 40 70
6 40 80
6 77 58
6 77 65
6 77 67
6 77 69
6 77 75
6 77 78
6 77 79
6 77 88
6 77 97
6 77 98
6 77 99
6 83 23
6 83 53
6 83 55
6 83 60
6 83 62
6 83 64
6 83 71
6 83 72
6 83 73
6 83 76
6 83 81
6 83 82
6 83 84
6 83 86
6 83 90
6 83 91
6 83 92
6 83 95
7 14 1
7 14 2
7 14 3
7 14 4
7 14 5
7 14 6
7 14 7
7 14 13
7 14 14
7 14 15
7 14 17
7 14 21
7 14 34
7 14 35
7 14 42
7 14 43
7 14 46
7 14 57
7 37 8
7 37 16
7 37 18
7 37 19
7 37 27
7 37 29
7 37 37
7 37 39
7 37 47
7 37 48
7 37 49
7 37 68
7 37 69
7 37 75
7 40 10
7 40 11
7 40 22
7 40 30
7 40 31
7 40 40
7 40 41
7 40 44
7 40 52
7 40 70
7 40 80
7 77 56
7 77 58
7 77 59
7 77 66
7 77 77
7 77 78
7 77 79
7 77 87
7 77 89
7 77 97
7 77 99
7 83 53
7 83 54
7 83 55
7 83 60
7 83 63
7 83 64
7 83 71
7 83 72
7 83 73
7 83 76
7 83 81
7 83 83
7 83 84
7 83 86
7 83 91
7 83 95
7 83 96
8 14 0
8 14 2
8 14 4
8 14 5
8 14 6
8 14 7
8 14 12
8 14 13
8 14 15
8 14 16
8 14 21
8 14 24
8 14 26
8 14 35
8 14 44
8 14 45
8 14 57
8 37 8
8 37 9
8 37 18
8 37 27
8 37 29
8 37 37
8 37 38
8 37 39
8 37 47
8 37 49
8 37 69
8 40 10
8 40 11
8 40 22
8 40 30
8 40 51
8 40 52
8 77 56
8 77 58
8 77 59
8 77 66
8 77 68
8 77 77
8 77 87
8 77 89
8 77 98
8 83 23
8 83 53
8 83 55
8 83 62
8 83 63
8 83 64
8 83 65
8 83 70
8 83 71
8 83 72
8 83 76
8 83 82
8 83 83
8 83 84
8 83 85
8 83 86
8 83 90
8 83 91
8 83 92
8 83 93
8 83 95
8 83 96
9 14 2
9 14 3
9 14 4
9 14 12
9 14 13
9 14 24
9 14 32
9 14 33
9 14 46
9 37 8
9 37 9
9 37 18
9 37 37
9 37 39
9 37 47
9 37 49
9 40 11
9 40 20
9 40 40
9 40 50
9 40 51
9 40 61
9 77 48
9 77 58
9 77 59
9 77 67
9 77 68
9 77 78
9 77 79
9 77 84
9 77 87
9 77 97
9 77 98
9 77 99
9 83 23
9 83 53
9 83 54
9 83 62
9 83 64
9 83 71
9 83 73
9 83 94
9 83 96
10 14 0
10 14 20
10 14 25
10 14 32
10 14 42
10 14 45
10 37 9
10 37 18
10 37 19
10 37 36
10 37 49
10 37 66
10 37 69
10 37 75
10 40 10
10 40 40
10 40 61
10 40 70
10 77 56
10 77 67
10 77 78
10 77 87
10 77 88
10 83 54
10 83 55
10 83 73
10 83 86
10 83 90
11 14 32
11 14 34
11 14 36
11 37 37
11 40 0
11 77 28
11 77 99
11 83 54
11 83 71
11 83 76
11 83 84
11 83 90
11 83 94
--- Done ---
