0 83 76
0 95 65
0 95 66
0 95 75
1 11 21
1 16 15
1 16 18
1 16 24
1 16 32
1 16 35
1 37 9
1 37 34
1 37 48
1 37 66
1 61 51
1 61 61
1 61 71
1 78 58
1 78 67
1 78 77
1 78 87
1 78 98
1 83 62
1 83 72
1 83 73
1 83 76
1 83 81
1 83 82
1 83 93
1 95 65
1 95 75
1 95 97
2 11 0
2 11 10
2 11 15
2 11 20
2 11 21
2 11 23
2 11 30
2 16 24
2 16 25
2 16 32
2 37 3
2 37 9
2 37 17
2 37 19
2 37 29
2 37 35
2 37 36
2 53 14
2 53 33
2 53 34
2 53 40
2 53 43
2 53 51
2 53 54
2 53 56
2 53 65
2 53 66
2 61 31
2 61 61
2 61 80
2 61 90
2 78 48
2 78 49
2 78 59
2 78 68
2 78 69
2 78 77
2 78 78
2 78 86
2 78 89
2 78 98
2 83 55
2 83 62
2 83 70
2 83 73
2 83 74
2 83 76
2 83 81
2 83 84
2 83 93
2 95 75
2 95 85
2 95 95
2 95 96
3 11 0
3 11 2
3 11 3
3 11 10
3 11 11
3 11 12
3 11 13
3 11 15
3 11 20
3 11 22
3 11 23
3 11 30
3 11 34
3 11 44
3 16 5
3 16 7
3 16 16
3 16 24
3 16 32
3 37 8
3 37 25
3 37 26
3 37 36
3 37 37
3 37 38
3 37 39
3 37 45
3 37 57
3 37 66
3 37 68
3 53 40
3 53 52
3 53 53
3 53 54
3 53 56
3 53 93
3 61 31
3 61 50
3 61 60
3 61 61
3 61 71
3 61 80
3 61 90
3 78 58
3 78 59
3 78 77
3 78 86
3 78 87
3 78 88
3 78 89
3 78 98
3 83 62
3 83 63
3 83 70
3 83 73
3 83 74
3 83 76
3 83 82
3 83 94
3 95 65
3 95 75
3 95 95
3 95 96
4 11 2
4 11 11
4 11 12
4 11 13
4 11 14
4 11 20
4 11 21
4 11 22
4 11 23
4 11 30
4 11 31
4 11 44
4 16 4
4 16 6
4 16 7
4 16 16
4 16 17
4 16 18
4 37 3
4 37 8
4 37 9
4 37 26
4 37 27
4 37 28
4 37 29
4 37 33
4 37 34
4 37 35
4 37 36
4 37 37
4 37 38
4 37 39
4 37 46
4 53 40
4 53 43
4 53 54
4 53 56
4 53 65
4 61 41
4 61 42
4 61 51
4 61 61
4 61 63
4 61 64
4 61 70
4 61 71
4 61 72
4 61 82
4 61 90
4 78 48
4 78 49
4 78 57
4 78 58
4 78 59
4 78 66
4 78 67
4 78 68
4 78 69
4 78 76
4 78 77
4 78 78
4 78 79
4 78 86
4 78 87
4 78 98
4 78 99
4 83 55
4 83 62
4 83 74
4 83 81
4 83 83
4 83 91
4 83 93
4 95 75
4 95 85
4 95 96
5 11 0
5 11 1
5 11 3
5 11 10
5 11 12
5 11 13
5 11 14
5 11 15
5 11 20
5 11 21
5 11 22
5 11 30
5 11 44
5 16 4
5 16 5
5 16 6
5 16 16
5 16 19
5 16 24
5 16 25
5 16 35
5 37 8
5 37 9
5 37 17
5 37 26
5 37 27
5 37 28
5 37 29
5 37 33
5 37 36
5 37 37
5 37 38
5 37 45
5 37 46
5 37 47
5 37 48
5 37 57
5 37 66
5 37 68
5 53 40
5 53 43
5 53 53
5 53 54
5 53 56
5 61 31
5 61 42
5 61 51
5 61 52
5 61 60
5 61 61
5 61 70
5 61 71
5 61 80
5 61 82
5 61 90
5 78 49
5 78 58
5 78 59
5 78 67
5 78 76
5 78 77
5 78 79
5 78 86
5 78 87
5 78 98
5 78 99
5 83 55
5 83 63
5 83 64
5 83 74
5 83 83
5 83 84
5 83 91
5 83 92
5 83 94
5 95 65
5 95 69
5 95 75
5 95 85
5 95 93
5 95 97
6 11 1
6 11 2
6 11 10
6 11 11
6 11 12
6 11 20
6 11 22
6 11 23
6 11 30
6 11 31
6 11 34
6 11 44
6 16 4
6 16 5
6 16 6
6 16 7
6 16 14
6 16 15
6 16 16
6 16 17
6 16 19
6 16 25
6 16 26
6 16 27
6 16 28
6 16 32
6 16 35
6 16 36
6 37 29
6 37 33
6 37 37
6 37 38
6 37 39
6 37 45
6 37 47
6 37 66
6 53 40
6 53 41
6 53 42
6 53 43
6 53 46
6 53 52
6 53 53
6 53 56
6 61 50
6 61 60
6 61 71
6 61 80
6 61 90
6 78 48
6 78 49
6 78 57
6 78 58
6 78 67
6 78 69
6 78 78
6 78 79
6 78 88
6 78 98
6 78 99
6 83 55
6 83 62
6 83 64
6 83 70
6 83 72
6 83 73
6 83 76
6 83 81
6 83 82
6 83 84
6 83 91
6 83 92
6 95 65
6 95 75
6 95 86
6 95 95
6 95 97
7 11 1
7 11 2
7 11 10
7 11 11
7 11 13
7 11 21
7 11 22
7 11 30
7 11 31
7 11 34
7 11 44
7 16 4
7 16 5
7 16 6
7 16 7
7 16 14
7 16 15
7 16 16
7 16 18
7 16 19
7 16 27
7 37 3
7 37 8
7 37 17
7 37 29
7 37 35
7 37 37
7 37 39
7 37 46
7 37 47
7 37 48
7 37 57
7 37 66
7 37 68
7 53 40
7 53 43
7 53 52
7 53 53
7 53 54
7 53 56
7 61 41
7 61 42
7 61 60
7 61 71
7 61 80
7 78 49
7 78 58
7 78 59
7 78 69
7 78 77
7 78 78
7 78 79
7 78 86
7 78 87
7 78 89
7 78 99
7 83 55
7 83 63
7 83 64
7 83 70
7 83 72
7 83 73
7 83 76
7 83 81
7 83 83
7 83 84
7 83 91
7 95 75
7 95 95
7 95 96
7 95 97
8 11 0
8 11 2
8 11 10
8 11 11
8 11 12
8 11 13
8 11 21
8 11 22
8 11 23
8 11 30
8 16 4
8 16 5
8 16 6
8 16 7
8 16 15
8 16 16
8 16 18
8 16 24
8 16 27
8 37 8
8 37 9
8 37 26
8 37 29
8 37 35
8 37 37
8 37 38
8 37 39
8 37 45
8 37 47
8 53 44
8 53 51
8 53 53
8 53 56
8 61 52
8 61 71
8 61 90
8 78 49
8 78 57
8 78 58
8 78 59
8 78 66
8 78 68
8 78 69
8 78 77
8 78 86
8 78 87
8 78 89
8 78 98
8 83 55
8 83 62
8 83 63
8 83 64
8 83 70
8 83 72
8 83 76
8 83 82
8 83 83
8 83 84
8 83 91
8 83 92
8 83 93
8 95 65
8 95 85
8 95 95
8 95 96
9 11 2
9 11 11
9 11 12
9 11 13
9 11 20
9 11 23
9 16 4
9 16 18
9 16 24
9 16 32
9 37 3
9 37 8
9 37 9
9 37 33
9 37 37
9 37 39
9 37 46
9 37 47
9 53 40
9 53 51
9 53 53
9 53 54
9 61 50
9 61 61
9 61 71
9 78 48
9 78 49
9 78 58
9 78 59
9 78 67
9 78 68
9 78 78
9 78 79
9 78 87
9 78 98
9 78 99
9 83 62
9 83 64
9 83 73
9 83 84
9 83 94
9 95 96
9 95 97
10 11 0
10 11 10
10 11 20
10 16 18
10 16 25
10 16 32
10 16 36
10 37 9
10 37 19
10 37 45
10 53 40
10 53 54
10 53 56
10 53 66
10 53 67
10 61 42
10 61 61
10 61 90
10 78 49
10 78 69
10 78 78
10 78 86
10 78 87
10 78 88
10 83 55
10 83 70
10 83 73
10 95 75
11 11 0
11 16 28
11 16 32
11 37 34
11 37 36
11 37 37
11 53 54
11 61 71
11 61 90
11 78 99
11 83 76
11 83 84
11 83 94
11 95 -1
--- Done ---
