0 83 65
0 83 66
0 83 75
0 83 76
1 83 9
1 83 15
1 83 18
1 83 21
1 83 24
1 83 32
1 83 34
1 83 35
1 83 48
1 83 51
1 83 58
1 83 61
1 83 62
1 83 65
1 83 66
1 83 67
1 83 71
1 83 72
1 83 73
1 83 76
1 83 77
1 83 81
1 83 82
2 83 0
2 83 3
2 83 9
2 83 10
2 83 14
2 83 15
2 83 17
2 83 19
2 83 20
2 83 21
2 83 23
2 83 24
2 83 25
2 83 29
2 83 30
2 83 31
2 83 32
2 83 33
2 83 34
2 83 35
2 83 36
2 83 40
2 83 43
2 83 48
2 83 49
2 83 51
2 83 54
2 83 55
2 83 56
3 83 0
3 83 2
3 83 3
3 83 5
3 83 7
3 83 8
3 83 10
3 83 11
3 83 12
3 83 13
3 83 15
3 83 16
3 83 20
3 83 22
3 83 23
3 83 24
3 83 25
3 83 26
3 83 30
3 83 31
3 83 32
3 83 34
3 83 36
4 83 2
4 83 3
4 83 4
4 83 6
4 83 7
4 83 8
4 83 9
4 83 11
4 83 12
4 83 13
4 83 14
4 83 16
4 83 17
4 83 18
4 83 20
4 83 21
4 83 22
4 83 23
4 83 26
4 83 27
4 83 28
4 83 29
5 83 0
5 83 1
5 83 3
5 83 4
5 83 5
5 83 6
5 83 8
5 83 9
5 83 10
5 83 12
5 83 13
5 83 14
5 83 15
5 83 16
5 83 17
5 83 19
5 83 20
5 83 21
5 83 22
5 83 24
5 83 25
6 83 1
6 83 2
6 83 4
6 83 5
6 83 6
6 83 7
6 83 10
6 83 11
6 83 12
6 83 14
6 83 15
6 83 16
6 83 17
6 83 19
6 83 20
6 83 22
6 83 23
6 83 28
7 83 1
7 83 2
7 83 3
7 83 4
7 83 5
7 83 6
7 83 7
7 83 8
7 83 10
7 83 11
7 83 13
7 83 14
7 83 15
7 83 16
7 83 17
7 83 18
7 83 19
7 83 21
7 83 22
7 83 27
8 83 0
8 83 2
8 83 4
8 83 5
8 83 6
8 83 7
8 83 8
8 83 9
8 83 10
8 83 11
8 83 12
8 83 13
8 83 15
8 83 16
8 83 18
8 83 21
8 83 22
8 83 23
8 83 24
8 83 26
8 83 27
8 83 29
8 83 30
8 83 35
8 83 37
8 83 38
8 83 39
8 83 45
8 83 47
9 83 2
9 83 3
9 83 4
9 83 8
9 83 9
9 83 11
9 83 12
9 83 13
9 83 18
9 83 20
9 83 23
9 83 24
9 83 32
9 83 33
9 83 37
9 83 39
9 83 40
9 83 46
9 83 47
9 83 48
9 83 49
9 83 50
9 83 51
9 83 53
9 83 54
9 83 58
9 83 59
9 83 61
10 83 0
10 83 9
10 83 10
10 83 18
10 83 19
10 83 20
10 83 25
10 83 32
10 83 36
10 83 40
10 83 42
10 83 45
10 83 49
10 83 54
10 83 55
10 83 56
10 83 61
10 83 66
10 83 67
10 83 69
10 83 70
10 83 73
10 83 75
10 83 78
10 83 86
10 83 87
10 83 88
10 83 90
11 83 0
11 83 28
11 83 32
11 83 34
11 83 36
11 83 37
11 83 54
11 83 71
11 83 76
11 83 84
11 83 90
11 83 94
11 83 99
--- Done ---
