0 83 76
0 95 65
0 95 66
0 95 75
1 83 15
1 83 18
1 83 21
1 83 24
1 83 34
1 83 35
1 83 51
1 83 58
1 83 62
1 83 67
1 83 71
1 83 72
1 83 73
1 83 77
1 83 81
1 83 82
1 83 87
1 83 93
1 83 97
1 83 98
1 95 9
1 95 32
1 95 48
1 95 61
1 95 65
1 95 66
1 95 75
1 95 76
2 83 0
2 83 10
2 83 15
2 83 17
2 83 20
2 83 21
2 83 23
2 83 24
2 83 25
2 83 29
2 83 30
2 83 34
2 83 35
2 83 43
2 83 49
2 83 51
2 83 54
2 83 55
2 83 62
2 83 70
2 83 73
2 83 74
2 83 81
2 83 84
2 83 89
2 83 90
2 83 93
2 83 96
2 83 98
2 95 3
2 95 9
2 95 14
2 95 19
2 95 31
2 95 32
2 95 33
2 95 36
2 95 40
2 95 48
2 95 56
2 95 59
2 95 61
2 95 65
2 95 66
2 95 68
2 95 69
2 95 76
2 95 77
2 95 78
2 95 80
2 95 85
2 95 86
2 95 95
3 83 0
3 83 2
3 83 7
3 83 8
3 83 10
3 83 11
3 83 12
3 83 13
3 83 15
3 83 20
3 83 22
3 83 23
3 83 24
3 83 25
3 83 30
3 83 34
3 83 38
3 83 44
3 83 50
3 83 53
3 83 54
3 83 58
3 83 60
3 83 62
3 83 63
3 83 66
3 83 68
3 95 3
3 95 5
3 95 16
3 95 26
3 95 31
3 95 32
3 95 36
3 95 37
3 95 39
3 95 40
3 95 45
3 95 52
3 95 56
3 95 57
3 95 59
3 95 61
3 95 65
4 83 2
4 83 4
4 83 6
4 83 7
4 83 8
4 83 11
4 83 12
4 83 13
4 83 17
4 83 18
4 83 20
4 83 21
4 83 22
4 83 23
4 83 27
4 83 29
4 83 30
4 83 34
4 83 35
4 83 38
4 83 41
4 83 43
4 83 44
4 83 46
4 83 49
4 83 54
4 95 3
4 95 9
4 95 14
4 95 16
4 95 26
4 95 28
4 95 31
4 95 33
4 95 36
4 95 37
4 95 39
4 95 40
4 95 42
4 95 48
4 95 51
4 95 55
4 95 56
4 95 57
4 95 58
4 95 59
4 95 61
5 83 0
5 83 1
5 83 4
5 83 6
5 83 8
5 83 10
5 83 12
5 83 13
5 83 15
5 83 17
5 83 20
5 83 21
5 83 22
5 83 24
5 83 25
5 83 27
5 83 29
5 83 30
5 83 35
5 83 38
5 83 43
5 83 44
5 83 58
5 95 3
5 95 5
5 95 9
5 95 14
5 95 16
5 95 19
5 95 26
5 95 28
5 95 31
5 95 33
5 95 36
5 95 37
5 95 40
5 95 42
5 95 45
5 95 46
5 95 47
5 95 48
5 95 49
5 95 52
6 83 1
6 83 2
6 83 4
6 83 6
6 83 7
6 83 10
6 83 11
6 83 12
6 83 15
6 83 17
6 83 20
6 83 22
6 83 23
6 83 25
6 83 27
6 83 29
6 83 30
6 95 5
6 95 14
6 95 16
6 95 19
6 95 26
6 95 28
6 95 31
6 95 32
6 95 33
6 95 34
6 95 35
6 95 36
6 95 37
6 95 38
6 95 39
6 95 40
6 95 41
6 95 42
6 95 43
7 83 1
7 83 2
7 83 4
7 83 6
7 83 7
7 83 8
7 83 10
7 83 11
7 83 13
7 83 15
7 83 17
7 83 18
7 83 21
7 83 22
7 83 27
7 83 29
7 83 30
7 83 34
7 83 35
7 83 44
7 95 3
7 95 5
7 95 14
7 95 16
7 95 19
7 95 31
7 95 37
7 95 39
7 95 40
7 95 41
7 95 42
7 95 43
7 95 46
7 95 47
7 95 48
7 95 49
7 95 52
7 95 53
7 95 54
7 95 55
8 83 0
8 83 2
8 83 4
8 83 6
8 83 7
8 83 8
8 83 10
8 83 11
8 83 12
8 83 13
8 83 15
8 83 18
8 83 21
8 83 22
8 83 23
8 83 24
8 83 27
8 83 29
8 83 30
8 83 35
8 83 38
8 83 44
8 83 49
8 83 51
8 83 53
8 83 55
8 83 58
8 83 62
8 95 5
8 95 9
8 95 16
8 95 26
8 95 37
8 95 39
8 95 45
8 95 47
8 95 52
8 95 56
8 95 57
8 95 59
8 95 63
8 95 64
8 95 65
8 95 66
8 95 68
8 95 69
8 95 70
8 95 71
8 95 72
8 95 76
8 95 77
8 95 82
8 95 83
8 95 84
8 95 85
8 95 86
9 83 2
9 83 4
9 83 8
9 83 11
9 83 12
9 83 13
9 83 18
9 83 20
9 83 23
9 83 24
9 83 46
9 83 49
9 83 50
9 83 51
9 83 53
9 83 54
9 83 58
9 83 62
9 83 64
9 83 67
9 83 71
9 83 73
9 83 84
9 83 99
9 95 3
9 95 9
9 95 32
9 95 33
9 95 37
9 95 39
9 95 40
9 95 47
9 95 48
9 95 59
9 95 61
9 95 68
9 95 78
9 95 79
9 95 87
9 95 94
9 95 96
9 95 97
9 95 98
10 83 0
10 83 10
10 83 18
10 83 20
10 83 25
10 83 49
10 83 54
10 83 55
10 83 67
10 83 70
10 83 73
10 83 90
10 95 9
10 95 19
10 95 32
10 95 36
10 95 40
10 95 42
10 95 45
10 95 56
10 95 61
10 95 66
10 95 69
10 95 75
10 95 78
10 95 86
10 95 87
10 95 88
11 83 0
11 83 34
11 83 54
11 83 71
11 83 84
11 83 90
11 83 99
11 95 28
11 95 32
11 95 36
11 95 37
11 95 76
11 95 94
--- Done ---
