0 46 66
0 83 75
0 83 65
0 83 76
1 13 21
1 13 24
1 13 51
1 13 15
1 13 32
1 13 34
1 46 9
1 46 61
1 78 18
1 78 77
1 78 87
1 78 97
1 78 98
1 78 35
1 78 48
1 78 58
1 78 66
1 78 67
1 78 76
1 83 62
1 83 71
1 83 72
1 83 73
1 83 75
1 83 81
1 83 82
1 83 93
1 83 65
2 8 19
2 8 9
2 8 17
2 8 29
2 8 36
2 13 3
2 13 24
2 13 33
2 13 43
2 13 14
2 13 15
2 13 32
2 13 34
2 13 25
2 40 0
2 40 20
2 40 30
2 40 40
2 40 80
2 40 10
2 40 21
2 40 31
2 40 51
2 40 61
2 40 54
2 46 -1
2 78 69
2 78 77
2 78 78
2 78 89
2 78 98
2 78 35
2 78 48
2 78 49
2 78 56
2 78 59
2 78 66
2 78 68
2 78 96
2 78 55
2 78 65
2 78 76
2 78 86
2 83 62
2 83 73
2 83 74
2 83 75
2 83 81
2 83 85
2 83 90
2 83 93
2 83 23
2 83 70
2 83 84
2 83 95
3 8 7
3 8 8
3 8 39
3 8 36
3 13 3
3 13 13
3 13 24
3 13 23
3 13 63
3 13 2
3 13 12
3 13 15
3 13 16
3 13 32
3 13 34
3 13 37
3 13 5
3 13 25
3 13 26
3 40 0
3 40 20
3 40 30
3 40 40
3 40 50
3 40 80
3 40 70
3 40 71
3 40 10
3 40 11
3 40 22
3 40 31
3 40 52
3 40 53
3 40 61
3 40 44
3 40 54
3 46 -1
3 78 77
3 78 87
3 78 89
3 78 95
3 78 96
3 78 98
3 78 56
3 78 57
3 78 58
3 78 59
3 78 65
3 78 66
3 78 68
3 78 76
3 78 86
3 78 88
3 78 38
3 78 45
3 83 60
3 83 62
3 83 73
3 83 74
3 83 75
3 83 82
3 83 90
3 83 93
3 83 94
4 8 7
4 8 8
4 8 39
4 8 6
4 8 9
4 8 17
4 8 18
4 8 27
4 8 28
4 8 29
4 8 36
4 8 38
4 13 3
4 13 4
4 13 13
4 13 33
4 13 2
4 13 11
4 13 12
4 13 14
4 13 16
4 13 22
4 13 34
4 13 37
4 13 43
4 13 63
4 13 21
4 13 26
4 13 31
4 13 42
4 13 44
4 13 51
4 13 54
4 40 20
4 40 30
4 40 40
4 40 41
4 40 83
4 40 70
4 40 71
4 40 61
4 46 64
4 46 86
4 46 99
4 46 46
4 50 82
4 78 69
4 78 77
4 78 78
4 78 87
4 78 98
4 78 35
4 78 48
4 78 49
4 78 56
4 78 57
4 78 58
4 78 59
4 78 66
4 78 67
4 78 68
4 78 79
4 78 96
4 78 55
4 78 65
4 78 76
4 83 72
4 83 74
4 83 75
4 83 85
4 83 90
4 83 91
4 83 93
4 83 23
4 83 62
4 83 81
5 8 8
5 8 19
5 8 6
5 8 9
5 8 17
5 8 27
5 8 28
5 8 29
5 8 36
5 13 1
5 13 3
5 13 4
5 13 13
5 13 24
5 13 33
5 13 12
5 13 14
5 13 15
5 13 16
5 13 22
5 13 37
5 13 43
5 13 5
5 13 10
5 13 21
5 13 25
5 13 26
5 13 31
5 13 42
5 13 44
5 40 0
5 40 20
5 40 30
5 40 40
5 40 83
5 40 70
5 40 71
5 40 80
5 40 51
5 40 52
5 40 54
5 40 45
5 40 53
5 40 61
5 46 64
5 46 84
5 46 66
5 46 68
5 46 76
5 46 79
5 46 86
5 46 99
5 46 38
5 46 46
5 50 82
5 78 69
5 78 77
5 78 87
5 78 97
5 78 98
5 78 35
5 78 47
5 78 48
5 78 49
5 78 56
5 78 57
5 78 58
5 78 59
5 78 55
5 78 65
5 78 67
5 83 74
5 83 75
5 83 85
5 83 90
5 83 91
5 83 92
5 83 93
5 83 94
5 83 60
5 83 63
6 8 7
6 8 19
6 8 39
6 8 6
6 8 17
6 8 27
6 8 28
6 8 29
6 8 36
6 8 25
6 8 26
6 13 1
6 13 4
6 13 33
6 13 2
6 13 11
6 13 12
6 13 14
6 13 15
6 13 16
6 13 22
6 13 23
6 13 32
6 13 34
6 13 37
6 13 43
6 13 5
6 13 10
6 13 31
6 13 42
6 40 20
6 40 30
6 40 40
6 40 41
6 40 80
6 40 44
6 40 52
6 40 71
6 40 53
6 46 46
6 50 50
6 78 69
6 78 78
6 78 97
6 78 98
6 78 35
6 78 47
6 78 48
6 78 49
6 78 56
6 78 57
6 78 58
6 78 66
6 78 67
6 78 79
6 78 88
6 78 99
6 78 38
6 78 76
6 78 86
6 78 45
6 83 72
6 83 73
6 83 75
6 83 90
6 83 91
6 83 92
6 83 60
6 83 62
6 83 64
6 83 81
6 83 82
6 83 84
6 83 95
6 83 55
6 83 65
6 83 70
7 8 7
7 8 8
7 8 19
7 8 39
7 8 2
7 8 6
7 8 17
7 8 18
7 8 27
7 8 29
7 8 5
7 13 1
7 13 3
7 13 4
7 13 13
7 13 11
7 13 14
7 13 15
7 13 16
7 13 22
7 13 34
7 13 37
7 13 43
7 13 63
7 13 10
7 13 21
7 13 31
7 13 42
7 13 44
7 13 52
7 13 54
7 40 30
7 40 40
7 40 41
7 40 80
7 46 46
7 50 -1
7 78 69
7 78 77
7 78 78
7 78 87
7 78 89
7 78 97
7 78 35
7 78 47
7 78 48
7 78 49
7 78 56
7 78 57
7 78 58
7 78 59
7 78 66
7 78 68
7 78 79
7 78 95
7 78 96
7 78 99
7 78 55
7 78 76
7 83 72
7 83 73
7 83 75
7 83 91
7 83 60
7 83 64
7 83 81
7 83 83
7 83 84
7 83 70
7 83 71
7 83 86
7 83 53
8 8 7
8 8 8
8 8 39
8 8 2
8 8 6
8 8 9
8 8 18
8 8 27
8 8 29
8 13 4
8 13 13
8 13 24
8 13 11
8 13 12
8 13 15
8 13 16
8 13 22
8 13 23
8 13 37
8 13 63
8 13 5
8 13 10
8 13 21
8 13 26
8 13 44
8 13 51
8 13 52
8 40 0
8 40 30
8 46 -1
8 50 -1
8 78 69
8 78 77
8 78 87
8 78 89
8 78 98
8 78 35
8 78 47
8 78 49
8 78 56
8 78 57
8 78 58
8 78 59
8 78 66
8 78 68
8 78 95
8 78 96
8 78 38
8 78 55
8 78 65
8 78 76
8 78 86
8 78 45
8 83 72
8 83 85
8 83 90
8 83 91
8 83 92
8 83 93
8 83 62
8 83 64
8 83 82
8 83 83
8 83 84
8 83 70
8 83 71
8 83 53
9 8 8
9 8 39
9 8 9
9 8 18
9 13 3
9 13 4
9 13 13
9 13 24
9 13 33
9 13 2
9 13 11
9 13 12
9 13 23
9 13 32
9 13 37
9 13 51
9 13 54
9 40 20
9 40 40
9 40 61
9 46 46
9 50 50
9 78 78
9 78 87
9 78 97
9 78 98
9 78 47
9 78 48
9 78 49
9 78 58
9 78 59
9 78 67
9 78 68
9 78 79
9 78 96
9 78 99
9 83 73
9 83 94
9 83 62
9 83 64
9 83 84
9 83 71
9 83 53
10 8 19
10 8 9
10 8 36
10 8 25
10 13 32
10 40 0
10 40 20
10 40 40
10 40 10
10 40 42
10 40 61
10 40 70
10 40 54
10 46 -1
10 50 -1
10 78 69
10 78 78
10 78 87
10 78 18
10 78 49
10 78 56
10 78 66
10 78 67
10 78 88
10 78 55
10 78 86
10 78 45
10 83 73
10 83 75
10 83 90
11 8 28
11 8 36
11 13 32
11 13 34
11 13 37
11 40 0
11 46 -1
11 50 -1
11 78 99
11 83 90
11 83 94
11 83 84
11 83 71
11 83 76
11 83 54
--- Done ---
