0 44 65
0 44 66
0 44 75
0 83 76
1 11 15
1 18 9
1 18 18
1 44 24
1 44 32
1 44 35
1 44 21
1 44 34
1 61 51
1 61 61
1 61 71
1 61 62
1 61 72
1 67 48
1 67 58
1 67 67
1 67 77
1 67 87
1 67 97
1 67 98
1 67 65
1 67 66
1 67 75
1 83 93
1 83 76
1 83 81
1 83 82
1 83 73
2 11 0
2 11 3
2 11 10
2 11 14
2 11 15
2 11 20
2 11 30
2 11 21
2 11 31
2 11 34
2 18 9
2 18 17
2 18 19
2 18 25
2 18 29
2 18 49
2 44 24
2 44 35
2 44 36
2 44 32
2 44 33
2 44 43
2 44 54
2 44 75
2 44 23
2 44 55
2 44 66
2 52 40
2 52 51
2 61 80
2 61 90
2 61 61
2 67 48
2 67 56
2 77 85
2 77 86
2 77 89
2 77 96
2 77 59
2 77 68
2 77 69
2 77 77
2 77 78
2 77 98
2 77 65
2 77 76
2 83 74
2 83 84
2 83 93
2 83 95
2 83 70
2 83 81
2 83 62
2 83 73
3 5 5
3 5 7
3 5 16
3 5 24
3 11 0
3 11 2
3 11 10
3 11 11
3 11 12
3 11 20
3 11 30
3 11 3
3 11 13
3 11 15
3 11 22
3 11 31
3 18 8
3 18 25
3 18 26
3 18 37
3 18 38
3 39 39
3 44 36
3 44 32
3 44 54
3 44 75
3 44 34
3 44 44
3 44 45
3 44 53
3 44 66
3 44 23
3 44 73
3 52 40
3 52 52
3 61 60
3 61 80
3 61 90
3 61 50
3 61 61
3 61 70
3 61 71
3 61 82
3 61 62
3 61 63
3 67 56
3 67 57
3 77 86
3 77 88
3 77 89
3 77 96
3 77 58
3 77 68
3 77 77
3 77 87
3 77 98
3 77 59
3 77 65
3 77 76
3 83 74
3 83 93
3 83 94
3 83 95
4 5 4
4 5 6
4 11 2
4 11 11
4 11 12
4 11 20
4 11 30
4 11 3
4 11 13
4 11 14
4 11 21
4 11 22
4 11 31
4 11 34
4 18 8
4 18 9
4 18 17
4 18 18
4 18 7
4 18 16
4 18 26
4 18 27
4 18 28
4 18 29
4 18 37
4 18 38
4 18 49
4 39 39
4 39 48
4 39 57
4 44 35
4 44 36
4 44 46
4 44 44
4 44 75
4 44 23
4 44 64
4 52 40
4 52 33
4 52 41
4 52 42
4 52 43
4 52 51
4 52 54
4 52 71
4 61 90
4 61 61
4 67 56
4 67 67
4 77 86
4 77 96
4 77 58
4 77 85
4 77 65
4 77 66
4 77 68
4 77 69
4 77 77
4 77 78
4 77 87
4 77 98
4 77 59
4 77 76
4 79 99
4 79 79
4 83 74
4 83 83
4 83 91
4 83 93
4 83 70
4 83 81
4 83 82
4 83 55
4 83 62
4 83 63
4 83 72
5 5 4
5 5 5
5 5 6
5 5 16
5 5 24
5 5 27
5 11 0
5 11 1
5 11 10
5 11 12
5 11 20
5 11 30
5 11 3
5 11 13
5 11 14
5 11 15
5 11 21
5 11 22
5 11 31
5 18 8
5 18 9
5 18 17
5 18 25
5 18 19
5 18 26
5 18 28
5 18 29
5 18 37
5 18 38
5 18 49
5 39 -1
5 44 35
5 44 36
5 44 33
5 44 43
5 44 46
5 44 54
5 44 44
5 44 45
5 44 47
5 44 55
5 44 65
5 44 66
5 44 64
5 52 40
5 52 52
5 61 60
5 61 80
5 61 90
5 61 42
5 61 51
5 61 61
5 61 70
5 61 71
5 61 82
5 61 53
5 61 63
5 67 56
5 67 48
5 67 57
5 67 58
5 67 67
5 67 68
5 67 69
5 67 76
5 77 86
5 77 77
5 79 99
5 79 79
5 79 85
5 79 75
5 79 87
5 79 97
5 79 98
5 79 59
5 83 74
5 83 83
5 83 84
5 83 91
5 83 92
5 83 93
5 83 94
6 5 4
6 5 5
6 5 6
6 11 1
6 11 2
6 11 10
6 11 11
6 11 12
6 11 20
6 11 30
6 11 14
6 11 15
6 11 22
6 11 31
6 11 34
6 18 17
6 18 25
6 18 7
6 18 16
6 18 19
6 18 26
6 18 27
6 18 28
6 18 29
6 18 37
6 18 38
6 18 49
6 39 39
6 39 48
6 39 57
6 44 35
6 44 36
6 44 32
6 44 33
6 44 43
6 44 46
6 44 44
6 44 45
6 44 47
6 44 53
6 44 55
6 44 65
6 44 66
6 44 75
6 44 23
6 44 73
6 52 40
6 52 52
6 61 60
6 61 80
6 61 90
6 61 41
6 61 42
6 61 50
6 61 70
6 61 71
6 61 81
6 61 82
6 61 62
6 61 72
6 61 64
6 67 56
6 67 58
6 67 67
6 77 86
6 79 99
6 79 79
6 79 88
6 79 69
6 79 78
6 79 97
6 79 98
6 79 76
6 83 84
6 83 91
6 83 92
6 83 95
7 5 4
7 5 5
7 5 6
7 11 1
7 11 2
7 11 10
7 11 11
7 11 30
7 11 3
7 11 13
7 11 14
7 11 15
7 11 21
7 11 22
7 11 31
7 11 34
7 18 8
7 18 17
7 18 18
7 18 7
7 18 16
7 18 19
7 18 27
7 18 29
7 18 37
7 18 49
7 39 39
7 39 48
7 39 57
7 44 35
7 44 43
7 44 46
7 44 54
7 44 44
7 44 47
7 44 55
7 44 66
7 44 75
7 44 64
7 44 73
7 52 40
7 52 52
7 61 60
7 61 80
7 61 41
7 61 42
7 61 70
7 61 71
7 61 81
7 61 53
7 61 63
7 61 72
7 67 56
7 77 86
7 77 96
7 77 58
7 77 89
7 77 68
7 77 69
7 77 77
7 77 78
7 77 87
7 77 97
7 77 59
7 77 76
7 79 99
7 79 79
7 83 83
7 83 84
7 83 91
7 83 95
8 5 4
8 5 5
8 5 6
8 5 7
8 5 16
8 5 24
8 5 27
8 11 0
8 11 2
8 11 10
8 11 11
8 11 12
8 11 30
8 11 13
8 11 15
8 11 21
8 11 22
8 11 23
8 18 8
8 18 9
8 18 18
8 18 26
8 18 29
8 18 37
8 18 38
8 18 49
8 39 39
8 44 35
8 44 44
8 44 53
8 52 52
8 61 90
8 61 51
8 61 71
8 67 56
8 67 57
8 67 58
8 67 47
8 77 86
8 77 96
8 77 85
8 77 89
8 77 45
8 77 65
8 77 66
8 77 68
8 77 69
8 77 77
8 77 87
8 77 98
8 77 59
8 77 76
8 79 -1
8 83 83
8 83 84
8 83 91
8 83 92
8 83 93
8 83 95
8 83 70
8 83 82
8 83 55
8 83 62
8 83 63
8 83 72
8 83 64
9 5 4
9 5 24
9 11 2
9 11 11
9 11 12
9 11 20
9 11 3
9 11 13
9 18 8
9 18 9
9 18 18
9 18 37
9 18 49
9 39 39
9 39 48
9 39 47
9 44 46
9 52 40
9 52 32
9 52 33
9 52 50
9 52 51
9 52 54
9 52 71
9 52 53
9 52 62
9 52 23
9 52 64
9 52 73
9 61 61
9 67 67
9 77 96
9 77 58
9 77 68
9 77 78
9 77 87
9 77 97
9 77 98
9 77 59
9 79 99
9 79 79
9 83 84
9 83 94
10 5 -1
10 11 0
10 11 10
10 11 20
10 18 9
10 18 18
10 18 25
10 18 19
10 18 49
10 39 -1
10 44 36
10 52 40
10 52 32
10 52 42
10 52 54
10 52 45
10 52 73
10 61 90
10 61 61
10 61 70
10 67 56
10 67 67
10 67 55
10 67 66
10 67 69
10 67 75
10 67 78
10 67 87
10 77 86
10 77 88
10 79 -1
10 83 -1
11 5 -1
11 11 0
11 18 28
11 18 37
11 39 -1
11 44 36
11 44 32
11 44 54
11 44 34
11 52 -1
11 61 90
11 61 71
11 67 -1
11 77 -1
11 79 99
11 83 84
11 83 94
11 83 76
--- Done ---
