0 83 65
0 83 75
0 83 76
0 84 66
1 83 15
1 83 18
1 83 24
1 83 35
1 83 48
1 83 51
1 83 61
1 83 62
1 83 72
1 83 76
1 83 77
1 83 81
1 83 82
1 83 87
1 83 93
1 83 97
1 83 98
1 84 9
1 84 21
1 84 32
1 84 34
1 84 58
1 84 65
1 84 66
1 84 67
1 84 71
1 84 73
1 84 75
2 83 0
2 83 3
2 83 10
2 83 15
2 83 17
2 83 20
2 83 23
2 83 24
2 83 25
2 83 33
2 83 35
2 83 40
2 83 48
2 83 51
2 83 55
2 83 56
2 83 59
2 83 61
2 83 62
2 83 70
2 83 76
2 83 78
2 83 80
2 83 81
2 83 89
2 83 90
2 83 93
2 83 96
2 83 98
2 84 9
2 84 14
2 84 19
2 84 21
2 84 29
2 84 30
2 84 31
2 84 32
2 84 34
2 84 36
2 84 43
2 84 49
2 84 54
2 84 65
2 84 66
2 84 68
2 84 69
2 84 73
2 84 74
2 84 77
2 84 84
2 84 85
2 84 86
2 84 95
3 83 0
3 83 2
3 83 3
3 83 7
3 83 8
3 83 10
3 83 11
3 83 12
3 83 13
3 83 15
3 83 20
3 83 23
3 83 24
3 83 25
3 83 38
3 83 40
3 83 44
3 83 45
3 83 50
3 83 52
3 83 53
3 83 56
3 83 57
3 83 59
3 83 60
3 83 61
3 83 62
3 83 63
3 83 66
3 84 5
3 84 16
3 84 22
3 84 26
3 84 30
3 84 31
3 84 32
3 84 34
3 84 36
3 84 37
3 84 39
3 84 54
3 84 58
3 84 65
3 84 68
4 83 2
4 83 3
4 83 4
4 83 7
4 83 8
4 83 11
4 83 12
4 83 13
4 83 17
4 83 18
4 83 20
4 83 23
4 83 28
4 83 33
4 83 35
4 83 38
4 83 40
4 83 44
4 83 46
4 83 48
4 83 51
4 83 55
4 83 56
4 83 57
4 83 67
4 84 6
4 84 9
4 84 14
4 84 16
4 84 21
4 84 22
4 84 26
4 84 27
4 84 29
4 84 30
4 84 31
4 84 34
4 84 36
4 84 37
4 84 39
4 84 41
4 84 42
4 84 43
4 84 49
4 84 54
4 84 58
4 84 59
4 84 64
5 83 0
5 83 1
5 83 3
5 83 4
5 83 8
5 83 10
5 83 12
5 83 13
5 83 15
5 83 17
5 83 20
5 83 24
5 83 25
5 83 28
5 83 33
5 83 35
5 83 38
5 83 40
5 83 44
5 83 45
5 83 46
5 83 48
5 83 58
5 84 5
5 84 6
5 84 9
5 84 14
5 84 16
5 84 19
5 84 21
5 84 22
5 84 26
5 84 27
5 84 29
5 84 30
5 84 31
5 84 36
5 84 37
5 84 42
5 84 43
5 84 47
5 84 49
5 84 52
6 83 1
6 83 2
6 83 4
6 83 7
6 83 10
6 83 11
6 83 12
6 83 15
6 83 17
6 83 20
6 83 23
6 83 25
6 83 28
6 83 33
6 83 35
6 83 38
6 83 40
6 84 5
6 84 6
6 84 14
6 84 16
6 84 19
6 84 22
6 84 26
6 84 27
6 84 29
6 84 30
6 84 31
6 84 32
6 84 34
6 84 36
6 84 37
6 84 39
6 84 41
6 84 42
6 84 43
7 83 1
7 83 2
7 83 3
7 83 4
7 83 7
7 83 8
7 83 10
7 83 11
7 83 13
7 83 15
7 83 17
7 83 18
7 83 35
7 83 40
7 83 44
7 83 46
7 83 47
7 83 48
7 83 52
7 83 53
7 83 54
7 83 55
7 84 5
7 84 6
7 84 14
7 84 16
7 84 19
7 84 21
7 84 22
7 84 27
7 84 29
7 84 30
7 84 31
7 84 34
7 84 37
7 84 39
7 84 41
7 84 42
7 84 43
7 84 49
8 83 0
8 83 2
8 83 4
8 83 7
8 83 8
8 83 10
8 83 11
8 83 12
8 83 13
8 83 15
8 83 18
8 83 23
8 83 24
8 83 35
8 83 38
8 83 44
8 83 45
8 83 51
8 83 52
8 83 53
8 83 55
8 83 56
8 83 57
8 83 59
8 83 62
8 83 63
8 84 5
8 84 6
8 84 9
8 84 16
8 84 21
8 84 22
8 84 26
8 84 27
8 84 29
8 84 30
8 84 37
8 84 39
8 84 47
8 84 49
8 84 58
8 84 64
8 84 65
8 84 66
8 84 68
8 84 69
8 84 70
8 84 71
8 84 72
8 84 76
8 84 77
8 84 82
8 84 83
8 84 84
8 84 85
8 84 86
9 83 2
9 83 3
9 83 4
9 83 8
9 83 11
9 83 12
9 83 13
9 83 18
9 83 20
9 83 23
9 83 24
9 83 33
9 83 40
9 83 46
9 83 48
9 83 50
9 83 51
9 83 53
9 83 59
9 83 61
9 83 62
9 83 64
9 83 78
9 83 94
9 83 99
9 84 9
9 84 32
9 84 37
9 84 39
9 84 47
9 84 49
9 84 54
9 84 58
9 84 67
9 84 68
9 84 71
9 84 73
9 84 79
9 84 84
9 84 87
9 84 96
9 84 97
9 84 98
10 83 0
10 83 10
10 83 18
10 83 20
10 83 25
10 83 40
10 83 45
10 83 55
10 83 56
10 83 61
10 83 70
10 83 78
10 83 88
10 83 90
10 84 9
10 84 19
10 84 32
10 84 36
10 84 42
10 84 49
10 84 54
10 84 66
10 84 67
10 84 69
10 84 73
10 84 75
10 84 86
10 84 87
11 83 0
11 83 28
11 83 76
11 83 90
11 83 94
11 83 99
11 84 32
11 84 34
11 84 36
11 84 37
11 84 54
11 84 71
11 84 84
--- Done ---
