0 1 22
0 24 23
0 24 33
0 31 21
0 31 31
0 31 32
1 1 0
1 1 1
1 1 10
1 1 12
1 1 22
1 4 3
1 4 5
1 4 13
1 4 14
1 17 7
1 17 16
1 17 17
1 17 26
1 24 15
1 24 23
1 24 24
1 31 30
1 31 41
1 38 28
1 38 39
1 45 36
1 45 45
1 50 50
1 50 60
1 52 51
1 52 53
1 52 61
1 52 62
1 58 58
1 58 59
1 58 68
1 66 55
1 66 56
1 66 57
1 66 66
1 66 75
1 73 63
1 73 74
1 73 83
1 80 70
1 80 80
1 80 81
1 87 77
1 87 87
1 87 97
1 92 92
1 92 93
1 95 95
2 1 1
2 1 11
2 4 5
2 4 13
2 8 7
2 8 9
2 17 16
2 17 17
2 17 18
2 17 19
2 17 26
2 24 24
2 24 25
2 24 35
2 31 32
2 38 39
2 45 36
2 45 46
2 45 54
2 45 55
2 50 50
2 52 43
2 52 51
2 52 61
2 58 49
2 58 58
2 66 56
2 66 65
2 66 67
2 66 76
2 73 63
2 73 74
2 73 84
2 78 78
2 78 79
2 80 71
2 80 80
2 80 81
2 87 77
2 87 86
2 87 87
2 87 97
2 92 82
2 92 93
2 95 94
2 95 95
3 1 0
3 1 2
3 1 22
3 4 13
3 4 14
3 4 15
3 8 18
3 17 16
3 24 24
3 24 33
3 24 35
3 31 21
3 31 30
3 31 31
3 31 32
3 38 38
3 38 39
3 45 45
3 45 46
3 45 54
3 45 55
3 50 40
3 52 42
3 52 53
3 52 61
3 58 58
3 66 57
3 66 65
3 66 66
3 66 67
3 66 76
3 73 63
3 73 74
3 73 83
3 73 84
3 78 68
3 80 70
3 80 80
3 92 92
3 92 93
3 95 85
3 95 95
3 95 96
4 1 0
4 1 1
4 1 12
4 4 3
4 4 4
4 4 5
4 8 8
4 17 6
4 17 7
4 17 16
4 17 17
4 17 19
4 24 15
4 24 24
4 24 34
4 31 21
4 31 31
4 31 41
4 38 38
4 38 39
4 38 47
4 45 45
4 45 46
4 50 50
4 50 60
4 52 43
4 52 61
4 58 58
4 58 69
4 66 65
4 66 75
4 66 99
4 73 73
4 78 88
4 78 89
4 80 70
4 80 71
4 80 80
4 87 77
4 87 86
4 87 97
4 87 98
4 92 82
4 92 93
4 95 94
4 95 95
4 95 96
5 1 2
5 1 10
5 1 22
5 4 3
5 4 5
5 4 14
5 8 18
5 17 28
5 24 15
5 24 25
5 24 34
5 24 35
5 31 21
5 31 30
5 31 31
5 31 41
5 38 39
5 38 47
5 45 44
5 45 45
5 45 46
5 50 40
5 50 60
5 52 43
5 52 53
5 52 61
5 58 48
5 58 49
5 58 58
5 58 59
5 58 69
5 66 56
5 66 57
5 66 67
5 66 76
5 73 63
5 73 72
5 73 84
5 78 78
5 78 88
5 80 70
5 80 80
5 87 97
5 95 85
5 95 96
6 1 2
6 1 10
6 1 22
6 8 7
6 8 9
6 17 6
6 17 16
6 17 17
6 17 27
6 24 23
6 24 24
6 24 33
6 24 35
6 38 28
6 38 29
6 38 38
6 38 39
6 45 36
6 45 45
6 45 46
6 45 55
6 50 40
6 52 42
6 52 43
6 52 51
6 52 52
6 52 61
6 52 62
6 58 47
6 58 48
6 66 56
6 66 65
6 66 66
6 66 75
6 73 63
6 73 64
6 73 73
6 73 74
6 73 83
6 73 84
6 78 78
6 78 88
6 78 89
6 80 80
6 92 81
6 92 90
6 95 94
7 1 11
7 4 3
7 4 4
7 4 13
7 4 14
7 8 8
7 8 19
7 17 16
7 17 17
7 17 25
7 17 26
7 24 15
7 24 33
7 31 21
7 31 32
7 31 41
7 38 29
7 38 37
7 38 39
7 45 36
7 45 54
7 50 51
7 52 42
7 52 52
7 52 60
7 52 62
7 58 48
7 58 49
7 58 69
7 66 56
7 66 67
7 66 75
7 66 76
7 66 99
7 73 63
7 73 64
7 73 72
7 73 73
7 73 83
7 78 78
7 78 79
7 87 97
7 92 93
7 95 86
7 95 94
7 95 95
7 95 96
8 1 10
8 1 11
8 1 12
8 1 22
8 4 5
8 4 13
8 4 14
8 4 15
8 8 9
8 17 7
8 17 17
8 17 18
8 24 25
8 24 33
8 24 34
8 24 35
8 31 20
8 31 21
8 31 31
8 31 32
8 31 41
8 38 29
8 38 37
8 38 38
8 38 39
8 45 36
8 45 44
8 45 54
8 52 42
8 52 43
8 52 51
8 52 53
8 52 61
8 58 49
8 66 55
8 66 67
8 73 63
8 73 72
8 73 73
8 73 74
8 73 83
8 73 84
8 78 77
8 80 80
9 1 0
9 1 1
9 1 11
9 1 12
9 4 3
9 4 14
9 8 8
9 17 16
9 17 26
9 17 27
9 24 15
9 24 23
9 24 24
9 24 33
9 31 31
9 31 41
9 38 28
9 38 29
9 38 37
9 38 38
9 45 36
9 45 54
9 50 40
9 50 50
9 50 51
9 52 42
9 52 52
9 58 57
9 58 58
9 66 55
9 66 67
9 66 75
9 66 76
9 66 99
9 73 64
9 73 72
9 73 73
9 78 78
9 78 79
9 80 71
9 80 81
9 87 77
9 92 82
9 92 91
9 92 92
9 92 93
9 95 95
--- Done ---
