0 1 22
0 31 21
0 31 31
0 31 32
0 33 23
0 33 33
1 1 0
1 1 1
1 1 10
1 1 12
1 1 22
1 4 3
1 4 5
1 4 13
1 4 14
1 4 15
1 8 7
1 27 16
1 27 17
1 27 26
1 27 28
1 27 36
1 31 30
1 31 41
1 33 23
1 33 24
1 45 45
1 45 55
1 49 39
1 49 59
1 52 51
1 52 53
1 52 60
1 52 61
1 52 62
1 57 56
1 57 57
1 57 58
1 70 50
1 70 70
1 70 80
1 73 63
1 73 74
1 73 83
1 76 66
1 76 75
1 76 77
1 88 68
1 88 87
1 92 81
1 92 92
1 92 93
1 96 95
1 96 97
2 1 1
2 1 11
2 4 5
2 4 13
2 8 7
2 8 9
2 8 18
2 8 19
2 24 24
2 24 25
2 24 35
2 27 16
2 27 17
2 27 26
2 41 32
2 45 36
2 45 46
2 45 54
2 45 55
2 49 39
2 49 49
2 52 43
2 52 51
2 52 61
2 57 56
2 57 58
2 57 67
2 70 50
2 70 80
2 73 63
2 73 74
2 73 84
2 76 76
2 76 77
2 76 86
2 88 78
2 88 79
2 88 87
2 91 71
2 92 81
2 92 82
2 92 93
2 96 65
2 96 94
2 96 95
2 96 97
3 1 0
3 1 2
3 4 14
3 4 15
3 17 16
3 17 18
3 22 13
3 22 21
3 22 22
3 22 32
3 24 24
3 24 33
3 24 35
3 41 30
3 41 31
3 41 40
3 41 42
3 45 45
3 45 46
3 45 54
3 45 55
3 49 38
3 49 39
3 53 53
3 53 63
3 58 57
3 58 58
3 58 68
3 60 61
3 60 70
3 66 65
3 66 66
3 66 67
3 66 76
3 83 74
3 83 83
3 83 93
3 91 80
3 91 92
3 95 84
3 95 85
3 95 95
3 95 96
4 1 0
4 1 1
4 1 12
4 4 3
4 4 4
4 4 5
4 4 15
4 17 6
4 17 7
4 17 8
4 17 16
4 17 17
4 17 19
4 22 21
4 22 24
4 22 31
4 22 41
4 45 34
4 45 45
4 45 46
4 49 38
4 49 39
4 53 43
4 58 47
4 58 58
4 58 69
4 60 50
4 60 60
4 60 61
4 60 70
4 66 65
4 66 75
4 66 99
4 77 77
4 83 73
4 83 82
4 83 93
4 91 71
4 91 80
4 95 86
4 95 94
4 95 95
4 95 96
4 98 88
4 98 89
4 98 97
4 98 98
5 1 2
5 1 10
5 4 3
5 4 5
5 4 14
5 4 15
5 8 18
5 22 21
5 22 22
5 22 41
5 24 25
5 24 34
5 38 28
5 38 39
5 38 47
5 40 30
5 40 31
5 40 40
5 46 35
5 46 44
5 46 45
5 46 46
5 46 56
5 52 43
5 52 53
5 52 60
5 52 61
5 58 48
5 58 49
5 58 57
5 58 58
5 58 59
5 58 69
5 73 63
5 73 72
5 73 84
5 77 67
5 77 76
5 77 78
5 80 70
5 80 80
5 95 85
5 95 96
5 98 88
5 98 97
6 1 2
6 1 10
6 1 22
6 8 7
6 8 9
6 17 6
6 17 16
6 17 17
6 17 27
6 17 28
6 24 23
6 24 24
6 24 33
6 24 35
6 38 29
6 38 38
6 38 39
6 38 47
6 38 48
6 40 40
6 46 36
6 46 45
6 46 46
6 46 55
6 46 56
6 52 42
6 52 43
6 52 51
6 52 52
6 52 61
6 52 62
6 66 65
6 66 66
6 66 75
6 73 63
6 73 64
6 73 73
6 73 74
6 73 83
6 73 84
6 79 78
6 79 88
6 79 89
6 80 80
6 80 81
6 80 90
6 96 94
7 1 11
7 4 3
7 4 4
7 4 13
7 4 14
7 17 8
7 17 16
7 17 17
7 17 19
7 17 26
7 24 15
7 24 25
7 24 33
7 31 21
7 31 32
7 31 41
7 39 29
7 39 39
7 39 48
7 39 49
7 46 36
7 46 37
7 52 42
7 52 51
7 52 52
7 52 60
7 63 54
7 63 62
7 63 63
7 63 72
7 66 56
7 66 67
7 66 75
7 66 76
7 66 99
7 73 64
7 73 73
7 77 86
7 79 69
7 79 78
7 79 79
7 83 83
7 83 93
7 96 94
7 96 95
7 96 96
7 96 97
8 1 10
8 1 11
8 1 12
8 1 22
8 4 5
8 4 13
8 4 14
8 4 15
8 8 7
8 8 9
8 8 17
8 8 18
8 24 25
8 24 33
8 24 34
8 24 35
8 31 20
8 31 21
8 31 31
8 31 32
8 31 41
8 39 29
8 39 38
8 39 39
8 39 49
8 46 36
8 46 37
8 46 44
8 46 55
8 52 42
8 52 43
8 52 51
8 52 53
8 52 61
8 63 54
8 63 63
8 63 72
8 63 73
8 70 80
8 77 67
8 77 77
8 83 74
8 83 83
8 83 84
9 1 0
9 1 1
9 1 11
9 1 12
9 8 8
9 13 3
9 13 14
9 13 23
9 24 15
9 24 24
9 24 33
9 27 16
9 27 26
9 27 27
9 27 28
9 27 36
9 38 29
9 38 37
9 38 38
9 41 31
9 41 40
9 41 41
9 41 42
9 41 51
9 55 54
9 55 55
9 55 64
9 57 57
9 57 58
9 57 67
9 61 52
9 70 50
9 72 71
9 72 72
9 72 73
9 72 81
9 77 76
9 77 77
9 77 78
9 85 75
9 85 95
9 92 82
9 92 91
9 92 92
9 92 93
9 99 79
9 99 99
--- Done ---
