0 1 22
0 14 23
0 31 21
0 31 31
0 31 32
0 31 33
1 1 0
1 1 1
1 1 3
1 1 10
1 1 12
1 1 22
1 14 5
1 14 7
1 14 13
1 14 14
1 14 15
1 14 23
1 14 24
1 18 17
1 18 28
1 18 39
1 26 16
1 26 26
1 26 36
1 31 30
1 31 41
1 61 50
1 61 51
1 61 60
1 61 61
1 61 62
1 61 63
1 61 70
1 64 45
1 64 53
1 64 55
1 64 74
1 64 75
1 68 56
1 68 57
1 68 58
1 68 59
1 68 68
1 68 77
1 86 66
1 86 83
1 86 87
1 86 95
1 86 97
1 92 80
1 92 81
1 92 92
1 92 93
2 1 1
2 1 11
2 18 7
2 18 9
2 18 18
2 18 19
2 18 39
2 22 13
2 22 24
2 22 32
2 26 5
2 26 16
2 26 17
2 26 25
2 26 26
2 26 35
2 26 36
2 26 46
2 61 43
2 61 50
2 61 51
2 61 61
2 61 71
2 64 54
2 64 55
2 64 63
2 64 65
2 64 74
2 68 49
2 68 56
2 68 58
2 68 67
2 68 76
2 68 78
2 68 79
2 85 84
2 85 93
2 85 94
2 86 77
2 86 86
2 86 87
2 86 95
2 86 97
2 92 80
2 92 81
2 92 82
3 1 0
3 1 2
3 22 13
3 22 21
3 22 22
3 22 24
3 22 31
3 25 14
3 25 15
3 25 33
3 25 35
3 27 16
3 27 18
3 27 38
3 51 30
3 51 32
3 51 40
3 51 42
3 51 53
3 51 61
3 51 70
3 55 45
3 55 46
3 55 54
3 55 55
3 55 63
3 55 65
3 55 66
3 55 74
3 58 39
3 58 57
3 58 58
3 58 67
3 58 68
3 85 76
3 85 84
3 85 85
3 85 93
3 85 95
3 85 96
3 92 80
3 92 83
3 92 92
4 1 0
4 1 1
4 1 3
4 1 12
4 17 6
4 17 7
4 17 8
4 17 16
4 17 17
4 17 19
4 25 5
4 25 15
4 25 24
4 25 34
4 27 4
4 27 38
4 31 21
4 31 31
4 31 43
4 51 41
4 51 50
4 51 60
4 51 61
4 51 71
4 55 45
4 55 46
4 55 65
4 58 39
4 58 47
4 58 58
4 58 69
4 81 70
4 81 73
4 81 80
4 81 82
4 81 93
4 85 75
4 85 77
4 85 86
4 85 94
4 85 95
4 85 96
4 89 88
4 89 89
4 89 97
4 89 98
4 89 99
5 1 2
5 1 3
5 1 10
5 1 22
5 17 18
5 17 28
5 25 5
5 25 14
5 25 15
5 25 25
5 25 34
5 25 35
5 31 21
5 31 30
5 31 31
5 31 41
5 31 43
5 51 40
5 51 53
5 51 60
5 51 61
5 51 70
5 55 44
5 55 45
5 55 46
5 55 47
5 55 48
5 55 56
5 55 63
5 58 39
5 58 49
5 58 57
5 58 58
5 58 59
5 58 67
5 81 72
5 81 80
5 85 76
5 85 84
5 85 85
5 85 96
5 89 69
5 89 78
5 89 88
5 89 97
6 1 2
6 1 10
6 1 22
6 7 6
6 7 7
6 7 16
6 7 17
6 25 23
6 25 24
6 25 35
6 25 36
6 29 9
6 29 27
6 29 28
6 29 29
6 29 38
6 29 39
6 31 33
6 31 43
6 51 40
6 51 42
6 51 51
6 51 52
6 51 61
6 51 62
6 55 45
6 55 46
6 55 47
6 55 48
6 55 55
6 55 56
6 55 63
6 55 64
6 55 65
6 55 66
6 55 75
6 81 73
6 81 80
6 81 81
6 81 83
6 81 90
6 85 74
6 85 84
6 85 94
6 89 78
6 89 88
6 89 89
7 1 3
7 1 11
7 7 8
7 7 15
7 7 16
7 7 17
7 23 4
7 23 13
7 23 14
7 23 25
7 29 19
7 29 29
7 29 39
7 29 49
7 31 21
7 31 32
7 31 33
7 31 41
7 31 42
7 46 26
7 46 36
7 46 37
7 46 56
7 68 48
7 68 67
7 68 79
7 72 51
7 72 52
7 72 60
7 72 62
7 72 63
7 72 72
7 72 83
7 72 93
7 74 54
7 74 64
7 74 73
7 74 75
7 85 76
7 85 86
7 85 94
7 85 95
7 85 96
7 89 69
7 89 78
7 89 97
7 89 99
8 1 10
8 1 11
8 1 12
8 1 22
8 18 7
8 18 9
8 18 17
8 18 18
8 18 29
8 18 39
8 23 13
8 23 14
8 26 5
8 26 15
8 26 25
8 26 34
8 26 36
8 26 37
8 26 38
8 31 20
8 31 21
8 31 31
8 31 32
8 31 33
8 31 41
8 31 42
8 31 43
8 46 35
8 46 44
8 46 55
8 68 49
8 68 67
8 68 77
8 72 51
8 72 61
8 72 63
8 72 72
8 72 73
8 72 80
8 72 83
8 74 53
8 74 54
8 74 74
8 74 84
9 1 0
9 1 1
9 1 3
9 1 11
9 1 12
9 18 8
9 18 27
9 18 28
9 18 29
9 25 14
9 25 15
9 25 23
9 25 24
9 25 33
9 25 36
9 26 16
9 26 26
9 26 37
9 26 38
9 40 31
9 40 40
9 40 41
9 40 50
9 53 42
9 53 51
9 53 52
9 53 54
9 66 55
9 66 57
9 66 64
9 66 67
9 66 75
9 66 77
9 66 99
9 68 58
9 68 76
9 68 78
9 68 79
9 81 71
9 81 72
9 81 73
9 81 81
9 81 82
9 81 91
9 81 93
9 94 92
9 94 95
--- Done ---
