0 22 21
0 22 22
0 22 23
0 22 31
0 22 32
0 52 33
1 1 0
1 1 1
1 1 3
1 1 10
1 1 12
1 4 13
1 4 14
1 4 15
1 22 22
1 22 23
1 22 24
1 26 5
1 26 7
1 26 16
1 26 17
1 26 26
1 26 36
1 28 28
1 51 30
1 51 41
1 51 50
1 51 51
1 51 53
1 51 60
1 51 70
1 52 61
1 52 62
1 55 45
1 55 55
1 55 56
1 55 63
1 55 66
1 55 74
1 55 75
1 58 39
1 58 57
1 58 58
1 58 59
1 58 68
1 85 77
1 85 87
1 85 93
1 85 95
1 89 97
1 92 80
1 92 81
1 92 83
1 92 92
2 1 1
2 1 11
2 4 5
2 4 13
2 22 24
2 26 7
2 26 16
2 26 17
2 26 25
2 26 26
2 26 35
2 26 36
2 28 9
2 28 18
2 28 19
2 51 32
2 51 50
2 51 51
2 51 71
2 52 43
2 52 61
2 55 46
2 55 54
2 55 55
2 55 63
2 55 65
2 58 39
2 58 49
2 58 56
2 58 58
2 58 67
2 85 74
2 85 76
2 85 77
2 85 84
2 85 86
2 85 87
2 85 93
2 85 94
2 85 95
2 89 78
2 89 79
2 89 97
2 92 80
2 92 81
2 92 82
3 1 0
3 1 2
3 4 14
3 4 24
3 22 13
3 22 21
3 22 22
3 22 31
3 26 15
3 26 16
3 26 35
3 26 46
3 28 18
3 51 30
3 51 32
3 51 40
3 51 53
3 51 70
3 52 33
3 52 42
3 52 61
3 52 63
3 55 45
3 55 54
3 55 55
3 55 65
3 55 66
3 58 38
3 58 39
3 58 57
3 58 58
3 58 67
3 58 68
3 85 74
3 85 76
3 85 84
3 85 85
3 85 95
3 85 96
3 92 80
3 92 83
3 92 92
3 92 93
4 1 0
4 1 1
4 1 3
4 1 12
4 4 4
4 4 5
4 4 6
4 4 24
4 22 21
4 22 31
4 26 7
4 26 15
4 26 16
4 26 17
4 26 34
4 28 8
4 28 19
4 28 38
4 51 41
4 51 50
4 51 60
4 51 70
4 51 71
4 52 43
4 52 61
4 52 73
4 55 45
4 55 46
4 55 47
4 55 65
4 55 75
4 58 39
4 58 58
4 58 69
4 85 77
4 85 86
4 85 93
4 85 94
4 85 95
4 85 96
4 89 88
4 89 89
4 89 97
4 89 98
4 89 99
4 92 80
4 92 82
5 1 2
5 1 3
5 1 10
5 4 5
5 4 14
5 22 21
5 22 22
5 22 31
5 26 15
5 26 25
5 26 34
5 26 35
5 26 46
5 28 18
5 28 28
5 51 30
5 51 40
5 51 53
5 51 60
5 51 70
5 52 41
5 52 43
5 52 61
5 55 44
5 55 45
5 55 47
5 55 56
5 55 63
5 58 39
5 58 48
5 58 49
5 58 57
5 58 58
5 58 59
5 58 67
5 58 69
5 85 76
5 85 84
5 85 85
5 85 96
5 89 78
5 89 88
5 89 97
5 92 72
5 92 80
6 1 2
6 1 10
6 4 6
6 22 22
6 22 23
6 22 24
6 26 7
6 26 16
6 26 17
6 26 27
6 26 35
6 26 36
6 26 46
6 28 9
6 28 28
6 28 29
6 28 38
6 51 40
6 51 51
6 52 33
6 52 42
6 52 43
6 52 52
6 52 61
6 52 62
6 52 73
6 55 45
6 55 55
6 55 56
6 55 63
6 55 64
6 55 65
6 55 66
6 55 75
6 58 39
6 58 47
6 58 48
6 85 74
6 85 84
6 85 94
6 89 78
6 89 88
6 89 89
6 92 80
6 92 81
6 92 83
6 92 90
7 1 3
7 1 11
7 4 4
7 4 13
7 4 14
7 4 15
7 22 21
7 26 16
7 26 17
7 26 25
7 26 26
7 26 36
7 26 37
7 28 8
7 28 19
7 28 29
7 51 32
7 51 42
7 51 51
7 51 60
7 52 33
7 52 41
7 52 52
7 52 62
7 52 73
7 55 54
7 55 56
7 55 63
7 55 64
7 55 75
7 58 39
7 58 48
7 58 49
7 58 67
7 85 76
7 85 86
7 85 94
7 85 95
7 85 96
7 89 69
7 89 78
7 89 79
7 89 97
7 89 99
7 92 72
7 92 83
7 92 93
8 1 10
8 1 11
8 1 12
8 4 5
8 4 14
8 4 15
8 22 13
8 22 20
8 22 21
8 22 22
8 22 31
8 22 32
8 22 41
8 26 7
8 26 17
8 26 25
8 26 34
8 26 35
8 26 36
8 26 37
8 28 9
8 28 18
8 28 29
8 51 42
8 51 51
8 51 53
8 51 61
8 52 33
8 52 43
8 52 73
8 55 44
8 55 54
8 55 55
8 55 63
8 58 38
8 58 39
8 58 49
8 58 67
8 85 74
8 85 77
8 85 84
8 92 72
8 92 80
8 92 83
9 1 0
9 1 1
9 1 3
9 1 11
9 1 12
9 4 14
9 4 15
9 4 24
9 22 23
9 22 31
9 26 16
9 26 26
9 26 36
9 26 37
9 28 8
9 28 27
9 28 28
9 28 29
9 28 38
9 51 40
9 51 42
9 51 50
9 51 51
9 51 71
9 52 33
9 52 41
9 52 52
9 52 73
9 55 54
9 55 55
9 55 64
9 55 75
9 58 57
9 58 58
9 58 67
9 85 76
9 85 77
9 85 93
9 85 95
9 89 78
9 89 79
9 89 99
9 92 72
9 92 81
9 92 82
9 92 91
9 92 92
--- Done ---
