0 2 -1
0 38 18
0 38 19
0 38 27
0 38 28
0 38 29
0 38 38
0 64 -1
1 2 1
1 2 21
1 5 4
1 5 5
1 5 8
1 5 13
1 5 14
1 5 36
1 5 24
1 30 40
1 30 32
1 38 18
1 38 19
1 38 29
1 38 38
1 38 39
1 38 49
1 38 28
1 38 35
1 38 46
1 44 56
1 44 43
1 44 51
1 44 52
1 44 54
1 44 82
1 64 -1
1 70 61
1 87 57
1 87 78
1 87 79
1 87 88
1 87 97
1 87 99
1 87 85
1 93 93
2 2 0
2 2 11
2 2 13
2 2 15
2 5 4
2 8 9
2 30 10
2 30 30
2 30 40
2 30 41
2 30 50
2 38 27
2 38 38
2 38 49
2 38 58
2 38 59
2 38 69
2 38 18
2 38 19
2 38 47
2 38 68
2 38 17
2 38 28
2 44 45
2 44 56
2 44 23
2 44 25
2 44 36
2 44 43
2 44 44
2 44 51
2 44 52
2 44 53
2 44 55
2 44 66
2 44 24
2 44 35
2 64 62
2 64 74
2 70 80
2 70 90
2 87 57
2 87 67
2 87 76
2 87 78
2 87 79
2 87 89
2 87 96
2 87 97
2 87 99
2 87 77
2 87 92
2 93 83
2 93 84
2 93 93
2 93 95
2 93 72
3 2 0
3 2 2
3 2 11
3 2 3
3 2 12
3 2 13
3 2 21
3 5 4
3 5 6
3 5 7
3 5 25
3 5 28
3 8 9
3 8 8
3 30 20
3 30 40
3 30 32
3 30 52
3 38 27
3 38 38
3 38 48
3 38 49
3 38 58
3 38 59
3 38 69
3 38 18
3 38 19
3 38 26
3 38 29
3 38 47
3 38 68
3 38 16
3 38 35
3 44 34
3 44 45
3 44 51
3 44 54
3 44 55
3 44 63
3 64 74
3 64 64
3 70 -1
3 87 67
3 87 76
3 87 79
3 87 86
3 87 88
3 87 89
3 87 96
3 87 97
3 87 98
3 87 99
3 87 75
3 87 92
3 93 83
3 93 84
3 93 95
3 93 71
3 93 94
3 93 73
3 93 82
4 2 0
4 2 1
4 2 2
4 2 12
4 2 13
4 2 21
4 2 15
4 5 4
4 5 5
4 5 6
4 5 7
4 5 28
4 5 46
4 8 9
4 8 8
4 30 20
4 30 31
4 30 40
4 38 27
4 38 38
4 38 39
4 38 48
4 38 58
4 38 59
4 38 18
4 38 26
4 38 47
4 38 16
4 44 33
4 44 45
4 44 56
4 44 36
4 44 43
4 44 44
4 44 52
4 44 53
4 44 66
4 44 24
4 44 42
4 44 75
4 44 82
4 64 62
4 64 74
4 64 64
4 64 94
4 70 70
4 70 80
4 70 90
4 70 50
4 70 61
4 70 71
4 70 81
4 70 72
4 70 73
4 70 91
4 87 57
4 87 67
4 87 78
4 87 79
4 87 86
4 87 89
4 87 96
4 87 97
4 87 98
4 87 99
4 87 77
4 87 92
4 93 83
4 93 84
5 2 1
5 2 11
5 2 2
5 2 3
5 2 13
5 2 15
5 5 4
5 5 5
5 5 7
5 5 28
5 5 35
5 6 6
5 8 9
5 8 8
5 30 10
5 30 20
5 30 30
5 30 31
5 30 40
5 30 41
5 30 12
5 30 21
5 30 22
5 30 32
5 30 52
5 38 37
5 38 38
5 38 39
5 38 49
5 38 58
5 38 69
5 38 27
5 38 29
5 38 48
5 38 68
5 38 18
5 38 26
5 38 46
5 38 17
5 44 33
5 44 34
5 44 45
5 44 14
5 44 23
5 44 43
5 44 44
5 44 51
5 44 53
5 44 54
5 44 55
5 44 65
5 44 66
5 44 24
5 44 42
5 44 63
5 64 62
5 64 74
5 64 64
5 64 94
5 70 60
5 70 70
5 70 80
5 70 90
5 70 61
5 70 72
5 70 73
5 70 91
5 87 67
5 87 76
5 87 78
5 87 79
5 87 87
5 87 88
5 87 89
5 87 96
5 87 97
5 87 98
5 87 99
5 87 77
5 87 92
5 93 83
5 93 84
5 93 93
5 93 95
6 2 0
6 2 11
6 2 3
6 2 13
6 2 21
6 2 22
6 5 4
6 5 7
6 5 16
6 5 17
6 5 15
6 6 -1
6 8 9
6 8 8
6 30 10
6 30 30
6 30 31
6 30 40
6 30 41
6 30 32
6 30 50
6 38 37
6 38 38
6 38 39
6 38 49
6 38 58
6 38 59
6 38 69
6 38 27
6 38 29
6 38 47
6 38 68
6 38 18
6 38 26
6 38 28
6 38 46
6 44 33
6 44 34
6 44 45
6 44 56
6 44 14
6 44 23
6 44 36
6 44 43
6 44 44
6 44 51
6 44 52
6 44 53
6 44 54
6 44 55
6 44 66
6 44 25
6 44 42
6 44 63
6 44 75
6 44 24
6 64 62
6 64 74
6 64 61
6 64 64
6 64 81
6 64 94
6 64 72
6 64 73
6 64 91
6 70 60
6 70 70
6 87 57
6 87 67
6 87 79
6 87 86
6 87 87
6 87 88
6 87 89
6 87 96
6 87 97
6 87 98
6 87 77
6 87 85
6 93 83
6 93 84
6 93 93
6 93 71
7 2 1
7 2 11
7 2 2
7 2 3
7 2 12
7 2 13
7 2 21
7 2 15
7 5 4
7 5 5
7 5 7
7 6 6
7 8 9
7 8 8
7 30 10
7 30 20
7 30 31
7 30 40
7 30 41
7 30 32
7 30 50
7 38 37
7 38 38
7 38 39
7 38 49
7 38 59
7 38 19
7 38 27
7 38 29
7 38 48
7 38 68
7 38 18
7 38 26
7 38 16
7 44 33
7 44 34
7 44 45
7 44 56
7 44 14
7 44 23
7 44 36
7 44 43
7 44 51
7 44 52
7 44 53
7 44 55
7 44 65
7 44 42
7 44 46
7 44 63
7 44 75
7 44 24
7 44 82
7 64 62
7 64 74
7 70 60
7 70 70
7 70 80
7 70 90
7 70 61
7 70 71
7 70 81
7 70 91
7 87 57
7 87 87
7 87 88
7 87 89
7 87 97
7 87 98
7 87 99
7 87 77
7 87 85
7 87 92
7 93 83
7 93 95
8 2 0
8 2 1
8 2 11
8 2 2
8 2 3
8 2 13
8 2 15
8 5 4
8 5 5
8 5 7
8 6 6
8 8 8
8 30 10
8 30 20
8 30 30
8 30 31
8 30 40
8 30 41
8 30 50
8 38 37
8 38 39
8 38 58
8 38 59
8 38 69
8 38 27
8 38 29
8 38 47
8 38 48
8 38 18
8 38 26
8 38 28
8 38 35
8 38 46
8 38 17
8 44 33
8 44 45
8 44 56
8 44 14
8 44 23
8 44 36
8 44 44
8 44 53
8 44 54
8 44 55
8 44 63
8 44 75
8 44 24
8 64 62
8 64 74
8 70 60
8 70 70
8 70 80
8 70 61
8 70 81
8 87 57
8 87 79
8 87 86
8 87 89
8 87 98
8 87 99
8 93 84
8 93 93
8 93 95
8 93 94
8 93 72
8 93 73
8 93 91
8 93 92
9 2 0
9 2 1
9 2 2
9 2 3
9 2 13
9 2 15
9 5 4
9 5 5
9 5 7
9 6 6
9 8 9
9 30 10
9 30 20
9 30 30
9 38 37
9 38 49
9 38 58
9 38 59
9 38 69
9 38 48
9 38 26
9 38 16
9 44 34
9 44 45
9 44 56
9 44 14
9 44 43
9 44 51
9 44 52
9 44 53
9 44 54
9 44 65
9 44 25
9 44 35
9 44 42
9 44 46
9 44 24
9 64 74
9 64 64
9 70 70
9 70 61
9 70 81
9 70 72
9 70 73
9 87 57
9 87 76
9 87 86
9 87 96
9 87 97
9 87 98
9 87 99
9 87 68
9 87 92
9 93 93
9 93 95
9 93 94
10 2 1
10 2 13
10 5 4
10 5 7
10 6 -1
10 8 -1
10 30 10
10 30 20
10 30 30
10 30 12
10 30 21
10 30 32
10 30 52
10 38 38
10 38 39
10 38 49
10 38 58
10 38 59
10 38 27
10 38 29
10 38 48
10 38 35
10 38 46
10 44 33
10 44 23
10 44 43
10 44 53
10 44 54
10 44 63
10 44 82
10 64 62
10 64 64
10 70 70
10 70 90
10 70 61
10 70 91
10 87 79
10 87 86
10 87 89
10 87 97
10 87 99
10 87 66
10 87 68
10 87 75
10 93 83
10 93 93
11 2 -1
11 5 -1
11 6 -1
11 8 9
11 30 30
11 30 22
11 38 37
11 38 19
11 44 56
11 44 23
11 44 51
11 44 52
11 44 82
11 64 -1
11 70 -1
11 87 57
11 87 67
11 87 96
11 87 99
11 93 83
--- Done ---
