0 7 29
0 7 18
0 7 19
0 7 27
0 7 28
0 17 38
1 7 8
1 7 18
1 7 19
1 7 29
1 17 -1
1 21 1
1 21 14
1 21 21
1 21 40
1 21 13
1 21 32
1 25 4
1 25 24
1 25 35
1 25 5
1 25 36
1 25 38
1 25 39
1 25 54
1 25 28
1 37 46
1 37 49
1 63 43
1 63 51
1 63 52
1 63 61
1 63 82
1 63 93
1 69 56
1 72 -1
1 87 97
1 87 99
1 87 78
1 87 79
1 87 85
1 87 88
1 87 57
1 95 -1
2 7 9
2 7 18
2 7 19
2 7 27
2 17 17
2 20 0
2 20 10
2 20 11
2 20 30
2 20 40
2 20 50
2 21 -1
2 25 4
2 25 23
2 25 24
2 25 35
2 25 13
2 25 25
2 25 44
2 25 47
2 25 15
2 25 36
2 25 38
2 25 45
2 25 28
2 37 -1
2 63 43
2 63 53
2 63 55
2 63 41
2 63 51
2 63 52
2 63 74
2 63 62
2 63 83
2 63 84
2 63 93
2 69 56
2 69 59
2 69 69
2 69 49
2 69 58
2 69 68
2 69 77
2 69 78
2 69 79
2 69 89
2 69 57
2 72 72
2 81 80
2 81 90
2 87 66
2 87 67
2 87 97
2 87 99
2 87 76
2 87 96
2 87 92
2 95 95
3 7 8
3 7 7
3 7 9
3 7 18
3 7 19
3 7 29
3 7 6
3 7 27
3 7 16
3 7 28
3 17 -1
3 20 0
3 20 20
3 21 2
3 21 3
3 21 11
3 21 12
3 21 13
3 21 21
3 21 34
3 21 40
3 21 32
3 25 4
3 25 35
3 25 25
3 25 47
3 25 26
3 25 38
3 25 45
3 25 54
3 37 -1
3 63 55
3 63 51
3 63 52
3 63 63
3 63 64
3 63 74
3 63 71
3 63 73
3 63 82
3 63 83
3 63 84
3 69 59
3 69 69
3 69 48
3 69 49
3 69 58
3 69 68
3 69 79
3 69 88
3 69 89
3 69 98
3 72 -1
3 81 -1
3 87 67
3 87 97
3 87 99
3 87 75
3 87 76
3 87 86
3 87 96
3 87 92
3 95 95
3 95 94
4 7 8
4 7 7
4 7 9
4 7 18
4 7 27
4 7 28
4 17 -1
4 20 0
4 20 20
4 20 42
4 20 50
4 21 1
4 21 2
4 21 12
4 21 13
4 21 21
4 21 31
4 21 33
4 21 40
4 25 4
4 25 24
4 25 44
4 25 47
4 25 5
4 25 6
4 25 15
4 25 26
4 25 36
4 25 38
4 25 39
4 25 45
4 25 16
4 37 46
4 63 43
4 63 53
4 63 52
4 63 64
4 63 74
4 63 83
4 63 84
4 69 56
4 69 59
4 69 48
4 69 58
4 72 94
4 72 72
4 81 80
4 81 90
4 81 70
4 81 81
4 81 91
4 81 61
4 81 62
4 81 71
4 81 73
4 81 82
4 87 66
4 87 67
4 87 97
4 87 99
4 87 75
4 87 77
4 87 78
4 87 79
4 87 86
4 87 89
4 87 96
4 87 57
4 87 92
4 87 98
4 95 -1
5 7 8
5 7 7
5 7 9
5 7 18
5 7 29
5 7 6
5 7 15
5 7 27
5 17 17
5 17 28
5 20 20
5 21 1
5 21 2
5 21 14
5 21 3
5 21 10
5 21 11
5 21 12
5 21 13
5 21 21
5 21 22
5 21 30
5 21 31
5 21 33
5 21 34
5 21 40
5 21 41
5 21 32
5 25 4
5 25 23
5 25 24
5 25 35
5 25 5
5 25 26
5 25 38
5 25 39
5 37 46
5 37 37
5 63 43
5 63 53
5 63 55
5 63 65
5 63 42
5 63 44
5 63 51
5 63 52
5 63 63
5 63 64
5 63 74
5 63 45
5 63 54
5 63 61
5 63 62
5 63 73
5 63 83
5 63 84
5 63 93
5 69 69
5 69 48
5 69 49
5 69 58
5 72 72
5 81 60
5 81 80
5 81 90
5 81 70
5 81 91
5 87 66
5 87 67
5 87 97
5 87 99
5 87 68
5 87 76
5 87 77
5 87 78
5 87 79
5 87 88
5 87 89
5 87 96
5 87 87
5 87 92
5 87 98
5 95 95
5 95 94
6 7 8
6 7 7
6 7 9
6 7 18
6 7 29
6 7 27
6 17 17
6 20 0
6 20 3
6 20 10
6 20 11
6 20 22
6 20 30
6 20 31
6 20 40
6 20 42
6 20 50
6 20 32
6 21 14
6 21 21
6 25 4
6 25 23
6 25 24
6 25 13
6 25 25
6 25 33
6 25 34
6 25 44
6 25 47
6 25 15
6 25 26
6 25 36
6 25 38
6 25 39
6 25 45
6 25 54
6 25 16
6 25 28
6 37 46
6 37 37
6 63 43
6 63 53
6 63 55
6 63 41
6 63 51
6 63 52
6 63 63
6 63 64
6 63 74
6 63 61
6 63 62
6 63 71
6 63 73
6 63 83
6 63 84
6 63 93
6 69 56
6 69 59
6 69 69
6 69 49
6 69 58
6 69 68
6 69 77
6 69 79
6 69 88
6 69 89
6 69 57
6 69 98
6 72 94
6 72 72
6 81 60
6 81 70
6 81 81
6 81 91
6 87 66
6 87 67
6 87 97
6 87 75
6 87 85
6 87 86
6 87 96
6 87 87
6 95 -1
7 7 8
7 7 7
7 7 9
7 7 18
7 7 19
7 7 29
7 7 6
7 7 15
7 7 27
7 7 16
7 17 -1
7 20 20
7 20 50
7 21 1
7 21 2
7 21 14
7 21 3
7 21 10
7 21 11
7 21 12
7 21 13
7 21 21
7 21 31
7 21 33
7 21 34
7 21 40
7 21 41
7 21 32
7 25 4
7 25 23
7 25 24
7 25 5
7 25 26
7 25 36
7 25 38
7 25 39
7 37 46
7 37 37
7 63 43
7 63 53
7 63 55
7 63 65
7 63 42
7 63 51
7 63 52
7 63 63
7 63 74
7 63 45
7 63 61
7 63 62
7 63 71
7 63 82
7 63 83
7 69 56
7 69 59
7 69 48
7 69 49
7 69 68
7 72 -1
7 81 60
7 81 80
7 81 90
7 81 70
7 81 81
7 81 91
7 87 97
7 87 99
7 87 75
7 87 77
7 87 85
7 87 88
7 87 89
7 87 57
7 87 87
7 87 92
7 87 98
7 95 95
8 7 8
8 7 7
8 7 18
8 7 29
8 7 27
8 17 17
8 20 0
8 20 20
8 20 50
8 21 1
8 21 2
8 21 14
8 21 3
8 21 10
8 21 11
8 21 13
8 21 30
8 21 31
8 21 33
8 21 40
8 21 41
8 25 4
8 25 23
8 25 24
8 25 35
8 25 44
8 25 47
8 25 5
8 25 6
8 25 15
8 25 26
8 25 36
8 25 39
8 25 45
8 25 54
8 25 28
8 37 46
8 37 37
8 63 53
8 63 55
8 63 63
8 63 74
8 63 61
8 63 62
8 63 73
8 63 84
8 63 93
8 69 56
8 69 59
8 69 69
8 69 48
8 69 58
8 69 79
8 69 89
8 69 57
8 69 98
8 72 72
8 81 60
8 81 80
8 81 70
8 81 81
8 81 91
8 81 92
8 87 99
8 95 95
8 95 75
8 95 86
8 95 94
9 7 7
9 7 9
9 17 -1
9 20 0
9 20 20
9 21 1
9 21 2
9 21 14
9 21 3
9 21 10
9 21 13
9 21 30
9 21 34
9 25 4
9 25 24
9 25 35
9 25 25
9 25 5
9 25 6
9 25 15
9 25 26
9 25 16
9 37 46
9 37 37
9 63 43
9 63 53
9 63 65
9 63 42
9 63 51
9 63 52
9 63 64
9 63 74
9 63 45
9 63 54
9 63 61
9 63 73
9 63 93
9 69 56
9 69 59
9 69 69
9 69 48
9 69 49
9 69 58
9 69 68
9 69 57
9 69 98
9 72 70
9 72 94
9 72 72
9 81 81
9 87 97
9 87 99
9 87 76
9 87 86
9 87 96
9 87 92
9 95 95
10 7 7
10 7 29
10 17 -1
10 20 20
10 21 1
10 21 10
10 21 12
10 21 13
10 21 21
10 21 30
10 21 33
10 21 32
10 25 4
10 25 23
10 25 35
10 37 46
10 37 48
10 37 49
10 37 58
10 37 27
10 37 38
10 37 39
10 63 43
10 63 53
10 63 52
10 63 63
10 63 64
10 63 54
10 63 61
10 63 62
10 63 82
10 63 83
10 63 93
10 69 59
10 72 -1
10 81 90
10 81 70
10 81 91
10 87 66
10 87 97
10 87 99
10 87 68
10 87 75
10 87 79
10 87 86
10 87 89
10 95 -1
11 7 9
11 7 19
11 17 -1
11 20 22
11 20 30
11 21 -1
11 25 23
11 37 37
11 63 51
11 63 52
11 63 82
11 63 83
11 69 56
11 72 -1
11 81 -1
11 87 67
11 87 99
11 87 96
11 87 57
11 95 -1
--- Done ---
