0 17 18
0 17 19
0 17 27
0 17 28
0 17 29
0 17 38
1 17 1
1 17 4
1 17 5
1 17 8
1 17 13
1 17 14
1 17 18
1 17 19
1 17 21
1 17 24
1 17 28
1 17 29
1 17 32
1 17 35
1 17 36
1 17 38
1 17 39
1 17 40
1 17 43
1 17 46
1 17 49
1 17 51
1 17 52
1 17 54
1 17 56
1 17 57
1 17 61
1 17 78
1 17 79
1 17 82
1 17 85
1 17 88
1 17 93
1 17 97
1 17 99
1 33 -1
1 65 -1
2 3 -1
2 17 9
2 17 10
2 17 15
2 17 17
2 17 18
2 17 19
2 17 25
2 17 27
2 17 28
2 17 36
2 17 38
2 17 49
2 17 69
2 33 0
2 33 4
2 33 11
2 33 13
2 33 23
2 33 24
2 33 30
2 33 40
2 33 41
2 33 43
2 33 44
2 33 47
2 33 50
2 33 51
2 33 52
2 33 53
2 33 59
2 33 90
2 33 92
2 65 35
2 65 45
2 65 55
2 65 56
2 65 57
2 65 58
2 65 62
2 65 66
2 65 67
2 65 68
2 65 72
2 65 74
2 65 76
2 65 77
2 65 78
2 65 79
2 65 80
2 65 83
2 65 84
2 65 89
2 65 93
2 65 95
2 65 96
2 65 97
2 65 99
2 74 -1
3 3 0
3 3 2
3 3 3
3 3 4
3 3 11
3 3 12
3 3 13
3 3 35
3 3 52
3 3 69
3 17 6
3 17 7
3 17 8
3 17 9
3 17 16
3 17 18
3 17 19
3 17 25
3 17 26
3 17 27
3 17 28
3 17 29
3 17 38
3 17 48
3 17 49
3 26 -1
3 33 20
3 33 21
3 33 32
3 33 34
3 33 40
3 33 47
3 33 51
3 33 54
3 33 59
3 65 45
3 65 55
3 65 58
3 65 67
3 65 68
3 65 75
3 65 79
3 65 86
3 65 88
3 65 89
3 65 94
3 65 96
3 65 98
3 65 99
3 74 63
3 74 64
3 74 71
3 74 73
3 74 74
3 74 76
3 74 82
3 74 83
3 74 84
3 74 92
3 74 95
3 74 97
4 3 0
4 3 1
4 3 2
4 3 4
4 3 5
4 3 12
4 3 13
4 3 50
4 3 52
4 17 6
4 17 7
4 17 8
4 17 9
4 17 18
4 17 28
4 17 38
4 17 39
4 17 48
4 26 15
4 26 16
4 26 26
4 26 27
4 26 36
4 26 46
4 26 47
4 33 20
4 33 21
4 33 24
4 33 31
4 33 33
4 33 40
4 33 42
4 33 43
4 33 44
4 33 53
4 33 59
4 33 61
4 33 90
4 65 45
4 65 56
4 65 58
4 65 62
4 65 66
4 65 67
4 65 75
4 65 78
4 65 79
4 65 86
4 65 89
4 65 94
4 65 96
4 65 98
4 65 99
4 74 57
4 74 64
4 74 70
4 74 71
4 74 72
4 74 73
4 74 74
4 74 77
4 74 80
4 74 81
4 74 82
4 74 83
4 74 84
4 74 91
4 74 92
4 74 97
5 3 1
5 3 2
5 3 3
5 3 4
5 3 5
5 3 10
5 3 11
5 3 12
5 3 13
5 3 14
5 3 52
5 3 69
5 7 -1
5 17 6
5 17 7
5 17 8
5 17 9
5 17 17
5 17 18
5 17 28
5 17 29
5 17 38
5 17 39
5 17 48
5 17 49
5 26 15
5 26 26
5 26 27
5 26 35
5 26 37
5 26 46
5 33 20
5 33 21
5 33 22
5 33 23
5 33 24
5 33 30
5 33 31
5 33 32
5 33 33
5 33 34
5 33 40
5 33 42
5 33 43
5 33 44
5 33 51
5 33 53
5 33 54
5 33 60
5 33 61
5 33 90
5 47 -1
5 65 45
5 65 55
5 65 58
5 65 62
5 65 65
5 65 66
5 65 67
5 65 68
5 65 78
5 65 79
5 65 88
5 65 89
5 65 94
5 65 96
5 65 98
5 65 99
5 74 41
5 74 63
5 74 64
5 74 70
5 74 72
5 74 73
5 74 74
5 74 76
5 74 77
5 74 80
5 74 83
5 74 84
5 74 87
5 74 91
5 74 92
5 74 93
5 74 95
5 74 97
6 3 0
6 3 3
6 3 4
6 3 10
6 3 11
6 3 13
6 3 14
6 3 50
6 3 52
6 7 7
6 7 8
6 7 29
6 17 9
6 17 17
6 17 18
6 17 28
6 17 39
6 26 15
6 26 16
6 26 25
6 26 26
6 26 27
6 26 36
6 33 21
6 33 22
6 33 23
6 33 24
6 33 30
6 33 31
6 33 32
6 33 33
6 33 34
6 33 40
6 33 42
6 33 43
6 33 44
6 33 51
6 33 53
6 33 60
6 33 61
6 47 37
6 47 38
6 47 45
6 47 46
6 47 47
6 47 49
6 47 54
6 47 57
6 47 58
6 47 59
6 47 68
6 47 69
6 47 79
6 47 89
6 65 55
6 65 56
6 65 62
6 65 66
6 65 67
6 65 75
6 65 86
6 65 88
6 65 94
6 65 96
6 65 98
6 74 41
6 74 63
6 74 64
6 74 70
6 74 71
6 74 72
6 74 73
6 74 74
6 74 77
6 74 81
6 74 83
6 74 84
6 74 85
6 74 87
6 74 91
6 74 93
6 74 97
7 3 1
7 3 2
7 3 3
7 3 4
7 3 5
7 3 10
7 3 11
7 3 12
7 3 13
7 3 14
7 3 50
7 3 52
7 7 7
7 7 8
7 7 29
7 17 6
7 17 9
7 17 18
7 17 19
7 17 39
7 26 15
7 26 16
7 26 26
7 26 27
7 26 36
7 33 20
7 33 21
7 33 23
7 33 24
7 33 31
7 33 32
7 33 33
7 33 34
7 33 40
7 33 42
7 33 43
7 33 51
7 33 53
7 33 60
7 33 61
7 33 90
7 47 37
7 47 38
7 47 45
7 47 46
7 47 48
7 47 49
7 47 57
7 47 59
7 47 68
7 47 89
7 65 55
7 65 56
7 65 62
7 65 65
7 65 75
7 65 88
7 65 98
7 65 99
7 74 41
7 74 63
7 74 70
7 74 71
7 74 74
7 74 77
7 74 80
7 74 81
7 74 82
7 74 83
7 74 85
7 74 87
7 74 91
7 74 92
7 74 95
7 74 97
8 3 0
8 3 1
8 3 2
8 3 3
8 3 4
8 3 5
8 3 10
8 3 11
8 3 13
8 3 14
8 3 50
8 7 7
8 7 8
8 7 29
8 17 6
8 17 17
8 17 18
8 17 28
8 17 39
8 26 15
8 26 26
8 26 27
8 26 35
8 26 36
8 33 20
8 33 23
8 33 24
8 33 30
8 33 31
8 33 33
8 33 40
8 33 44
8 33 53
8 33 60
8 33 61
8 47 37
8 47 45
8 47 46
8 47 47
8 47 48
8 47 54
8 47 57
8 47 58
8 47 59
8 47 69
8 47 79
8 47 89
8 65 55
8 65 56
8 65 62
8 65 75
8 65 86
8 65 94
8 65 98
8 65 99
8 74 41
8 74 63
8 74 70
8 74 72
8 74 73
8 74 74
8 74 80
8 74 81
8 74 84
8 74 91
8 74 92
8 74 93
8 74 95
9 3 0
9 3 1
9 3 2
9 3 3
9 3 4
9 3 5
9 3 10
9 3 13
9 3 14
9 3 52
9 7 7
9 17 6
9 17 9
9 26 15
9 26 16
9 26 25
9 26 26
9 26 35
9 33 20
9 33 24
9 33 30
9 33 34
9 33 42
9 33 43
9 33 51
9 33 53
9 33 61
9 47 37
9 47 45
9 47 46
9 47 48
9 47 49
9 47 54
9 47 57
9 47 58
9 47 59
9 47 68
9 47 69
9 65 56
9 65 65
9 65 86
9 65 94
9 65 96
9 65 98
9 65 99
9 74 64
9 74 70
9 74 72
9 74 73
9 74 74
9 74 76
9 74 81
9 74 92
9 74 93
9 74 95
9 74 97
10 3 1
10 3 4
10 3 10
10 3 12
10 3 13
10 3 52
10 7 7
10 7 29
10 17 39
10 26 27
10 26 35
10 33 20
10 33 21
10 33 23
10 33 30
10 33 32
10 33 33
10 33 43
10 33 53
10 33 61
10 33 90
10 47 38
10 47 46
10 47 48
10 47 49
10 47 54
10 47 58
10 47 59
10 47 68
10 47 79
10 47 89
10 65 62
10 65 66
10 65 75
10 65 86
10 65 99
10 74 63
10 74 64
10 74 70
10 74 82
10 74 83
10 74 91
10 74 93
10 74 97
11 3 52
11 7 -1
11 17 9
11 17 19
11 26 -1
11 33 22
11 33 23
11 33 30
11 33 51
11 47 37
11 47 57
11 65 56
11 65 67
11 65 96
11 65 99
11 74 82
11 74 83
--- Done ---
