0 17 18
0 17 19
0 17 27
0 17 28
0 17 29
0 17 38
1 17 1
1 17 5
1 17 8
1 17 18
1 17 19
1 17 28
1 17 29
1 17 39
1 17 49
1 17 4
1 17 24
1 53 13
1 53 21
1 53 32
1 53 40
1 65 78
1 65 79
1 65 85
1 65 93
1 65 97
1 65 99
1 65 38
1 65 14
1 65 35
1 65 36
1 65 43
1 65 46
1 65 51
1 65 52
1 65 54
1 65 56
1 65 57
1 65 61
1 65 82
1 65 88
2 3 0
2 3 69
2 3 10
2 3 30
2 3 13
2 3 50
2 3 44
2 3 55
2 3 66
2 3 76
2 17 9
2 17 17
2 17 18
2 17 19
2 17 28
2 17 49
2 17 38
2 17 4
2 17 15
2 17 24
2 17 25
2 17 41
2 17 47
2 17 57
2 53 40
2 53 53
2 64 59
2 64 80
2 64 90
2 65 78
2 65 79
2 65 99
2 65 11
2 65 74
2 65 89
2 65 93
2 65 97
2 65 51
2 65 62
2 65 68
2 65 72
2 65 77
2 65 83
2 65 84
2 65 95
2 65 96
2 65 27
2 65 43
2 65 45
2 65 52
2 65 56
2 65 58
2 65 67
2 65 92
2 65 23
2 65 35
2 65 36
3 3 0
3 3 3
3 3 20
3 3 69
3 3 2
3 3 11
3 3 12
3 3 13
3 3 26
3 3 21
3 3 25
3 3 27
3 3 32
3 3 68
3 3 52
3 3 54
3 3 55
3 3 76
3 17 9
3 17 18
3 17 19
3 17 28
3 17 29
3 17 49
3 17 6
3 17 7
3 17 8
3 17 38
3 17 4
3 17 16
3 53 40
3 53 71
3 64 59
3 64 64
3 65 79
3 65 98
3 65 99
3 65 74
3 65 86
3 65 88
3 65 89
3 65 97
3 65 48
3 65 47
3 65 51
3 65 58
3 65 63
3 65 67
3 65 73
3 65 75
3 65 82
3 65 83
3 65 84
3 65 92
3 65 94
3 65 95
3 65 96
3 65 34
3 65 35
3 65 45
4 3 0
4 3 20
4 3 2
4 3 4
4 3 12
4 3 16
4 3 26
4 3 15
4 3 27
4 3 33
4 3 66
4 17 9
4 17 18
4 17 28
4 17 39
4 17 1
4 17 5
4 17 6
4 17 8
4 53 40
4 53 70
4 53 53
4 64 59
4 64 80
4 64 90
4 64 7
4 64 48
4 64 71
4 64 74
4 64 81
4 64 89
4 64 91
4 64 97
4 64 13
4 64 21
4 64 24
4 64 46
4 64 47
4 64 50
4 64 57
4 64 58
4 64 62
4 64 64
4 64 67
4 64 72
4 64 75
4 65 78
4 65 79
4 65 98
4 65 99
4 65 38
4 65 31
4 65 86
4 65 73
4 65 77
4 65 82
4 65 83
4 65 84
4 65 92
4 65 94
4 65 96
4 65 36
4 65 42
4 65 43
4 65 44
4 65 45
4 65 52
4 65 56
4 65 61
5 3 20
5 3 69
5 3 1
5 3 2
5 3 3
5 3 10
5 3 12
5 3 30
5 3 5
5 3 6
5 3 8
5 3 4
5 3 11
5 3 21
5 3 14
5 3 15
5 3 27
5 3 33
5 3 52
5 3 76
5 3 22
5 17 49
5 17 9
5 17 17
5 17 18
5 17 28
5 17 39
5 26 29
5 26 26
5 53 60
5 53 70
5 53 40
5 53 91
5 53 94
5 53 95
5 53 96
5 53 46
5 53 58
5 53 61
5 53 63
5 53 65
5 53 67
5 53 73
5 53 13
5 53 23
5 53 24
5 53 32
5 53 34
5 53 35
5 53 37
5 53 42
5 64 80
5 64 90
5 64 87
5 64 7
5 64 64
5 64 43
5 64 44
5 64 45
5 64 53
5 64 54
5 64 55
5 64 66
5 65 78
5 65 79
5 65 98
5 65 99
5 65 31
5 65 38
5 65 74
5 65 88
5 65 93
5 65 97
5 65 41
5 65 48
5 65 51
5 65 62
5 65 68
5 65 72
5 65 77
5 65 83
5 65 84
5 65 89
5 65 92
6 3 0
6 3 69
6 3 3
6 3 10
6 3 30
6 3 11
6 3 21
6 3 50
6 3 68
6 3 32
6 3 52
6 3 61
6 3 33
6 3 37
6 3 43
6 3 45
6 3 53
6 3 54
6 3 56
6 17 49
6 17 9
6 17 17
6 17 18
6 17 28
6 17 29
6 17 39
6 17 87
6 17 7
6 17 8
6 17 38
6 17 16
6 17 14
6 17 15
6 17 24
6 17 25
6 17 27
6 17 34
6 26 59
6 26 26
6 53 60
6 53 70
6 53 31
6 53 40
6 53 71
6 53 81
6 53 86
6 53 88
6 53 91
6 53 51
6 53 62
6 53 72
6 53 77
6 53 83
6 53 84
6 53 94
6 53 96
6 53 4
6 53 13
6 53 22
6 53 41
6 64 64
6 65 79
6 65 98
6 65 74
6 65 85
6 65 93
6 65 97
6 65 89
6 65 46
6 65 73
6 65 75
6 65 47
6 65 66
6 65 23
6 65 36
6 65 42
6 65 44
6 65 55
6 65 57
6 65 58
6 65 63
6 65 67
7 3 20
7 3 1
7 3 2
7 3 3
7 3 10
7 3 12
7 3 5
7 3 6
7 3 8
7 3 11
7 3 21
7 3 50
7 3 68
7 3 4
7 3 52
7 3 61
7 3 24
7 3 37
7 3 43
7 17 49
7 17 9
7 17 18
7 17 19
7 17 29
7 17 39
7 17 38
7 17 48
7 17 63
7 26 26
7 53 60
7 53 70
7 53 40
7 53 53
7 64 80
7 64 90
7 64 59
7 64 71
7 64 74
7 64 81
7 64 85
7 64 87
7 64 91
7 64 97
7 64 7
7 64 51
7 64 62
7 64 77
7 64 82
7 64 83
7 64 89
7 64 95
7 64 13
7 64 16
7 64 32
7 64 41
7 64 46
7 65 98
7 65 99
7 65 31
7 65 88
7 65 65
7 65 75
7 65 92
7 65 45
7 65 56
7 65 14
7 65 15
7 65 23
7 65 27
7 65 33
7 65 34
7 65 36
7 65 42
7 65 55
7 65 57
8 3 0
8 3 20
8 3 69
8 3 1
8 3 2
8 3 3
8 3 10
8 3 30
8 3 5
8 3 6
8 3 8
8 3 11
8 3 50
8 3 4
8 3 13
8 3 14
8 3 15
8 3 27
8 3 33
8 3 45
8 3 54
8 3 56
8 3 23
8 3 24
8 3 35
8 3 36
8 3 37
8 3 55
8 17 17
8 17 18
8 17 28
8 17 29
8 17 39
8 17 7
8 17 47
8 17 57
8 17 58
8 17 63
8 17 44
8 26 26
8 53 60
8 53 70
8 53 40
8 53 53
8 64 80
8 64 59
8 64 81
8 64 91
8 65 79
8 65 98
8 65 99
8 65 31
8 65 74
8 65 86
8 65 93
8 65 62
8 65 72
8 65 84
8 65 89
8 65 94
8 65 95
8 65 41
8 65 46
8 65 48
8 65 61
8 65 73
8 65 75
8 65 92
9 3 0
9 3 20
9 3 69
9 3 1
9 3 2
9 3 3
9 3 10
9 3 30
9 3 5
9 3 6
9 3 68
9 3 4
9 3 13
9 3 16
9 3 52
9 3 61
9 3 76
9 3 14
9 3 15
9 3 24
9 3 25
9 3 37
9 3 43
9 3 45
9 3 54
9 3 56
9 17 49
9 17 9
9 17 7
9 26 59
9 26 26
9 53 70
9 53 81
9 53 53
9 64 64
9 65 98
9 65 99
9 65 74
9 65 86
9 65 93
9 65 97
9 65 51
9 65 72
9 65 94
9 65 95
9 65 96
9 65 46
9 65 48
9 65 65
9 65 73
9 65 92
9 65 34
9 65 35
9 65 42
9 65 57
9 65 58
10 3 20
10 3 1
10 3 10
10 3 12
10 3 30
10 3 21
10 3 4
10 3 13
10 3 32
10 17 49
10 17 29
10 17 39
10 17 7
10 26 -1
10 53 70
10 53 53
10 64 90
10 64 59
10 64 91
10 64 64
10 65 79
10 65 99
10 65 86
10 65 93
10 65 97
10 65 38
10 65 62
10 65 68
10 65 82
10 65 83
10 65 89
10 65 46
10 65 48
10 65 52
10 65 61
10 65 75
10 65 27
10 65 33
10 65 43
10 65 54
10 65 58
10 65 63
10 65 66
10 65 23
10 65 35
11 3 30
11 3 22
11 3 37
11 17 9
11 17 19
11 26 -1
11 53 -1
11 64 -1
11 65 99
11 65 51
11 65 82
11 65 83
11 65 96
11 65 52
11 65 56
11 65 57
11 65 67
11 65 23
--- Done ---
