0 17 18
0 17 19
0 17 27
0 17 28
0 17 29
0 17 38
0 36 -1
1 13 -1
1 16 -1
1 17 1
1 17 4
1 17 5
1 17 8
1 17 18
1 17 19
1 17 28
1 17 38
1 17 39
1 17 40
1 17 97
1 17 99
1 36 13
1 36 14
1 36 21
1 36 24
1 36 29
1 36 32
1 36 35
1 36 36
1 36 43
1 36 46
1 36 49
1 36 51
1 36 52
1 36 54
1 36 56
1 36 57
1 36 61
1 36 78
1 36 79
1 36 82
1 36 85
1 36 88
1 36 93
1 41 -1
1 47 -1
1 93 -1
1 97 -1
2 13 0
2 13 4
2 13 13
2 13 23
2 16 11
2 16 15
2 16 24
2 16 25
2 17 9
2 17 17
2 17 18
2 17 19
2 17 27
2 17 28
2 20 -1
2 22 -1
2 27 -1
2 31 -1
2 32 -1
2 36 35
2 36 36
2 36 68
2 38 -1
2 41 10
2 41 30
2 41 40
2 41 41
2 41 43
2 41 44
2 41 50
2 41 51
2 41 52
2 41 55
2 41 62
2 43 -1
2 45 -1
2 47 38
2 47 45
2 47 47
2 47 49
2 47 56
2 47 57
2 47 58
2 47 59
2 47 67
2 47 69
2 47 76
2 47 79
2 61 -1
2 62 -1
2 63 -1
2 77 -1
2 86 -1
2 90 -1
2 93 53
2 93 72
2 93 74
2 93 80
2 93 83
2 93 84
2 93 90
2 93 92
2 93 93
2 95 -1
2 97 66
2 97 77
2 97 78
2 97 89
2 97 95
2 97 96
2 97 97
2 97 99
3 13 2
3 13 3
3 13 4
3 13 13
3 16 6
3 16 16
3 16 26
3 17 7
3 17 9
3 17 18
3 17 19
3 20 0
3 20 20
3 20 21
3 22 11
3 22 12
3 27 8
3 27 25
3 27 27
3 31 40
3 32 32
3 36 -1
3 38 28
3 38 29
3 38 38
3 38 59
3 38 69
3 41 -1
3 43 -1
3 45 34
3 45 35
3 45 45
3 45 55
3 47 47
3 47 48
3 47 49
3 47 58
3 61 51
3 61 71
3 61 74
3 62 52
3 63 54
3 63 63
3 63 64
3 77 67
3 77 68
3 77 79
3 77 89
3 86 75
3 86 76
3 86 86
3 86 88
3 90 -1
3 93 73
3 93 82
3 93 83
3 93 84
3 93 92
3 95 94
3 95 95
3 95 96
3 97 97
3 97 98
3 97 99
4 13 1
4 13 2
4 13 4
4 13 13
4 16 6
4 16 15
4 16 16
4 16 24
4 16 26
4 17 5
4 17 7
4 17 9
4 17 18
4 20 0
4 20 20
4 20 21
4 22 12
4 27 8
4 27 27
4 27 39
4 31 31
4 31 40
4 32 -1
4 36 36
4 38 28
4 38 38
4 38 59
4 41 42
4 43 33
4 43 43
4 43 44
4 45 45
4 45 56
4 47 46
4 47 47
4 47 48
4 47 57
4 47 58
4 61 50
4 61 61
4 61 70
4 61 71
4 61 74
4 62 52
4 62 62
4 62 72
4 63 53
4 63 64
4 77 67
4 77 77
4 77 78
4 77 79
4 77 89
4 86 75
4 86 86
4 90 80
4 90 81
4 90 90
4 90 91
4 93 73
4 93 82
4 93 83
4 93 84
4 93 92
4 95 94
4 95 96
4 97 66
4 97 97
4 97 98
4 97 99
5 13 1
5 13 2
5 13 3
5 13 4
5 13 13
5 13 14
5 16 6
5 16 15
5 16 24
5 16 26
5 17 5
5 17 7
5 17 9
5 17 17
5 17 18
5 20 10
5 20 20
5 20 21
5 22 11
5 22 12
5 22 22
5 22 23
5 27 8
5 27 27
5 27 39
5 31 30
5 31 31
5 31 40
5 32 32
5 36 -1
5 38 28
5 38 29
5 38 37
5 38 38
5 38 69
5 41 41
5 41 42
5 43 33
5 43 43
5 43 44
5 45 34
5 45 35
5 45 45
5 45 55
5 47 46
5 47 48
5 47 49
5 47 58
5 61 51
5 61 60
5 61 61
5 61 70
5 61 74
5 62 52
5 62 62
5 62 72
5 63 53
5 63 54
5 63 63
5 63 64
5 77 67
5 77 68
5 77 77
5 77 78
5 77 79
5 77 87
5 77 89
5 86 65
5 86 76
5 86 88
5 90 80
5 90 90
5 90 91
5 93 73
5 93 83
5 93 84
5 93 92
5 93 93
5 95 94
5 95 95
5 95 96
5 97 66
5 97 97
5 97 98
5 97 99
6 13 3
6 13 4
6 13 13
6 13 14
6 16 15
6 16 16
6 16 24
6 16 26
6 17 7
6 17 9
6 17 17
6 17 18
6 20 0
6 20 10
6 20 21
6 22 11
6 22 22
6 22 23
6 27 8
6 27 25
6 27 27
6 27 39
6 31 30
6 31 31
6 31 40
6 32 32
6 36 36
6 38 28
6 38 29
6 38 37
6 38 38
6 38 59
6 38 69
6 41 41
6 41 42
6 43 33
6 43 43
6 43 44
6 45 34
6 45 45
6 45 55
6 45 56
6 47 46
6 47 47
6 47 49
6 47 57
6 47 58
6 61 50
6 61 51
6 61 60
6 61 61
6 61 70
6 61 71
6 61 74
6 62 52
6 62 62
6 62 72
6 63 53
6 63 54
6 63 63
6 63 64
6 77 67
6 77 68
6 77 77
6 77 79
6 77 87
6 77 89
6 86 75
6 86 86
6 86 88
6 90 81
6 90 91
6 93 73
6 93 83
6 93 84
6 93 93
6 95 85
6 95 94
6 95 96
6 97 66
6 97 97
6 97 98
7 13 1
7 13 2
7 13 3
7 13 4
7 13 13
7 13 14
7 16 6
7 16 15
7 16 16
7 16 24
7 16 26
7 17 5
7 17 7
7 17 9
7 17 18
7 17 19
7 20 10
7 20 20
7 20 21
7 22 11
7 22 12
7 22 23
7 27 8
7 27 27
7 27 39
7 31 31
7 31 40
7 32 32
7 36 36
7 38 29
7 38 37
7 38 38
7 38 59
7 41 41
7 41 42
7 43 33
7 43 43
7 45 34
7 45 45
7 45 55
7 45 56
7 47 46
7 47 48
7 47 49
7 47 57
7 61 50
7 61 51
7 61 60
7 61 61
7 61 70
7 61 71
7 61 74
7 62 52
7 62 62
7 63 53
7 63 63
7 77 68
7 77 77
7 77 87
7 77 89
7 86 65
7 86 75
7 86 88
7 90 80
7 90 81
7 90 90
7 90 91
7 93 82
7 93 83
7 93 92
7 95 85
7 95 95
7 97 97
7 97 98
7 97 99
8 13 1
8 13 2
8 13 3
8 13 4
8 13 13
8 13 14
8 16 6
8 16 15
8 16 24
8 16 26
8 17 5
8 17 7
8 17 17
8 17 18
8 20 0
8 20 10
8 20 20
8 22 11
8 22 23
8 27 8
8 27 27
8 27 39
8 31 30
8 31 31
8 31 40
8 32 -1
8 36 36
8 38 28
8 38 29
8 38 37
8 38 59
8 38 69
8 41 41
8 43 33
8 43 44
8 45 35
8 45 45
8 45 55
8 45 56
8 47 46
8 47 47
8 47 48
8 47 57
8 47 58
8 61 50
8 61 60
8 61 61
8 61 70
8 61 74
8 62 62
8 62 72
8 63 53
8 63 54
8 63 63
8 77 79
8 77 89
8 86 75
8 86 86
8 90 80
8 90 81
8 90 91
8 93 73
8 93 84
8 93 92
8 93 93
8 95 94
8 95 95
8 97 98
8 97 99
9 13 1
9 13 2
9 13 3
9 13 4
9 13 13
9 13 14
9 16 6
9 16 15
9 16 16
9 16 24
9 16 26
9 17 5
9 17 7
9 17 9
9 20 0
9 20 10
9 20 20
9 22 -1
9 27 25
9 31 30
9 32 -1
9 36 -1
9 38 37
9 38 59
9 38 69
9 41 42
9 43 43
9 45 34
9 45 35
9 45 45
9 45 56
9 47 46
9 47 48
9 47 49
9 47 57
9 47 58
9 61 51
9 61 61
9 61 70
9 61 74
9 62 52
9 62 72
9 63 53
9 63 54
9 63 64
9 77 68
9 86 65
9 86 76
9 86 86
9 90 81
9 93 73
9 93 92
9 93 93
9 95 94
9 95 95
9 95 96
9 97 97
9 97 98
9 97 99
10 13 1
10 13 4
10 13 13
10 16 -1
10 17 7
10 20 10
10 20 20
10 20 21
10 22 12
10 22 23
10 27 27
10 27 39
10 31 30
10 32 32
10 36 -1
10 38 29
10 38 38
10 38 59
10 41 -1
10 43 33
10 43 43
10 45 35
10 47 46
10 47 48
10 47 49
10 47 58
10 61 61
10 61 70
10 62 52
10 62 62
10 63 53
10 63 54
10 63 63
10 63 64
10 77 68
10 77 79
10 77 89
10 86 75
10 86 86
10 90 90
10 90 91
10 93 82
10 93 83
10 93 93
10 95 -1
10 97 66
10 97 97
10 97 99
11 13 -1
11 16 -1
11 17 9
11 17 19
11 20 -1
11 22 22
11 22 23
11 27 -1
11 31 30
11 32 -1
11 36 -1
11 38 37
11 41 -1
11 43 -1
11 45 56
11 47 57
11 61 51
11 62 52
11 63 -1
11 77 67
11 86 -1
11 90 -1
11 93 82
11 93 83
11 95 96
11 97 99
--- Done ---
