0 2 -1
0 26 18
0 26 19
0 26 27
0 26 28
0 26 29
0 26 38
1 2 1
1 2 21
1 2 4
1 2 5
1 2 8
1 2 14
1 2 52
1 2 13
1 2 24
1 26 19
1 62 51
1 62 82
1 62 93
1 62 28
1 62 32
1 62 36
1 62 39
1 62 40
1 62 43
1 62 46
1 62 54
1 67 49
1 67 78
1 67 79
1 67 85
1 67 88
1 67 97
1 67 99
1 67 18
1 67 29
1 67 35
1 67 38
1 67 56
1 67 57
1 67 61
2 2 0
2 2 10
2 26 9
2 26 17
2 26 19
2 26 25
2 26 27
2 26 4
2 26 11
2 26 18
2 26 35
2 26 38
2 26 47
2 26 53
2 26 56
2 26 57
2 26 59
2 26 66
2 26 89
2 26 13
2 26 15
2 26 23
2 26 24
2 26 40
2 26 43
2 26 55
2 62 51
2 62 72
2 62 83
2 62 90
2 62 92
2 62 93
2 62 30
2 62 41
2 62 50
2 62 52
2 62 62
2 62 76
2 62 80
2 62 84
2 62 95
2 62 96
2 67 49
2 67 68
2 67 69
2 67 74
2 67 77
2 67 78
2 67 79
2 67 97
2 67 99
2 67 67
2 67 28
2 67 36
2 67 44
2 67 45
2 67 58
3 2 0
3 2 2
3 2 12
3 2 21
3 26 6
3 26 9
3 26 19
3 26 25
3 26 27
3 26 4
3 26 7
3 26 8
3 26 11
3 26 18
3 26 26
3 26 29
3 26 35
3 26 38
3 26 47
3 26 48
3 26 59
3 26 89
3 26 3
3 26 13
3 26 54
3 62 20
3 62 51
3 62 71
3 62 82
3 62 83
3 62 92
3 62 52
3 62 28
3 62 32
3 62 40
3 62 55
3 62 58
3 67 49
3 67 68
3 67 69
3 67 74
3 67 79
3 67 86
3 67 88
3 67 97
3 67 98
3 67 99
3 67 67
3 67 76
3 67 84
3 67 94
3 67 95
3 67 96
3 67 16
3 67 45
3 67 63
3 67 64
3 67 73
3 67 75
3 67 34
4 2 0
4 2 1
4 2 2
4 2 12
4 2 21
4 2 4
4 2 5
4 2 7
4 2 8
4 2 16
4 2 45
4 2 24
4 2 33
4 2 40
4 2 42
4 2 43
4 26 6
4 26 9
4 26 27
4 26 26
4 26 28
4 26 36
4 26 39
4 26 44
4 62 20
4 62 70
4 62 71
4 62 72
4 62 81
4 62 82
4 62 83
4 62 90
4 62 91
4 62 92
4 62 50
4 62 52
4 62 53
4 62 61
4 62 62
4 62 13
4 62 31
4 62 46
4 62 58
4 62 64
4 62 73
4 62 75
4 67 74
4 67 77
4 67 78
4 67 79
4 67 86
4 67 97
4 67 98
4 67 99
4 67 18
4 67 38
4 67 47
4 67 48
4 67 56
4 67 57
4 67 59
4 67 66
4 67 67
4 67 80
4 67 84
4 67 89
4 67 94
4 67 96
4 67 15
5 2 1
5 2 2
5 2 10
5 2 12
5 2 21
5 2 4
5 2 11
5 2 31
5 2 13
5 2 22
5 2 23
5 2 24
5 2 32
5 2 33
5 2 34
5 2 40
5 2 42
5 2 43
5 2 45
5 8 6
5 8 9
5 8 17
5 8 27
5 8 28
5 8 29
5 8 37
5 26 44
5 26 54
5 26 63
5 26 64
5 26 65
5 26 73
5 26 89
5 26 18
5 26 26
5 26 38
5 26 39
5 26 46
5 26 55
5 26 58
5 26 3
5 26 5
5 26 7
5 26 8
5 26 14
5 26 15
5 62 20
5 62 51
5 62 60
5 62 70
5 62 72
5 62 83
5 62 90
5 62 91
5 62 92
5 62 93
5 62 30
5 62 41
5 62 52
5 62 53
5 62 61
5 62 62
5 62 76
5 62 80
5 67 68
5 67 69
5 67 74
5 67 77
5 67 78
5 67 79
5 67 88
5 67 97
5 67 98
5 67 99
5 67 35
5 67 48
5 67 49
5 67 66
5 67 67
5 67 84
5 67 87
5 67 94
5 67 95
5 67 96
6 2 0
6 2 10
6 2 21
6 2 4
6 2 11
6 2 7
6 2 14
6 2 32
6 2 45
6 2 33
6 2 34
6 2 40
6 2 42
6 2 43
6 2 3
6 2 16
6 8 9
6 8 17
6 8 25
6 8 27
6 8 8
6 8 18
6 8 29
6 8 37
6 8 38
6 8 47
6 8 28
6 8 39
6 8 46
6 8 55
6 8 58
6 8 59
6 8 15
6 26 26
6 26 63
6 26 64
6 26 73
6 26 75
6 62 51
6 62 60
6 62 70
6 62 71
6 62 72
6 62 81
6 62 83
6 62 91
6 62 93
6 62 30
6 62 41
6 62 50
6 62 52
6 62 53
6 62 62
6 62 94
6 62 96
6 62 13
6 62 22
6 62 23
6 62 24
6 62 31
6 62 44
6 62 54
6 67 68
6 67 69
6 67 74
6 67 77
6 67 79
6 67 86
6 67 88
6 67 97
6 67 98
6 67 49
6 67 56
6 67 57
6 67 61
6 67 66
6 67 67
6 67 84
6 67 85
6 67 87
6 67 89
6 67 36
7 2 1
7 2 2
7 2 10
7 2 12
7 2 21
7 2 4
7 2 11
7 2 5
7 2 7
7 2 14
7 2 32
7 2 40
7 2 42
7 2 43
7 2 34
7 2 45
7 2 3
7 2 15
7 2 16
7 8 6
7 8 9
7 8 19
7 8 27
7 8 8
7 8 37
7 8 38
7 8 39
7 8 46
7 8 55
7 8 59
7 26 26
7 62 20
7 62 51
7 62 60
7 62 70
7 62 71
7 62 81
7 62 82
7 62 83
7 62 90
7 62 91
7 62 92
7 62 41
7 62 50
7 62 52
7 62 53
7 62 61
7 62 62
7 62 80
7 62 87
7 62 95
7 62 13
7 62 23
7 62 24
7 62 31
7 62 36
7 67 68
7 67 74
7 67 77
7 67 88
7 67 97
7 67 98
7 67 99
7 67 48
7 67 49
7 67 56
7 67 57
7 67 85
7 67 89
7 67 18
7 67 29
7 67 63
7 67 65
7 67 75
7 67 33
8 2 0
8 2 1
8 2 2
8 2 10
8 2 4
8 2 11
8 2 5
8 2 7
8 2 14
8 2 45
8 2 3
8 2 15
8 8 6
8 8 17
8 8 27
8 8 8
8 8 47
8 8 55
8 8 58
8 8 59
8 26 26
8 62 20
8 62 60
8 62 70
8 62 72
8 62 81
8 62 91
8 62 92
8 62 93
8 62 30
8 62 41
8 62 50
8 62 53
8 62 61
8 62 62
8 62 80
8 62 84
8 62 94
8 62 95
8 62 13
8 62 23
8 62 24
8 62 31
8 62 36
8 62 40
8 67 69
8 67 74
8 67 79
8 67 86
8 67 98
8 67 99
8 67 35
8 67 48
8 67 56
8 67 57
8 67 89
8 67 18
8 67 29
8 67 37
8 67 44
8 67 54
8 67 63
8 67 73
8 67 75
8 67 28
8 67 33
8 67 39
8 67 46
9 2 0
9 2 1
9 2 2
9 2 10
9 2 4
9 2 5
9 2 7
9 2 14
9 8 6
9 8 9
9 8 25
9 26 26
9 62 20
9 62 51
9 62 70
9 62 72
9 62 81
9 62 92
9 62 93
9 62 30
9 62 52
9 62 53
9 62 61
9 62 76
9 62 94
9 62 95
9 62 96
9 62 13
9 62 24
9 62 42
9 62 43
9 62 54
9 62 64
9 62 65
9 62 73
9 67 68
9 67 69
9 67 74
9 67 86
9 67 97
9 67 98
9 67 99
9 67 35
9 67 48
9 67 49
9 67 56
9 67 57
9 67 37
9 67 45
9 67 59
9 67 34
9 67 46
9 67 58
9 67 3
9 67 15
9 67 16
10 2 1
10 2 10
10 2 12
10 2 21
10 2 4
10 2 7
10 8 -1
10 26 27
10 62 20
10 62 70
10 62 82
10 62 83
10 62 90
10 62 91
10 62 93
10 62 30
10 62 52
10 62 53
10 62 62
10 62 13
10 62 23
10 62 32
10 62 43
10 62 54
10 62 63
10 62 64
10 62 75
10 62 33
10 62 39
10 62 46
10 62 58
10 67 68
10 67 79
10 67 86
10 67 97
10 67 99
10 67 35
10 67 48
10 67 49
10 67 61
10 67 66
10 67 89
10 67 29
10 67 38
10 67 59
11 2 -1
11 8 9
11 8 19
11 26 -1
11 62 51
11 62 82
11 62 83
11 62 30
11 62 52
11 62 96
11 62 22
11 62 23
11 67 99
11 67 56
11 67 57
11 67 67
11 67 37
--- Done ---
