0 2 -1
0 47 18
0 47 19
0 47 27
0 47 28
0 47 29
0 47 38
0 64 -1
1 2 1
1 2 4
1 2 21
1 2 32
1 2 24
1 2 13
1 2 43
1 14 5
1 14 14
1 14 36
1 47 8
1 47 18
1 47 19
1 47 28
1 47 29
1 47 38
1 47 39
1 47 49
1 47 35
1 47 56
1 47 78
1 47 79
1 60 40
1 60 51
1 60 52
1 60 61
1 60 54
1 60 82
1 64 93
1 87 88
1 87 97
1 87 99
1 87 57
1 87 85
1 87 46
2 2 0
2 2 10
2 2 4
2 2 11
2 2 23
2 2 41
2 2 24
2 2 13
2 2 15
2 2 43
2 2 45
2 8 9
2 14 25
2 14 27
2 14 36
2 14 44
2 47 38
2 47 49
2 47 59
2 47 17
2 47 18
2 47 19
2 47 28
2 47 35
2 47 56
2 47 68
2 47 69
2 47 78
2 47 79
2 60 30
2 60 40
2 60 50
2 60 51
2 60 52
2 60 80
2 60 90
2 60 62
2 60 72
2 64 93
2 64 53
2 87 89
2 87 97
2 87 99
2 87 77
2 87 47
2 87 55
2 87 57
2 87 58
2 87 66
2 87 67
2 87 74
2 87 76
2 87 83
2 87 84
2 87 92
2 87 95
2 87 96
3 2 0
3 2 2
3 2 3
3 2 4
3 2 11
3 2 12
3 2 21
3 2 32
3 2 7
3 2 13
3 2 34
3 2 45
3 8 9
3 8 8
3 8 6
3 8 27
3 8 16
3 14 25
3 47 26
3 47 38
3 47 49
3 47 59
3 47 18
3 47 19
3 47 28
3 47 29
3 47 35
3 47 48
3 47 68
3 47 79
3 60 20
3 60 40
3 60 51
3 60 52
3 60 63
3 60 71
3 60 73
3 60 54
3 60 82
3 64 64
3 87 86
3 87 88
3 87 89
3 87 97
3 87 98
3 87 99
3 87 69
3 87 47
3 87 55
3 87 58
3 87 67
3 87 74
3 87 75
3 87 76
3 87 83
3 87 84
3 87 92
3 87 94
3 87 95
3 87 96
4 2 0
4 2 1
4 2 2
4 2 4
4 2 12
4 2 21
4 2 33
4 2 24
4 2 7
4 2 13
4 2 15
4 2 43
4 2 45
4 8 9
4 8 5
4 8 8
4 8 6
4 8 27
4 8 16
4 14 31
4 47 26
4 47 38
4 47 39
4 47 59
4 47 18
4 47 28
4 47 48
4 47 56
4 47 78
4 47 79
4 60 20
4 60 40
4 60 50
4 60 52
4 60 70
4 60 80
4 60 90
4 60 42
4 60 61
4 60 62
4 60 71
4 60 72
4 60 73
4 60 81
4 60 82
4 60 91
4 64 64
4 64 53
4 64 36
4 64 44
4 87 86
4 87 89
4 87 97
4 87 98
4 87 99
4 87 77
4 87 47
4 87 57
4 87 58
4 87 66
4 87 67
4 87 74
4 87 75
4 87 83
4 87 84
4 87 92
4 87 94
4 87 96
4 87 46
5 2 1
5 2 10
5 2 2
5 2 3
5 2 4
5 2 11
5 2 12
5 2 21
5 2 23
5 2 32
5 2 33
5 2 41
5 2 13
5 2 34
5 2 43
5 2 45
5 8 9
5 8 8
5 8 28
5 8 29
5 8 6
5 8 15
5 8 27
5 8 7
5 14 31
5 14 5
5 14 53
5 14 14
5 14 37
5 47 26
5 47 38
5 47 39
5 47 49
5 47 17
5 47 18
5 47 35
5 47 48
5 47 68
5 47 69
5 47 78
5 47 79
5 47 24
5 47 44
5 47 55
5 47 65
5 60 20
5 60 30
5 60 40
5 60 51
5 60 52
5 60 60
5 60 70
5 60 80
5 60 90
5 60 22
5 60 42
5 60 61
5 60 62
5 60 63
5 60 72
5 60 73
5 60 91
5 60 54
5 64 64
5 64 93
5 87 88
5 87 89
5 87 97
5 87 98
5 87 99
5 87 77
5 87 83
5 87 84
5 87 87
5 87 92
5 87 94
5 87 95
5 87 96
5 87 58
5 87 66
5 87 67
5 87 74
5 87 76
5 87 46
6 2 0
6 2 10
6 8 9
6 8 8
6 8 15
6 13 13
6 14 25
6 14 31
6 14 3
6 14 4
6 14 11
6 14 21
6 14 23
6 14 33
6 14 34
6 14 7
6 14 24
6 14 27
6 14 44
6 14 45
6 14 46
6 14 14
6 47 38
6 47 49
6 47 59
6 47 17
6 47 18
6 47 26
6 47 28
6 47 29
6 47 39
6 47 56
6 47 68
6 47 69
6 47 79
6 47 36
6 47 47
6 47 54
6 47 57
6 47 58
6 60 30
6 60 40
6 60 50
6 60 51
6 60 52
6 60 60
6 60 70
6 60 61
6 60 62
6 60 63
6 60 71
6 60 72
6 60 73
6 60 81
6 60 91
6 60 22
6 60 42
6 64 64
6 64 93
6 64 53
6 64 32
6 64 41
6 64 16
6 64 37
6 64 43
6 87 86
6 87 88
6 87 89
6 87 97
6 87 98
6 87 77
6 87 83
6 87 84
6 87 87
6 87 94
6 87 96
6 87 66
6 87 67
6 87 74
6 87 75
6 87 55
6 87 85
7 2 1
7 2 10
7 2 2
7 2 3
7 2 4
7 2 11
7 2 12
7 2 21
7 2 23
7 2 32
7 2 33
7 2 34
7 2 41
7 2 7
7 2 15
7 2 24
7 2 43
7 2 45
7 8 9
7 8 8
7 8 18
7 8 19
7 8 29
7 8 5
7 8 6
7 8 16
7 8 27
7 8 37
7 13 31
7 13 13
7 14 14
7 47 38
7 47 49
7 47 59
7 47 26
7 47 39
7 47 56
7 47 36
7 60 40
7 60 50
7 60 51
7 60 52
7 60 60
7 60 70
7 60 80
7 60 90
7 60 20
7 60 61
7 60 62
7 60 63
7 60 71
7 60 81
7 60 82
7 60 91
7 60 42
7 64 53
7 87 88
7 87 89
7 87 97
7 87 98
7 87 99
7 87 48
7 87 68
7 87 77
7 87 83
7 87 87
7 87 92
7 87 95
7 87 57
7 87 65
7 87 74
7 87 75
7 87 85
7 87 46
7 87 55
8 2 0
8 2 1
8 2 10
8 2 2
8 2 3
8 2 4
8 2 11
8 2 23
8 2 33
8 2 15
8 8 8
8 13 31
8 13 5
8 13 13
8 14 14
8 47 59
8 47 17
8 47 18
8 47 26
8 47 28
8 47 29
8 47 39
8 47 48
8 47 56
8 47 69
8 47 79
8 47 35
8 47 36
8 47 47
8 47 54
8 47 57
8 47 58
8 47 74
8 47 75
8 47 6
8 47 7
8 47 24
8 47 27
8 47 46
8 60 30
8 60 40
8 60 50
8 60 60
8 60 70
8 60 80
8 60 20
8 60 61
8 60 62
8 60 63
8 60 72
8 60 73
8 60 81
8 60 91
8 64 93
8 64 53
8 64 84
8 64 92
8 64 94
8 64 95
8 64 41
8 64 44
8 64 45
8 64 55
8 64 37
8 87 86
8 87 89
8 87 98
8 87 99
9 2 0
9 2 1
9 2 10
9 2 2
9 2 3
9 2 4
9 2 34
9 2 7
9 2 15
9 2 24
9 2 43
9 2 45
9 8 9
9 13 13
9 14 25
9 14 5
9 14 14
9 47 49
9 47 59
9 47 26
9 47 35
9 47 6
9 60 30
9 60 51
9 60 52
9 60 70
9 60 20
9 60 61
9 60 72
9 60 73
9 60 81
9 60 42
9 60 54
9 64 64
9 64 93
9 64 53
9 64 56
9 64 16
9 64 37
9 87 86
9 87 97
9 87 98
9 87 99
9 87 48
9 87 68
9 87 69
9 87 92
9 87 94
9 87 95
9 87 96
9 87 57
9 87 58
9 87 65
9 87 74
9 87 76
9 87 46
10 2 1
10 2 10
10 2 4
10 2 12
10 2 21
10 2 23
10 2 32
10 2 33
10 2 7
10 2 43
10 8 -1
10 13 13
10 14 -1
10 47 38
10 47 49
10 47 59
10 47 29
10 47 39
10 47 35
10 47 27
10 60 30
10 60 52
10 60 70
10 60 90
10 60 20
10 60 61
10 60 62
10 60 63
10 60 82
10 60 91
10 60 54
10 64 64
10 64 93
10 64 53
10 87 86
10 87 89
10 87 97
10 87 99
10 87 48
10 87 68
10 87 79
10 87 83
10 87 58
10 87 66
10 87 75
10 87 46
11 2 -1
11 8 9
11 8 19
11 8 37
11 13 23
11 14 -1
11 47 56
11 60 30
11 60 51
11 60 52
11 60 82
11 60 22
11 64 -1
11 87 99
11 87 83
11 87 96
11 87 57
11 87 67
--- Done ---
