0 2 -1
0 16 18
0 16 19
0 16 27
0 16 28
0 16 29
0 16 38
1 2 1
1 2 4
1 2 13
1 2 21
1 2 32
1 2 40
1 2 43
1 2 46
1 2 49
1 2 51
1 2 52
1 2 54
1 2 56
1 2 57
1 2 61
1 2 78
1 2 79
1 2 82
1 2 85
1 2 88
1 2 93
1 2 97
1 2 99
1 16 5
1 16 8
1 16 14
1 16 18
1 16 19
1 16 24
1 16 28
1 16 29
1 16 35
1 16 36
1 16 38
1 16 39
2 2 0
2 2 4
2 2 10
2 2 11
2 2 13
2 2 23
2 2 30
2 2 35
2 2 38
2 2 40
2 2 41
2 2 43
2 2 44
2 2 45
2 2 47
2 2 49
2 2 50
2 2 51
2 2 52
2 2 53
2 2 55
2 2 56
2 2 57
2 2 58
2 2 59
2 2 62
2 2 66
2 2 67
2 2 68
2 2 69
2 2 72
2 2 74
2 16 9
2 16 15
2 16 17
2 16 18
2 16 19
2 16 24
2 16 25
2 16 27
2 16 28
2 16 36
3 2 0
3 2 2
3 2 3
3 2 4
3 2 11
3 2 12
3 2 13
3 2 20
3 2 21
3 2 28
3 2 32
3 2 40
3 16 6
3 16 7
3 16 8
3 16 9
3 16 16
3 16 18
3 16 19
3 16 25
3 16 26
3 16 27
3 16 29
3 16 34
3 16 35
3 16 38
3 16 45
3 16 47
3 16 48
3 16 49
3 16 51
3 16 54
4 2 0
4 2 1
4 2 2
4 2 4
4 2 12
4 2 13
4 2 20
4 2 21
4 2 31
4 2 33
4 2 40
4 2 42
4 2 43
4 2 50
4 2 52
4 2 59
4 2 61
4 2 64
4 2 66
4 16 5
4 16 6
4 16 7
4 16 8
4 16 9
4 16 15
4 16 16
4 16 18
4 16 24
4 16 26
4 16 27
4 16 36
4 16 38
4 16 39
4 16 44
4 16 45
4 16 46
4 16 47
4 16 48
4 16 53
4 16 56
4 16 57
4 16 58
4 16 62
5 2 1
5 2 2
5 2 3
5 2 4
5 2 10
5 2 11
5 2 12
5 2 13
5 2 20
5 2 21
5 2 22
5 2 23
5 2 30
5 2 31
5 2 32
5 2 33
5 2 40
5 2 41
5 2 42
5 2 43
5 2 45
5 2 46
5 2 48
5 2 51
5 16 5
5 16 6
5 16 7
5 16 8
5 16 9
5 16 14
5 16 15
5 16 17
5 16 18
5 16 24
5 16 26
5 16 27
5 16 29
5 16 34
5 16 35
5 16 37
5 16 38
5 16 39
5 16 44
6 2 0
6 2 3
6 2 4
6 2 10
6 2 11
6 2 13
6 2 21
6 2 22
6 2 23
6 2 30
6 2 31
6 2 32
6 2 33
6 2 39
6 2 40
6 2 41
6 2 42
6 2 45
6 2 49
6 16 7
6 16 8
6 16 9
6 16 14
6 16 15
6 16 16
6 16 17
6 16 18
6 16 24
6 16 25
6 16 26
6 16 27
6 16 28
6 16 29
6 16 34
6 16 36
6 16 37
6 16 38
6 16 44
7 2 1
7 2 2
7 2 3
7 2 4
7 2 10
7 2 11
7 2 12
7 2 13
7 2 20
7 2 21
7 2 23
7 2 31
7 2 32
7 2 33
7 2 40
7 2 41
7 2 42
7 2 43
7 2 49
7 2 50
7 2 51
7 2 52
7 16 5
7 16 6
7 16 7
7 16 8
7 16 9
7 16 14
7 16 15
7 16 16
7 16 18
7 16 19
7 16 24
7 16 26
7 16 27
7 16 29
7 16 34
7 16 36
7 16 37
7 16 38
7 16 39
7 16 45
7 16 46
7 16 48
8 2 0
8 2 1
8 2 2
8 2 3
8 2 4
8 2 10
8 2 11
8 2 13
8 2 20
8 2 23
8 2 30
8 2 31
8 2 33
8 2 40
8 2 41
8 2 50
8 2 53
8 2 54
8 2 56
8 2 57
8 2 58
8 2 59
8 2 60
8 2 61
8 2 62
8 2 63
8 2 69
8 2 70
8 16 5
8 16 6
8 16 7
8 16 8
8 16 14
8 16 15
8 16 17
8 16 18
8 16 24
8 16 26
8 16 27
8 16 28
8 16 29
8 16 35
8 16 36
8 16 37
8 16 39
8 16 44
8 16 45
8 16 46
8 16 47
8 16 48
8 16 55
9 2 0
9 2 1
9 2 2
9 2 3
9 2 4
9 2 10
9 2 13
9 2 20
9 2 30
9 2 42
9 2 43
9 2 51
9 2 52
9 2 61
9 2 65
9 2 70
9 2 72
9 2 73
9 2 74
9 2 76
9 2 81
9 2 86
9 2 92
9 2 93
9 2 94
9 2 95
9 2 98
9 16 5
9 16 6
9 16 7
9 16 9
9 16 14
9 16 15
9 16 16
9 16 24
9 16 25
9 16 26
9 16 34
9 16 35
9 16 37
9 16 45
9 16 46
9 16 48
9 16 49
9 16 53
9 16 54
9 16 56
9 16 57
9 16 58
9 16 59
9 16 64
9 16 68
9 16 69
10 2 1
10 2 4
10 2 10
10 2 12
10 2 13
10 2 20
10 2 21
10 2 23
10 2 30
10 2 32
10 2 33
10 2 43
10 2 52
10 2 61
10 2 63
10 2 70
10 2 83
10 2 89
10 2 90
10 2 91
10 2 97
10 2 99
10 16 7
10 16 27
10 16 29
10 16 35
10 16 38
10 16 39
10 16 46
10 16 48
10 16 49
10 16 53
10 16 54
10 16 58
10 16 59
10 16 62
10 16 64
10 16 66
10 16 68
10 16 75
10 16 79
10 16 82
10 16 86
10 16 93
11 2 22
11 2 23
11 2 30
11 2 51
11 2 52
11 2 67
11 2 83
11 2 99
11 16 9
11 16 19
11 16 37
11 16 56
11 16 57
11 16 82
11 16 96
--- Done ---
