0 2 -1
0 17 18
0 17 19
0 17 28
0 17 38
0 29 27
0 29 29
1 2 1
1 2 4
1 2 13
1 2 14
1 2 21
1 2 24
1 2 32
1 2 40
1 2 43
1 2 51
1 2 52
1 2 61
1 17 5
1 17 8
1 17 18
1 17 35
1 17 36
1 17 54
1 17 57
1 17 82
1 17 93
1 17 97
1 17 99
1 29 19
1 29 28
1 29 29
1 29 38
1 29 39
1 29 46
1 29 49
1 29 56
1 29 78
1 29 79
1 29 85
1 29 88
2 2 0
2 2 4
2 2 10
2 2 11
2 2 13
2 2 23
2 2 24
2 2 30
2 2 40
2 2 41
2 2 43
2 2 45
2 2 50
2 2 51
2 2 52
2 2 53
2 2 80
2 2 83
2 2 90
2 2 95
2 17 9
2 17 15
2 17 17
2 17 18
2 17 25
2 17 27
2 17 35
2 17 36
2 17 44
2 17 55
2 17 57
2 17 72
2 17 74
2 17 76
2 17 77
2 17 84
2 17 92
2 17 93
2 17 96
2 17 97
2 17 99
2 29 19
2 29 28
2 29 38
2 29 47
2 29 49
2 29 56
2 29 58
2 29 59
2 29 62
2 29 66
2 29 67
2 29 68
2 29 69
2 29 78
2 29 79
2 29 89
3 2 0
3 2 2
3 2 3
3 2 4
3 2 11
3 2 12
3 2 13
3 2 20
3 2 21
3 2 32
3 2 34
3 2 40
3 2 45
3 2 51
3 2 52
3 2 83
3 2 86
3 2 88
3 2 89
3 2 92
3 2 94
3 2 95
3 2 97
3 17 6
3 17 7
3 17 8
3 17 9
3 17 16
3 17 18
3 17 25
3 17 26
3 17 27
3 17 35
3 17 54
3 17 55
3 17 63
3 17 68
3 17 69
3 17 71
3 17 73
3 17 74
3 17 76
3 17 79
3 17 82
3 17 84
3 29 19
3 29 28
3 29 29
3 29 38
3 29 47
3 29 48
3 29 49
3 29 58
3 29 59
3 29 64
3 29 67
3 29 75
4 2 0
4 2 1
4 2 2
4 2 4
4 2 12
4 2 13
4 2 20
4 2 21
4 2 24
4 2 31
4 2 33
4 2 40
4 2 43
4 2 45
4 2 50
4 2 52
4 2 53
4 2 61
4 2 64
4 17 5
4 17 6
4 17 7
4 17 8
4 17 9
4 17 15
4 17 16
4 17 18
4 17 26
4 17 27
4 17 36
4 17 42
4 17 44
4 17 57
4 17 67
4 17 70
4 17 71
4 17 72
4 17 73
4 17 74
4 17 75
4 17 79
4 29 28
4 29 38
4 29 39
4 29 46
4 29 47
4 29 48
4 29 56
4 29 58
4 29 59
4 29 62
4 29 66
5 2 1
5 2 2
5 2 3
5 2 4
5 2 10
5 2 11
5 2 12
5 2 13
5 2 14
5 2 20
5 2 21
5 2 22
5 2 23
5 2 24
5 2 30
5 2 31
5 2 32
5 2 33
5 2 34
5 2 40
5 2 41
5 2 43
5 2 45
5 2 51
5 2 65
5 17 5
5 17 6
5 17 7
5 17 8
5 17 9
5 17 15
5 17 17
5 17 18
5 17 26
5 17 27
5 17 35
5 17 37
5 17 42
5 17 44
5 17 48
5 17 49
5 17 52
5 17 53
5 17 63
5 29 28
5 29 29
5 29 38
5 29 39
5 29 46
5 29 72
6 2 0
6 2 3
6 2 4
6 2 10
6 2 11
6 2 13
6 2 14
6 2 21
6 2 22
6 2 23
6 2 24
6 2 30
6 2 31
6 2 32
6 2 33
6 2 34
6 2 40
6 2 41
6 2 50
6 17 7
6 17 8
6 17 9
6 17 15
6 17 16
6 17 17
6 17 18
6 17 25
6 17 26
6 17 27
6 17 36
6 17 37
6 17 42
6 17 43
6 17 44
6 17 51
6 17 52
6 17 53
6 17 54
6 17 55
6 17 57
6 17 60
6 29 28
6 29 29
6 29 38
6 29 39
6 29 45
6 29 46
6 29 47
6 29 49
6 29 56
6 29 58
6 29 59
6 29 61
6 29 62
6 29 63
6 29 64
6 29 66
6 29 70
7 2 1
7 2 2
7 2 3
7 2 4
7 2 10
7 2 11
7 2 12
7 2 13
7 2 14
7 2 20
7 2 21
7 2 23
7 2 24
7 2 31
7 2 32
7 2 33
7 2 34
7 2 40
7 2 41
7 2 43
7 2 45
7 17 5
7 17 6
7 17 7
7 17 8
7 17 9
7 17 15
7 17 16
7 17 18
7 17 26
7 17 27
7 17 36
7 17 37
7 17 42
7 17 50
7 17 51
7 17 52
7 17 53
7 17 55
7 17 57
7 17 60
7 17 61
7 17 70
7 17 74
7 29 19
7 29 29
7 29 38
7 29 39
7 29 46
7 29 48
7 29 49
7 29 56
7 29 59
7 29 62
7 29 63
7 29 65
7 29 68
7 29 71
7 29 75
7 29 77
7 29 80
7 29 82
7 29 83
8 2 0
8 2 1
8 2 2
8 2 3
8 2 4
8 2 10
8 2 11
8 2 13
8 2 14
8 2 20
8 2 23
8 2 24
8 2 30
8 2 31
8 2 33
8 2 40
8 2 41
8 2 45
8 2 50
8 2 53
8 2 61
8 2 80
8 2 91
8 2 92
8 2 93
8 17 5
8 17 6
8 17 7
8 17 8
8 17 15
8 17 17
8 17 18
8 17 26
8 17 27
8 17 35
8 17 36
8 17 37
8 17 44
8 17 54
8 17 55
8 17 57
8 17 60
8 17 63
8 17 70
8 17 72
8 17 73
8 17 74
8 17 81
8 17 84
8 17 86
8 17 99
8 29 28
8 29 29
8 29 39
8 29 46
8 29 47
8 29 48
8 29 56
8 29 58
8 29 59
8 29 62
8 29 69
8 29 75
8 29 79
8 29 89
8 29 94
8 29 95
8 29 98
9 2 0
9 2 1
9 2 2
9 2 3
9 2 4
9 2 10
9 2 13
9 2 14
9 2 20
9 2 24
9 2 30
9 2 34
9 2 43
9 2 45
9 2 51
9 2 52
9 2 53
9 2 61
9 2 65
9 2 95
9 17 5
9 17 6
9 17 7
9 17 9
9 17 15
9 17 16
9 17 25
9 17 26
9 17 35
9 17 37
9 17 42
9 17 54
9 17 57
9 17 70
9 17 72
9 17 73
9 17 74
9 17 76
9 17 81
9 17 86
9 17 92
9 17 93
9 17 97
9 17 98
9 17 99
9 29 46
9 29 48
9 29 49
9 29 56
9 29 58
9 29 59
9 29 64
9 29 68
9 29 69
9 29 94
9 29 96
10 2 1
10 2 4
10 2 10
10 2 12
10 2 13
10 2 20
10 2 21
10 2 23
10 2 30
10 2 32
10 2 33
10 2 43
10 2 52
10 2 53
10 2 61
10 2 83
10 2 90
10 2 91
10 17 7
10 17 27
10 17 35
10 17 54
10 17 63
10 17 70
10 17 82
10 17 86
10 17 93
10 17 97
10 17 99
10 29 29
10 29 38
10 29 39
10 29 46
10 29 48
10 29 49
10 29 58
10 29 59
10 29 62
10 29 64
10 29 66
10 29 68
10 29 75
10 29 79
10 29 89
11 2 22
11 2 23
11 2 30
11 2 51
11 2 52
11 2 83
11 17 9
11 17 37
11 17 57
11 17 82
11 17 99
11 29 19
11 29 56
11 29 67
11 29 96
--- Done ---
