0 17 18
0 17 19
0 17 27
0 17 28
0 17 29
0 17 38
1 12 1
1 12 4
1 12 13
1 12 21
1 12 32
1 12 14
1 12 24
1 12 40
1 12 43
1 12 52
1 17 5
1 47 35
1 47 49
1 47 8
1 47 18
1 47 19
1 47 29
1 47 38
1 47 39
1 47 56
1 47 79
1 47 28
1 47 36
1 60 -1
1 63 93
1 63 51
1 63 61
1 63 82
1 66 85
1 66 88
1 66 97
1 66 99
1 66 46
1 66 78
1 66 54
1 66 57
1 87 -1
2 12 0
2 12 4
2 12 10
2 12 11
2 12 13
2 12 23
2 12 15
2 12 40
2 12 41
2 12 43
2 12 52
2 17 9
2 17 25
2 17 17
2 17 28
2 17 36
2 47 35
2 47 49
2 47 59
2 47 18
2 47 19
2 47 24
2 47 27
2 47 38
2 47 56
2 47 58
2 47 79
2 47 44
2 47 47
2 47 68
2 47 78
2 47 45
2 47 55
2 47 57
2 47 67
2 47 69
2 47 74
2 47 76
2 60 30
2 60 50
2 60 80
2 60 90
2 60 51
2 60 62
2 60 72
2 63 53
2 63 93
2 66 66
2 87 89
2 87 77
2 87 95
2 87 96
2 87 97
2 87 99
2 87 83
2 87 84
2 87 92
3 12 0
3 12 2
3 12 3
3 12 4
3 12 11
3 12 12
3 12 13
3 12 21
3 12 32
3 12 20
3 12 40
3 12 52
3 17 9
3 17 16
3 17 25
3 17 6
3 17 8
3 17 18
3 17 19
3 17 27
3 17 29
3 17 38
3 17 7
3 17 26
3 47 35
3 47 49
3 47 59
3 47 58
3 47 79
3 47 28
3 47 47
3 47 48
3 47 68
3 47 45
3 47 54
3 47 55
3 47 67
3 60 -1
3 63 34
3 63 51
3 63 64
3 63 71
3 63 73
3 63 82
3 63 63
3 66 -1
3 87 89
3 87 94
3 87 98
3 87 86
3 87 88
3 87 95
3 87 96
3 87 97
3 87 99
3 87 83
3 87 84
3 87 92
3 87 69
3 87 74
3 87 75
3 87 76
4 12 0
4 12 1
4 12 2
4 12 4
4 12 12
4 12 13
4 12 21
4 12 31
4 12 15
4 12 20
4 12 24
4 12 40
4 12 7
4 12 33
4 12 42
4 12 43
4 12 52
4 17 5
4 17 9
4 17 16
4 17 6
4 17 8
4 17 18
4 17 27
4 17 38
4 17 39
4 17 26
4 47 59
4 47 56
4 47 28
4 47 36
4 47 44
4 47 46
4 47 47
4 47 48
4 47 78
4 47 45
4 47 57
4 47 75
4 60 50
4 60 70
4 60 80
4 60 81
4 60 90
4 60 91
4 60 61
4 60 62
4 60 71
4 60 72
4 60 73
4 60 82
4 63 53
4 63 64
4 66 66
4 87 89
4 87 94
4 87 98
4 87 58
4 87 77
4 87 79
4 87 86
4 87 96
4 87 97
4 87 99
4 87 83
4 87 84
4 87 92
4 87 67
4 87 74
5 12 1
5 12 2
5 12 3
5 12 4
5 12 10
5 12 11
5 12 12
5 12 13
5 12 21
5 12 23
5 12 31
5 12 32
5 12 14
5 12 15
5 12 20
5 12 24
5 12 40
5 12 41
5 12 7
5 12 22
5 12 33
5 12 42
5 12 43
5 12 45
5 17 5
5 17 9
5 17 17
5 17 28
5 17 37
5 17 48
5 47 35
5 47 49
5 47 6
5 47 8
5 47 18
5 47 27
5 47 29
5 47 38
5 47 39
5 47 58
5 47 79
5 47 26
5 47 44
5 47 46
5 47 68
5 47 78
5 47 54
5 47 65
5 47 67
5 60 30
5 60 60
5 60 70
5 60 80
5 60 90
5 60 91
5 60 51
5 60 61
5 60 62
5 60 72
5 60 73
5 60 52
5 63 34
5 63 53
5 63 93
5 63 64
5 63 63
5 66 66
5 87 89
5 87 94
5 87 98
5 87 77
5 87 87
5 87 88
5 87 95
5 87 96
5 87 97
5 87 99
5 87 83
5 87 84
5 87 92
5 87 55
5 87 69
5 87 74
5 87 76
6 12 0
6 12 3
6 12 4
6 12 10
6 12 11
6 12 13
6 12 21
6 12 23
6 12 31
6 12 32
6 12 14
6 12 15
6 12 24
6 12 40
6 12 41
6 12 7
6 12 22
6 12 33
6 17 9
6 17 16
6 17 25
6 17 8
6 17 18
6 17 27
6 17 29
6 17 38
6 17 39
6 17 17
6 17 26
6 17 28
6 17 36
6 17 37
6 47 49
6 47 59
6 47 56
6 47 58
6 47 79
6 47 44
6 47 45
6 47 47
6 47 74
6 60 30
6 60 50
6 60 60
6 60 70
6 60 81
6 60 91
6 60 51
6 60 61
6 60 62
6 60 71
6 60 72
6 60 73
6 60 42
6 60 52
6 60 54
6 63 34
6 63 53
6 63 93
6 63 64
6 63 43
6 63 63
6 66 66
6 87 89
6 87 94
6 87 98
6 87 77
6 87 85
6 87 86
6 87 87
6 87 88
6 87 96
6 87 97
6 87 46
6 87 68
6 87 83
6 87 84
6 87 55
6 87 57
6 87 67
6 87 69
6 87 75
7 12 1
7 12 2
7 12 3
7 12 4
7 12 10
7 12 11
7 12 12
7 12 13
7 12 21
7 12 23
7 12 31
7 12 32
7 12 14
7 12 15
7 12 20
7 12 24
7 12 40
7 12 41
7 12 7
7 12 33
7 12 42
7 12 43
7 12 52
7 17 5
7 17 9
7 17 16
7 17 6
7 17 8
7 17 18
7 17 19
7 17 27
7 17 29
7 17 38
7 17 39
7 17 26
7 17 36
7 17 37
7 17 48
7 47 49
7 47 59
7 47 56
7 47 45
7 60 50
7 60 60
7 60 70
7 60 80
7 60 81
7 60 90
7 60 91
7 60 51
7 60 61
7 60 62
7 60 71
7 60 82
7 63 34
7 63 53
7 63 63
7 66 -1
7 87 89
7 87 98
7 87 77
7 87 85
7 87 87
7 87 88
7 87 95
7 87 97
7 87 99
7 87 46
7 87 68
7 87 83
7 87 92
7 87 55
7 87 57
7 87 65
7 87 74
7 87 75
8 12 0
8 12 1
8 12 2
8 12 3
8 12 4
8 12 10
8 12 11
8 12 13
8 12 23
8 12 31
8 12 14
8 12 15
8 12 20
8 12 24
8 12 40
8 12 41
8 12 7
8 12 33
8 17 5
8 17 17
8 47 35
8 47 59
8 47 6
8 47 8
8 47 18
8 47 27
8 47 29
8 47 39
8 47 56
8 47 58
8 47 79
8 47 26
8 47 28
8 47 36
8 47 37
8 47 44
8 47 46
8 47 47
8 47 48
8 47 45
8 47 54
8 47 55
8 47 57
8 60 30
8 60 50
8 60 60
8 60 70
8 60 80
8 60 81
8 60 91
8 60 61
8 60 62
8 60 72
8 60 73
8 63 53
8 63 93
8 63 63
8 66 -1
8 87 89
8 87 94
8 87 98
8 87 86
8 87 95
8 87 99
8 87 84
8 87 92
8 87 69
8 87 74
8 87 75
9 12 0
9 12 1
9 12 2
9 12 3
9 12 4
9 12 10
9 12 13
9 12 14
9 12 15
9 12 20
9 12 24
9 12 7
9 12 42
9 12 43
9 12 52
9 12 45
9 17 5
9 17 9
9 17 16
9 17 25
9 17 6
9 47 35
9 47 49
9 47 59
9 47 56
9 47 58
9 47 26
9 47 37
9 60 30
9 60 70
9 60 81
9 63 34
9 63 53
9 63 93
9 63 51
9 63 61
9 63 64
9 63 72
9 63 73
9 63 54
9 63 57
9 63 65
9 63 69
9 63 74
9 63 76
9 66 -1
9 87 94
9 87 98
9 87 86
9 87 95
9 87 96
9 87 97
9 87 99
9 87 46
9 87 48
9 87 68
9 87 92
10 12 1
10 12 4
10 12 10
10 12 12
10 12 13
10 12 21
10 12 23
10 12 32
10 12 20
10 12 7
10 12 33
10 12 43
10 12 52
10 17 -1
10 47 35
10 47 49
10 47 59
10 47 27
10 47 29
10 47 38
10 47 39
10 47 58
10 47 79
10 47 46
10 47 48
10 47 68
10 47 54
10 47 75
10 60 30
10 60 70
10 60 90
10 60 91
10 60 61
10 60 62
10 60 82
10 63 53
10 63 93
10 63 64
10 63 63
10 66 66
10 87 89
10 87 86
10 87 97
10 87 99
10 87 83
11 12 23
11 17 9
11 17 19
11 17 37
11 47 56
11 60 30
11 60 51
11 60 82
11 60 22
11 60 52
11 63 -1
11 66 96
11 66 99
11 66 83
11 66 57
11 66 67
11 87 -1
--- Done ---
