0 2 -1
0 9 -1
0 18 18
0 18 19
0 18 27
0 18 28
0 18 29
0 18 38
1 2 1
1 2 4
1 2 13
1 2 14
1 2 21
1 2 24
1 2 32
1 2 40
1 2 43
1 2 51
1 2 52
1 2 61
1 2 78
1 2 82
1 2 85
1 2 88
1 2 93
1 2 97
1 9 8
1 9 19
1 9 57
1 9 79
1 9 99
1 18 5
1 18 18
1 18 28
1 18 29
1 18 35
1 18 36
1 18 38
1 18 39
1 18 46
1 18 49
1 18 54
1 18 56
2 2 0
2 2 4
2 2 10
2 2 11
2 2 13
2 2 15
2 2 23
2 2 24
2 2 30
2 2 40
2 2 41
2 2 43
2 2 45
2 2 50
2 2 51
2 2 52
2 2 55
2 2 62
2 2 67
2 2 72
2 2 77
2 2 78
2 2 80
2 2 83
2 2 84
2 2 89
2 2 90
2 2 92
2 2 97
2 9 9
2 9 19
2 9 53
2 9 56
2 9 57
2 9 58
2 9 59
2 9 66
2 9 68
2 9 69
2 9 74
2 9 76
2 9 79
2 9 93
2 9 95
2 9 96
2 9 99
2 18 17
2 18 18
2 18 25
2 18 27
2 18 28
2 18 35
2 18 36
2 18 38
2 18 44
2 18 47
2 18 49
3 2 0
3 2 2
3 2 3
3 2 4
3 2 11
3 2 12
3 2 13
3 2 20
3 2 21
3 2 32
3 2 34
3 2 40
3 2 45
3 2 51
3 2 52
3 2 54
3 2 55
3 2 63
3 2 64
3 2 67
3 2 71
3 2 73
3 2 82
3 2 84
3 2 88
3 2 89
3 9 6
3 9 8
3 9 9
3 9 19
3 9 38
3 9 47
3 9 48
3 9 49
3 9 58
3 9 59
3 9 68
3 9 69
3 9 74
3 9 75
3 9 76
3 9 79
3 9 83
3 9 86
3 9 92
3 9 94
3 9 95
3 9 97
3 18 7
3 18 16
3 18 18
3 18 25
3 18 26
3 18 27
3 18 28
3 18 29
3 18 35
4 2 0
4 2 1
4 2 2
4 2 4
4 2 12
4 2 13
4 2 15
4 2 20
4 2 21
4 2 24
4 2 31
4 2 33
4 2 40
4 2 42
4 2 43
4 2 45
4 2 46
4 2 50
4 2 52
4 2 61
4 2 62
4 2 70
4 2 79
4 9 6
4 9 8
4 9 9
4 9 38
4 9 39
4 9 44
4 9 47
4 9 48
4 9 53
4 9 56
4 9 57
4 9 58
4 9 59
4 9 64
4 9 66
4 9 67
4 9 71
4 9 72
4 9 73
4 9 74
4 9 75
4 18 5
4 18 7
4 18 16
4 18 18
4 18 26
4 18 27
4 18 28
4 18 36
5 2 1
5 2 2
5 2 3
5 2 4
5 2 10
5 2 11
5 2 12
5 2 13
5 2 14
5 2 15
5 2 20
5 2 21
5 2 22
5 2 23
5 2 24
5 2 30
5 2 31
5 2 32
5 2 33
5 2 34
5 2 40
5 2 41
5 2 42
5 2 43
5 9 6
5 9 8
5 9 9
5 9 28
5 9 52
5 9 53
5 9 54
5 9 63
5 18 5
5 18 7
5 18 17
5 18 18
5 18 26
5 18 27
5 18 29
5 18 35
5 18 37
5 18 38
5 18 39
5 18 44
5 18 45
5 18 46
5 18 48
5 18 49
5 18 51
6 2 0
6 2 3
6 2 4
6 2 10
6 2 11
6 2 13
6 2 14
6 2 15
6 2 21
6 2 22
6 2 23
6 2 24
6 2 30
6 2 31
6 2 32
6 2 33
6 2 34
6 2 40
6 2 41
6 9 8
6 9 9
6 9 46
6 9 47
6 9 49
6 9 50
6 9 51
6 9 52
6 9 53
6 9 54
6 9 55
6 9 56
6 9 57
6 9 58
6 9 59
6 9 60
6 9 61
6 9 62
6 9 63
6 9 64
6 9 66
6 9 70
6 18 7
6 18 16
6 18 17
6 18 18
6 18 25
6 18 26
6 18 27
6 18 28
6 18 29
6 18 36
6 18 37
6 18 38
6 18 39
6 18 42
6 18 43
6 18 44
6 18 45
7 2 1
7 2 2
7 2 3
7 2 4
7 2 10
7 2 11
7 2 12
7 2 13
7 2 14
7 2 15
7 2 20
7 2 21
7 2 23
7 2 24
7 2 31
7 2 32
7 2 33
7 2 34
7 2 40
7 2 41
7 2 42
7 2 43
7 9 6
7 9 8
7 9 9
7 9 19
7 9 53
7 9 59
7 9 60
7 9 62
7 9 63
7 9 65
7 9 68
7 9 71
7 9 74
7 9 75
7 9 80
7 9 82
7 9 83
7 18 5
7 18 7
7 18 16
7 18 18
7 18 26
7 18 27
7 18 29
7 18 36
7 18 37
7 18 38
7 18 39
7 18 45
7 18 46
7 18 48
7 18 49
7 18 50
7 18 51
7 18 52
7 18 55
7 18 56
7 18 57
7 18 61
7 18 70
7 18 77
8 2 0
8 2 1
8 2 2
8 2 3
8 2 4
8 2 10
8 2 11
8 2 13
8 2 14
8 2 15
8 2 20
8 2 23
8 2 24
8 2 30
8 2 31
8 2 33
8 2 40
8 2 41
8 2 45
8 2 50
8 2 55
8 2 61
8 2 62
8 2 63
8 2 72
8 2 80
8 2 81
8 2 84
8 9 6
8 9 8
8 9 53
8 9 58
8 9 59
8 9 60
8 9 74
8 9 75
8 9 86
8 9 89
8 9 91
8 9 92
8 9 93
8 9 94
8 9 95
8 9 98
8 9 99
8 18 5
8 18 7
8 18 17
8 18 18
8 18 26
8 18 27
8 18 28
8 18 29
8 18 35
8 18 36
8 18 37
8 18 39
8 18 44
8 18 46
8 18 47
8 18 48
8 18 54
8 18 56
8 18 57
8 18 69
8 18 70
8 18 73
8 18 79
9 2 0
9 2 1
9 2 2
9 2 3
9 2 4
9 2 10
9 2 13
9 2 14
9 2 15
9 2 20
9 2 24
9 2 30
9 2 34
9 2 42
9 2 43
9 2 45
9 2 51
9 2 52
9 2 61
9 2 65
9 2 72
9 2 81
9 2 92
9 9 6
9 9 9
9 9 53
9 9 58
9 9 59
9 9 68
9 9 74
9 9 94
9 9 96
9 9 99
9 18 5
9 18 7
9 18 16
9 18 25
9 18 26
9 18 35
9 18 37
9 18 46
9 18 48
9 18 49
9 18 54
9 18 56
9 18 57
9 18 64
9 18 69
9 18 70
9 18 73
9 18 76
9 18 86
9 18 93
9 18 95
9 18 97
9 18 98
10 2 1
10 2 4
10 2 10
10 2 12
10 2 13
10 2 20
10 2 21
10 2 23
10 2 30
10 2 32
10 2 33
10 2 43
10 2 52
10 2 61
10 2 62
10 2 63
10 2 82
10 2 83
10 2 90
10 2 91
10 9 53
10 9 58
10 9 59
10 9 68
10 9 75
10 9 99
10 18 7
10 18 27
10 18 29
10 18 35
10 18 38
10 18 39
10 18 46
10 18 48
10 18 49
10 18 54
10 18 64
10 18 66
10 18 70
10 18 79
10 18 86
10 18 89
10 18 93
10 18 97
11 2 22
11 2 23
11 2 30
11 2 51
11 2 52
11 2 82
11 2 83
11 9 9
11 9 19
11 9 96
11 9 99
11 18 37
11 18 56
11 18 57
11 18 67
--- Done ---
