0 22 22
0 22 23
0 22 24
0 22 33
1 11 4
1 11 20
1 22 23
1 22 33
1 22 43
1 22 1
1 22 3
1 22 10
1 22 12
1 22 22
1 22 24
1 22 32
1 22 21
1 27 9
1 27 38
1 27 39
1 40 -1
1 65 45
1 65 55
1 65 58
1 65 47
1 65 67
1 65 77
1 65 87
1 71 60
1 71 72
1 71 80
1 71 83
1 71 91
1 71 64
1 88 68
1 88 97
2 11 42
2 22 14
2 22 23
2 22 33
2 22 1
2 22 22
2 22 24
2 22 31
2 27 6
2 27 7
2 27 9
2 27 16
2 27 37
2 27 27
2 27 28
2 27 36
2 27 39
2 27 48
2 27 47
2 40 40
2 49 29
2 65 45
2 65 53
2 65 54
2 65 55
2 65 67
2 65 63
2 65 73
2 65 75
2 65 77
2 65 86
2 71 60
2 71 61
2 71 70
2 71 51
2 71 72
2 71 83
2 88 78
2 88 88
2 88 89
2 88 98
2 88 68
2 88 87
2 94 90
2 94 92
2 94 94
3 11 4
3 11 5
3 11 42
3 11 11
3 11 20
3 11 24
3 11 32
3 11 21
3 11 31
3 11 52
3 22 14
3 22 23
3 22 33
3 22 1
3 22 3
3 22 10
3 22 12
3 22 13
3 22 22
3 27 6
3 27 7
3 27 8
3 27 9
3 27 15
3 27 17
3 27 19
3 27 25
3 27 26
3 27 35
3 27 37
3 27 27
3 27 28
3 27 36
3 27 39
3 27 46
3 27 48
3 27 47
3 40 40
3 49 49
3 65 54
3 65 55
3 65 58
3 65 64
3 65 74
3 65 76
3 65 84
3 65 87
3 65 63
3 65 73
3 65 75
3 65 77
3 71 61
3 71 70
3 71 71
3 71 51
3 71 72
3 71 95
3 88 79
3 88 88
3 88 89
3 88 97
3 88 99
3 88 69
3 94 92
4 11 5
4 11 42
4 11 24
4 11 32
4 11 21
4 11 41
4 11 52
4 22 14
4 22 23
4 22 33
4 22 34
4 22 0
4 22 3
4 22 10
4 22 13
4 22 22
4 22 30
4 27 6
4 27 7
4 27 9
4 27 16
4 27 18
4 27 19
4 27 25
4 27 35
4 27 37
4 27 27
4 27 36
4 27 38
4 27 46
4 27 48
4 27 47
4 40 40
4 49 29
4 65 45
4 65 53
4 65 54
4 65 56
4 65 65
4 65 57
4 65 58
4 65 76
4 65 84
4 71 61
4 71 62
4 71 70
4 71 71
4 71 80
4 71 82
4 71 50
4 71 51
4 71 64
4 71 72
4 71 74
4 71 81
4 71 83
4 71 91
4 71 95
4 88 78
4 88 79
4 88 88
4 88 89
4 88 97
4 88 99
4 88 67
4 88 68
4 88 69
4 88 87
4 88 75
4 88 77
4 88 85
4 94 90
4 94 92
4 94 93
5 11 4
5 11 42
5 11 11
5 11 20
5 11 24
5 11 32
5 11 21
5 22 14
5 22 23
5 22 33
5 22 34
5 22 43
5 22 0
5 22 1
5 22 2
5 22 3
5 22 12
5 22 13
5 22 30
5 22 31
5 22 41
5 22 44
5 27 6
5 27 7
5 27 9
5 27 15
5 27 17
5 27 18
5 27 19
5 27 35
5 27 37
5 27 28
5 27 36
5 27 38
5 27 39
5 27 46
5 27 47
5 40 40
5 49 29
5 49 59
5 49 49
5 49 57
5 49 58
5 65 45
5 65 55
5 65 56
5 65 65
5 71 60
5 71 61
5 71 70
5 71 71
5 71 80
5 71 50
5 71 51
5 71 64
5 71 74
5 71 81
5 71 83
5 71 91
5 71 52
5 71 63
5 71 73
5 88 88
5 88 97
5 88 67
5 88 69
5 88 87
5 88 77
5 88 85
5 88 86
5 94 90
5 94 92
5 94 93
5 94 94
5 94 76
5 94 96
6 11 4
6 11 5
6 11 42
6 11 11
6 11 20
6 22 23
6 22 34
6 22 43
6 22 0
6 22 1
6 22 3
6 22 10
6 22 12
6 22 13
6 22 22
6 22 24
6 22 30
6 22 32
6 22 31
6 22 44
6 27 6
6 27 9
6 27 15
6 27 16
6 27 17
6 27 19
6 27 26
6 27 35
6 27 27
6 27 28
6 27 36
6 27 39
6 27 46
6 27 48
6 27 47
6 40 40
6 49 29
6 49 59
6 49 49
6 65 45
6 65 53
6 65 54
6 65 55
6 65 56
6 65 65
6 65 66
6 65 57
6 65 76
6 71 60
6 71 61
6 71 62
6 71 70
6 71 71
6 71 80
6 71 50
6 71 51
6 71 64
6 71 72
6 71 74
6 71 81
6 71 91
6 71 63
6 71 73
6 88 79
6 88 88
6 88 89
6 88 97
6 88 98
6 88 99
6 88 67
6 88 68
6 88 77
6 88 85
6 88 86
6 94 90
6 94 92
6 94 93
6 94 94
7 11 42
7 11 11
7 11 20
7 22 14
7 22 23
7 22 33
7 22 34
7 22 43
7 22 0
7 22 2
7 22 3
7 22 12
7 22 24
7 22 32
7 22 31
7 22 41
7 27 7
7 27 8
7 27 9
7 27 16
7 27 18
7 27 19
7 27 25
7 27 26
7 27 35
7 27 37
7 27 27
7 27 28
7 27 36
7 27 39
7 40 40
7 49 29
7 49 49
7 65 53
7 65 54
7 65 55
7 65 56
7 65 65
7 65 66
7 65 57
7 65 58
7 65 67
7 65 76
7 65 84
7 65 87
7 65 44
7 65 47
7 65 77
7 65 86
7 71 60
7 71 61
7 71 70
7 71 71
7 71 80
7 71 82
7 71 50
7 71 51
7 71 72
7 71 74
7 71 81
7 71 83
7 71 91
7 71 95
7 71 52
7 71 73
7 88 78
7 88 79
7 88 88
7 88 97
7 88 98
7 88 99
7 88 68
7 88 96
7 94 90
7 94 92
7 94 93
7 94 94
8 11 4
8 11 42
8 11 3
8 11 10
8 11 11
8 11 12
8 11 13
8 11 20
8 11 24
8 11 21
8 11 31
8 11 41
8 11 52
8 22 33
8 22 34
8 22 30
8 27 8
8 27 9
8 27 16
8 27 17
8 27 18
8 27 19
8 27 25
8 27 35
8 27 37
8 27 28
8 27 39
8 27 48
8 40 40
8 49 29
8 49 59
8 49 49
8 65 45
8 65 53
8 65 55
8 65 56
8 65 57
8 65 64
8 65 67
8 65 74
8 65 76
8 65 87
8 65 44
8 65 47
8 65 63
8 65 73
8 65 75
8 65 85
8 65 86
8 71 61
8 71 70
8 71 51
8 71 81
8 71 83
8 71 95
8 88 78
8 88 79
8 88 89
8 88 97
8 88 98
8 88 99
8 88 69
8 94 92
9 11 5
9 11 0
9 11 1
9 11 2
9 11 11
9 11 12
9 11 13
9 11 24
9 11 32
9 11 31
9 22 43
9 22 22
9 27 6
9 27 7
9 27 8
9 27 15
9 27 17
9 27 25
9 27 26
9 27 35
9 27 37
9 27 28
9 27 38
9 27 48
9 27 47
9 40 -1
9 49 59
9 49 49
9 49 69
9 65 45
9 65 53
9 65 54
9 65 56
9 65 65
9 65 58
9 65 67
9 65 74
9 65 87
9 65 63
9 65 73
9 65 77
9 71 62
9 71 70
9 71 50
9 71 51
9 71 72
9 88 78
9 88 89
9 94 90
9 94 93
10 11 4
10 11 5
10 11 42
10 11 11
10 11 21
10 22 -1
10 27 8
10 27 9
10 27 18
10 27 25
10 27 35
10 27 37
10 27 28
10 27 38
10 27 39
10 40 30
10 40 50
10 40 51
10 49 -1
10 65 54
10 65 56
10 65 65
10 65 58
10 65 64
10 71 60
10 88 79
10 88 89
10 88 98
10 88 68
10 88 69
10 88 77
10 94 90
10 94 92
10 94 93
10 94 94
10 94 72
10 94 76
10 94 81
10 94 96
11 11 42
11 22 14
11 22 22
11 22 24
11 22 31
11 27 17
11 27 25
11 40 -1
11 49 69
11 65 66
11 65 57
11 65 63
11 71 -1
11 88 -1
11 94 -1
--- Done ---
