0 22 22
0 22 23
0 22 24
0 22 33
1 22 1
1 22 3
1 22 4
1 22 10
1 22 12
1 22 21
1 22 22
1 22 23
1 22 32
1 22 33
1 22 45
1 27 9
1 27 24
1 27 38
1 27 39
1 27 47
1 27 55
1 27 58
1 43 43
1 70 20
1 70 60
1 70 72
1 70 80
1 70 91
1 77 64
1 77 67
1 77 68
1 77 77
1 77 83
1 77 87
1 77 97
2 22 1
2 22 22
2 22 23
2 22 31
2 22 42
2 22 45
2 22 61
2 27 6
2 27 7
2 27 9
2 27 14
2 27 16
2 27 27
2 27 29
2 27 33
2 27 36
2 27 37
2 27 39
2 27 47
2 27 48
2 27 55
2 43 24
2 43 53
2 70 40
2 70 51
2 70 60
2 70 70
2 70 72
2 70 73
2 70 90
2 70 92
2 77 28
2 77 54
2 77 63
2 77 67
2 77 68
2 77 75
2 77 77
2 77 78
2 77 83
2 77 86
2 77 87
2 77 88
2 77 89
2 77 94
2 77 98
3 22 1
3 22 3
3 22 4
3 22 10
3 22 11
3 22 12
3 22 13
3 22 14
3 22 15
3 22 21
3 22 22
3 22 23
3 22 31
3 22 32
3 22 33
3 22 42
3 22 52
3 22 61
3 27 5
3 27 6
3 27 7
3 27 8
3 27 9
3 27 17
3 27 19
3 27 25
3 27 26
3 27 27
3 27 35
3 27 36
3 27 37
3 27 39
3 27 47
3 27 48
3 27 49
3 27 55
3 43 24
3 70 20
3 70 40
3 70 51
3 70 70
3 70 71
3 70 72
3 70 73
3 70 92
3 77 28
3 77 46
3 77 54
3 77 58
3 77 63
3 77 64
3 77 69
3 77 74
3 77 75
3 77 76
3 77 77
3 77 79
3 77 84
3 77 87
3 77 88
3 77 89
3 77 95
3 77 97
3 77 99
4 22 0
4 22 3
4 22 13
4 22 14
4 22 21
4 22 22
4 22 23
4 22 30
4 22 32
4 22 33
4 22 34
4 22 35
4 22 41
4 22 42
4 22 45
4 22 50
4 22 52
4 22 61
4 22 62
4 27 5
4 27 6
4 27 7
4 27 9
4 27 16
4 27 18
4 27 19
4 27 25
4 27 27
4 27 29
4 27 36
4 27 37
4 27 38
4 27 46
4 27 47
4 27 48
4 43 24
4 70 10
4 70 40
4 70 51
4 70 53
4 70 70
4 70 71
4 70 72
4 70 80
4 70 81
4 70 82
4 70 90
4 70 91
4 70 92
4 70 93
4 77 54
4 77 56
4 77 57
4 77 58
4 77 64
4 77 65
4 77 67
4 77 68
4 77 69
4 77 74
4 77 75
4 77 76
4 77 77
4 77 78
4 77 79
4 77 83
4 77 84
4 77 85
4 77 87
4 77 88
4 77 89
4 77 95
4 77 97
4 77 99
5 22 0
5 22 1
5 22 2
5 22 3
5 22 11
5 22 12
5 22 13
5 22 14
5 22 15
5 22 21
5 22 23
5 22 30
5 22 31
5 22 32
5 22 33
5 22 35
5 22 41
5 22 42
5 22 44
5 27 4
5 27 6
5 27 7
5 27 9
5 27 17
5 27 18
5 27 19
5 27 28
5 27 29
5 27 34
5 27 36
5 27 37
5 27 38
5 27 39
5 27 46
5 27 47
5 27 49
5 27 55
5 27 57
5 27 58
5 43 24
5 43 43
5 43 45
5 43 65
5 43 74
5 70 20
5 70 40
5 70 50
5 70 51
5 70 52
5 70 60
5 70 61
5 70 70
5 70 71
5 70 73
5 70 80
5 70 81
5 70 90
5 70 91
5 70 92
5 70 93
5 77 56
5 77 59
5 77 63
5 77 64
5 77 67
5 77 69
5 77 76
5 77 77
5 77 83
5 77 85
5 77 86
5 77 87
5 77 88
5 77 94
5 77 96
5 77 97
6 22 0
6 22 1
6 22 3
6 22 4
6 22 10
6 22 11
6 22 12
6 22 13
6 22 15
6 22 22
6 22 23
6 22 30
6 22 31
6 22 32
6 22 35
6 22 42
6 22 44
6 22 45
6 22 50
6 22 61
6 22 62
6 27 5
6 27 6
6 27 9
6 27 16
6 27 17
6 27 19
6 27 24
6 27 26
6 27 27
6 27 28
6 27 29
6 27 36
6 27 39
6 27 46
6 27 47
6 27 48
6 27 49
6 27 55
6 27 57
6 43 34
6 43 43
6 70 20
6 70 40
6 70 51
6 70 53
6 70 60
6 70 70
6 70 71
6 70 72
6 70 73
6 70 80
6 70 81
6 70 90
6 70 91
6 70 92
6 70 93
6 77 54
6 77 56
6 77 59
6 77 63
6 77 64
6 77 65
6 77 66
6 77 67
6 77 68
6 77 74
6 77 76
6 77 77
6 77 79
6 77 85
6 77 86
6 77 88
6 77 89
6 77 94
6 77 97
6 77 98
6 77 99
7 22 0
7 22 2
7 22 3
7 22 11
7 22 12
7 22 14
7 22 23
7 22 24
7 22 31
7 22 32
7 22 33
7 22 34
7 22 35
7 22 41
7 22 42
7 22 44
7 22 50
7 22 52
7 22 61
7 27 7
7 27 8
7 27 9
7 27 16
7 27 18
7 27 19
7 27 25
7 27 26
7 27 27
7 27 29
7 27 36
7 27 37
7 27 39
7 27 47
7 27 49
7 27 55
7 27 57
7 27 58
7 43 43
7 70 20
7 70 40
7 70 51
7 70 53
7 70 60
7 70 70
7 70 71
7 70 72
7 70 73
7 70 80
7 70 81
7 70 82
7 70 90
7 70 91
7 70 92
7 70 93
7 77 28
7 77 54
7 77 56
7 77 65
7 77 66
7 77 67
7 77 68
7 77 74
7 77 76
7 77 77
7 77 78
7 77 79
7 77 83
7 77 84
7 77 86
7 77 87
7 77 88
7 77 94
7 77 95
7 77 96
7 77 97
7 77 98
7 77 99
8 22 3
8 22 4
8 22 10
8 22 11
8 22 12
8 22 13
8 22 21
8 22 24
8 22 30
8 22 31
8 22 33
8 22 35
8 22 41
8 22 42
8 22 44
8 22 45
8 22 52
8 22 61
8 27 8
8 27 9
8 27 16
8 27 17
8 27 18
8 27 19
8 27 25
8 27 28
8 27 29
8 27 37
8 27 39
8 27 47
8 27 48
8 27 49
8 27 55
8 27 57
8 43 34
8 43 74
8 70 20
8 70 40
8 70 51
8 70 53
8 70 70
8 70 73
8 70 75
8 70 81
8 70 92
8 77 56
8 77 59
8 77 63
8 77 64
8 77 67
8 77 69
8 77 76
8 77 78
8 77 79
8 77 83
8 77 85
8 77 86
8 77 87
8 77 89
8 77 95
8 77 97
8 77 98
8 77 99
9 22 0
9 22 1
9 22 2
9 22 11
9 22 12
9 22 13
9 22 15
9 22 22
9 22 24
9 22 31
9 22 32
9 22 35
9 22 45
9 22 50
9 22 62
9 27 5
9 27 6
9 27 7
9 27 8
9 27 17
9 27 25
9 27 26
9 27 28
9 27 37
9 27 38
9 27 47
9 27 48
9 27 49
9 27 58
9 43 43
9 70 51
9 70 53
9 70 70
9 70 72
9 70 73
9 70 90
9 70 93
9 77 54
9 77 56
9 77 59
9 77 63
9 77 65
9 77 67
9 77 69
9 77 74
9 77 77
9 77 78
9 77 87
9 77 89
10 22 4
10 22 11
10 22 21
10 22 30
10 22 35
10 22 42
10 22 50
10 27 5
10 27 8
10 27 9
10 27 18
10 27 25
10 27 28
10 27 37
10 27 38
10 27 39
10 27 58
10 43 -1
10 70 51
10 70 60
10 70 72
10 70 81
10 70 90
10 70 92
10 70 93
10 77 54
10 77 56
10 77 64
10 77 65
10 77 68
10 77 69
10 77 76
10 77 77
10 77 79
10 77 89
10 77 94
10 77 96
10 77 98
11 22 14
11 22 22
11 22 24
11 22 31
11 22 42
11 27 17
11 27 25
11 27 57
11 43 -1
11 70 -1
11 77 63
11 77 66
11 77 69
--- Done ---
