0 22 13
0 22 22
0 22 23
0 22 24
0 22 32
0 22 33
1 22 0
1 22 10
1 22 14
1 22 21
1 22 22
1 22 23
1 22 32
1 22 33
1 27 8
1 27 9
1 27 15
1 27 16
1 27 18
1 27 25
1 27 27
1 27 28
1 27 35
1 27 37
1 27 38
1 27 39
1 47 26
1 47 47
1 47 48
1 47 57
1 47 59
1 47 68
1 70 20
1 70 71
1 70 80
1 73 62
1 73 72
1 73 73
1 73 74
1 73 75
1 73 81
1 73 84
1 73 85
1 73 93
1 97 65
1 97 76
1 97 77
1 97 89
1 97 99
2 21 4
2 21 20
2 21 21
2 21 40
2 21 42
2 22 2
2 22 14
2 22 22
2 22 31
2 22 33
2 22 43
2 27 6
2 27 16
2 27 17
2 27 19
2 27 25
2 27 26
2 27 28
2 27 35
2 27 36
2 27 39
2 47 29
2 47 37
2 47 47
2 47 57
2 47 67
2 47 69
2 70 50
2 70 52
2 70 70
2 70 71
2 70 82
2 70 90
2 73 53
2 73 63
2 73 64
2 73 72
2 73 73
2 73 75
2 73 81
2 73 94
2 97 86
2 97 87
2 97 88
3 21 4
3 21 21
3 22 0
3 22 1
3 22 2
3 22 12
3 22 13
3 22 14
3 22 24
3 22 30
3 22 32
3 22 34
3 22 41
3 22 43
3 22 44
3 27 7
3 27 15
3 27 16
3 27 17
3 27 25
3 27 27
3 27 36
3 27 38
3 27 46
3 27 47
3 64 45
3 64 55
3 64 64
3 64 66
3 64 72
3 64 84
3 64 95
3 70 51
3 70 60
3 70 61
3 70 70
3 70 73
3 70 82
3 70 92
3 86 56
3 86 75
3 86 76
3 86 96
3 86 98
4 6 7
4 6 8
4 6 16
4 22 2
4 22 12
4 22 21
4 22 31
4 22 33
4 22 43
4 37 28
4 37 29
4 37 35
4 37 37
4 37 39
4 37 57
4 64 45
4 64 52
4 64 62
4 64 64
4 64 65
4 64 66
4 64 72
4 68 48
4 68 56
4 68 58
4 68 59
4 68 69
4 68 76
4 68 78
4 68 88
4 68 99
4 70 20
4 70 50
4 70 81
4 70 82
4 86 89
4 86 96
4 86 97
5 6 4
5 6 6
5 6 16
5 17 5
5 17 7
5 17 8
5 17 17
5 17 19
5 17 25
5 17 26
5 17 28
5 17 29
5 17 46
5 17 57
5 22 0
5 22 12
5 22 22
5 22 30
5 22 31
5 22 32
5 22 33
5 22 34
5 22 41
5 22 44
5 37 35
5 37 37
5 37 39
5 64 54
5 64 55
5 64 63
5 64 64
5 64 65
5 64 72
5 64 75
5 64 93
5 68 56
5 68 59
5 68 68
5 68 79
5 70 20
5 70 52
5 70 62
5 70 73
5 70 81
5 70 82
5 70 90
5 70 91
6 17 7
6 17 15
6 17 17
6 17 25
6 17 28
6 17 36
6 17 57
6 22 0
6 22 1
6 22 2
6 22 3
6 22 10
6 22 12
6 22 13
6 22 14
6 22 21
6 22 22
6 22 31
6 22 32
6 22 33
6 22 41
6 22 44
6 54 42
6 54 56
6 54 65
6 54 77
6 64 45
6 64 64
6 64 72
6 64 75
6 64 93
6 64 95
6 70 20
6 70 50
6 70 60
6 70 62
6 70 71
6 70 80
6 78 67
6 78 68
6 78 87
6 78 89
6 78 96
6 78 97
7 22 0
7 22 10
7 22 12
7 22 13
7 22 14
7 22 21
7 22 32
7 22 33
7 22 43
7 28 16
7 28 17
7 28 18
7 28 26
7 28 28
7 28 29
7 28 36
7 28 38
7 28 39
7 28 49
7 54 35
7 54 42
7 54 45
7 54 46
7 54 53
7 54 65
7 54 75
7 66 56
7 66 85
7 66 86
7 66 87
7 66 88
7 71 50
7 71 60
7 71 61
7 71 71
7 71 82
7 78 47
7 78 59
7 78 67
7 78 68
7 78 69
7 78 78
7 78 97
8 22 1
8 22 3
8 22 10
8 22 14
8 22 21
8 22 22
8 22 24
8 22 31
8 22 32
8 22 41
8 22 43
8 22 44
8 28 18
8 28 19
8 28 28
8 28 29
8 28 37
8 28 38
8 28 39
8 28 49
8 36 5
8 36 15
8 36 25
8 36 26
8 36 35
8 36 48
8 36 54
8 36 67
8 66 47
8 66 56
8 66 66
8 66 68
8 66 74
8 66 76
8 66 78
8 66 85
8 66 86
8 70 20
8 70 51
8 70 61
8 70 81
8 70 92
8 71 40
8 71 63
8 71 64
8 71 71
8 71 83
8 71 91
8 71 95
9 22 1
9 22 3
9 22 11
9 22 12
9 22 23
9 22 24
9 22 34
9 22 43
9 27 6
9 27 15
9 27 18
9 27 19
9 27 27
9 27 37
9 27 49
9 36 5
9 36 36
9 36 38
9 36 46
9 53 42
9 53 45
9 53 53
9 53 72
9 69 39
9 69 58
9 69 67
9 69 79
9 69 89
9 69 98
9 70 50
9 70 70
9 70 71
9 70 82
9 70 90
9 75 56
9 75 64
9 75 66
9 75 75
9 75 76
9 75 84
9 75 85
9 75 96
--- Done ---
