0 22 22
0 22 23
0 22 24
0 22 33
1 22 1
1 22 3
1 22 10
1 22 12
1 22 20
1 22 21
1 22 22
1 22 4
1 22 23
1 22 24
1 22 32
1 22 60
1 22 83
1 22 33
1 22 43
1 47 9
1 47 38
1 47 39
1 47 58
1 47 67
1 47 55
1 47 64
1 47 68
1 47 87
1 47 45
1 47 47
1 84 72
1 84 77
1 84 80
1 84 91
1 84 97
2 22 1
2 22 22
2 22 40
2 22 24
2 22 31
2 22 42
2 22 60
2 47 7
2 47 9
2 47 27
2 47 28
2 47 37
2 47 39
2 47 48
2 47 67
2 47 78
2 47 88
2 47 6
2 47 14
2 47 16
2 47 23
2 47 29
2 47 54
2 47 55
2 47 33
2 47 36
2 47 45
2 47 47
2 47 53
2 47 63
2 47 68
2 47 75
2 47 86
2 47 87
2 84 70
2 84 72
2 84 77
2 84 89
2 84 90
2 84 92
2 84 94
2 84 98
2 84 51
2 84 61
2 84 73
2 84 83
3 22 1
3 22 3
3 22 10
3 22 11
3 22 12
3 22 13
3 22 20
3 22 21
3 22 22
3 22 40
3 22 4
3 22 6
3 22 14
3 22 15
3 22 23
3 22 5
3 22 25
3 22 26
3 22 42
3 22 51
3 22 33
3 22 35
3 22 36
3 22 46
3 22 47
3 22 61
3 47 7
3 47 9
3 47 17
3 47 28
3 47 19
3 47 24
3 47 27
3 47 31
3 47 32
3 47 37
3 47 39
3 47 48
3 47 49
3 66 8
3 66 99
3 66 58
3 66 69
3 66 79
3 66 88
3 84 70
3 84 72
3 84 92
3 84 97
3 84 54
3 84 55
3 84 64
3 84 71
3 84 75
3 84 76
3 84 77
3 84 84
3 84 87
3 84 89
3 84 95
3 84 52
3 84 63
3 84 73
3 84 74
4 22 0
4 22 3
4 22 10
4 22 13
4 22 21
4 22 22
4 22 40
4 22 6
4 22 14
4 22 23
4 22 30
4 22 41
4 22 50
4 22 51
4 22 5
4 22 16
4 22 25
4 22 34
4 22 42
4 22 83
4 47 7
4 47 9
4 47 18
4 47 19
4 47 24
4 47 27
4 47 32
4 47 37
4 47 38
4 47 58
4 66 99
4 66 48
4 66 67
4 66 69
4 66 78
4 66 79
4 66 88
4 66 45
4 66 46
4 66 47
4 66 52
4 66 53
4 66 61
4 66 62
4 66 74
4 66 84
4 66 85
4 66 87
4 66 89
4 66 93
4 66 95
4 84 70
4 84 72
4 84 80
4 84 81
4 84 90
4 84 91
4 84 92
4 84 97
4 84 29
4 84 54
4 84 56
4 84 57
4 84 64
4 84 65
4 84 68
4 84 71
4 84 75
4 84 76
4 84 77
4 84 82
4 84 33
4 84 35
4 84 36
5 16 24
5 16 19
5 16 33
5 16 34
5 16 35
5 16 36
5 16 37
5 16 42
5 22 0
5 22 2
5 22 20
5 22 40
5 22 1
5 22 3
5 22 11
5 22 12
5 22 13
5 22 21
5 22 30
5 22 31
5 22 32
5 22 41
5 22 50
5 22 51
5 22 83
5 22 4
5 47 59
5 47 7
5 47 9
5 47 17
5 47 28
5 47 67
5 47 69
5 47 88
5 47 6
5 47 14
5 47 15
5 47 23
5 47 56
5 47 63
5 47 64
5 47 74
5 47 76
5 47 86
5 47 87
5 47 18
5 47 29
5 66 60
5 66 61
5 66 73
5 66 38
5 66 39
5 66 43
5 66 44
5 66 45
5 66 46
5 66 47
5 66 49
5 66 55
5 66 57
5 66 58
5 66 65
5 84 70
5 84 80
5 84 81
5 84 90
5 84 91
5 84 92
5 84 94
5 84 97
5 84 71
5 84 77
5 84 85
5 84 93
5 84 96
5 84 52
6 16 16
6 22 0
6 22 10
6 22 20
6 22 40
6 22 1
6 22 3
6 22 11
6 22 12
6 22 13
6 22 22
6 22 30
6 22 31
6 22 32
6 22 50
6 22 51
6 22 4
6 22 6
6 22 15
6 22 23
6 47 59
6 47 9
6 47 17
6 47 28
6 47 67
6 47 79
6 47 88
6 47 19
6 47 24
6 47 5
6 47 26
6 47 27
6 47 34
6 47 39
6 47 42
6 47 48
6 47 49
6 47 53
6 47 56
6 66 99
6 66 68
6 66 74
6 66 86
6 66 29
6 66 35
6 66 36
6 66 43
6 66 44
6 66 45
6 66 46
6 66 47
6 66 54
6 66 55
6 66 57
6 66 65
6 66 66
6 84 70
6 84 72
6 84 80
6 84 81
6 84 90
6 84 91
6 84 92
6 84 94
6 84 97
6 84 71
6 84 77
6 84 85
6 84 89
6 84 93
6 84 98
6 84 60
6 84 61
6 84 62
6 84 73
6 84 63
6 84 64
6 84 76
7 16 7
7 16 8
7 16 9
7 16 28
7 16 16
7 22 0
7 22 2
7 22 20
7 22 40
7 22 3
7 22 11
7 22 12
7 22 31
7 22 32
7 22 41
7 22 50
7 22 51
7 22 83
7 22 14
7 22 23
7 22 24
7 22 52
7 22 60
7 22 61
7 22 73
7 22 25
7 47 47
7 66 99
7 66 67
7 66 78
7 66 79
7 66 88
7 66 18
7 66 19
7 66 27
7 66 37
7 66 39
7 66 49
7 66 58
7 66 26
7 66 34
7 66 42
7 66 29
7 66 33
7 66 35
7 66 36
7 66 43
7 66 44
7 66 54
7 66 55
7 66 57
7 66 65
7 66 66
7 84 70
7 84 72
7 84 80
7 84 81
7 84 90
7 84 91
7 84 92
7 84 94
7 84 97
7 84 71
7 84 77
7 84 82
7 84 93
7 84 96
7 84 98
7 84 56
7 84 68
7 84 76
7 84 84
7 84 86
7 84 87
7 84 95
7 84 53
7 84 74
8 16 16
8 22 10
8 22 20
8 22 40
8 22 3
8 22 11
8 22 12
8 22 13
8 22 21
8 22 30
8 22 31
8 22 41
8 22 51
8 22 83
8 22 4
8 22 24
8 22 52
8 22 61
8 22 73
8 22 25
8 22 34
8 22 42
8 22 53
8 22 63
8 47 59
8 47 9
8 47 17
8 47 28
8 47 67
8 47 69
8 47 78
8 47 79
8 47 18
8 47 19
8 47 37
8 47 39
8 47 48
8 47 49
8 47 56
8 47 64
8 47 76
8 47 86
8 47 87
8 47 29
8 47 55
8 47 57
8 47 74
8 47 33
8 47 35
8 47 44
8 47 47
8 66 99
8 66 8
8 84 70
8 84 81
8 84 92
8 84 97
8 84 85
8 84 89
8 84 98
8 84 95
8 84 45
8 84 75
9 16 8
9 22 0
9 22 2
9 22 1
9 22 11
9 22 12
9 22 13
9 22 22
9 22 31
9 22 32
9 22 50
9 22 51
9 22 6
9 22 15
9 22 24
9 22 62
9 22 73
9 22 5
9 22 25
9 22 26
9 22 53
9 22 63
9 22 74
9 22 35
9 22 43
9 22 45
9 47 59
9 47 7
9 47 17
9 47 28
9 47 67
9 47 69
9 47 78
9 47 37
9 47 38
9 47 48
9 47 49
9 47 56
9 47 58
9 47 87
9 47 54
9 47 65
9 47 47
9 66 -1
9 84 70
9 84 72
9 84 90
9 84 77
9 84 89
9 84 93
10 16 8
10 16 9
10 16 11
10 16 21
10 16 28
10 16 4
10 16 18
10 16 37
10 16 38
10 16 39
10 16 58
10 16 5
10 16 25
10 16 42
10 22 30
10 47 69
10 47 79
10 66 -1
10 84 72
10 84 81
10 84 90
10 84 92
10 84 94
10 84 50
10 84 51
10 84 77
10 84 89
10 84 93
10 84 96
10 84 98
10 84 56
10 84 60
10 84 64
10 84 68
10 84 76
10 84 54
10 84 65
10 84 35
11 16 17
11 22 22
11 22 31
11 22 14
11 22 24
11 22 25
11 22 42
11 22 63
11 47 69
11 47 57
11 66 66
11 84 -1
--- Done ---
