0 22 13
0 22 22
0 22 23
0 22 24
0 22 32
0 22 33
1 22 0
1 22 10
1 22 14
1 22 21
1 22 22
1 22 23
1 22 32
1 22 33
1 27 8
1 27 9
1 27 15
1 27 16
1 27 18
1 27 25
1 27 27
1 27 35
1 27 39
1 27 48
1 37 26
1 37 28
1 37 37
1 37 38
1 37 47
1 37 57
1 64 62
1 64 65
1 64 72
1 64 74
1 64 84
1 64 85
1 64 93
1 68 59
1 68 68
1 68 75
1 68 76
1 68 77
1 68 89
1 68 99
1 70 20
1 70 71
1 70 73
1 70 80
1 70 81
2 21 4
2 21 20
2 21 21
2 21 40
2 21 42
2 22 2
2 22 14
2 22 22
2 22 31
2 22 33
2 22 43
2 27 6
2 27 16
2 27 17
2 27 19
2 27 25
2 37 26
2 37 28
2 37 29
2 37 35
2 37 36
2 37 37
2 37 39
2 37 57
2 64 52
2 64 53
2 64 63
2 64 64
2 64 72
2 64 75
2 64 94
2 68 47
2 68 67
2 68 69
2 68 86
2 68 87
2 68 88
2 70 50
2 70 70
2 70 71
2 70 73
2 70 81
2 70 82
2 70 90
3 21 4
3 21 21
3 21 32
3 22 0
3 22 1
3 22 2
3 22 12
3 22 13
3 22 14
3 22 24
3 22 30
3 22 34
3 22 41
3 22 43
3 22 44
3 27 7
3 27 15
3 27 16
3 27 25
3 27 27
3 27 36
3 37 17
3 37 38
3 37 46
3 64 45
3 64 55
3 64 64
3 64 66
3 64 72
3 64 84
3 64 95
3 68 47
3 68 56
3 68 76
3 70 51
3 70 60
3 70 61
3 70 70
3 70 73
3 70 82
3 70 92
3 88 75
3 88 96
3 88 98
4 21 21
4 21 62
4 22 2
4 22 12
4 22 31
4 22 33
4 22 43
4 27 7
4 27 8
4 27 16
4 27 28
4 27 35
4 37 29
4 37 37
4 37 39
4 37 48
4 37 57
4 64 45
4 64 64
4 64 65
4 64 66
4 64 72
4 68 56
4 68 58
4 68 59
4 68 69
4 68 76
4 70 20
4 70 50
4 70 52
4 70 81
4 70 82
4 88 78
4 88 88
4 88 89
4 88 96
4 88 97
4 88 99
5 21 4
5 21 20
5 21 32
5 21 62
5 22 0
5 22 12
5 22 22
5 22 30
5 22 31
5 22 33
5 22 34
5 22 41
5 22 44
5 27 6
5 27 7
5 27 8
5 27 16
5 27 17
5 27 19
5 27 25
5 27 28
5 27 35
5 37 5
5 37 26
5 37 29
5 37 37
5 37 39
5 37 46
5 37 57
5 64 54
5 64 55
5 64 63
5 64 64
5 64 65
5 64 72
5 64 93
5 68 56
5 68 59
5 68 68
5 68 75
5 68 79
5 70 52
5 70 73
5 70 81
5 70 82
5 70 90
5 70 91
6 21 12
6 21 20
6 21 21
6 21 42
6 22 0
6 22 1
6 22 2
6 22 3
6 22 10
6 22 13
6 22 14
6 22 22
6 22 31
6 22 32
6 22 33
6 22 41
6 22 44
6 27 7
6 27 15
6 27 17
6 27 25
6 27 28
6 27 36
6 37 57
6 64 45
6 64 64
6 64 65
6 64 72
6 64 75
6 64 93
6 64 95
6 68 56
6 68 67
6 68 68
6 70 50
6 70 60
6 70 62
6 70 71
6 70 80
6 88 77
6 88 87
6 88 89
6 88 96
6 88 97
7 21 21
7 21 42
7 22 0
7 22 10
7 22 12
7 22 13
7 22 14
7 22 32
7 22 33
7 22 43
7 27 16
7 27 18
7 27 26
7 27 47
7 27 49
7 37 17
7 37 28
7 37 29
7 37 35
7 37 36
7 37 38
7 37 39
7 37 46
7 64 45
7 64 53
7 64 61
7 64 65
7 68 56
7 68 59
7 68 68
7 68 69
7 70 50
7 70 60
7 70 71
7 70 82
7 88 67
7 88 75
7 88 78
7 88 85
7 88 86
7 88 87
7 88 88
7 88 97
8 21 10
8 21 21
8 21 40
8 22 1
8 22 3
8 22 14
8 22 22
8 22 24
8 22 31
8 22 32
8 22 41
8 22 43
8 27 15
8 27 18
8 27 19
8 27 25
8 27 26
8 27 28
8 27 38
8 27 47
8 27 49
8 37 5
8 37 29
8 37 35
8 37 37
8 37 39
8 64 44
8 64 54
8 64 61
8 64 63
8 64 64
8 64 66
8 64 74
8 64 83
8 64 85
8 64 95
8 68 48
8 68 56
8 68 67
8 68 68
8 68 76
8 70 20
8 70 51
8 70 71
8 70 81
8 70 91
8 70 92
8 88 78
8 88 86
9 21 42
9 22 1
9 22 3
9 22 11
9 22 12
9 22 23
9 22 24
9 22 34
9 22 43
9 27 6
9 27 15
9 27 18
9 27 19
9 27 27
9 27 38
9 27 46
9 27 49
9 37 5
9 37 36
9 37 37
9 37 39
9 64 45
9 64 53
9 64 64
9 64 66
9 64 72
9 64 75
9 64 84
9 68 56
9 68 58
9 68 76
9 68 79
9 70 50
9 70 70
9 70 71
9 70 82
9 70 90
9 88 67
9 88 85
9 88 89
9 88 96
9 88 98
--- Done ---
