0 22 13
0 22 22
0 22 23
0 22 24
0 22 32
0 22 33
1 22 0
1 22 10
1 22 14
1 22 15
1 22 16
1 22 20
1 22 21
1 22 22
1 22 23
1 22 25
1 22 32
1 22 33
1 22 35
1 22 73
1 58 8
1 58 9
1 58 26
1 58 27
1 58 28
1 58 37
1 58 38
1 58 39
1 58 47
1 58 48
1 58 57
1 58 59
1 58 65
1 58 68
1 58 76
1 58 77
1 58 89
1 74 18
1 74 62
1 74 71
1 74 72
1 74 74
1 74 75
1 74 80
1 74 81
1 74 84
1 74 85
1 74 93
1 74 99
2 22 2
2 22 4
2 22 6
2 22 14
2 22 16
2 22 20
2 22 21
2 22 22
2 22 25
2 22 26
2 22 31
2 22 33
2 22 35
2 22 36
2 22 40
2 22 42
2 22 47
2 22 52
2 22 63
2 22 73
2 58 17
2 58 19
2 58 28
2 58 29
2 58 37
2 58 39
2 58 67
2 58 69
2 58 87
2 74 43
2 74 50
2 74 53
2 74 57
2 74 64
2 74 70
2 74 71
2 74 72
2 74 75
2 74 81
2 74 82
2 74 86
2 74 88
2 74 90
2 74 94
3 22 0
3 22 1
3 22 2
3 22 4
3 22 12
3 22 13
3 22 14
3 22 15
3 22 16
3 22 21
3 22 24
3 22 25
3 22 32
3 22 34
3 22 36
3 22 43
3 22 44
3 22 45
3 22 47
3 22 51
3 22 60
3 22 66
3 22 73
3 46 7
3 46 17
3 46 27
3 46 30
3 46 46
3 46 56
3 46 61
3 46 64
3 46 76
3 46 84
3 46 98
3 74 38
3 74 41
3 74 55
3 74 70
3 74 72
3 74 75
3 74 82
3 74 92
3 74 95
3 74 96
4 22 2
4 22 12
4 22 16
4 22 20
4 22 21
4 22 31
4 22 35
4 22 43
4 22 45
4 22 50
4 22 62
4 22 66
4 46 7
4 46 8
4 46 28
4 46 29
4 46 33
4 46 37
4 46 39
4 46 48
4 46 52
4 46 56
4 46 57
4 46 58
4 46 65
4 46 69
4 46 78
4 96 59
4 96 64
4 96 72
4 96 76
4 96 81
4 96 82
4 96 88
4 96 89
4 96 96
4 96 97
4 96 99
5 22 0
5 22 4
5 22 5
5 22 6
5 22 12
5 22 16
5 22 20
5 22 22
5 22 25
5 22 30
5 22 31
5 22 32
5 22 33
5 22 34
5 22 35
5 22 41
5 22 44
5 22 52
5 22 63
5 36 7
5 36 8
5 36 17
5 36 19
5 36 26
5 36 28
5 36 29
5 36 37
5 36 39
5 36 46
5 36 54
5 36 55
5 36 56
5 36 57
5 36 62
5 36 65
5 36 79
5 96 59
5 96 64
5 96 68
5 96 72
5 96 73
5 96 75
5 96 81
5 96 82
5 96 90
5 96 91
5 96 93
6 22 0
6 22 1
6 22 2
6 22 3
6 22 10
6 22 12
6 22 13
6 22 14
6 22 15
6 22 20
6 22 21
6 22 22
6 22 25
6 22 31
6 22 32
6 22 33
6 22 41
6 22 44
6 22 45
6 22 50
6 22 60
6 22 62
6 36 7
6 36 17
6 36 28
6 36 36
6 36 42
6 36 56
6 36 57
6 36 64
6 36 65
6 36 67
6 36 71
6 36 75
6 36 77
6 36 80
6 36 89
6 86 68
6 86 72
6 86 87
6 86 93
6 86 95
6 86 96
6 86 97
7 22 0
7 22 10
7 22 12
7 22 13
7 22 14
7 22 16
7 22 21
7 22 26
7 22 32
7 22 33
7 22 35
7 22 36
7 22 42
7 22 43
7 22 45
7 22 46
7 22 47
7 22 50
7 22 53
7 22 61
7 57 17
7 57 28
7 57 29
7 57 39
7 57 49
7 57 59
7 57 67
7 57 68
7 57 69
7 57 78
7 57 87
7 57 97
7 74 18
7 74 38
7 74 56
7 74 60
7 74 65
7 74 71
7 74 75
7 74 82
7 74 85
7 74 86
7 74 88
8 22 1
8 22 3
8 22 5
8 22 10
8 22 14
8 22 15
8 22 20
8 22 21
8 22 22
8 22 24
8 22 31
8 22 32
8 22 35
8 22 40
8 22 41
8 22 43
8 22 44
8 22 61
8 22 63
8 22 66
8 22 83
8 57 19
8 57 25
8 57 26
8 57 28
8 57 29
8 57 37
8 57 39
8 57 47
8 57 48
8 57 49
8 57 56
8 57 67
8 57 68
8 57 78
8 57 85
8 57 86
8 74 18
8 74 38
8 74 51
8 74 54
8 74 64
8 74 71
8 74 74
8 74 76
8 74 81
8 74 91
8 74 92
8 74 95
9 22 1
9 22 3
9 22 5
9 22 6
9 22 11
9 22 12
9 22 15
9 22 34
9 22 50
9 22 53
9 22 66
9 48 18
9 48 19
9 48 27
9 48 36
9 48 38
9 48 39
9 48 45
9 48 49
9 48 67
9 48 76
9 48 79
9 48 89
9 64 23
9 64 24
9 64 37
9 64 42
9 64 43
9 64 46
9 64 56
9 64 58
9 64 64
9 64 70
9 64 71
9 64 72
9 64 75
9 64 82
9 64 84
9 64 85
9 64 90
9 64 96
9 64 98
--- Done ---
