0 22 22
0 22 23
0 22 24
0 22 33
1 22 1
1 22 3
1 22 4
1 22 9
1 22 10
1 22 12
1 22 20
1 22 21
1 22 22
1 22 23
1 22 24
1 22 32
1 22 33
1 22 38
1 22 39
1 22 43
1 22 45
1 22 47
1 22 55
1 22 58
1 22 60
1 22 64
1 22 67
1 22 68
1 22 72
1 22 77
1 22 80
1 22 83
1 22 87
1 22 91
1 22 97
1 25 -1
1 28 -1
1 46 -1
1 70 -1
1 73 -1
1 77 -1
2 6 -1
2 13 -1
2 22 1
2 22 22
2 22 23
2 22 31
2 22 33
2 22 42
2 25 6
2 25 7
2 25 14
2 25 16
2 25 24
2 25 36
2 28 9
2 28 27
2 28 28
2 28 29
2 28 39
2 34 -1
2 35 -1
2 46 37
2 46 45
2 46 47
2 46 48
2 46 55
2 46 68
2 46 75
2 50 -1
2 53 -1
2 63 -1
2 66 -1
2 70 40
2 70 51
2 70 60
2 70 61
2 70 70
2 70 90
2 73 53
2 73 54
2 73 63
2 73 72
2 73 73
2 73 83
2 73 92
2 77 67
2 77 77
2 77 78
2 77 86
2 77 87
2 77 88
2 77 89
2 77 94
2 77 98
2 88 -1
3 6 4
3 6 5
3 6 6
3 6 7
3 6 15
3 6 17
3 13 3
3 13 12
3 13 13
3 13 14
3 13 23
3 22 1
3 22 10
3 22 11
3 22 21
3 22 22
3 22 31
3 25 24
3 25 25
3 25 26
3 28 8
3 28 9
3 28 19
3 28 27
3 28 28
3 28 39
3 28 49
3 34 32
3 34 33
3 35 35
3 35 36
3 46 37
3 46 46
3 46 47
3 46 48
3 46 55
3 46 75
3 50 40
3 50 51
3 53 42
3 53 52
3 53 54
3 63 63
3 63 64
3 63 84
3 66 76
3 70 20
3 70 61
3 70 70
3 70 71
3 73 72
3 73 73
3 73 74
3 73 92
3 77 58
3 77 69
3 77 77
3 77 95
3 88 79
3 88 87
3 88 88
3 88 89
3 88 97
3 88 99
4 6 5
4 6 6
4 6 7
4 6 16
4 13 3
4 13 13
4 13 14
4 13 23
4 22 0
4 22 10
4 22 21
4 22 22
4 22 41
4 25 24
4 25 25
4 28 9
4 28 18
4 28 19
4 28 27
4 28 29
4 28 38
4 34 32
4 34 33
4 34 34
4 35 35
4 35 36
4 35 45
4 46 37
4 46 46
4 46 47
4 46 48
4 46 56
4 46 57
4 46 68
4 46 75
4 50 30
4 50 40
4 50 50
4 50 51
4 53 42
4 53 52
4 53 53
4 53 54
4 53 62
4 63 64
4 63 84
4 66 65
4 66 76
4 70 61
4 70 70
4 70 71
4 70 80
4 70 81
4 70 90
4 70 91
4 73 72
4 73 74
4 73 82
4 73 83
4 73 92
4 73 93
4 77 58
4 77 67
4 77 69
4 77 77
4 77 78
4 77 85
4 77 95
4 88 79
4 88 87
4 88 88
4 88 89
4 88 97
4 88 99
5 6 4
5 6 6
5 6 7
5 6 15
5 6 17
5 13 3
5 13 12
5 13 13
5 13 14
5 13 23
5 22 0
5 22 1
5 22 2
5 22 11
5 22 21
5 22 31
5 22 41
5 25 24
5 28 9
5 28 18
5 28 19
5 28 28
5 28 29
5 28 38
5 28 39
5 28 49
5 34 32
5 34 33
5 34 34
5 35 35
5 35 36
5 35 44
5 35 45
5 46 37
5 46 46
5 46 47
5 46 55
5 46 56
5 46 57
5 50 30
5 50 40
5 50 50
5 50 51
5 53 42
5 53 43
5 53 52
5 63 63
5 63 64
5 66 65
5 66 76
5 70 20
5 70 60
5 70 61
5 70 70
5 70 71
5 70 80
5 70 81
5 70 90
5 70 91
5 73 73
5 73 74
5 73 83
5 73 92
5 73 93
5 77 58
5 77 59
5 77 67
5 77 69
5 77 77
5 77 85
5 77 86
5 77 94
5 88 87
5 88 88
5 88 96
5 88 97
6 6 4
6 6 5
6 6 6
6 6 15
6 6 16
6 6 17
6 13 3
6 13 12
6 13 13
6 13 23
6 22 0
6 22 1
6 22 10
6 22 11
6 22 22
6 22 31
6 25 24
6 25 26
6 28 9
6 28 19
6 28 27
6 28 28
6 28 29
6 28 39
6 28 49
6 34 32
6 34 34
6 35 35
6 35 36
6 35 44
6 35 45
6 46 46
6 46 47
6 46 48
6 46 55
6 46 56
6 46 57
6 46 68
6 50 30
6 50 40
6 50 50
6 50 51
6 53 42
6 53 43
6 53 53
6 53 54
6 53 62
6 63 63
6 63 64
6 66 65
6 66 66
6 66 76
6 70 20
6 70 60
6 70 61
6 70 70
6 70 71
6 70 80
6 70 81
6 70 90
6 70 91
6 73 72
6 73 73
6 73 74
6 73 92
6 73 93
6 77 59
6 77 67
6 77 77
6 77 85
6 77 86
6 77 94
6 88 79
6 88 88
6 88 89
6 88 97
6 88 98
6 88 99
7 6 7
7 6 16
7 13 3
7 13 12
7 13 14
7 13 23
7 22 0
7 22 2
7 22 11
7 22 31
7 22 41
7 25 24
7 25 25
7 25 26
7 28 8
7 28 9
7 28 18
7 28 19
7 28 27
7 28 28
7 28 29
7 28 39
7 28 49
7 34 32
7 34 33
7 34 34
7 35 35
7 35 36
7 35 44
7 46 37
7 46 47
7 46 55
7 46 56
7 46 57
7 46 68
7 50 40
7 50 50
7 50 51
7 53 42
7 53 43
7 53 52
7 53 53
7 53 54
7 63 84
7 66 65
7 66 66
7 66 76
7 70 20
7 70 60
7 70 61
7 70 70
7 70 71
7 70 80
7 70 81
7 70 90
7 70 91
7 73 72
7 73 73
7 73 74
7 73 82
7 73 83
7 73 92
7 73 93
7 77 58
7 77 67
7 77 77
7 77 78
7 77 86
7 77 94
7 77 95
7 88 79
7 88 87
7 88 88
7 88 96
7 88 97
7 88 98
7 88 99
8 6 4
8 6 16
8 6 17
8 13 3
8 13 12
8 13 13
8 22 10
8 22 11
8 22 21
8 22 31
8 22 41
8 25 24
8 25 25
8 28 8
8 28 9
8 28 18
8 28 19
8 28 28
8 28 29
8 28 39
8 28 49
8 34 33
8 34 34
8 35 35
8 35 44
8 35 45
8 46 37
8 46 47
8 46 48
8 46 55
8 46 56
8 46 57
8 46 75
8 50 30
8 50 40
8 50 51
8 53 42
8 53 52
8 53 53
8 63 63
8 63 64
8 66 76
8 70 20
8 70 61
8 70 70
8 70 81
8 73 73
8 73 74
8 73 83
8 73 92
8 77 59
8 77 67
8 77 69
8 77 78
8 77 85
8 77 86
8 77 95
8 88 79
8 88 87
8 88 89
8 88 97
8 88 98
8 88 99
9 6 5
9 6 6
9 6 7
9 6 15
9 6 17
9 13 12
9 13 13
9 22 0
9 22 1
9 22 2
9 22 11
9 22 22
9 22 31
9 25 24
9 25 25
9 25 26
9 28 8
9 28 28
9 28 38
9 28 49
9 34 32
9 35 35
9 35 45
9 46 37
9 46 47
9 46 48
9 46 56
9 50 50
9 50 51
9 53 43
9 53 53
9 53 54
9 53 62
9 63 63
9 66 65
9 70 70
9 70 90
9 73 72
9 73 73
9 73 74
9 73 93
9 77 58
9 77 59
9 77 67
9 77 69
9 77 77
9 77 78
9 88 87
9 88 89
10 6 4
10 6 5
10 13 -1
10 22 11
10 22 21
10 25 25
10 28 8
10 28 9
10 28 18
10 28 28
10 28 38
10 28 39
10 34 -1
10 35 35
10 46 37
10 46 56
10 46 68
10 50 30
10 50 50
10 50 51
10 53 42
10 53 54
10 63 64
10 66 65
10 66 76
10 70 60
10 70 81
10 70 90
10 73 72
10 73 92
10 73 93
10 77 58
10 77 69
10 77 77
10 77 94
10 88 79
10 88 89
10 88 96
10 88 98
11 6 17
11 13 14
11 22 22
11 22 31
11 25 24
11 25 25
11 28 -1
11 34 -1
11 35 -1
11 46 57
11 50 -1
11 53 42
11 63 63
11 66 66
11 70 -1
11 73 -1
11 77 69
11 88 -1
--- Done ---
