0 22 22
0 22 23
0 22 24
0 22 33
1 22 1
1 22 3
1 22 4
1 22 9
1 22 10
1 22 12
1 22 20
1 22 21
1 22 22
1 22 23
1 22 24
1 22 32
1 22 33
1 22 38
1 22 39
1 22 43
1 22 45
1 22 47
1 22 55
1 22 58
1 22 60
1 22 64
1 22 67
1 22 68
1 22 72
1 22 77
1 22 80
1 22 83
1 22 87
1 22 91
1 22 97
1 55 -1
1 67 -1
1 82 -1
2 22 1
2 22 6
2 22 14
2 22 16
2 22 22
2 22 23
2 22 31
2 22 33
2 22 42
2 55 7
2 55 9
2 55 24
2 55 29
2 55 37
2 55 45
2 55 53
2 55 54
2 55 55
2 55 63
2 55 89
2 55 94
2 67 27
2 67 28
2 67 36
2 67 39
2 67 47
2 67 48
2 67 67
2 67 68
2 67 75
2 67 77
2 67 78
2 67 86
2 67 87
2 67 88
2 67 98
2 82 40
2 82 51
2 82 60
2 82 61
2 82 70
2 82 72
2 82 73
2 82 83
2 82 90
2 82 92
3 22 1
3 22 3
3 22 4
3 22 5
3 22 6
3 22 10
3 22 11
3 22 12
3 22 13
3 22 14
3 22 15
3 22 20
3 22 21
3 22 22
3 22 23
3 22 31
3 22 32
3 22 33
3 22 42
3 22 52
3 55 7
3 55 8
3 55 9
3 55 17
3 55 24
3 55 25
3 55 26
3 55 35
3 55 37
3 55 46
3 55 54
3 55 55
3 55 63
3 55 64
3 55 74
3 55 89
3 67 19
3 67 27
3 67 28
3 67 36
3 67 39
3 67 47
3 67 48
3 67 49
3 67 58
3 67 69
3 67 75
3 67 76
3 67 77
3 67 79
3 67 87
3 67 88
3 67 97
3 67 99
3 82 40
3 82 51
3 82 61
3 82 70
3 82 71
3 82 72
3 82 73
3 82 84
3 82 92
3 82 95
4 22 0
4 22 3
4 22 5
4 22 6
4 22 10
4 22 13
4 22 14
4 22 16
4 22 21
4 22 22
4 22 23
4 22 30
4 22 32
4 22 33
4 22 34
4 22 41
4 22 42
4 22 50
4 22 52
4 27 -1
4 55 7
4 55 9
4 55 18
4 55 24
4 55 25
4 55 29
4 55 35
4 55 37
4 55 38
4 55 45
4 55 46
4 55 53
4 55 54
4 55 56
4 55 64
4 55 65
4 55 74
4 55 85
4 55 89
4 67 19
4 67 27
4 67 36
4 67 47
4 67 48
4 67 57
4 67 58
4 67 67
4 67 68
4 67 69
4 67 75
4 67 76
4 67 77
4 67 78
4 67 79
4 67 87
4 67 88
4 67 97
4 67 99
4 82 40
4 82 51
4 82 61
4 82 62
4 82 70
4 82 71
4 82 72
4 82 80
4 82 81
4 82 82
4 82 83
4 82 84
4 82 90
4 82 91
4 82 92
4 82 93
4 82 95
5 22 0
5 22 1
5 22 2
5 22 3
5 22 4
5 22 11
5 22 12
5 22 13
5 22 14
5 22 20
5 22 21
5 22 23
5 22 30
5 22 31
5 22 32
5 22 33
5 22 34
5 22 41
5 22 42
5 22 50
5 22 52
5 27 6
5 27 7
5 27 9
5 27 15
5 27 17
5 27 18
5 27 19
5 27 28
5 27 29
5 27 35
5 27 36
5 27 37
5 27 38
5 27 39
5 27 49
5 55 24
5 55 43
5 55 44
5 55 45
5 55 46
5 55 55
5 55 56
5 55 63
5 55 64
5 55 65
5 55 74
5 55 85
5 55 94
5 67 47
5 67 57
5 67 58
5 67 59
5 67 67
5 67 69
5 67 76
5 67 77
5 67 86
5 67 87
5 67 88
5 67 96
5 67 97
5 82 40
5 82 51
5 82 60
5 82 61
5 82 70
5 82 71
5 82 73
5 82 80
5 82 81
5 82 83
5 82 90
5 82 91
5 82 92
5 82 93
6 22 0
6 22 1
6 22 3
6 22 4
6 22 10
6 22 11
6 22 12
6 22 13
6 22 20
6 22 22
6 22 23
6 22 30
6 22 31
6 22 32
6 22 34
6 22 42
6 22 50
6 27 5
6 27 6
6 27 9
6 27 15
6 27 16
6 27 17
6 27 19
6 27 26
6 27 27
6 27 28
6 27 29
6 27 35
6 27 36
6 27 39
6 27 48
6 27 49
6 55 24
6 55 43
6 55 44
6 55 45
6 55 46
6 55 53
6 55 54
6 55 55
6 55 56
6 55 63
6 55 64
6 55 65
6 55 74
6 55 85
6 55 89
6 55 94
6 67 47
6 67 57
6 67 59
6 67 66
6 67 67
6 67 68
6 67 76
6 67 77
6 67 79
6 67 86
6 67 88
6 67 97
6 67 98
6 67 99
6 82 40
6 82 51
6 82 60
6 82 61
6 82 62
6 82 70
6 82 71
6 82 72
6 82 73
6 82 80
6 82 81
6 82 90
6 82 91
6 82 92
6 82 93
7 22 0
7 22 2
7 22 3
7 22 11
7 22 12
7 22 14
7 22 20
7 22 23
7 22 31
7 22 32
7 22 33
7 22 34
7 22 41
7 22 42
7 22 50
7 22 52
7 27 7
7 27 8
7 27 9
7 27 16
7 27 18
7 27 19
7 27 25
7 27 26
7 27 27
7 27 28
7 27 29
7 27 35
7 27 36
7 27 37
7 27 39
7 27 49
7 55 24
7 55 43
7 55 44
7 55 53
7 55 54
7 55 55
7 55 56
7 55 65
7 55 74
7 55 94
7 67 47
7 67 57
7 67 58
7 67 66
7 67 67
7 67 68
7 67 76
7 67 77
7 67 78
7 67 79
7 67 86
7 67 87
7 67 88
7 67 96
7 67 97
7 67 98
7 67 99
7 82 40
7 82 51
7 82 60
7 82 61
7 82 70
7 82 71
7 82 72
7 82 73
7 82 80
7 82 81
7 82 82
7 82 83
7 82 84
7 82 90
7 82 91
7 82 92
7 82 93
7 82 95
8 22 3
8 22 4
8 22 10
8 22 11
8 22 12
8 22 13
8 22 20
8 22 21
8 22 30
8 22 31
8 22 33
8 22 34
8 22 41
8 22 42
8 22 52
8 27 8
8 27 9
8 27 16
8 27 17
8 27 18
8 27 19
8 27 25
8 27 28
8 27 29
8 27 35
8 27 37
8 27 39
8 27 48
8 27 49
8 55 24
8 55 44
8 55 45
8 55 53
8 55 55
8 55 56
8 55 63
8 55 64
8 55 74
8 55 85
8 55 89
8 67 47
8 67 57
8 67 59
8 67 67
8 67 69
8 67 75
8 67 76
8 67 78
8 67 79
8 67 86
8 67 87
8 67 97
8 67 98
8 67 99
8 82 40
8 82 51
8 82 61
8 82 70
8 82 73
8 82 81
8 82 83
8 82 92
8 82 95
9 22 0
9 22 1
9 22 2
9 22 11
9 22 12
9 22 13
9 22 22
9 22 31
9 22 32
9 22 50
9 27 5
9 27 6
9 27 7
9 27 8
9 27 15
9 27 17
9 27 25
9 27 26
9 27 28
9 27 35
9 27 37
9 27 38
9 27 48
9 27 49
9 55 24
9 55 43
9 55 45
9 55 53
9 55 54
9 55 56
9 55 63
9 55 65
9 55 74
9 55 89
9 67 47
9 67 58
9 67 59
9 67 67
9 67 69
9 67 77
9 67 78
9 67 87
9 82 51
9 82 62
9 82 70
9 82 72
9 82 73
9 82 90
9 82 93
10 22 4
10 22 11
10 22 21
10 22 30
10 22 42
10 22 50
10 27 5
10 27 8
10 27 9
10 27 18
10 27 25
10 27 28
10 27 35
10 27 37
10 27 38
10 27 39
10 55 54
10 55 56
10 55 64
10 55 65
10 55 89
10 55 94
10 67 58
10 67 68
10 67 69
10 67 76
10 67 77
10 67 79
10 67 96
10 67 98
10 82 51
10 82 60
10 82 72
10 82 81
10 82 90
10 82 92
10 82 93
11 22 14
11 22 22
11 22 31
11 22 42
11 27 17
11 27 25
11 55 24
11 55 63
11 67 57
11 67 66
11 67 69
11 82 -1
--- Done ---
