0 22 22
0 22 23
0 22 24
0 22 33
1 22 1
1 22 3
1 22 10
1 22 12
1 22 21
1 22 4
1 22 23
1 22 24
1 22 45
1 22 22
1 22 32
1 22 33
1 22 43
1 27 9
1 27 38
1 27 39
1 27 58
1 52 20
1 71 91
1 71 60
1 71 72
1 71 80
1 71 83
1 76 67
1 76 68
1 76 77
1 76 87
1 76 97
1 76 47
1 76 55
1 76 64
2 22 1
2 22 23
2 22 24
2 22 31
2 22 45
2 22 22
2 22 33
2 27 6
2 27 7
2 27 9
2 27 16
2 27 27
2 27 28
2 27 29
2 27 37
2 27 39
2 27 48
2 27 14
2 27 36
2 27 55
2 27 47
2 52 54
2 52 75
2 52 42
2 71 90
2 71 92
2 71 40
2 71 51
2 71 53
2 71 60
2 71 70
2 71 72
2 71 83
2 71 94
2 71 61
2 71 63
2 71 73
2 76 -1
2 79 89
2 79 67
2 79 68
2 79 77
2 79 78
2 79 86
2 79 87
2 79 88
2 79 98
3 22 1
3 22 3
3 22 10
3 22 11
3 22 12
3 22 13
3 22 21
3 22 23
3 22 24
3 27 5
3 27 6
3 27 7
3 27 8
3 27 9
3 27 17
3 27 19
3 27 25
3 27 27
3 27 28
3 27 37
3 27 39
3 27 48
3 27 4
3 27 14
3 27 15
3 27 35
3 27 26
3 27 32
3 27 33
3 27 36
3 27 49
3 27 55
3 27 58
3 27 46
3 27 47
3 52 20
3 52 31
3 52 42
3 52 52
3 52 54
3 52 61
3 52 70
3 52 72
3 52 75
3 52 63
3 52 64
3 52 73
3 52 74
3 52 84
3 71 92
3 71 22
3 71 40
3 71 51
3 71 71
3 71 95
3 76 76
3 79 89
3 79 69
3 79 77
3 79 79
3 79 87
3 79 88
3 79 97
3 79 99
4 22 0
4 22 3
4 22 10
4 22 13
4 22 21
4 22 23
4 22 24
4 22 30
4 27 5
4 27 6
4 27 7
4 27 9
4 27 16
4 27 18
4 27 19
4 27 25
4 27 27
4 27 29
4 27 37
4 27 48
4 27 14
4 27 35
4 27 32
4 27 33
4 27 34
4 27 36
4 27 38
4 27 58
4 27 47
4 27 57
4 52 45
4 52 52
4 52 54
4 71 81
4 71 90
4 71 91
4 71 92
4 71 22
4 71 40
4 71 41
4 71 50
4 71 51
4 71 53
4 71 56
4 71 61
4 71 62
4 71 70
4 71 71
4 71 72
4 71 80
4 71 82
4 71 83
4 71 93
4 71 95
4 71 64
4 76 65
4 76 85
4 76 42
4 76 67
4 76 68
4 76 69
4 76 75
4 76 76
4 76 77
4 76 78
4 76 87
4 76 88
4 76 97
4 76 99
4 76 46
4 76 74
4 76 84
4 79 89
4 79 79
5 16 24
5 16 45
5 22 0
5 22 1
5 22 2
5 22 11
5 22 12
5 22 21
5 22 3
5 22 13
5 22 30
5 22 31
5 22 23
5 22 61
5 27 9
5 27 29
5 27 6
5 27 7
5 27 17
5 27 18
5 27 19
5 27 28
5 27 37
5 27 39
5 27 49
5 27 58
5 27 4
5 27 14
5 27 15
5 27 32
5 27 33
5 27 35
5 27 36
5 27 38
5 27 43
5 27 46
5 27 55
5 52 20
5 52 52
5 52 73
5 52 74
5 71 81
5 71 90
5 71 91
5 71 92
5 71 40
5 71 51
5 71 56
5 71 60
5 71 70
5 71 71
5 71 80
5 71 83
5 71 93
5 71 94
5 71 41
5 71 50
5 71 64
5 76 65
5 76 85
5 76 96
5 76 59
5 76 67
5 76 69
5 76 76
5 76 77
5 76 86
5 76 87
5 76 88
5 76 97
5 76 42
5 76 47
5 76 34
5 76 44
5 76 57
5 76 63
5 79 -1
6 16 16
6 22 0
6 22 1
6 22 10
6 22 11
6 22 12
6 22 3
6 22 13
6 22 30
6 22 31
6 22 4
6 22 15
6 22 22
6 22 23
6 22 24
6 22 32
6 22 35
6 22 42
6 22 43
6 22 45
6 22 50
6 22 61
6 22 62
6 27 9
6 27 29
6 27 5
6 27 6
6 27 17
6 27 19
6 27 27
6 27 28
6 27 39
6 27 48
6 27 49
6 27 26
6 27 36
6 27 46
6 27 47
6 27 55
6 27 34
6 27 44
6 52 20
6 52 54
6 71 81
6 71 90
6 71 91
6 71 92
6 71 40
6 71 51
6 71 53
6 71 56
6 71 60
6 71 70
6 71 71
6 71 72
6 71 80
6 71 93
6 71 94
6 71 63
6 71 64
6 71 73
6 71 74
6 76 65
6 76 85
6 76 59
6 76 66
6 76 67
6 76 68
6 76 76
6 76 77
6 76 86
6 76 88
6 76 97
6 76 98
6 76 99
6 76 57
6 79 89
6 79 79
7 16 16
7 22 0
7 22 2
7 22 11
7 22 12
7 22 3
7 22 31
7 22 23
7 27 9
7 27 29
7 27 7
7 27 8
7 27 18
7 27 19
7 27 25
7 27 27
7 27 28
7 27 37
7 27 39
7 27 49
7 27 58
7 27 14
7 27 24
7 27 26
7 27 32
7 27 33
7 27 35
7 27 36
7 27 43
7 27 47
7 27 55
7 27 34
7 27 44
7 27 57
7 52 20
7 52 52
7 71 81
7 71 90
7 71 91
7 71 92
7 71 40
7 71 51
7 71 53
7 71 56
7 71 60
7 71 70
7 71 71
7 71 72
7 71 80
7 71 82
7 71 83
7 71 93
7 71 94
7 71 95
7 71 41
7 71 50
7 71 61
7 71 74
7 76 65
7 76 96
7 76 54
7 76 66
7 76 67
7 76 68
7 76 76
7 76 77
7 76 78
7 76 86
7 76 87
7 76 88
7 76 97
7 76 98
7 76 99
7 76 42
7 76 73
7 76 84
7 79 79
8 16 16
8 22 10
8 22 11
8 22 12
8 22 21
8 22 3
8 22 13
8 22 30
8 22 31
8 22 41
8 22 42
8 22 45
8 22 61
8 27 9
8 27 29
8 27 8
8 27 17
8 27 18
8 27 19
8 27 25
8 27 28
8 27 37
8 27 39
8 27 48
8 27 49
8 27 4
8 27 24
8 27 33
8 27 35
8 27 47
8 27 55
8 27 34
8 27 44
8 27 57
8 52 20
8 52 52
8 71 81
8 71 92
8 71 40
8 71 51
8 71 53
8 71 56
8 71 70
8 71 83
8 71 95
8 71 63
8 71 64
8 71 73
8 71 74
8 76 85
8 76 75
8 76 76
8 79 89
8 79 59
8 79 67
8 79 69
8 79 78
8 79 79
8 79 86
8 79 87
8 79 97
8 79 98
8 79 99
9 16 5
9 16 6
9 16 7
9 16 8
9 16 17
9 16 25
9 16 28
9 16 37
9 16 48
9 16 15
9 16 24
9 16 26
9 16 35
9 16 38
9 16 45
9 22 0
9 22 1
9 22 2
9 22 11
9 22 12
9 22 13
9 22 31
9 22 22
9 22 32
9 22 43
9 22 50
9 22 62
9 27 -1
9 52 -1
9 71 90
9 71 51
9 71 53
9 71 56
9 71 70
9 71 72
9 71 93
9 71 63
9 71 73
9 71 74
9 76 65
9 76 54
9 79 89
9 79 49
9 79 58
9 79 59
9 79 67
9 79 69
9 79 77
9 79 78
9 79 87
9 79 47
10 16 -1
10 22 11
10 22 21
10 22 30
10 27 9
10 27 5
10 27 8
10 27 18
10 27 25
10 27 28
10 27 37
10 27 39
10 27 58
10 27 4
10 27 35
10 27 38
10 52 -1
10 71 81
10 71 90
10 71 92
10 71 51
10 71 56
10 71 60
10 71 72
10 71 93
10 71 94
10 71 50
10 71 64
10 76 65
10 76 96
10 76 54
10 76 68
10 76 69
10 76 76
10 76 77
10 76 98
10 76 42
10 79 89
10 79 79
11 16 -1
11 22 31
11 22 14
11 22 22
11 22 24
11 22 42
11 27 17
11 27 25
11 52 -1
11 71 -1
11 76 66
11 76 69
11 76 63
11 76 57
11 79 -1
--- Done ---
