0 22 13
0 22 22
0 22 23
0 22 24
0 22 32
0 22 33
1 22 0
1 22 10
1 22 14
1 22 15
1 22 21
1 22 22
1 22 23
1 22 32
1 22 33
1 22 35
1 22 62
1 38 8
1 38 9
1 38 16
1 38 18
1 38 25
1 38 26
1 38 27
1 38 37
1 38 38
1 38 39
1 38 47
1 38 48
1 38 57
1 70 20
1 70 71
1 70 81
1 70 93
1 72 72
1 72 73
1 72 74
1 72 75
1 72 80
1 72 84
1 77 28
1 77 59
1 77 65
1 77 68
1 77 76
1 77 77
1 77 85
1 77 89
1 77 99
2 22 2
2 22 4
2 22 14
2 22 21
2 22 22
2 22 31
2 22 33
2 22 35
2 22 42
2 22 43
2 22 50
2 22 52
2 38 6
2 38 16
2 38 17
2 38 19
2 38 25
2 38 26
2 38 29
2 38 36
2 38 37
2 38 39
2 38 47
2 38 57
2 38 86
2 70 20
2 70 40
2 70 53
2 70 70
2 70 71
2 70 73
2 70 75
2 70 81
2 70 90
2 72 72
2 72 82
2 77 28
2 77 63
2 77 64
2 77 67
2 77 69
2 77 87
2 77 88
2 77 94
3 22 0
3 22 1
3 22 2
3 22 4
3 22 12
3 22 13
3 22 14
3 22 15
3 22 21
3 22 24
3 22 30
3 22 32
3 22 34
3 22 41
3 22 44
3 22 45
3 22 61
3 27 7
3 27 16
3 27 17
3 27 25
3 27 27
3 27 36
3 27 38
3 27 47
3 27 55
3 72 43
3 72 51
3 72 60
3 72 70
3 72 72
3 72 73
3 72 75
3 72 82
3 72 84
3 72 92
3 77 46
3 77 56
3 77 64
3 77 66
3 77 76
3 77 95
3 77 96
3 77 98
4 22 2
4 22 12
4 22 21
4 22 31
4 22 33
4 22 35
4 22 43
4 22 45
4 22 50
4 22 52
4 22 62
4 27 7
4 27 8
4 27 16
4 27 28
4 27 29
4 27 37
4 27 39
4 27 48
4 27 57
4 60 20
4 60 72
4 60 82
4 74 56
4 74 65
4 74 66
4 74 76
4 74 81
4 77 58
4 77 59
4 77 64
4 77 69
4 77 78
4 77 88
4 77 89
4 77 96
4 77 97
4 77 99
5 22 0
5 22 4
5 22 12
5 22 22
5 22 30
5 22 31
5 22 32
5 22 33
5 22 34
5 22 35
5 22 41
5 22 44
5 22 52
5 22 62
5 27 5
5 27 6
5 27 7
5 27 8
5 27 16
5 27 17
5 27 19
5 27 25
5 27 26
5 27 28
5 27 29
5 27 37
5 27 39
5 27 46
5 27 57
5 60 20
5 60 63
5 60 72
5 74 55
5 74 56
5 74 64
5 74 73
5 74 81
5 74 82
5 74 90
5 74 91
5 74 93
5 77 54
5 77 59
5 77 65
5 77 68
5 77 75
5 77 79
6 22 0
6 22 1
6 22 2
6 22 3
6 22 10
6 22 12
6 22 13
6 22 14
6 22 15
6 22 21
6 22 22
6 22 31
6 22 32
6 22 33
6 22 41
6 22 42
6 22 44
6 22 45
6 22 50
6 22 62
6 27 7
6 27 17
6 27 25
6 27 28
6 27 36
6 27 57
6 60 20
6 60 60
6 60 71
6 60 72
6 60 80
6 60 93
6 77 56
6 77 64
6 77 65
6 77 67
6 77 68
6 77 75
6 77 77
6 77 87
6 77 89
6 77 95
6 77 96
6 77 97
7 22 0
7 22 10
7 22 12
7 22 13
7 22 14
7 22 21
7 22 32
7 22 33
7 22 35
7 22 42
7 22 43
7 22 45
7 22 50
7 22 61
7 37 16
7 37 17
7 37 18
7 37 26
7 37 29
7 37 36
7 37 38
7 37 39
7 37 46
7 37 47
7 37 49
7 37 56
7 37 59
7 37 67
7 52 53
7 52 60
7 52 71
7 52 75
7 52 82
7 77 28
7 77 65
7 77 68
7 77 69
7 77 78
7 77 85
7 77 86
7 77 87
7 77 88
7 77 97
8 22 1
8 22 3
8 22 10
8 22 14
8 22 15
8 22 21
8 22 22
8 22 24
8 22 31
8 22 32
8 22 35
8 22 41
8 22 43
8 22 44
8 22 61
8 37 5
8 37 18
8 37 19
8 37 25
8 37 26
8 37 28
8 37 29
8 37 37
8 37 38
8 37 39
8 37 47
8 37 48
8 37 49
8 37 56
8 37 66
8 37 67
8 37 76
8 37 78
8 52 20
8 52 40
8 74 51
8 74 54
8 74 63
8 74 64
8 74 68
8 74 71
8 74 74
8 74 81
8 74 83
8 74 85
8 74 86
8 74 91
8 74 92
8 74 95
9 22 1
9 22 3
9 22 11
9 22 12
9 22 15
9 22 23
9 22 24
9 22 34
9 22 42
9 22 45
9 22 50
9 37 5
9 37 6
9 37 18
9 37 19
9 37 27
9 37 36
9 37 37
9 37 38
9 37 39
9 37 46
9 37 49
9 37 53
9 37 56
9 37 58
9 37 66
9 37 67
9 74 43
9 74 64
9 74 70
9 74 71
9 74 72
9 74 75
9 74 76
9 74 82
9 74 85
9 74 90
9 96 79
9 96 84
9 96 89
9 96 96
9 96 98
--- Done ---
