0 22 13
0 22 22
0 22 23
0 22 24
0 22 32
0 22 33
1 22 0
1 22 10
1 22 14
1 22 15
1 22 16
1 22 20
1 22 21
1 22 22
1 22 23
1 22 25
1 22 26
1 22 32
1 22 33
1 22 47
1 22 62
1 22 73
1 58 8
1 58 9
1 58 18
1 58 27
1 58 28
1 58 35
1 58 37
1 58 39
1 58 48
1 58 57
1 58 59
1 58 65
1 58 76
1 58 85
1 58 89
1 74 38
1 74 68
1 74 71
1 74 72
1 74 74
1 74 75
1 74 77
1 74 80
1 74 81
1 74 84
1 74 93
1 74 99
2 22 2
2 22 4
2 22 6
2 22 14
2 22 16
2 22 20
2 22 21
2 22 22
2 22 25
2 22 26
2 22 33
2 22 36
2 22 40
2 22 42
2 22 43
2 22 47
2 22 50
2 22 52
2 22 63
2 22 73
2 58 17
2 58 19
2 58 28
2 58 29
2 58 37
2 58 39
2 58 64
2 58 69
2 74 31
2 74 35
2 74 53
2 74 57
2 74 67
2 74 70
2 74 71
2 74 72
2 74 75
2 74 81
2 74 82
2 74 86
2 74 87
2 74 88
2 74 90
2 74 94
3 22 0
3 22 1
3 22 2
3 22 4
3 22 12
3 22 13
3 22 14
3 22 15
3 22 16
3 22 21
3 22 24
3 22 25
3 22 30
3 22 32
3 22 34
3 22 41
3 22 46
3 22 51
3 22 60
3 22 73
3 58 17
3 58 27
3 58 36
3 58 38
3 58 44
3 58 47
3 58 56
3 58 96
3 74 43
3 74 45
3 74 61
3 74 64
3 74 70
3 74 72
3 74 75
3 74 82
3 74 84
3 74 92
3 76 7
3 76 55
3 76 66
3 76 76
3 76 95
3 76 98
4 22 2
4 22 12
4 22 16
4 22 20
4 22 21
4 22 31
4 22 33
4 22 35
4 22 43
4 22 50
4 22 52
4 22 66
4 58 8
4 58 28
4 58 29
4 58 37
4 58 39
4 58 45
4 58 58
4 58 65
4 58 78
4 58 89
4 74 62
4 74 72
4 74 82
4 74 99
4 76 7
4 76 48
4 76 56
4 76 57
4 76 59
4 76 64
4 76 69
4 76 76
4 76 81
4 76 88
4 76 96
4 76 97
5 22 0
5 22 4
5 22 5
5 22 6
5 22 12
5 22 16
5 22 20
5 22 22
5 22 25
5 22 26
5 22 30
5 22 31
5 22 32
5 22 33
5 22 34
5 22 35
5 22 41
5 22 44
5 22 46
5 22 52
5 22 63
5 22 73
5 58 8
5 58 17
5 58 19
5 58 28
5 58 29
5 58 37
5 58 39
5 58 56
5 58 59
5 58 64
5 58 65
5 58 68
5 74 54
5 74 55
5 74 57
5 74 62
5 74 72
5 74 75
5 74 79
5 74 81
5 74 82
5 74 90
5 74 91
5 74 93
5 76 7
6 22 0
6 22 1
6 22 2
6 22 3
6 22 10
6 22 12
6 22 13
6 22 14
6 22 15
6 22 20
6 22 21
6 22 22
6 22 25
6 22 31
6 22 32
6 22 33
6 22 36
6 22 41
6 22 42
6 22 44
6 22 45
6 22 50
6 22 62
6 58 17
6 58 28
6 58 56
6 58 57
6 58 65
6 58 68
6 58 77
6 58 89
6 58 96
6 74 60
6 74 64
6 74 67
6 74 71
6 74 72
6 74 75
6 74 80
6 74 95
6 76 7
6 76 87
6 76 93
6 76 97
7 22 0
7 22 10
7 22 12
7 22 13
7 22 14
7 22 16
7 22 21
7 22 26
7 22 32
7 22 33
7 22 45
7 22 46
7 22 47
7 22 53
7 22 60
7 22 61
7 58 17
7 58 28
7 58 29
7 58 35
7 58 38
7 58 39
7 58 49
7 58 67
7 58 69
7 58 78
7 58 85
7 58 88
7 74 18
7 74 36
7 74 43
7 74 50
7 74 56
7 74 65
7 74 68
7 74 71
7 74 82
7 74 87
7 76 42
7 76 59
7 76 75
7 76 86
7 76 97
8 22 1
8 22 3
8 22 5
8 22 10
8 22 14
8 22 15
8 22 20
8 22 21
8 22 22
8 22 24
8 22 25
8 22 26
8 22 32
8 22 40
8 22 41
8 22 43
8 22 44
8 22 47
8 22 51
8 22 61
8 22 83
8 58 18
8 58 19
8 58 28
8 58 29
8 58 35
8 58 37
8 58 38
8 58 39
8 58 48
8 58 49
8 58 56
8 58 66
8 58 67
8 58 78
8 58 92
8 74 31
8 74 54
8 74 64
8 74 68
8 74 71
8 74 74
8 74 81
8 74 85
8 74 86
8 74 91
8 76 63
8 76 76
8 76 95
9 22 1
9 22 3
9 22 5
9 22 6
9 22 11
9 22 12
9 22 15
9 22 23
9 22 24
9 22 36
9 22 42
9 22 43
9 22 45
9 22 50
9 22 66
9 58 18
9 58 19
9 58 27
9 58 34
9 58 39
9 58 49
9 58 58
9 58 64
9 58 89
9 74 53
9 74 56
9 74 67
9 74 70
9 74 72
9 74 79
9 74 82
9 74 84
9 74 90
9 74 96
9 76 37
9 76 38
9 76 46
9 76 71
9 76 75
9 76 76
9 76 85
9 76 98
--- Done ---
