0 22 22
0 22 23
0 22 24
0 22 33
1 15 -1
1 22 1
1 22 3
1 22 4
1 22 9
1 22 10
1 22 12
1 22 20
1 22 21
1 22 22
1 22 23
1 22 24
1 22 32
1 22 33
1 22 38
1 22 39
1 22 43
1 22 45
1 22 47
1 22 55
1 22 58
1 22 60
1 22 64
1 22 67
1 22 68
1 22 72
1 22 77
1 22 80
1 22 83
1 22 87
1 22 91
1 22 97
1 66 -1
1 71 -1
1 95 -1
2 7 -1
2 13 -1
2 15 6
2 15 7
2 15 9
2 15 14
2 15 16
2 15 24
2 15 27
2 15 28
2 15 29
2 15 39
2 22 1
2 22 22
2 22 23
2 22 31
2 22 33
2 22 42
2 29 -1
2 66 36
2 66 37
2 66 45
2 66 47
2 66 48
2 66 53
2 66 54
2 66 55
2 66 67
2 66 68
2 66 75
2 66 77
2 66 78
2 66 87
2 66 88
2 71 40
2 71 51
2 71 60
2 71 61
2 71 63
2 71 70
2 71 72
2 71 73
2 71 90
2 71 92
2 95 83
2 95 86
2 95 89
2 95 94
2 95 98
2 97 -1
3 7 6
3 7 7
3 7 8
3 7 17
3 7 27
3 12 -1
3 13 3
3 13 12
3 13 13
3 13 20
3 13 23
3 15 4
3 15 5
3 15 14
3 15 15
3 15 24
3 15 25
3 15 26
3 15 35
3 22 1
3 22 10
3 22 11
3 22 21
3 22 22
3 22 31
3 22 32
3 22 33
3 22 42
3 26 -1
3 29 9
3 29 19
3 29 28
3 29 37
3 29 39
3 29 49
3 29 58
3 40 -1
3 48 -1
3 66 36
3 66 46
3 66 47
3 66 48
3 66 54
3 66 55
3 66 64
3 66 69
3 66 75
3 66 76
3 66 79
3 71 40
3 71 51
3 71 52
3 71 61
3 71 63
3 71 70
3 71 71
3 71 72
3 71 73
3 71 92
3 95 74
3 95 95
3 97 77
3 97 84
3 97 87
3 97 88
3 97 89
3 97 97
3 97 99
4 7 6
4 7 7
4 7 18
4 12 10
4 12 42
4 13 3
4 13 13
4 13 23
4 15 5
4 15 14
4 15 16
4 15 24
4 15 25
4 15 35
4 22 0
4 22 21
4 22 22
4 22 32
4 22 33
4 22 34
4 26 27
4 26 36
4 26 37
4 29 9
4 29 19
4 29 29
4 40 30
4 40 40
4 40 41
4 40 50
4 40 51
4 48 38
4 48 47
4 48 48
4 48 57
4 48 58
4 48 68
4 48 69
4 66 45
4 66 46
4 66 53
4 66 54
4 66 56
4 66 64
4 66 65
4 66 67
4 66 75
4 66 76
4 66 78
4 66 79
4 71 52
4 71 61
4 71 62
4 71 70
4 71 71
4 71 72
4 71 80
4 71 81
4 71 82
4 71 90
4 71 91
4 71 92
4 95 74
4 95 83
4 95 85
4 95 93
4 95 95
4 97 77
4 97 84
4 97 87
4 97 88
4 97 89
4 97 97
4 97 99
5 7 6
5 7 7
5 7 17
5 7 18
5 12 1
5 12 12
5 12 42
5 13 3
5 13 13
5 13 23
5 15 4
5 15 14
5 15 15
5 15 24
5 15 35
5 15 44
5 22 0
5 22 2
5 22 11
5 22 21
5 22 31
5 22 32
5 22 33
5 22 34
5 22 43
5 26 36
5 26 37
5 29 9
5 29 19
5 29 28
5 29 29
5 29 39
5 40 20
5 40 30
5 40 40
5 40 41
5 40 50
5 40 51
5 48 38
5 48 47
5 48 49
5 48 57
5 48 58
5 48 59
5 48 69
5 66 45
5 66 46
5 66 55
5 66 56
5 66 64
5 66 65
5 66 67
5 66 76
5 71 52
5 71 60
5 71 61
5 71 63
5 71 70
5 71 71
5 71 73
5 71 80
5 71 81
5 71 90
5 71 91
5 71 92
5 95 74
5 95 83
5 95 85
5 95 86
5 95 93
5 95 94
5 97 77
5 97 87
5 97 88
5 97 96
5 97 97
6 7 6
6 7 17
6 12 1
6 12 10
6 12 12
6 12 42
6 13 3
6 13 13
6 13 23
6 15 4
6 15 5
6 15 15
6 15 16
6 15 24
6 15 35
6 15 44
6 22 0
6 22 11
6 22 22
6 22 31
6 22 32
6 22 34
6 22 43
6 26 26
6 26 27
6 26 36
6 29 9
6 29 19
6 29 28
6 29 29
6 29 39
6 40 20
6 40 30
6 40 40
6 40 50
6 40 51
6 48 47
6 48 48
6 48 49
6 48 57
6 48 59
6 48 68
6 66 45
6 66 46
6 66 53
6 66 54
6 66 55
6 66 56
6 66 64
6 66 65
6 66 66
6 66 67
6 66 76
6 66 79
6 71 60
6 71 61
6 71 62
6 71 63
6 71 70
6 71 71
6 71 72
6 71 73
6 71 80
6 71 81
6 71 90
6 71 91
6 71 92
6 95 74
6 95 85
6 95 86
6 95 93
6 95 94
6 97 77
6 97 88
6 97 89
6 97 97
6 97 98
6 97 99
7 7 7
7 7 8
7 7 18
7 12 12
7 12 42
7 13 3
7 13 23
7 15 14
7 15 16
7 15 24
7 15 25
7 15 35
7 15 44
7 22 0
7 22 2
7 22 11
7 22 31
7 22 32
7 22 33
7 22 34
7 22 43
7 26 26
7 26 27
7 26 36
7 26 37
7 29 9
7 29 19
7 29 28
7 29 29
7 29 39
7 40 20
7 40 40
7 40 41
7 40 50
7 40 51
7 48 47
7 48 49
7 48 57
7 48 58
7 48 68
7 66 53
7 66 54
7 66 55
7 66 56
7 66 65
7 66 66
7 66 67
7 66 76
7 66 78
7 66 79
7 71 52
7 71 60
7 71 61
7 71 70
7 71 71
7 71 72
7 71 73
7 71 80
7 71 81
7 71 82
7 71 90
7 71 91
7 71 92
7 95 74
7 95 83
7 95 86
7 95 93
7 95 94
7 95 95
7 97 77
7 97 84
7 97 87
7 97 88
7 97 96
7 97 97
7 97 98
7 97 99
8 7 8
8 7 17
8 7 18
8 12 10
8 12 12
8 12 42
8 13 3
8 13 13
8 15 4
8 15 16
8 15 24
8 15 25
8 15 35
8 15 44
8 22 11
8 22 21
8 22 31
8 22 33
8 22 34
8 26 37
8 29 9
8 29 19
8 29 28
8 29 29
8 29 39
8 40 20
8 40 30
8 40 40
8 40 41
8 40 51
8 48 47
8 48 48
8 48 49
8 48 57
8 48 59
8 48 69
8 66 45
8 66 53
8 66 55
8 66 56
8 66 64
8 66 67
8 66 75
8 66 76
8 66 78
8 66 79
8 71 52
8 71 61
8 71 63
8 71 70
8 71 73
8 71 81
8 71 92
8 95 74
8 95 83
8 95 85
8 95 86
8 95 95
8 97 87
8 97 89
8 97 97
8 97 98
8 97 99
9 7 6
9 7 7
9 7 8
9 7 17
9 12 1
9 12 12
9 13 13
9 15 5
9 15 15
9 15 24
9 15 25
9 15 35
9 22 0
9 22 2
9 22 11
9 22 22
9 22 31
9 22 32
9 22 43
9 26 26
9 26 37
9 29 28
9 40 50
9 40 51
9 48 38
9 48 47
9 48 48
9 48 49
9 48 58
9 48 59
9 48 69
9 66 45
9 66 53
9 66 54
9 66 56
9 66 65
9 66 67
9 66 78
9 71 62
9 71 63
9 71 70
9 71 72
9 71 73
9 71 90
9 95 74
9 95 93
9 97 77
9 97 87
9 97 89
10 7 8
10 7 18
10 12 42
10 13 -1
10 15 4
10 15 5
10 15 25
10 15 35
10 22 11
10 22 21
10 26 37
10 29 9
10 29 28
10 29 39
10 40 30
10 40 50
10 40 51
10 48 38
10 48 58
10 48 68
10 48 69
10 66 54
10 66 56
10 66 64
10 66 65
10 66 76
10 66 79
10 71 60
10 71 72
10 71 81
10 71 90
10 71 92
10 95 93
10 95 94
10 97 77
10 97 89
10 97 96
10 97 98
11 7 17
11 12 42
11 13 -1
11 15 14
11 15 24
11 15 25
11 22 22
11 22 31
11 26 -1
11 29 -1
11 40 -1
11 48 57
11 48 69
11 66 66
11 71 63
11 95 -1
11 97 -1
--- Done ---
