0 22 22
0 22 23
0 22 24
0 22 33
1 22 1
1 22 3
1 22 4
1 22 10
1 22 12
1 22 20
1 22 21
1 22 22
1 22 23
1 22 32
1 22 24
1 22 33
1 22 43
1 22 60
1 22 83
1 58 9
1 58 38
1 58 39
1 58 58
1 58 67
1 58 55
1 58 64
1 58 68
1 58 77
1 58 45
1 58 47
1 58 87
1 84 72
1 84 80
1 84 91
1 84 97
2 22 1
2 22 6
2 22 14
2 22 22
2 22 23
2 22 31
2 22 42
2 22 16
2 22 33
2 22 40
2 22 51
2 22 53
2 22 60
2 22 61
2 22 36
2 22 45
2 22 47
2 22 63
2 22 73
2 58 9
2 58 27
2 58 37
2 58 39
2 58 28
2 58 48
2 58 67
2 58 78
2 58 88
2 58 92
2 58 87
2 58 89
2 77 7
2 77 24
2 77 29
2 77 55
2 77 68
2 77 77
2 77 83
2 77 86
2 84 70
2 84 72
2 84 90
2 84 54
2 84 75
2 84 94
2 84 98
3 2 -1
3 22 6
3 22 1
3 22 3
3 22 4
3 22 5
3 22 10
3 22 11
3 22 12
3 22 13
3 22 14
3 22 20
3 22 21
3 22 22
3 22 23
3 22 26
3 22 31
3 22 33
3 22 42
3 22 52
3 22 15
3 22 25
3 22 32
3 22 40
3 22 51
3 22 61
3 22 74
3 22 35
3 58 8
3 58 9
3 58 17
3 58 19
3 58 27
3 58 37
3 58 39
3 58 49
3 58 28
3 58 48
3 58 58
3 58 69
3 58 79
3 58 88
3 58 92
3 58 64
3 58 76
3 58 87
3 58 89
3 58 73
3 58 55
3 77 99
3 77 7
3 77 77
3 77 24
3 77 36
3 77 46
3 77 47
3 77 63
3 84 70
3 84 71
3 84 72
3 84 75
3 84 84
3 84 95
3 84 97
3 84 54
4 2 -1
4 22 6
4 22 30
4 22 0
4 22 3
4 22 5
4 22 10
4 22 13
4 22 14
4 22 16
4 22 21
4 22 22
4 22 23
4 22 33
4 22 42
4 22 52
4 22 53
4 22 62
4 22 25
4 22 32
4 22 61
4 58 9
4 58 18
4 58 19
4 58 27
4 58 37
4 58 38
4 58 48
4 58 58
4 58 67
4 58 69
4 58 78
4 58 79
4 58 88
4 58 92
4 58 29
4 58 87
4 58 89
4 58 45
4 77 99
4 77 7
4 77 40
4 77 24
4 77 34
4 77 46
4 77 47
4 77 64
4 77 65
4 77 68
4 77 76
4 77 77
4 77 85
4 84 70
4 84 71
4 84 72
4 84 80
4 84 81
4 84 82
4 84 90
4 84 91
4 84 93
4 84 75
4 84 84
4 84 95
4 84 97
4 84 41
4 84 50
4 84 51
4 84 54
4 84 56
4 84 57
4 84 74
4 84 83
4 84 35
4 84 36
5 0 0
5 2 7
5 2 2
5 2 41
5 2 43
5 2 24
5 2 45
5 22 6
5 22 4
5 22 30
5 22 1
5 22 3
5 22 11
5 22 12
5 22 13
5 22 14
5 22 20
5 22 21
5 22 23
5 22 31
5 22 40
5 22 42
5 22 61
5 22 74
5 22 83
5 58 9
5 58 17
5 58 18
5 58 19
5 58 37
5 58 39
5 58 49
5 58 28
5 58 38
5 58 58
5 58 59
5 58 67
5 58 69
5 58 88
5 58 92
5 58 15
5 58 64
5 58 65
5 58 76
5 58 35
5 58 36
5 58 44
5 58 46
5 58 73
5 77 77
5 77 47
5 77 63
5 77 85
5 77 86
5 77 87
5 77 96
5 77 34
5 77 55
5 77 32
5 84 70
5 84 71
5 84 80
5 84 81
5 84 90
5 84 91
5 84 93
5 84 33
5 84 52
5 84 60
5 84 94
5 84 97
5 84 29
5 84 50
5 84 51
5 84 56
5 84 57
6 0 0
6 2 -1
6 22 6
6 22 4
6 22 30
6 22 1
6 22 3
6 22 5
6 22 10
6 22 11
6 22 12
6 22 13
6 22 20
6 22 22
6 22 23
6 22 31
6 22 40
6 22 42
6 22 50
6 22 51
6 22 61
6 22 32
6 58 9
6 58 17
6 58 19
6 58 27
6 58 39
6 58 49
6 58 26
6 58 28
6 58 48
6 58 59
6 58 67
6 58 79
6 58 88
6 58 92
6 58 15
6 58 16
6 58 29
6 58 56
6 58 57
6 58 64
6 58 65
6 58 35
6 77 99
6 77 77
6 77 24
6 77 34
6 77 36
6 77 44
6 77 46
6 77 47
6 77 66
6 77 73
6 77 43
6 77 45
6 77 55
6 84 70
6 84 71
6 84 72
6 84 80
6 84 81
6 84 90
6 84 91
6 84 93
6 84 53
6 84 60
6 84 62
6 84 94
6 84 97
6 84 98
6 84 54
6 84 68
6 84 74
6 84 76
6 84 85
6 84 86
6 84 89
6 84 63
7 0 0
7 2 2
7 2 3
7 2 11
7 2 12
7 2 14
7 2 20
7 2 23
7 2 31
7 2 40
7 2 42
7 2 50
7 2 54
7 2 61
7 2 41
7 2 43
7 2 55
7 2 24
7 2 34
7 2 32
7 22 -1
7 58 8
7 58 9
7 58 18
7 58 19
7 58 27
7 58 37
7 58 39
7 58 49
7 58 26
7 58 28
7 58 58
7 58 67
7 58 78
7 58 79
7 58 88
7 58 16
7 58 25
7 58 57
7 58 65
7 58 68
7 58 76
7 58 86
7 58 87
7 58 96
7 58 35
7 58 36
7 58 44
7 77 99
7 77 7
7 77 74
7 77 77
7 77 83
7 77 47
7 77 66
7 77 73
7 84 70
7 84 71
7 84 72
7 84 80
7 84 81
7 84 82
7 84 90
7 84 91
7 84 93
7 84 33
7 84 52
7 84 53
7 84 60
7 84 84
7 84 92
7 84 94
7 84 95
7 84 97
7 84 98
7 84 29
7 84 51
7 84 56
8 0 -1
8 2 4
8 22 30
8 22 33
8 22 52
8 22 53
8 22 3
8 22 10
8 22 11
8 22 12
8 22 13
8 22 20
8 22 21
8 22 31
8 22 40
8 22 42
8 22 51
8 22 61
8 22 74
8 22 83
8 22 34
8 22 35
8 22 41
8 22 47
8 58 8
8 58 9
8 58 17
8 58 18
8 58 19
8 58 37
8 58 39
8 58 49
8 58 28
8 58 48
8 58 59
8 58 67
8 58 69
8 58 78
8 58 79
8 58 92
8 58 16
8 58 25
8 58 29
8 58 56
8 58 57
8 58 64
8 58 76
8 58 85
8 58 86
8 58 87
8 58 89
8 58 24
8 58 44
8 77 99
8 84 70
8 84 81
8 84 75
8 84 95
8 84 97
8 84 98
8 84 63
8 84 73
8 84 45
8 84 55
9 0 0
9 2 7
9 2 2
9 22 6
9 22 1
9 22 5
9 22 11
9 22 12
9 22 13
9 22 22
9 22 31
9 22 50
9 22 51
9 22 74
9 22 32
9 22 43
9 58 8
9 58 17
9 58 37
9 58 49
9 58 26
9 58 28
9 58 38
9 58 48
9 58 58
9 58 59
9 58 67
9 58 69
9 58 78
9 58 15
9 58 25
9 58 56
9 58 65
9 58 87
9 58 89
9 58 24
9 58 35
9 58 47
9 58 63
9 58 73
9 58 45
9 77 77
9 84 70
9 84 72
9 84 90
9 84 93
9 84 53
9 84 62
9 84 54
10 0 -1
10 2 4
10 2 5
10 2 11
10 2 21
10 2 42
10 22 30
10 58 8
10 58 9
10 58 18
10 58 37
10 58 39
10 58 28
10 58 38
10 58 58
10 58 69
10 58 79
10 58 92
10 58 25
10 58 56
10 58 64
10 58 65
10 58 68
10 58 76
10 58 89
10 58 96
10 58 35
10 77 77
10 84 72
10 84 81
10 84 90
10 84 93
10 84 60
10 84 94
10 84 98
10 84 50
10 84 51
10 84 54
11 0 -1
11 2 -1
11 22 14
11 22 22
11 22 31
11 22 42
11 22 24
11 22 63
11 22 66
11 58 17
11 58 69
11 58 25
11 58 57
11 77 -1
11 84 -1
--- Done ---
