0 22 22
0 22 23
0 22 24
0 22 33
1 22 1
1 22 3
1 22 4
1 22 9
1 22 10
1 22 12
1 22 20
1 22 21
1 22 22
1 22 23
1 22 24
1 22 32
1 22 33
1 22 38
1 22 39
1 22 43
1 22 45
1 22 47
1 22 55
1 22 58
1 22 60
1 22 64
1 22 67
1 22 68
1 22 72
1 22 77
1 22 80
1 22 83
1 22 87
1 22 91
1 22 97
2 22 1
2 22 6
2 22 7
2 22 9
2 22 14
2 22 16
2 22 22
2 22 23
2 22 24
2 22 27
2 22 28
2 22 29
2 22 31
2 22 33
2 22 36
2 22 37
2 22 39
2 22 40
2 22 42
2 22 45
2 22 47
2 22 48
3 22 1
3 22 3
3 22 4
3 22 5
3 22 6
3 22 7
3 22 8
3 22 9
3 22 10
3 22 11
3 22 12
3 22 13
3 22 14
3 22 15
3 22 17
3 22 19
3 22 20
3 22 21
3 22 22
3 22 23
3 22 24
3 22 25
3 22 26
3 22 27
4 22 0
4 22 3
4 22 5
4 22 6
4 22 7
4 22 9
4 22 10
4 22 13
4 22 14
4 22 16
4 22 18
4 22 19
4 22 21
4 22 22
4 22 23
4 22 24
4 22 25
4 22 29
5 22 0
5 22 1
5 22 2
5 22 3
5 22 4
5 22 6
5 22 7
5 22 9
5 22 11
5 22 12
5 22 13
5 22 14
5 22 15
5 22 17
5 22 18
5 22 19
5 22 20
5 22 21
5 22 23
5 22 28
5 22 29
5 22 30
5 22 31
5 22 32
5 22 33
5 22 34
5 22 35
5 22 36
5 22 37
5 22 38
5 22 39
5 22 42
6 22 0
6 22 1
6 22 3
6 22 4
6 22 5
6 22 6
6 22 9
6 22 10
6 22 11
6 22 12
6 22 13
6 22 15
6 22 16
6 22 17
6 22 19
6 22 20
6 22 22
6 22 23
6 22 24
6 22 26
6 22 27
6 22 28
6 22 29
6 22 30
6 22 31
6 22 32
6 22 34
6 22 35
6 22 36
6 22 42
7 22 0
7 22 2
7 22 3
7 22 7
7 22 8
7 22 9
7 22 11
7 22 12
7 22 14
7 22 16
7 22 18
7 22 19
7 22 20
7 22 23
7 22 24
7 22 25
7 22 26
7 22 27
7 22 28
7 22 29
7 22 31
7 22 32
7 22 33
7 22 34
7 22 35
7 22 36
7 22 37
7 22 39
7 22 40
7 22 41
7 22 42
7 22 43
7 22 44
7 22 47
7 22 49
7 22 50
7 22 51
7 22 53
7 22 56
8 22 3
8 22 4
8 22 8
8 22 9
8 22 10
8 22 11
8 22 12
8 22 13
8 22 16
8 22 17
8 22 18
8 22 19
8 22 20
8 22 21
8 22 24
8 22 25
8 22 28
8 22 29
8 22 30
8 22 31
8 22 33
8 22 34
8 22 35
8 22 37
8 22 39
8 22 40
8 22 41
8 22 42
8 22 44
8 22 45
8 22 47
8 22 48
8 22 49
8 22 51
8 22 52
8 22 53
8 22 55
9 22 0
9 22 1
9 22 2
9 22 5
9 22 6
9 22 7
9 22 8
9 22 11
9 22 12
9 22 13
9 22 15
9 22 17
9 22 22
9 22 24
9 22 25
9 22 26
9 22 28
9 22 31
9 22 32
9 22 35
9 22 37
9 22 38
9 22 43
9 22 45
9 22 47
9 22 48
9 22 49
9 22 50
9 22 51
9 22 53
9 22 54
9 22 56
9 22 58
9 22 59
9 22 62
9 22 63
9 22 65
10 22 4
10 22 5
10 22 8
10 22 9
10 22 11
10 22 18
10 22 21
10 22 25
10 22 28
10 22 30
10 22 35
10 22 37
10 22 38
10 22 39
10 22 42
10 22 50
10 22 51
10 22 54
10 22 56
10 22 58
10 22 60
10 22 64
10 22 65
10 22 68
10 22 69
10 22 72
10 22 76
10 22 77
10 22 79
10 22 81
10 22 89
10 22 90
10 22 92
10 22 93
10 22 94
10 22 96
10 22 98
11 22 14
11 22 17
11 22 22
11 22 24
11 22 25
11 22 31
11 22 42
11 22 57
11 22 63
11 22 66
11 22 69
--- Done ---
