0 22 22
0 22 23
0 22 24
0 22 33
1 15 9
1 15 20
1 15 39
1 15 3
1 15 4
1 15 12
1 15 23
1 15 24
1 15 33
1 15 38
1 15 32
1 15 45
1 15 43
1 22 1
1 22 10
1 22 21
1 22 22
1 65 47
1 65 55
1 65 58
1 65 64
1 65 67
1 65 68
1 65 77
1 65 87
1 65 72
1 65 83
1 81 60
1 81 80
1 81 91
1 81 97
2 15 6
2 15 7
2 15 9
2 15 16
2 15 27
2 15 28
2 15 29
2 15 39
2 15 14
2 15 23
2 15 36
2 15 45
2 22 1
2 22 31
2 22 24
2 22 33
2 22 42
2 22 61
2 22 22
2 65 55
2 81 51
2 81 60
2 81 70
2 81 90
2 81 40
2 81 53
2 81 54
2 81 63
2 81 73
2 81 83
2 87 37
2 87 48
2 87 78
2 87 89
2 87 98
2 87 47
2 87 67
2 87 68
2 87 75
2 87 77
2 87 86
2 87 87
2 87 88
2 87 92
2 87 94
2 87 72
3 7 8
3 7 19
3 7 5
3 7 6
3 7 7
3 7 9
3 7 17
3 7 25
3 7 26
3 7 24
3 7 27
3 7 28
3 7 48
3 15 20
3 15 15
3 22 1
3 22 10
3 22 21
3 22 31
3 22 3
3 22 4
3 22 11
3 22 12
3 22 13
3 22 14
3 22 23
3 22 33
3 22 42
3 22 61
3 22 22
3 22 32
3 22 52
3 22 35
3 49 49
3 49 69
3 49 39
3 49 58
3 49 36
3 65 55
3 65 74
3 81 51
3 81 70
3 81 95
3 81 40
3 81 54
3 81 63
3 81 71
3 81 73
3 81 84
3 87 89
3 87 99
3 87 37
3 87 46
3 87 64
3 87 75
3 87 76
3 87 87
3 87 88
3 87 92
3 87 97
3 87 47
3 87 72
3 87 77
3 87 79
4 7 19
4 7 5
4 7 6
4 7 7
4 7 9
4 7 16
4 7 18
4 7 25
4 7 48
4 15 24
4 15 27
4 15 29
4 15 36
4 15 38
4 15 57
4 22 0
4 22 10
4 22 21
4 22 30
4 22 50
4 22 3
4 22 13
4 22 14
4 22 23
4 22 33
4 22 41
4 22 42
4 22 61
4 22 22
4 22 32
4 22 34
4 22 45
4 22 52
4 22 62
4 22 35
4 49 69
4 49 58
4 65 74
4 65 65
4 81 51
4 81 70
4 81 80
4 81 81
4 81 90
4 81 91
4 81 95
4 81 40
4 81 53
4 81 54
4 81 71
4 81 82
4 81 83
4 81 84
4 81 92
4 81 93
4 81 97
4 81 72
4 87 89
4 87 99
4 87 37
4 87 46
4 87 64
4 87 75
4 87 76
4 87 78
4 87 85
4 87 87
4 87 88
4 87 47
4 87 67
4 87 68
4 87 77
4 87 79
4 87 56
5 7 19
5 7 6
5 7 7
5 7 9
5 7 17
5 7 18
5 7 24
5 15 20
5 15 15
5 22 0
5 22 1
5 22 21
5 22 30
5 22 31
5 22 50
5 22 2
5 22 3
5 22 4
5 22 11
5 22 12
5 22 13
5 22 14
5 22 23
5 22 33
5 22 41
5 22 42
5 22 61
5 22 32
5 22 34
5 49 49
5 49 59
5 49 69
5 49 37
5 49 39
5 49 58
5 49 28
5 49 29
5 49 67
5 49 77
5 49 57
5 65 55
5 65 74
5 65 46
5 65 64
5 65 65
5 65 76
5 65 85
5 65 86
5 65 88
5 65 94
5 65 96
5 65 44
5 65 45
5 65 35
5 65 36
5 65 38
5 65 43
5 65 47
5 65 56
5 81 51
5 81 60
5 81 70
5 81 80
5 81 81
5 81 90
5 81 91
5 81 40
5 81 63
5 81 71
5 81 73
5 81 83
5 81 92
5 81 93
5 81 97
5 81 52
5 87 87
6 7 19
6 15 20
6 15 5
6 15 6
6 15 9
6 15 15
6 15 16
6 15 17
6 15 26
6 15 39
6 15 27
6 15 28
6 15 29
6 15 57
6 22 0
6 22 1
6 22 10
6 22 30
6 22 31
6 22 50
6 22 3
6 22 4
6 22 11
6 22 12
6 22 13
6 22 23
6 22 42
6 22 61
6 22 22
6 22 24
6 22 32
6 22 34
6 22 44
6 49 49
6 49 59
6 49 48
6 49 79
6 49 56
6 65 55
6 65 74
6 65 46
6 65 64
6 65 65
6 65 66
6 65 76
6 65 85
6 65 86
6 65 88
6 65 94
6 65 36
6 65 45
6 65 35
6 65 47
6 65 67
6 65 68
6 65 72
6 65 77
6 81 51
6 81 60
6 81 70
6 81 80
6 81 81
6 81 90
6 81 91
6 81 40
6 81 53
6 81 54
6 81 63
6 81 71
6 81 73
6 81 92
6 81 93
6 81 97
6 81 62
6 81 43
6 87 89
6 87 98
6 87 99
7 7 8
7 7 19
7 7 7
7 7 9
7 7 16
7 7 18
7 7 25
7 7 26
7 7 66
7 7 27
7 7 28
7 7 29
7 15 20
7 15 39
7 22 0
7 22 31
7 22 50
7 22 2
7 22 3
7 22 11
7 22 12
7 22 14
7 22 23
7 22 33
7 22 41
7 22 42
7 22 61
7 22 24
7 22 32
7 22 34
7 22 44
7 22 43
7 22 35
7 49 49
7 65 55
7 65 74
7 65 58
7 65 65
7 65 76
7 65 36
7 81 51
7 81 60
7 81 70
7 81 80
7 81 81
7 81 90
7 81 91
7 81 95
7 81 40
7 81 53
7 81 54
7 81 71
7 81 73
7 81 82
7 81 83
7 81 84
7 81 92
7 81 93
7 81 97
7 81 52
7 87 98
7 87 99
7 87 37
7 87 78
7 87 86
7 87 87
7 87 88
7 87 94
7 87 96
7 87 47
7 87 72
7 87 67
7 87 68
7 87 77
7 87 79
7 87 56
7 87 57
8 7 8
8 7 19
8 7 9
8 7 16
8 7 17
8 7 18
8 7 25
8 7 28
8 7 29
8 15 20
8 22 10
8 22 21
8 22 30
8 22 31
8 22 3
8 22 4
8 22 11
8 22 12
8 22 13
8 22 33
8 22 41
8 22 42
8 22 61
8 22 24
8 22 34
8 22 44
8 22 45
8 22 52
8 22 35
8 49 49
8 49 59
8 49 69
8 49 39
8 65 55
8 65 74
8 81 51
8 81 70
8 81 81
8 81 95
8 81 40
8 81 53
8 81 63
8 81 73
8 81 83
8 87 89
8 87 98
8 87 99
8 87 37
8 87 64
8 87 75
8 87 76
8 87 78
8 87 85
8 87 86
8 87 87
8 87 92
8 87 97
8 87 47
8 87 48
8 87 67
8 87 79
8 87 56
8 87 57
9 7 8
9 7 5
9 7 6
9 7 7
9 7 17
9 7 25
9 7 26
9 7 28
9 7 48
9 7 38
9 7 56
9 15 15
9 22 0
9 22 1
9 22 31
9 22 50
9 22 2
9 22 11
9 22 12
9 22 13
9 22 22
9 22 24
9 22 32
9 22 45
9 22 62
9 22 35
9 22 43
9 49 49
9 49 59
9 49 69
9 49 37
9 49 58
9 49 78
9 49 47
9 49 67
9 49 77
9 65 74
9 65 65
9 81 51
9 81 70
9 81 90
9 81 53
9 81 54
9 81 63
9 81 73
9 81 93
9 81 72
9 87 89
9 87 87
10 7 8
10 7 5
10 7 9
10 7 18
10 7 25
10 7 28
10 7 38
10 15 -1
10 22 21
10 22 30
10 22 50
10 22 4
10 22 11
10 22 42
10 22 35
10 49 69
10 49 39
10 49 58
10 65 65
10 81 51
10 81 60
10 81 81
10 81 90
10 81 54
10 81 92
10 81 93
10 81 72
10 87 89
10 87 98
10 87 37
10 87 64
10 87 76
10 87 94
10 87 96
10 87 68
10 87 77
10 87 79
10 87 56
11 7 17
11 7 25
11 7 66
11 15 -1
11 22 31
11 22 14
11 22 42
11 22 22
11 22 24
11 49 69
11 65 63
11 65 57
11 81 -1
11 87 -1
--- Done ---
