0 22 22
0 22 23
0 22 24
0 22 33
1 6 4
1 22 1
1 22 3
1 22 10
1 22 12
1 22 21
1 22 22
1 22 23
1 22 24
1 22 32
1 22 33
1 22 43
1 38 9
1 38 38
1 38 39
1 38 47
1 38 58
1 56 45
1 56 55
1 56 64
1 56 67
1 56 68
1 56 77
1 70 20
1 70 60
1 70 80
1 70 91
1 84 72
1 84 83
1 88 87
1 88 97
2 6 6
2 6 7
2 22 1
2 22 22
2 22 23
2 22 24
2 22 33
2 22 14
2 22 31
2 38 9
2 38 29
2 38 39
2 38 48
2 38 16
2 38 27
2 38 28
2 38 36
2 38 37
2 38 47
2 56 45
2 56 55
2 61 40
2 61 42
2 61 54
2 61 51
2 61 60
2 61 61
2 61 63
2 61 72
2 61 73
2 61 75
2 70 90
2 70 92
2 70 70
2 84 53
2 84 83
2 84 94
2 88 87
2 88 88
2 88 89
2 88 98
2 88 67
2 88 68
2 88 77
2 88 78
2 88 86
3 0 10
3 0 11
3 6 4
3 6 5
3 6 6
3 6 7
3 6 15
3 6 25
3 6 14
3 6 17
3 6 26
3 6 27
3 6 28
3 22 3
3 22 12
3 22 13
3 22 22
3 22 23
3 22 24
3 22 32
3 22 33
3 22 1
3 22 21
3 38 9
3 38 19
3 38 39
3 38 48
3 38 49
3 38 8
3 38 36
3 38 37
3 38 47
3 38 58
3 38 46
3 56 35
3 56 55
3 56 76
3 61 40
3 61 42
3 61 54
3 61 31
3 61 51
3 61 52
3 61 61
3 61 63
3 61 64
3 61 72
3 61 71
3 61 73
3 61 75
3 70 20
3 70 92
3 70 70
3 84 74
3 84 84
3 84 95
3 88 69
3 88 79
3 88 87
3 88 88
3 88 89
3 88 97
3 88 99
3 88 77
4 0 0
4 0 10
4 0 21
4 6 5
4 6 6
4 6 7
4 6 18
4 6 25
4 6 16
4 6 27
4 22 3
4 22 13
4 22 22
4 22 23
4 22 24
4 22 30
4 22 32
4 22 33
4 22 14
4 38 9
4 38 19
4 38 29
4 38 38
4 38 48
4 38 36
4 38 37
4 38 47
4 38 58
4 38 46
4 56 35
4 56 45
4 56 56
4 56 57
4 56 76
4 56 34
4 61 40
4 61 42
4 61 54
4 61 41
4 61 50
4 61 51
4 61 52
4 61 61
4 61 62
4 61 64
4 61 72
4 61 71
4 61 75
4 61 82
4 70 80
4 70 81
4 70 90
4 70 92
4 70 70
4 84 53
4 84 74
4 84 83
4 84 84
4 84 93
4 84 95
4 84 65
4 84 91
4 88 69
4 88 79
4 88 87
4 88 88
4 88 89
4 88 97
4 88 99
4 88 67
4 88 68
4 88 77
4 88 78
4 88 85
5 0 0
5 1 2
5 1 3
5 1 1
5 1 11
5 1 21
5 6 4
5 6 6
5 6 7
5 6 15
5 6 18
5 6 14
5 22 13
5 22 23
5 22 24
5 22 30
5 22 32
5 22 33
5 22 12
5 38 9
5 38 19
5 38 29
5 38 38
5 38 39
5 38 49
5 38 59
5 38 17
5 38 28
5 38 36
5 38 37
5 38 47
5 38 58
5 56 35
5 56 45
5 56 55
5 56 56
5 56 57
5 56 76
5 56 34
5 56 43
5 56 44
5 56 64
5 56 67
5 56 77
5 61 40
5 61 42
5 61 31
5 61 41
5 61 61
5 70 20
5 70 80
5 70 81
5 70 90
5 70 92
5 70 50
5 70 51
5 70 52
5 70 60
5 70 70
5 84 74
5 84 83
5 84 93
5 84 94
5 84 63
5 84 65
5 84 86
5 84 91
5 84 46
5 84 71
5 84 73
5 84 85
5 88 69
5 88 87
5 88 88
5 88 96
5 88 97
6 0 0
6 1 1
6 6 4
6 6 6
6 6 15
6 6 5
6 22 13
6 22 23
6 22 24
6 22 30
6 22 32
6 22 3
6 22 12
6 22 22
6 22 31
6 22 34
6 22 43
6 22 44
6 22 10
6 22 11
6 38 9
6 38 19
6 38 29
6 38 39
6 38 48
6 38 49
6 38 59
6 38 16
6 38 17
6 38 26
6 38 27
6 38 28
6 38 36
6 38 47
6 38 46
6 56 35
6 56 45
6 56 55
6 56 56
6 56 57
6 56 66
6 56 76
6 56 64
6 56 65
6 56 67
6 56 68
6 56 77
6 56 85
6 61 40
6 61 42
6 61 54
6 61 61
6 70 20
6 70 80
6 70 81
6 70 90
6 70 92
6 70 50
6 70 51
6 70 60
6 70 62
6 70 70
6 70 91
6 70 71
6 70 73
6 84 53
6 84 74
6 84 93
6 84 94
6 84 63
6 84 72
6 88 79
6 88 88
6 88 89
6 88 97
6 88 98
6 88 99
6 88 86
7 0 0
7 1 -1
7 6 7
7 6 18
7 6 25
7 22 23
7 22 24
7 22 32
7 22 33
7 22 2
7 22 3
7 22 12
7 22 14
7 22 31
7 22 34
7 22 41
7 22 43
7 22 44
7 22 11
7 38 9
7 38 19
7 38 29
7 38 39
7 38 49
7 38 8
7 38 16
7 38 26
7 38 27
7 38 28
7 38 36
7 38 37
7 38 47
7 38 58
7 56 35
7 56 55
7 56 56
7 56 57
7 56 66
7 56 76
7 56 67
7 56 68
7 56 77
7 56 78
7 61 40
7 61 42
7 61 54
7 61 61
7 70 20
7 70 80
7 70 81
7 70 90
7 70 92
7 70 50
7 70 51
7 70 52
7 70 60
7 70 70
7 70 91
7 70 71
7 70 73
7 70 82
7 84 53
7 84 74
7 84 83
7 84 84
7 84 93
7 84 94
7 84 95
7 84 65
7 84 72
7 84 86
7 88 79
7 88 87
7 88 88
7 88 96
7 88 97
7 88 98
7 88 99
8 0 -1
8 1 -1
8 6 4
8 6 18
8 6 25
8 22 13
8 22 24
8 22 30
8 22 33
8 22 3
8 22 12
8 22 31
8 22 41
8 22 10
8 22 11
8 22 21
8 38 9
8 38 19
8 38 29
8 38 39
8 38 48
8 38 49
8 38 59
8 38 8
8 38 16
8 38 17
8 38 28
8 38 37
8 38 47
8 56 35
8 56 45
8 56 55
8 56 56
8 56 57
8 56 76
8 56 34
8 56 44
8 56 64
8 56 67
8 56 78
8 56 85
8 61 40
8 61 42
8 61 51
8 61 52
8 61 61
8 61 63
8 61 73
8 70 20
8 70 81
8 70 92
8 70 70
8 84 53
8 84 74
8 84 83
8 84 95
8 88 69
8 88 79
8 88 87
8 88 89
8 88 97
8 88 98
8 88 99
8 88 86
8 88 75
9 0 0
9 1 1
9 6 6
9 6 7
9 6 15
9 6 25
9 6 5
9 22 13
9 22 24
9 22 32
9 22 2
9 22 12
9 22 22
9 22 31
9 22 43
9 22 11
9 38 38
9 38 48
9 38 49
9 38 59
9 38 8
9 38 17
9 38 26
9 38 28
9 38 37
9 38 47
9 38 58
9 56 35
9 56 45
9 56 56
9 56 65
9 56 67
9 56 77
9 56 78
9 61 54
9 61 50
9 61 51
9 61 62
9 61 63
9 61 72
9 61 73
9 70 90
9 70 70
9 84 53
9 84 74
9 84 93
9 88 69
9 88 87
9 88 89
10 0 -1
10 1 -1
10 6 4
10 6 18
10 6 25
10 6 5
10 6 8
10 6 28
10 22 30
10 22 11
10 22 21
10 38 9
10 38 38
10 38 39
10 38 37
10 38 58
10 56 35
10 56 56
10 56 76
10 56 64
10 56 65
10 56 68
10 56 77
10 61 42
10 61 54
10 70 81
10 70 90
10 70 92
10 70 50
10 70 51
10 70 60
10 84 93
10 84 94
10 84 72
10 88 69
10 88 79
10 88 89
10 88 96
10 88 98
11 0 -1
11 1 -1
11 6 25
11 6 14
11 6 17
11 22 24
11 22 22
11 22 31
11 38 -1
11 56 57
11 56 66
11 61 42
11 61 63
11 70 -1
11 84 -1
11 88 69
--- Done ---
