0 67 66
0 67 67
0 67 76
0 67 77
0 67 78
0 67 86
0 67 87
1 23 3
1 23 5
1 23 10
1 23 24
1 23 25
1 23 43
1 23 44
1 28 9
1 28 16
1 28 19
1 28 26
1 28 27
1 28 29
1 28 37
1 41 31
1 41 40
1 41 53
1 41 60
1 57 45
1 57 46
1 57 48
1 57 54
1 57 55
1 57 59
1 67 68
1 67 69
1 67 75
1 67 77
1 67 86
1 67 87
1 67 89
1 67 98
1 67 99
1 82 62
1 82 63
1 82 74
1 82 80
1 82 82
1 82 83
1 82 93
2 23 0
2 23 2
2 23 3
2 23 4
2 23 5
2 23 12
2 23 13
2 23 14
2 23 21
2 23 23
2 23 25
2 23 33
2 23 43
2 28 7
2 28 9
2 28 18
2 28 29
2 28 36
2 28 37
2 41 20
2 41 30
2 41 40
2 41 41
2 41 42
2 41 50
2 41 53
2 41 60
2 57 45
2 57 48
2 57 54
2 57 55
2 57 56
2 57 57
2 57 58
2 57 59
2 67 66
2 67 67
2 67 69
2 67 75
2 67 86
2 67 96
2 67 97
2 82 62
2 82 63
2 82 64
2 82 70
2 82 71
2 82 80
2 82 83
2 82 93
2 82 94
3 23 3
3 23 11
3 23 12
3 23 15
3 23 25
3 23 32
3 23 33
3 23 34
3 23 35
3 28 8
3 28 16
3 28 27
3 28 37
3 28 38
3 28 39
3 41 31
3 41 42
3 41 51
3 41 52
3 41 53
3 41 61
3 57 45
3 57 46
3 57 48
3 57 55
3 57 57
3 57 59
3 67 65
3 67 66
3 67 67
3 67 69
3 67 75
3 67 76
3 67 78
3 67 86
3 67 88
3 67 89
3 67 98
3 82 63
3 82 64
3 82 74
3 82 82
3 82 83
3 82 84
3 82 90
3 82 92
3 82 95
4 23 2
4 23 3
4 23 4
4 23 5
4 23 12
4 23 22
4 23 24
4 23 25
4 23 32
4 23 44
4 28 7
4 28 8
4 28 17
4 28 18
4 28 26
4 28 29
4 28 39
4 28 49
4 41 30
4 41 31
4 41 40
4 41 42
4 41 50
4 41 51
4 41 52
4 41 53
4 41 60
4 57 47
4 57 57
4 67 67
4 67 69
4 67 75
4 67 76
4 67 78
4 67 85
4 67 89
4 67 97
4 67 99
4 82 62
4 82 64
4 82 73
4 82 80
4 82 82
4 82 83
4 82 91
4 82 93
5 23 1
5 23 2
5 23 11
5 23 12
5 23 13
5 23 14
5 23 32
5 23 33
5 23 34
5 23 43
5 23 44
5 28 19
5 28 26
5 28 36
5 28 38
5 28 49
5 41 30
5 41 41
5 41 42
5 41 53
5 41 60
5 41 61
5 57 45
5 57 47
5 57 48
5 57 54
5 57 55
5 57 57
5 67 66
5 67 78
5 67 85
5 67 89
5 67 99
5 82 63
5 82 64
5 82 70
5 82 74
5 82 82
5 82 90
5 82 91
5 82 95
6 23 0
6 23 2
6 23 3
6 23 4
6 23 11
6 23 12
6 23 23
6 23 24
6 23 33
6 23 34
6 23 43
6 23 44
6 28 7
6 28 18
6 28 19
6 28 26
6 28 27
6 28 29
6 28 36
6 28 37
6 28 38
6 28 39
6 41 20
6 41 31
6 41 52
6 41 53
6 41 60
6 57 55
6 57 56
6 57 57
6 67 66
6 67 69
6 67 75
6 67 76
6 67 77
6 67 87
6 67 98
6 67 99
6 82 62
6 82 63
6 82 64
6 82 71
6 82 72
6 82 74
6 82 82
6 82 84
6 82 90
6 82 92
7 23 1
7 23 5
7 23 10
7 23 12
7 23 13
7 23 14
7 23 15
7 23 21
7 23 23
7 23 24
7 23 32
7 23 33
7 23 35
7 28 6
7 28 8
7 28 9
7 28 16
7 28 17
7 28 18
7 28 49
7 41 20
7 41 30
7 41 31
7 41 41
7 41 50
7 41 51
7 41 61
7 57 46
7 67 66
7 67 69
7 67 77
7 67 79
7 67 86
7 67 87
7 67 97
7 67 98
7 67 99
7 82 62
7 82 64
7 82 73
7 82 74
7 82 82
7 82 83
7 82 91
7 82 92
7 82 93
7 82 94
8 23 5
8 23 10
8 23 11
8 23 12
8 23 14
8 23 15
8 23 23
8 23 25
8 23 32
8 23 33
8 23 34
8 23 35
8 23 43
8 28 9
8 28 17
8 28 18
8 28 19
8 28 29
8 41 20
8 41 40
8 41 50
8 41 51
8 41 53
8 57 45
8 57 46
8 57 48
8 57 54
8 57 56
8 57 58
8 57 59
8 67 65
8 67 66
8 67 67
8 67 68
8 67 75
8 67 77
8 67 79
8 67 85
8 67 89
8 67 96
8 82 62
8 82 72
8 82 73
8 82 74
8 82 80
8 82 81
8 82 84
8 82 93
8 82 95
9 23 1
9 23 3
9 23 10
9 23 15
9 23 23
9 23 24
9 23 25
9 23 32
9 23 33
9 23 34
9 23 35
9 23 43
9 23 44
9 28 7
9 28 8
9 28 27
9 28 28
9 28 36
9 41 40
9 41 61
9 57 45
9 57 46
9 57 47
9 57 55
9 57 56
9 67 65
9 67 66
9 67 75
9 67 77
9 67 87
9 67 89
9 67 96
9 67 97
9 67 99
9 82 62
9 82 63
9 82 64
9 82 70
9 82 80
9 82 82
9 82 91
9 82 93
9 82 95
--- Done ---
