0 57 66
0 57 76
0 57 77
0 57 78
0 57 86
0 97 67
0 97 87
1 12 3
1 12 10
1 12 26
1 12 31
1 12 40
1 12 45
1 12 63
1 38 5
1 38 9
1 38 16
1 38 19
1 38 29
1 38 46
1 38 89
1 52 24
1 52 43
1 52 44
1 52 53
1 52 54
1 52 55
1 52 60
1 52 62
1 52 80
1 52 82
1 52 83
1 52 93
1 57 25
1 57 27
1 57 37
1 57 48
1 57 59
1 57 68
1 57 69
1 57 74
1 57 75
1 57 77
1 57 86
1 97 87
1 97 98
1 97 99
2 12 0
2 12 2
2 12 3
2 12 4
2 12 12
2 12 13
2 12 14
2 12 21
2 12 23
2 12 33
2 12 40
2 12 41
2 12 42
2 12 45
2 12 63
2 38 5
2 38 7
2 38 9
2 38 18
2 38 29
2 38 69
2 52 20
2 52 30
2 52 43
2 52 50
2 52 53
2 52 54
2 52 55
2 52 60
2 52 62
2 52 64
2 52 66
2 52 70
2 52 71
2 52 80
2 52 83
2 52 93
2 57 25
2 57 36
2 57 37
2 57 48
2 57 56
2 57 57
2 57 58
2 57 59
2 57 67
2 57 75
2 57 86
2 97 94
2 97 96
2 97 97
3 16 3
3 16 8
3 16 15
3 16 16
3 16 37
3 38 38
3 38 45
3 38 67
3 38 69
3 38 88
3 38 89
3 50 11
3 50 12
3 50 31
3 50 32
3 50 51
3 50 61
3 50 92
3 57 25
3 57 27
3 57 35
3 57 39
3 57 46
3 57 48
3 57 55
3 57 57
3 57 59
3 57 65
3 57 74
3 57 75
3 57 76
3 57 78
3 57 86
3 64 33
3 64 34
3 64 42
3 64 52
3 64 53
3 64 63
3 64 64
3 64 66
3 64 82
3 64 83
3 64 84
3 64 90
3 64 95
3 64 98
4 16 3
4 16 4
4 16 5
4 16 7
4 16 8
4 16 17
4 16 18
4 16 24
4 16 26
4 16 29
4 50 2
4 50 12
4 50 30
4 50 31
4 50 32
4 50 40
4 50 42
4 50 50
4 50 51
4 50 60
4 50 62
4 50 73
4 50 91
4 57 25
4 57 39
4 57 47
4 57 49
4 57 57
4 57 67
4 57 69
4 57 75
4 57 76
4 57 78
4 57 85
4 64 22
4 64 44
4 64 64
4 64 80
4 64 83
4 95 52
4 95 53
4 95 82
4 95 89
4 95 93
4 95 97
4 95 99
5 3 1
5 3 2
5 3 11
5 3 12
5 3 33
5 16 13
5 16 14
5 16 19
5 16 26
5 16 34
5 57 36
5 57 38
5 57 45
5 57 47
5 57 48
5 57 49
5 57 55
5 57 57
5 57 66
5 57 74
5 57 78
5 57 85
5 61 30
5 61 32
5 61 41
5 61 42
5 61 43
5 61 44
5 61 53
5 61 54
5 61 60
5 61 61
5 61 63
5 61 64
5 61 70
5 61 90
5 61 91
5 95 82
5 95 89
5 95 95
5 95 99
6 3 0
6 3 2
6 3 3
6 3 4
6 3 11
6 3 12
6 3 20
6 3 23
6 3 31
6 3 33
6 3 34
6 17 7
6 17 18
6 17 19
6 17 24
6 17 26
6 17 29
6 57 27
6 57 36
6 57 37
6 57 38
6 57 39
6 57 55
6 57 56
6 57 57
6 57 66
6 57 69
6 57 74
6 57 76
6 57 77
6 61 43
6 61 44
6 61 52
6 61 53
6 61 60
6 61 62
6 61 63
6 61 64
6 61 71
6 61 72
6 61 75
6 61 90
6 61 92
6 95 82
6 95 84
6 95 87
6 95 98
6 95 99
7 17 6
7 17 8
7 17 9
7 17 15
7 17 16
7 17 17
7 17 18
7 17 46
7 22 1
7 22 5
7 22 10
7 22 12
7 22 13
7 22 14
7 22 20
7 22 21
7 22 23
7 22 24
7 22 31
7 22 32
7 22 33
7 22 35
7 22 41
7 57 49
7 57 66
7 57 69
7 57 74
7 57 77
7 57 79
7 57 86
7 61 30
7 61 50
7 61 51
7 61 61
7 61 64
7 61 73
7 61 83
7 61 91
7 61 92
7 95 62
7 95 82
7 95 87
7 95 93
7 95 94
7 95 97
7 95 98
7 95 99
8 17 9
8 17 15
8 17 17
8 17 18
8 17 19
8 17 29
8 17 46
8 22 5
8 22 10
8 22 11
8 22 12
8 22 14
8 22 20
8 22 23
8 22 33
8 22 34
8 57 25
8 57 35
8 57 45
8 57 48
8 57 56
8 57 58
8 57 59
8 57 65
8 57 66
8 57 67
8 57 68
8 57 74
8 57 75
8 57 77
8 57 79
8 57 85
8 61 32
8 61 40
8 61 43
8 61 50
8 61 51
8 61 54
8 61 62
8 61 72
8 61 73
8 61 80
8 61 81
8 95 53
8 95 84
8 95 89
8 95 93
8 95 95
8 95 96
9 31 1
9 31 3
9 31 10
9 31 33
9 31 34
9 35 7
9 35 8
9 35 15
9 35 35
9 35 47
9 35 55
9 35 63
9 52 23
9 52 24
9 52 32
9 52 40
9 52 43
9 52 44
9 52 61
9 52 62
9 52 64
9 52 70
9 52 80
9 52 82
9 52 91
9 52 93
9 57 25
9 57 27
9 57 28
9 57 36
9 57 45
9 57 46
9 57 56
9 57 65
9 57 66
9 57 75
9 57 77
9 95 87
9 95 89
9 95 95
9 95 96
9 95 97
9 95 99
--- Done ---
