0 57 66
0 57 67
0 57 76
0 57 77
0 57 78
0 57 87
0 64 86
1 24 3
1 24 5
1 24 9
1 24 10
1 24 16
1 24 24
1 24 25
1 24 26
1 24 27
1 24 31
1 24 43
1 24 44
1 24 45
1 57 19
1 57 29
1 57 37
1 57 46
1 57 48
1 57 59
1 57 68
1 57 69
1 57 77
1 57 87
1 57 89
1 57 98
1 57 99
1 64 53
1 64 54
1 64 55
1 64 63
1 64 74
1 64 75
1 64 86
1 72 40
1 72 60
1 72 62
1 72 80
1 72 82
1 72 83
1 72 93
2 24 0
2 24 2
2 24 3
2 24 4
2 24 5
2 24 7
2 24 9
2 24 12
2 24 13
2 24 14
2 24 18
2 24 20
2 24 21
2 24 23
2 24 25
2 24 30
2 24 33
2 24 36
2 24 42
2 24 43
2 24 45
2 57 29
2 57 37
2 57 48
2 57 56
2 57 57
2 57 58
2 57 59
2 57 66
2 57 67
2 57 69
2 57 97
2 64 53
2 64 54
2 64 55
2 64 63
2 64 64
2 64 75
2 64 86
2 64 96
2 72 40
2 72 41
2 72 50
2 72 60
2 72 62
2 72 70
2 72 71
2 72 80
2 72 83
2 72 93
2 72 94
3 24 3
3 24 8
3 24 11
3 24 12
3 24 15
3 24 16
3 24 25
3 24 27
3 24 31
3 24 32
3 24 33
3 24 34
3 24 35
3 24 42
3 24 45
3 57 37
3 57 38
3 57 39
3 57 46
3 57 48
3 57 57
3 57 59
3 57 66
3 57 67
3 57 69
3 57 76
3 57 78
3 57 88
3 57 89
3 57 98
3 64 53
3 64 55
3 64 63
3 64 64
3 64 65
3 64 74
3 64 75
3 64 84
3 64 86
3 64 95
3 72 51
3 72 52
3 72 61
3 72 82
3 72 83
3 72 90
3 72 92
4 24 2
4 24 3
4 24 4
4 24 5
4 24 7
4 24 8
4 24 12
4 24 17
4 24 18
4 24 22
4 24 24
4 24 25
4 24 26
4 24 30
4 24 31
4 24 32
4 24 42
4 24 44
4 57 29
4 57 39
4 57 47
4 57 49
4 57 57
4 57 67
4 57 69
4 57 76
4 57 78
4 57 89
4 57 97
4 57 99
4 64 53
4 64 64
4 64 75
4 64 85
4 72 40
4 72 50
4 72 51
4 72 52
4 72 60
4 72 62
4 72 73
4 72 80
4 72 82
4 72 83
4 72 91
4 72 93
5 24 1
5 24 2
5 24 11
5 24 12
5 24 13
5 24 14
5 24 26
5 24 30
5 24 32
5 24 33
5 24 34
5 24 36
5 24 42
5 24 43
5 24 44
5 24 45
5 57 19
5 57 38
5 57 47
5 57 48
5 57 49
5 57 57
5 57 66
5 57 78
5 57 89
5 57 99
5 64 53
5 64 54
5 64 55
5 64 63
5 64 64
5 64 74
5 64 85
5 64 95
5 72 41
5 72 60
5 72 61
5 72 70
5 72 82
5 72 90
5 72 91
6 24 0
6 24 2
6 24 3
6 24 4
6 24 7
6 24 11
6 24 12
6 24 18
6 24 20
6 24 23
6 24 24
6 24 26
6 24 27
6 24 31
6 24 33
6 24 34
6 24 36
6 24 43
6 24 44
6 57 19
6 57 29
6 57 37
6 57 38
6 57 39
6 57 56
6 57 57
6 57 66
6 57 69
6 57 76
6 57 77
6 57 87
6 57 98
6 57 99
6 64 53
6 64 55
6 64 63
6 64 64
6 64 74
6 64 75
6 64 84
6 72 52
6 72 60
6 72 62
6 72 71
6 72 72
6 72 82
6 72 90
6 72 92
7 24 1
7 24 5
7 24 6
7 24 8
7 24 9
7 24 10
7 24 12
7 24 13
7 24 14
7 24 15
7 24 16
7 24 17
7 24 18
7 24 20
7 24 21
7 24 23
7 24 24
7 24 30
7 24 31
7 24 32
7 24 33
7 24 35
7 57 46
7 57 49
7 57 66
7 57 69
7 57 77
7 57 79
7 57 87
7 57 97
7 57 98
7 57 99
7 64 64
7 64 74
7 64 86
7 72 41
7 72 50
7 72 51
7 72 61
7 72 62
7 72 73
7 72 82
7 72 83
7 72 91
7 72 92
7 72 93
7 72 94
8 24 5
8 24 9
8 24 10
8 24 11
8 24 12
8 24 14
8 24 15
8 24 17
8 24 18
8 24 20
8 24 23
8 24 25
8 24 32
8 24 33
8 24 34
8 24 35
8 24 43
8 24 45
8 57 19
8 57 29
8 57 46
8 57 48
8 57 56
8 57 58
8 57 59
8 57 66
8 57 67
8 57 68
8 57 77
8 57 79
8 57 89
8 64 53
8 64 54
8 64 65
8 64 74
8 64 75
8 64 84
8 64 85
8 64 95
8 64 96
8 72 40
8 72 50
8 72 51
8 72 62
8 72 72
8 72 73
8 72 80
8 72 81
8 72 93
9 24 1
9 24 3
9 24 7
9 24 8
9 24 10
9 24 15
9 24 23
9 24 24
9 24 25
9 24 27
9 24 32
9 24 33
9 24 34
9 24 35
9 24 36
9 24 43
9 24 44
9 24 45
9 57 28
9 57 46
9 57 47
9 57 56
9 57 66
9 57 77
9 57 87
9 57 89
9 57 97
9 57 99
9 64 55
9 64 63
9 64 64
9 64 65
9 64 75
9 64 95
9 64 96
9 72 40
9 72 61
9 72 62
9 72 70
9 72 80
9 72 82
9 72 91
9 72 93
--- Done ---
