0 57 66
0 57 67
0 57 76
0 57 77
0 57 78
0 57 86
0 57 87
1 33 3
1 33 5
1 33 10
1 33 24
1 33 25
1 33 31
1 33 40
1 33 43
1 33 44
1 33 45
1 33 53
1 33 54
1 38 9
1 38 16
1 38 19
1 38 26
1 38 27
1 38 29
1 38 37
1 38 48
1 57 46
1 57 55
1 57 59
1 57 68
1 57 69
1 57 75
1 57 77
1 57 86
1 57 87
1 57 89
1 57 98
1 57 99
1 71 60
1 71 62
1 71 63
1 71 74
1 71 80
1 71 82
1 71 83
1 71 93
2 33 0
2 33 2
2 33 3
2 33 4
2 33 5
2 33 12
2 33 13
2 33 14
2 33 20
2 33 21
2 33 23
2 33 25
2 33 30
2 33 33
2 33 40
2 33 41
2 33 42
2 33 43
2 33 45
2 33 53
2 33 54
2 33 64
2 38 7
2 38 9
2 38 18
2 38 29
2 38 36
2 38 37
2 38 48
2 57 55
2 57 56
2 57 57
2 57 58
2 57 59
2 57 66
2 57 67
2 57 69
2 57 75
2 57 86
2 57 96
2 57 97
2 71 50
2 71 60
2 71 62
2 71 63
2 71 70
2 71 71
2 71 80
2 71 83
2 71 93
2 71 94
3 33 3
3 33 11
3 33 12
3 33 15
3 33 25
3 33 31
3 33 32
3 33 33
3 33 34
3 33 35
3 33 42
3 33 45
3 33 52
3 33 53
3 33 64
3 38 8
3 38 16
3 38 27
3 38 37
3 38 38
3 38 39
3 38 48
3 57 46
3 57 55
3 57 57
3 57 59
3 57 65
3 57 66
3 57 67
3 57 69
3 57 75
3 57 76
3 57 78
3 57 86
3 57 88
3 57 89
3 57 95
3 57 98
3 71 51
3 71 61
3 71 63
3 71 74
3 71 82
3 71 83
3 71 84
3 71 90
3 71 92
4 33 2
4 33 3
4 33 4
4 33 5
4 33 12
4 33 22
4 33 24
4 33 25
4 33 30
4 33 31
4 33 32
4 33 40
4 33 42
4 33 44
4 33 52
4 33 53
4 33 64
4 38 7
4 38 8
4 38 17
4 38 18
4 38 26
4 38 29
4 38 39
4 38 49
4 57 47
4 57 57
4 57 67
4 57 69
4 57 75
4 57 76
4 57 78
4 57 85
4 57 89
4 57 97
4 57 99
4 71 50
4 71 51
4 71 60
4 71 62
4 71 73
4 71 80
4 71 82
4 71 83
4 71 91
4 71 93
5 33 1
5 33 2
5 33 11
5 33 12
5 33 13
5 33 14
5 33 30
5 33 32
5 33 33
5 33 34
5 33 41
5 33 42
5 33 43
5 33 44
5 33 45
5 33 53
5 33 54
5 33 64
5 38 19
5 38 26
5 38 36
5 38 38
5 38 48
5 38 49
5 57 47
5 57 55
5 57 57
5 57 66
5 57 78
5 57 85
5 57 89
5 57 95
5 57 99
5 71 60
5 71 61
5 71 63
5 71 70
5 71 74
5 71 82
5 71 90
5 71 91
6 33 0
6 33 2
6 33 3
6 33 4
6 33 11
6 33 12
6 33 20
6 33 23
6 33 24
6 33 31
6 33 33
6 33 34
6 33 43
6 33 44
6 33 52
6 33 53
6 33 64
6 38 7
6 38 18
6 38 19
6 38 26
6 38 27
6 38 29
6 38 36
6 38 37
6 38 38
6 38 39
6 57 55
6 57 56
6 57 57
6 57 66
6 57 69
6 57 75
6 57 76
6 57 77
6 57 87
6 57 98
6 57 99
6 71 60
6 71 62
6 71 63
6 71 71
6 71 72
6 71 74
6 71 82
6 71 84
6 71 90
6 71 92
7 33 1
7 33 5
7 33 10
7 33 12
7 33 13
7 33 14
7 33 15
7 33 20
7 33 21
7 33 23
7 33 24
7 33 30
7 33 31
7 33 32
7 33 33
7 33 35
7 33 41
7 33 64
7 38 6
7 38 8
7 38 9
7 38 16
7 38 17
7 38 18
7 38 49
7 57 46
7 57 66
7 57 69
7 57 77
7 57 79
7 57 86
7 57 87
7 57 97
7 57 98
7 57 99
7 71 50
7 71 51
7 71 61
7 71 62
7 71 73
7 71 74
7 71 82
7 71 83
7 71 91
7 71 92
7 71 93
7 71 94
8 33 5
8 33 10
8 33 11
8 33 12
8 33 14
8 33 15
8 33 20
8 33 23
8 33 25
8 33 32
8 33 33
8 33 34
8 33 35
8 33 40
8 33 43
8 33 45
8 33 53
8 33 54
8 38 9
8 38 17
8 38 18
8 38 19
8 38 29
8 38 48
8 57 46
8 57 56
8 57 58
8 57 59
8 57 65
8 57 66
8 57 67
8 57 68
8 57 75
8 57 77
8 57 79
8 57 85
8 57 89
8 57 95
8 57 96
8 71 50
8 71 51
8 71 62
8 71 72
8 71 73
8 71 74
8 71 80
8 71 81
8 71 84
8 71 93
9 33 1
9 33 3
9 33 10
9 33 15
9 33 23
9 33 24
9 33 25
9 33 32
9 33 33
9 33 34
9 33 35
9 33 40
9 33 43
9 33 44
9 33 45
9 33 64
9 38 7
9 38 8
9 38 27
9 38 28
9 38 36
9 57 46
9 57 47
9 57 55
9 57 56
9 57 65
9 57 66
9 57 75
9 57 77
9 57 87
9 57 89
9 57 95
9 57 96
9 57 97
9 57 99
9 71 61
9 71 62
9 71 63
9 71 70
9 71 80
9 71 82
9 71 91
9 71 93
--- Done ---
