0 57 66
0 57 67
0 57 76
0 57 77
0 57 78
0 57 86
0 57 87
1 33 3
1 33 5
1 33 9
1 33 10
1 33 24
1 33 25
1 33 31
1 33 40
1 33 43
1 33 44
1 33 45
1 33 46
1 33 53
1 33 54
1 33 60
1 33 62
1 33 74
1 33 80
1 33 83
1 33 93
1 57 16
1 57 26
1 57 27
1 57 29
1 57 48
1 57 55
1 57 59
1 57 63
1 57 69
1 57 75
1 57 77
1 57 86
1 57 87
1 57 99
1 66 19
1 66 37
1 66 68
1 66 82
1 66 89
1 66 98
2 33 2
2 33 3
2 33 4
2 33 5
2 33 7
2 33 9
2 33 12
2 33 14
2 33 18
2 33 21
2 33 23
2 33 25
2 33 30
2 33 33
2 33 40
2 33 41
2 33 42
2 33 45
2 33 50
2 33 53
2 33 55
2 33 56
2 33 60
2 33 62
2 33 63
2 33 71
2 33 80
2 33 83
2 33 93
2 33 96
2 52 0
2 52 20
2 52 70
2 57 13
2 57 36
2 57 37
2 57 43
2 57 48
2 57 54
2 57 57
2 57 58
2 57 59
2 57 64
2 57 69
2 57 75
2 57 86
2 66 29
2 66 66
2 66 67
2 66 94
2 66 97
3 35 8
3 35 15
3 35 27
3 35 32
3 35 35
3 35 67
3 35 69
3 35 75
3 35 98
3 52 3
3 52 11
3 52 12
3 52 25
3 52 31
3 52 33
3 52 45
3 52 46
3 52 51
3 52 52
3 52 53
3 52 61
3 52 63
3 52 66
3 52 76
3 52 82
3 52 84
3 52 90
3 52 92
3 52 95
3 57 16
3 57 34
3 57 37
3 57 38
3 57 39
3 57 42
3 57 48
3 57 55
3 57 57
3 57 59
3 57 64
3 57 65
3 57 74
3 57 78
3 57 83
3 57 86
3 57 88
3 57 89
4 35 2
4 35 3
4 35 4
4 35 5
4 35 7
4 35 8
4 35 12
4 35 17
4 35 18
4 35 24
4 35 25
4 35 30
4 35 44
4 35 69
4 35 83
4 57 26
4 57 39
4 57 42
4 57 47
4 57 49
4 57 57
4 57 64
4 57 67
4 57 75
4 57 76
4 57 78
4 57 85
4 57 89
4 57 99
4 62 22
4 62 29
4 62 31
4 62 32
4 62 40
4 62 50
4 62 51
4 62 52
4 62 53
4 62 60
4 62 62
4 62 73
4 62 80
4 62 82
4 62 91
4 62 93
4 62 97
5 15 1
5 15 2
5 15 11
5 15 14
5 15 19
5 15 26
5 15 30
5 15 32
5 15 34
5 15 38
5 15 43
5 15 45
5 15 47
5 15 48
5 15 54
5 15 63
5 57 13
5 57 36
5 57 42
5 57 49
5 57 57
5 57 66
5 57 74
5 57 85
5 57 89
5 57 99
5 62 12
5 62 33
5 62 41
5 62 53
5 62 55
5 62 61
5 62 70
5 62 82
5 62 90
5 62 91
5 62 95
5 64 44
5 64 60
5 64 64
5 64 78
6 15 0
6 15 2
6 15 3
6 15 4
6 15 7
6 15 11
6 15 18
6 15 19
6 15 20
6 15 24
6 15 26
6 15 27
6 15 34
6 15 36
6 15 37
6 15 39
6 15 43
6 15 52
6 57 29
6 57 38
6 57 44
6 57 55
6 57 56
6 57 57
6 57 66
6 57 69
6 57 74
6 57 75
6 57 76
6 57 77
6 57 87
6 57 99
6 64 12
6 64 23
6 64 31
6 64 33
6 64 53
6 64 60
6 64 62
6 64 63
6 64 64
6 64 71
6 64 72
6 64 82
6 64 84
6 64 90
6 64 92
6 64 98
7 24 1
7 24 5
7 24 8
7 24 10
7 24 12
7 24 14
7 24 20
7 24 21
7 24 23
7 24 24
7 24 30
7 24 31
7 24 32
7 24 33
7 24 35
7 24 41
7 24 46
7 24 50
7 24 61
7 24 73
7 37 9
7 37 49
7 37 87
7 57 6
7 57 13
7 57 15
7 57 16
7 57 17
7 57 18
7 57 64
7 57 66
7 57 69
7 57 77
7 57 79
7 57 83
7 57 86
7 74 51
7 74 62
7 74 74
7 74 82
7 74 91
7 74 92
7 74 93
7 74 94
7 74 97
7 74 98
7 74 99
8 24 5
8 24 10
8 24 11
8 24 12
8 24 14
8 24 15
8 24 19
8 24 20
8 24 23
8 24 32
8 24 33
8 24 34
8 24 35
8 24 40
8 24 43
8 24 48
8 24 50
8 24 53
8 24 58
8 24 65
8 24 66
8 24 67
8 24 68
8 24 73
8 37 9
8 37 17
8 37 29
8 37 46
8 37 51
8 37 59
8 37 62
8 37 79
8 37 81
8 37 85
8 57 18
8 57 25
8 57 45
8 57 54
8 57 56
8 57 75
8 57 77
8 57 89
8 57 96
8 74 72
8 74 74
8 74 80
8 74 84
8 74 93
8 74 95
9 33 1
9 33 3
9 33 7
9 33 10
9 33 23
9 33 24
9 33 27
9 33 32
9 33 33
9 33 35
9 33 44
9 36 8
9 36 36
9 36 47
9 57 25
9 57 28
9 57 34
9 57 43
9 57 45
9 57 55
9 57 56
9 57 64
9 57 65
9 57 66
9 57 75
9 57 77
9 57 87
9 57 89
9 57 96
9 57 99
9 62 15
9 62 40
9 62 46
9 62 61
9 62 62
9 62 63
9 62 70
9 62 80
9 62 82
9 62 91
9 62 93
9 62 95
9 62 97
--- Done ---
