0 57 66
0 57 67
0 57 76
0 57 77
0 57 78
0 85 86
0 85 87
1 7 5
1 7 9
1 7 16
1 7 19
1 7 26
1 7 29
1 11 3
1 11 10
1 11 31
1 33 24
1 33 25
1 33 43
1 33 44
1 33 53
1 33 54
1 33 63
1 57 27
1 57 45
1 57 46
1 57 48
1 57 55
1 57 68
1 57 74
1 57 75
1 57 77
1 69 37
1 69 59
1 69 69
1 69 89
1 69 99
1 70 40
1 70 60
1 70 62
1 70 80
1 85 82
1 85 83
1 85 86
1 85 87
1 85 93
1 85 98
2 7 4
2 7 5
2 7 7
2 7 9
2 7 18
2 7 29
2 11 0
2 11 2
2 11 3
2 11 20
2 33 12
2 33 13
2 33 14
2 33 21
2 33 23
2 33 25
2 33 30
2 33 33
2 33 41
2 33 42
2 33 43
2 33 53
2 33 54
2 33 63
2 57 36
2 57 45
2 57 48
2 57 55
2 57 56
2 57 57
2 57 58
2 57 66
2 57 67
2 57 75
2 69 37
2 69 59
2 69 69
2 70 40
2 70 50
2 70 60
2 70 62
2 70 70
2 70 71
2 70 80
2 85 64
2 85 83
2 85 86
2 85 93
2 85 94
2 85 96
2 85 97
3 14 3
3 14 11
3 14 12
3 14 15
3 14 25
3 14 33
3 28 8
3 28 16
3 28 39
3 43 31
3 43 32
3 43 34
3 43 35
3 43 42
3 43 51
3 43 52
3 43 53
3 43 63
3 43 82
3 57 27
3 57 38
3 57 45
3 57 46
3 57 48
3 57 55
3 57 57
3 57 66
3 57 67
3 57 74
3 57 75
3 57 76
3 57 78
3 57 88
3 69 37
3 69 59
3 69 69
3 69 89
3 70 61
3 70 90
3 70 92
3 85 64
3 85 65
3 85 83
3 85 84
3 85 86
3 85 95
3 85 98
4 14 2
4 14 3
4 14 4
4 14 5
4 14 12
4 14 22
4 14 24
4 14 25
4 28 7
4 28 8
4 28 17
4 28 18
4 28 26
4 28 29
4 28 39
4 43 31
4 43 32
4 43 40
4 43 42
4 43 44
4 43 52
4 43 53
4 43 62
4 43 82
4 57 47
4 57 49
4 57 57
4 57 67
4 57 69
4 57 75
4 57 76
4 57 78
4 60 30
4 60 50
4 60 51
4 60 60
4 60 80
4 60 91
4 85 64
4 85 73
4 85 83
4 85 85
4 85 93
4 85 97
4 98 89
4 98 99
5 3 1
5 3 2
5 3 11
5 3 12
5 3 13
5 3 14
5 28 19
5 28 26
5 43 32
5 43 33
5 43 34
5 43 42
5 43 43
5 43 44
5 43 54
5 43 63
5 43 64
5 43 82
5 57 36
5 57 38
5 57 45
5 57 47
5 57 48
5 57 49
5 57 55
5 57 57
5 57 66
5 57 74
5 57 78
5 57 85
5 60 30
5 60 60
5 60 61
5 60 70
5 60 91
5 71 41
5 71 53
5 71 90
5 98 89
5 98 95
5 98 99
6 3 0
6 3 2
6 3 3
6 3 4
6 3 11
6 3 12
6 3 20
6 3 23
6 3 31
6 28 7
6 28 18
6 28 19
6 28 26
6 28 29
6 28 39
6 43 24
6 43 33
6 43 34
6 43 37
6 43 43
6 43 44
6 43 62
6 43 63
6 43 64
6 43 72
6 43 82
6 43 84
6 57 27
6 57 36
6 57 38
6 57 55
6 57 56
6 57 57
6 57 66
6 57 69
6 57 74
6 57 75
6 57 76
6 57 77
6 71 52
6 71 53
6 71 60
6 71 71
6 71 90
6 71 92
6 98 87
6 98 98
6 98 99
7 7 5
7 7 6
7 7 8
7 7 9
7 7 15
7 7 16
7 7 17
7 7 18
7 21 1
7 21 10
7 21 12
7 21 13
7 21 20
7 21 21
7 21 30
7 21 31
7 21 32
7 21 41
7 23 14
7 23 23
7 23 24
7 23 33
7 23 35
7 23 62
7 57 46
7 57 49
7 57 66
7 57 69
7 57 74
7 57 77
7 71 50
7 71 51
7 71 61
7 71 64
7 71 73
7 71 82
7 71 92
7 71 93
7 94 83
7 94 86
7 94 91
7 94 94
7 98 79
7 98 87
7 98 97
7 98 98
7 98 99
8 7 9
8 7 15
8 7 17
8 7 18
8 7 19
8 7 29
8 21 10
8 21 11
8 21 12
8 21 20
8 21 32
8 23 5
8 23 14
8 23 23
8 23 25
8 23 33
8 23 34
8 23 35
8 23 43
8 23 62
8 57 45
8 57 46
8 57 48
8 57 56
8 57 58
8 57 66
8 57 68
8 57 74
8 57 75
8 57 77
8 57 85
8 60 40
8 60 50
8 60 51
8 60 72
8 60 80
8 60 81
8 67 54
8 67 59
8 67 65
8 67 67
8 67 79
8 67 89
8 67 96
8 94 53
8 94 73
8 94 84
8 94 93
8 94 95
9 12 1
9 12 3
9 12 10
9 12 23
9 12 33
9 27 7
9 27 8
9 27 15
9 27 24
9 27 25
9 27 27
9 27 28
9 27 35
9 43 32
9 43 34
9 43 40
9 43 43
9 43 44
9 43 62
9 43 63
9 43 82
9 57 36
9 57 45
9 57 46
9 57 47
9 57 55
9 57 56
9 57 66
9 57 75
9 57 77
9 60 61
9 60 70
9 60 80
9 60 91
9 67 65
9 67 89
9 67 96
9 86 64
9 86 87
9 86 93
9 86 95
9 86 97
9 86 99
--- Done ---
