0 48 -1
0 85 73
0 85 74
0 85 83
0 85 84
0 85 93
0 85 94
1 11 20
1 11 22
1 11 23
1 11 14
1 11 26
1 48 17
1 48 25
1 48 28
1 48 48
1 48 58
1 54 15
1 54 16
1 54 40
1 54 42
1 54 62
1 54 71
1 54 4
1 54 21
1 54 34
1 54 43
1 54 45
1 77 99
1 85 94
1 85 82
1 85 83
1 85 85
1 85 88
1 85 93
1 85 97
1 85 64
1 85 74
1 85 84
2 7 5
2 7 6
2 7 9
2 7 7
2 7 8
2 7 15
2 7 16
2 7 17
2 7 25
2 7 4
2 11 11
2 11 30
2 11 3
2 11 14
2 11 23
2 11 41
2 48 47
2 48 49
2 48 44
2 48 46
2 54 40
2 72 51
2 72 92
2 72 52
2 72 62
2 72 71
2 72 81
2 72 94
2 72 61
2 72 73
2 72 76
2 72 83
2 72 65
2 72 74
2 72 56
2 77 77
2 77 78
2 77 79
2 77 98
2 77 99
2 77 35
2 77 59
2 77 69
2 77 86
2 77 87
2 77 88
2 77 97
2 77 84
2 85 95
2 85 85
3 7 6
3 7 9
3 7 17
3 7 18
3 7 19
3 7 25
3 7 27
3 7 28
3 7 39
3 7 4
3 7 26
3 11 11
3 11 22
3 11 3
3 11 13
3 11 23
3 11 33
3 11 34
3 11 41
3 11 50
3 11 45
3 11 60
3 48 36
3 48 47
3 48 49
3 48 46
3 48 48
3 54 40
3 72 51
3 72 70
3 72 42
3 72 62
3 72 52
3 72 71
3 72 81
3 72 94
3 77 77
3 77 79
3 77 99
3 77 38
3 77 59
3 77 69
3 77 86
3 77 88
3 77 89
3 77 97
3 77 68
3 77 55
3 77 84
3 77 56
3 77 65
3 77 74
3 77 75
3 85 95
3 85 85
3 85 96
3 85 61
3 85 72
3 85 73
3 85 83
3 92 90
4 7 5
4 7 6
4 7 9
4 7 16
4 11 0
4 11 2
4 11 10
4 11 11
4 11 20
4 11 22
4 11 30
4 11 31
4 11 32
4 11 13
4 11 14
4 11 21
4 11 23
4 11 33
4 11 34
4 11 50
4 11 43
4 48 29
4 48 36
4 48 47
4 48 49
4 48 8
4 48 17
4 48 18
4 48 27
4 48 28
4 48 38
4 48 44
4 48 46
4 48 48
4 48 57
4 48 58
4 48 59
4 48 69
4 48 68
4 48 37
4 48 67
4 48 75
4 48 56
4 48 66
4 54 -1
4 72 51
4 72 42
4 72 63
4 72 80
4 72 91
4 72 52
4 72 94
4 72 61
4 72 64
4 72 72
4 72 76
4 77 78
4 77 79
4 77 99
4 77 35
4 77 86
4 77 87
4 77 88
4 77 89
4 77 97
4 77 84
4 77 74
4 85 85
4 85 96
4 85 73
4 85 82
4 85 83
4 85 93
4 92 90
5 7 5
5 7 9
5 7 7
5 7 15
5 7 16
5 7 17
5 7 18
5 7 25
5 7 27
5 7 28
5 7 39
5 7 4
5 7 26
5 11 0
5 11 2
5 11 11
5 11 20
5 11 22
5 11 30
5 11 31
5 11 32
5 11 3
5 11 13
5 11 14
5 11 21
5 11 23
5 11 33
5 11 34
5 11 41
5 11 50
5 48 24
5 48 29
5 48 36
5 48 8
5 48 46
5 54 40
5 54 54
5 72 70
5 72 42
5 72 62
5 72 63
5 72 80
5 72 91
5 72 43
5 72 52
5 72 53
5 72 60
5 72 71
5 72 93
5 72 56
5 77 78
5 77 98
5 77 99
5 77 38
5 77 57
5 77 59
5 77 86
5 77 87
5 77 89
5 77 97
5 77 68
5 77 37
5 77 55
5 77 64
5 77 67
5 77 75
5 77 65
5 77 74
5 85 95
5 85 85
5 92 90
5 92 96
5 92 94
5 92 61
5 92 73
5 92 82
5 92 83
6 7 5
6 7 6
6 7 9
6 7 7
6 7 8
6 7 15
6 7 16
6 7 19
6 7 25
6 7 27
6 7 28
6 7 4
6 11 1
6 11 10
6 11 11
6 11 12
6 11 20
6 11 22
6 11 30
6 11 32
6 11 14
6 11 21
6 11 33
6 11 34
6 11 41
6 11 50
6 11 53
6 11 60
6 48 24
6 48 36
6 48 47
6 48 49
6 48 44
6 48 46
6 48 48
6 48 57
6 48 58
6 48 59
6 48 69
6 48 68
6 48 67
6 54 40
6 54 42
6 54 62
6 54 63
6 54 54
6 72 70
6 72 80
6 72 91
6 72 52
6 72 71
6 72 94
6 72 61
6 72 64
6 72 73
6 72 76
6 72 83
6 72 93
6 72 65
6 72 74
6 77 77
6 77 78
6 77 79
6 77 98
6 77 99
6 77 35
6 77 38
6 77 87
6 77 89
6 77 97
6 85 95
6 85 85
6 92 90
6 92 92
6 92 96
7 7 5
7 7 7
7 7 15
7 11 0
7 11 1
7 11 10
7 11 20
7 11 22
7 11 30
7 11 31
7 11 32
7 11 3
7 11 13
7 11 14
7 11 33
7 11 41
7 11 4
7 11 43
7 11 53
7 11 60
7 48 24
7 48 29
7 48 36
7 48 49
7 48 8
7 48 17
7 48 18
7 48 27
7 48 38
7 48 39
7 48 44
7 48 46
7 48 48
7 48 58
7 48 59
7 48 69
7 48 68
7 48 37
7 48 67
7 48 75
7 54 40
7 54 62
7 54 63
7 54 52
7 54 54
7 54 71
7 54 81
7 54 55
7 54 61
7 54 73
7 54 82
7 54 83
7 54 84
7 54 93
7 54 65
7 54 66
7 72 70
7 72 80
7 72 91
7 72 94
7 77 77
7 77 79
7 77 98
7 77 99
7 77 86
7 77 87
7 77 97
7 77 76
7 85 85
7 85 96
7 92 90
8 7 6
8 7 9
8 7 7
8 7 16
8 7 18
8 7 25
8 7 27
8 7 39
8 11 0
8 11 2
8 11 12
8 11 20
8 11 22
8 11 31
8 11 32
8 11 13
8 11 14
8 11 23
8 11 41
8 11 50
8 11 4
8 11 43
8 11 60
8 48 29
8 48 36
8 48 49
8 48 44
8 48 57
8 48 58
8 54 40
8 54 54
8 72 51
8 72 70
8 72 42
8 72 63
8 72 91
8 72 52
8 72 81
8 72 94
8 72 55
8 72 61
8 72 64
8 72 72
8 72 73
8 72 76
8 72 82
8 72 83
8 72 84
8 72 93
8 72 56
8 72 65
8 72 66
8 72 74
8 77 77
8 77 79
8 77 98
8 77 35
8 77 86
8 77 87
8 77 88
8 77 89
8 85 85
8 85 96
8 92 90
8 92 92
9 7 6
9 7 9
9 7 8
9 7 15
9 7 16
9 7 18
9 7 25
9 7 27
9 7 39
9 11 1
9 11 11
9 11 12
9 11 20
9 11 30
9 11 31
9 11 32
9 11 13
9 11 14
9 11 21
9 11 23
9 11 33
9 11 34
9 11 41
9 11 43
9 11 60
9 48 24
9 48 36
9 48 47
9 54 40
9 54 42
9 54 44
9 54 63
9 54 54
9 54 81
9 54 73
9 54 93
9 72 91
9 77 77
9 77 78
9 77 99
9 77 35
9 77 57
9 77 59
9 77 87
9 77 89
9 77 97
9 77 67
9 77 76
9 77 84
9 77 56
9 85 95
9 85 85
9 92 -1
10 7 9
10 7 16
10 11 2
10 11 3
10 11 13
10 11 21
10 11 33
10 11 34
10 11 4
10 11 53
10 48 24
10 48 29
10 48 36
10 48 14
10 48 19
10 48 28
10 48 38
10 48 57
10 48 37
10 48 75
10 54 54
10 72 51
10 72 42
10 72 62
10 72 71
10 72 81
10 72 61
10 72 73
10 72 82
10 72 83
10 72 93
10 77 79
10 77 99
10 77 35
10 77 86
10 77 88
10 77 97
10 85 95
10 92 90
10 92 96
11 7 5
11 7 17
11 7 28
11 11 2
11 11 21
11 48 -1
11 54 40
11 54 54
11 54 71
11 54 75
11 54 82
11 54 56
11 72 51
11 77 -1
11 85 85
11 85 87
11 85 89
11 92 -1
--- Done ---
