0 48 -1
0 54 74
0 54 93
0 54 94
0 54 73
0 54 83
0 54 84
1 48 14
1 48 17
1 48 28
1 48 48
1 48 15
1 48 25
1 48 34
1 48 45
1 48 58
1 48 64
1 48 83
1 48 84
1 48 85
1 48 88
1 54 4
1 54 21
1 54 23
1 54 71
1 54 93
1 54 94
1 54 99
1 54 16
1 54 20
1 54 26
1 54 40
1 54 42
1 54 43
1 54 62
1 54 74
1 54 82
1 65 22
1 65 97
2 32 5
2 48 6
2 48 8
2 48 9
2 48 59
2 48 14
2 48 17
2 48 49
2 48 69
2 48 77
2 48 78
2 48 85
2 48 88
2 48 98
2 48 56
2 48 76
2 48 83
2 48 84
2 48 86
2 48 15
2 48 25
2 48 44
2 48 46
2 48 73
2 54 71
2 54 81
2 54 92
2 54 94
2 54 99
2 54 3
2 54 4
2 54 23
2 54 30
2 54 51
2 54 87
2 54 7
2 54 11
2 54 16
2 54 35
2 54 40
2 54 41
2 54 47
2 65 79
2 65 95
2 65 97
2 65 52
2 65 61
2 65 62
2 65 74
2 65 65
3 32 70
3 32 75
3 48 6
3 48 9
3 48 18
3 48 19
3 48 28
3 48 39
3 48 59
3 48 17
3 48 48
3 48 49
3 48 13
3 48 26
3 48 36
3 48 84
3 48 85
3 48 86
3 48 88
3 48 25
3 48 34
3 48 38
3 48 45
3 48 46
3 48 55
3 48 65
3 48 73
3 54 71
3 54 81
3 54 94
3 54 99
3 54 3
3 54 4
3 54 23
3 54 27
3 54 50
3 54 51
3 65 60
3 65 79
3 65 89
3 65 90
3 65 95
3 65 97
3 65 22
3 65 72
3 65 96
3 65 11
3 65 33
3 65 40
3 65 41
3 65 42
3 65 47
3 65 52
3 65 56
3 65 61
3 65 62
3 65 68
3 65 69
3 65 74
3 65 77
3 65 83
4 32 5
4 32 32
4 32 50
4 32 51
4 32 13
4 32 66
4 32 73
4 32 34
4 32 46
4 40 80
4 40 91
4 40 0
4 40 2
4 40 83
4 40 84
4 48 6
4 48 8
4 48 9
4 48 18
4 48 28
4 48 29
4 48 59
4 48 14
4 48 17
4 48 48
4 48 49
4 48 68
4 48 69
4 48 78
4 48 85
4 48 88
4 48 37
4 48 38
4 48 56
4 48 57
4 48 67
4 48 76
4 48 86
4 48 75
4 54 94
4 54 99
4 54 27
4 54 87
4 54 93
4 54 96
4 54 16
4 54 21
4 54 23
4 54 30
4 54 35
4 54 36
4 54 47
4 65 79
4 65 89
4 65 90
4 65 97
4 65 10
4 65 22
4 65 72
4 65 74
4 65 82
4 65 11
4 65 20
4 65 31
4 65 33
4 65 42
4 65 43
4 65 52
4 65 58
4 65 61
4 65 63
4 65 64
4 65 44
5 32 5
5 32 75
5 32 32
5 32 41
5 32 42
5 32 43
5 32 46
5 32 52
5 32 53
5 32 55
5 32 61
5 32 62
5 32 63
5 40 80
5 40 91
5 40 0
5 40 2
5 40 93
5 40 21
5 40 23
5 40 30
5 40 50
5 40 13
5 40 83
5 40 11
5 40 20
5 40 22
5 40 31
5 40 33
5 40 34
5 40 40
5 48 8
5 48 9
5 48 18
5 48 28
5 48 29
5 48 39
5 48 59
5 48 14
5 48 17
5 48 68
5 48 7
5 48 16
5 48 26
5 48 36
5 48 37
5 48 56
5 48 57
5 48 67
5 48 78
5 48 85
5 48 86
5 54 94
5 54 99
5 54 3
5 54 4
5 54 27
5 54 70
5 54 71
5 65 89
5 65 90
5 65 95
5 65 97
5 65 60
5 65 87
5 65 96
5 65 54
5 65 74
5 65 82
5 65 98
5 65 15
5 65 25
5 65 38
5 65 64
5 65 65
5 65 73
5 65 24
6 32 5
6 32 32
6 37 -1
6 40 80
6 40 91
6 40 12
6 40 71
6 40 93
6 40 1
6 40 10
6 40 21
6 40 22
6 40 30
6 40 50
6 40 11
6 40 20
6 40 33
6 40 83
6 40 41
6 40 42
6 40 61
6 48 8
6 48 6
6 48 9
6 48 14
6 48 19
6 48 28
6 48 59
6 48 85
6 48 98
6 48 27
6 48 48
6 48 49
6 48 68
6 48 69
6 48 77
6 48 78
6 48 7
6 48 16
6 48 36
6 54 92
6 54 94
6 54 99
6 54 70
6 54 4
6 54 54
6 54 24
6 54 34
6 54 40
6 54 44
6 54 46
6 54 53
6 54 64
6 54 65
6 65 79
6 65 89
6 65 90
6 65 95
6 65 97
6 65 60
6 65 87
6 65 96
6 65 74
6 65 35
6 65 38
6 65 47
6 65 57
6 65 67
6 65 73
6 65 76
6 65 15
6 65 25
6 65 52
6 65 58
6 65 62
6 65 63
7 32 5
7 32 32
7 37 37
7 40 80
7 40 91
7 40 0
7 40 60
7 40 71
7 40 93
7 40 1
7 40 10
7 40 22
7 40 30
7 40 82
7 40 20
7 40 31
7 40 33
7 40 41
7 40 43
7 40 52
7 40 61
7 40 62
7 40 83
7 48 8
7 48 14
7 48 18
7 48 29
7 48 39
7 48 59
7 48 85
7 48 98
7 48 17
7 48 27
7 48 48
7 48 49
7 48 68
7 48 69
7 48 77
7 48 86
7 48 7
7 48 13
7 48 36
7 48 38
7 48 67
7 48 73
7 48 75
7 48 76
7 54 81
7 54 94
7 54 99
7 54 70
7 54 87
7 54 96
7 54 3
7 54 4
7 54 54
7 54 84
7 54 15
7 54 24
7 54 40
7 54 44
7 54 46
7 54 53
7 54 55
7 54 58
7 54 63
7 54 66
7 65 79
7 65 90
7 65 97
7 65 65
8 32 14
8 32 32
8 37 6
8 37 9
8 37 18
8 37 29
8 37 39
8 40 91
8 40 0
8 40 2
8 40 12
8 40 60
8 40 93
8 40 22
8 40 50
8 40 51
8 40 72
8 40 82
8 40 13
8 40 20
8 40 23
8 40 31
8 40 41
8 40 42
8 40 43
8 48 -1
8 54 81
8 54 92
8 54 94
8 54 70
8 54 87
8 54 96
8 54 4
8 54 27
8 54 74
8 54 86
8 54 7
8 54 16
8 54 35
8 54 36
8 54 52
8 54 61
8 54 83
8 54 84
8 54 40
8 54 54
8 54 56
8 54 57
8 54 63
8 54 73
8 54 76
8 54 25
8 54 44
8 54 55
8 65 79
8 65 89
8 65 90
8 65 85
8 65 88
8 65 98
8 65 49
8 65 77
8 65 58
8 65 64
8 65 65
8 65 66
9 32 32
9 37 -1
9 40 91
9 40 12
9 40 40
9 48 8
9 48 6
9 48 9
9 48 14
9 48 18
9 48 39
9 48 59
9 48 85
9 48 27
9 48 77
9 48 78
9 48 13
9 48 16
9 48 36
9 48 47
9 48 56
9 48 57
9 48 67
9 48 73
9 48 76
9 48 84
9 48 15
9 48 25
9 48 24
9 48 34
9 48 44
9 54 81
9 54 99
9 54 93
9 54 1
9 54 21
9 54 30
9 54 11
9 54 20
9 54 23
9 54 31
9 54 33
9 54 35
9 54 41
9 54 42
9 54 43
9 54 54
9 54 63
9 65 89
9 65 95
9 65 97
9 65 60
9 65 87
10 32 2
10 32 14
10 37 9
10 37 19
10 37 28
10 37 29
10 37 3
10 37 4
10 37 16
10 37 37
10 40 -1
10 48 -1
10 54 81
10 54 99
10 54 71
10 54 93
10 54 21
10 54 51
10 54 13
10 54 54
10 65 79
10 65 90
10 65 95
10 65 97
10 65 88
10 65 96
10 65 82
10 65 86
10 65 33
10 65 35
10 65 36
10 65 38
10 65 42
10 65 57
10 65 61
10 65 62
10 65 73
10 65 75
10 65 83
10 65 53
10 65 24
10 65 34
11 32 2
11 32 5
11 32 17
11 32 21
11 32 51
11 32 75
11 37 28
11 40 71
11 40 40
11 48 -1
11 54 54
11 65 89
11 65 85
11 65 87
11 65 82
11 65 56
--- Done ---
