0 54 73
0 54 74
0 54 83
0 54 84
0 54 93
0 78 94
1 36 4
1 36 14
1 36 15
1 36 16
1 36 17
1 36 22
1 36 25
1 36 28
1 36 34
1 36 42
1 36 48
1 36 64
1 36 74
1 36 82
1 54 20
1 54 21
1 54 23
1 54 26
1 54 40
1 54 43
1 54 62
1 54 71
1 54 83
1 54 84
1 54 93
1 78 45
1 78 58
1 78 85
1 78 88
1 78 94
1 78 97
1 78 99
2 36 4
2 36 5
2 36 6
2 36 7
2 36 8
2 36 9
2 36 14
2 36 15
2 36 16
2 36 17
2 36 23
2 36 25
2 36 35
2 36 44
2 36 49
2 36 52
2 36 56
2 36 59
2 36 69
2 36 76
2 54 3
2 54 11
2 54 30
2 54 40
2 54 41
2 54 51
2 54 61
2 54 62
2 54 65
2 54 71
2 54 73
2 54 74
2 54 81
2 54 83
2 54 84
2 54 92
2 78 46
2 78 47
2 78 77
2 78 78
2 78 79
2 78 85
2 78 86
2 78 87
2 78 88
2 78 94
2 78 95
2 78 97
2 78 98
2 78 99
3 36 4
3 36 6
3 36 9
3 36 17
3 36 18
3 36 19
3 36 25
3 36 26
3 36 28
3 36 34
3 36 36
3 36 39
3 36 42
3 36 47
3 36 49
3 36 52
3 36 55
3 36 59
3 36 65
3 36 69
3 36 70
3 36 74
3 36 75
3 51 22
3 51 33
3 51 41
3 51 51
3 51 60
3 51 61
3 51 71
3 51 85
3 51 90
3 51 94
3 54 3
3 54 11
3 54 13
3 54 23
3 54 40
3 54 50
3 54 62
3 54 72
3 54 73
3 54 81
3 54 83
3 54 84
3 78 27
3 78 38
3 78 45
3 78 46
3 78 48
3 78 56
3 78 68
3 78 77
3 78 79
3 78 86
3 78 88
3 78 89
3 78 95
3 78 96
3 78 97
3 78 99
4 36 2
4 36 5
4 36 6
4 36 8
4 36 9
4 36 10
4 36 13
4 36 14
4 36 17
4 36 18
4 36 22
4 36 23
4 36 28
4 36 29
4 36 32
4 36 34
4 36 36
4 36 37
4 36 48
4 36 52
4 36 79
4 36 82
4 51 0
4 51 42
4 51 51
4 51 61
4 51 80
4 51 84
4 51 90
4 51 91
4 51 94
4 54 11
4 54 16
4 54 20
4 54 21
4 54 27
4 54 30
4 54 31
4 54 33
4 54 43
4 54 44
4 54 46
4 54 50
4 54 58
4 54 63
4 54 64
4 54 67
4 54 72
4 54 73
4 54 74
4 54 75
4 54 83
4 54 93
4 78 35
4 78 38
4 78 47
4 78 49
4 78 56
4 78 57
4 78 59
4 78 66
4 78 68
4 78 69
4 78 76
4 78 78
4 78 85
4 78 86
4 78 87
4 78 88
4 78 89
4 78 96
4 78 97
4 78 99
5 11 3
5 11 4
5 11 5
5 11 11
5 11 13
5 11 21
5 11 24
5 11 26
5 11 30
5 11 31
5 11 32
5 11 34
5 11 41
5 11 42
5 11 43
5 11 53
5 11 61
5 11 67
5 36 2
5 36 7
5 36 8
5 36 9
5 36 14
5 36 15
5 36 16
5 36 17
5 36 25
5 36 28
5 36 29
5 36 36
5 36 37
5 36 57
5 36 59
5 36 68
5 36 75
5 36 82
5 51 0
5 51 22
5 51 33
5 51 46
5 51 50
5 51 56
5 51 60
5 51 62
5 51 63
5 51 64
5 51 65
5 51 73
5 51 74
5 51 80
5 51 85
5 51 90
5 51 91
5 51 96
5 54 20
5 54 23
5 54 40
5 54 52
5 54 54
5 54 55
5 54 70
5 54 71
5 54 83
5 54 86
5 54 87
5 54 93
5 54 99
5 78 18
5 78 27
5 78 38
5 78 39
5 78 78
5 78 89
5 78 94
5 78 95
5 78 97
5 78 98
6 11 11
6 11 60
6 36 4
6 36 5
6 36 6
6 36 7
6 36 8
6 36 9
6 36 10
6 36 14
6 36 15
6 36 19
6 36 22
6 36 28
6 36 32
6 36 36
6 36 42
6 36 44
6 36 64
6 36 74
6 51 12
6 51 34
6 51 40
6 51 41
6 51 50
6 51 52
6 51 53
6 51 61
6 51 62
6 51 70
6 51 71
6 51 73
6 51 80
6 51 90
6 51 91
6 51 92
6 51 94
6 54 1
6 54 16
6 54 20
6 54 21
6 54 24
6 54 25
6 54 30
6 54 33
6 54 46
6 54 54
6 54 63
6 54 67
6 54 83
6 54 93
6 78 27
6 78 35
6 78 38
6 78 47
6 78 48
6 78 49
6 78 57
6 78 58
6 78 59
6 78 65
6 78 68
6 78 69
6 78 76
6 78 77
6 78 78
6 78 79
6 78 85
6 78 87
6 78 89
6 78 95
6 78 96
6 78 97
6 78 98
6 78 99
7 11 1
7 11 3
7 11 10
7 11 13
7 11 31
7 11 33
7 11 41
7 11 62
7 36 4
7 36 5
7 36 7
7 36 8
7 36 14
7 36 15
7 36 17
7 36 29
7 36 36
7 36 43
7 36 55
7 51 0
7 51 20
7 51 22
7 51 24
7 51 32
7 51 40
7 51 44
7 51 52
7 51 53
7 51 60
7 51 61
7 51 63
7 51 71
7 51 73
7 51 80
7 51 81
7 51 84
7 51 90
7 51 91
7 54 30
7 54 37
7 54 54
7 54 70
7 54 82
7 54 83
7 54 87
7 54 93
7 78 18
7 78 27
7 78 38
7 78 39
7 78 46
7 78 48
7 78 49
7 78 58
7 78 59
7 78 65
7 78 66
7 78 67
7 78 68
7 78 69
7 78 75
7 78 76
7 78 77
7 78 79
7 78 85
7 78 86
7 78 94
7 78 96
7 78 97
7 78 98
7 78 99
8 11 2
8 11 4
8 11 22
8 11 23
8 11 31
8 11 43
8 11 50
8 11 52
8 36 6
8 36 7
8 36 9
8 36 13
8 36 14
8 36 16
8 36 18
8 36 25
8 36 27
8 36 29
8 36 35
8 36 36
8 36 42
8 36 55
8 36 64
8 36 70
8 36 74
8 36 79
8 36 82
8 51 0
8 51 12
8 51 20
8 51 32
8 51 41
8 51 44
8 51 51
8 51 60
8 51 61
8 51 63
8 51 72
8 51 73
8 51 90
8 51 91
8 51 94
8 54 40
8 54 54
8 54 81
8 54 83
8 54 84
8 54 92
8 54 93
8 78 39
8 78 49
8 78 56
8 78 57
8 78 58
8 78 65
8 78 66
8 78 76
8 78 77
8 78 85
8 78 86
8 78 87
8 78 88
8 78 89
8 78 96
8 78 98
9 11 1
9 11 11
9 11 12
9 11 15
9 11 20
9 11 21
9 11 23
9 11 24
9 11 30
9 11 31
9 11 32
9 11 33
9 11 34
9 11 41
9 11 60
9 11 67
9 36 6
9 36 8
9 36 9
9 36 13
9 36 14
9 36 16
9 36 25
9 36 36
9 36 42
9 51 40
9 51 44
9 51 63
9 51 73
9 51 81
9 51 84
9 51 85
9 51 91
9 54 27
9 54 54
9 54 87
9 54 93
9 78 18
9 78 35
9 78 39
9 78 43
9 78 47
9 78 56
9 78 57
9 78 59
9 78 76
9 78 77
9 78 78
9 78 89
9 78 95
9 78 97
9 78 99
10 11 -1
10 36 2
10 36 9
10 36 13
10 36 14
10 36 19
10 36 24
10 36 28
10 36 29
10 36 36
10 36 42
10 36 53
10 51 51
10 51 90
10 54 3
10 54 4
10 54 16
10 54 21
10 54 33
10 54 34
10 54 37
10 54 54
10 54 57
10 54 61
10 54 62
10 54 71
10 54 73
10 54 81
10 54 82
10 54 83
10 54 86
10 54 93
10 78 35
10 78 38
10 78 75
10 78 79
10 78 88
10 78 95
10 78 96
10 78 97
10 78 99
11 11 -1
11 36 2
11 36 5
11 36 17
11 36 28
11 51 51
11 51 56
11 51 85
11 54 21
11 54 40
11 54 54
11 54 71
11 54 82
11 78 75
11 78 87
11 78 89
--- Done ---
