0 74 73
0 74 74
0 74 83
0 74 84
0 74 93
0 74 94
0 78 -1
1 14 4
1 14 14
1 14 15
1 14 20
1 14 22
1 14 23
1 14 25
1 14 26
1 14 34
1 28 16
1 28 17
1 28 28
1 28 48
1 28 58
1 62 40
1 62 42
1 62 62
1 62 64
1 62 71
1 62 82
1 62 83
1 62 85
1 62 93
1 74 21
1 74 74
1 74 84
1 74 94
1 78 43
1 78 45
1 78 88
1 78 97
1 78 99
2 14 3
2 14 5
2 14 11
2 14 14
2 14 15
2 14 17
2 14 23
2 14 25
2 14 44
2 14 51
2 28 4
2 28 6
2 28 7
2 28 8
2 28 9
2 28 16
2 28 35
2 28 47
2 62 30
2 62 40
2 62 41
2 62 46
2 62 52
2 62 61
2 62 62
2 62 65
2 62 71
2 62 73
2 62 81
2 62 83
2 62 84
2 62 85
2 62 92
2 74 74
2 74 94
2 74 95
2 78 49
2 78 56
2 78 59
2 78 69
2 78 76
2 78 77
2 78 78
2 78 79
2 78 86
2 78 87
2 78 88
2 78 97
2 78 98
2 78 99
3 14 3
3 14 4
3 14 6
3 14 11
3 14 13
3 14 17
3 14 22
3 14 23
3 14 25
3 14 26
3 14 33
3 14 34
3 14 51
3 14 55
3 28 9
3 28 18
3 28 19
3 28 28
3 28 38
3 28 47
3 28 48
3 62 40
3 62 41
3 62 42
3 62 50
3 62 52
3 62 60
3 62 61
3 62 62
3 62 65
3 62 70
3 62 71
3 62 72
3 62 73
3 62 75
3 62 81
3 62 83
3 62 84
3 62 85
3 62 90
3 74 46
3 74 56
3 74 74
3 74 77
3 74 94
3 74 95
3 78 27
3 78 36
3 78 39
3 78 45
3 78 49
3 78 59
3 78 68
3 78 69
3 78 79
3 78 86
3 78 88
3 78 89
3 78 96
3 78 97
3 78 99
4 14 0
4 14 2
4 14 5
4 14 10
4 14 11
4 14 13
4 14 14
4 14 20
4 14 22
4 14 23
4 14 32
4 14 33
4 14 34
4 14 44
4 28 6
4 28 8
4 28 9
4 28 16
4 28 17
4 28 18
4 28 27
4 28 28
4 28 29
4 28 35
4 28 36
4 28 37
4 28 46
4 28 47
4 28 48
4 28 56
4 28 58
4 28 66
4 28 67
4 62 30
4 62 31
4 62 42
4 62 52
4 62 61
4 62 64
4 62 73
4 62 80
4 62 83
4 62 84
4 62 85
4 62 90
4 71 21
4 71 43
4 71 50
4 71 51
4 71 63
4 71 72
4 71 75
4 71 82
4 71 91
4 71 93
4 74 74
4 74 94
4 78 38
4 78 49
4 78 57
4 78 59
4 78 68
4 78 69
4 78 76
4 78 78
4 78 79
4 78 86
4 78 87
4 78 88
4 78 89
4 78 96
4 78 97
4 78 99
5 14 0
5 14 2
5 14 3
5 14 5
5 14 11
5 14 13
5 14 14
5 14 15
5 14 20
5 14 22
5 14 23
5 14 25
5 14 32
5 14 33
5 14 34
5 28 4
5 28 7
5 28 8
5 28 9
5 28 16
5 28 17
5 28 18
5 28 24
5 28 26
5 28 27
5 28 28
5 28 29
5 28 36
5 28 37
5 28 39
5 28 46
5 28 56
5 28 67
5 62 30
5 62 31
5 62 40
5 62 41
5 62 42
5 62 54
5 62 55
5 62 62
5 71 52
5 71 53
5 71 60
5 71 61
5 71 70
5 71 71
5 71 73
5 71 75
5 71 80
5 71 83
5 71 90
5 71 91
5 74 21
5 74 50
5 74 63
5 74 64
5 74 65
5 74 74
5 74 82
5 74 85
5 74 86
5 74 93
5 74 94
5 74 95
5 78 38
5 78 43
5 78 57
5 78 59
5 78 68
5 78 78
5 78 87
5 78 89
5 78 96
5 78 97
5 78 98
5 78 99
6 14 1
6 14 4
6 14 5
6 14 6
6 14 10
6 14 11
6 14 12
6 14 14
6 14 15
6 14 20
6 14 22
6 14 24
6 14 25
6 14 32
6 14 33
6 14 34
6 14 44
6 14 46
6 14 54
6 28 7
6 28 8
6 28 9
6 28 16
6 28 19
6 28 28
6 28 35
6 28 47
6 28 48
6 62 30
6 62 40
6 62 41
6 62 42
6 62 62
6 62 65
6 71 21
6 71 50
6 71 52
6 71 53
6 71 60
6 71 61
6 71 63
6 71 70
6 71 71
6 71 80
6 71 83
6 71 90
6 71 91
6 71 92
6 71 93
6 74 64
6 74 73
6 74 74
6 74 85
6 74 94
6 74 95
6 74 97
6 78 27
6 78 36
6 78 38
6 78 49
6 78 57
6 78 58
6 78 59
6 78 67
6 78 68
6 78 69
6 78 76
6 78 77
6 78 78
6 78 79
6 78 87
6 78 89
6 78 96
6 78 98
6 78 99
7 14 0
7 14 1
7 14 3
7 14 5
7 14 10
7 14 13
7 14 14
7 14 15
7 14 20
7 14 22
7 14 32
7 14 33
7 14 44
7 28 4
7 28 7
7 28 8
7 28 17
7 28 18
7 28 24
7 28 29
7 28 37
7 28 46
7 28 48
7 62 30
7 62 31
7 62 40
7 62 41
7 62 54
7 62 62
7 71 52
7 71 53
7 71 55
7 71 60
7 71 61
7 71 63
7 71 70
7 71 71
7 71 73
7 71 75
7 71 80
7 71 81
7 71 82
7 71 83
7 71 84
7 71 90
7 71 91
7 71 93
7 74 65
7 74 66
7 74 76
7 74 85
7 74 86
7 74 87
7 74 94
7 74 96
7 78 27
7 78 36
7 78 38
7 78 39
7 78 43
7 78 49
7 78 58
7 78 59
7 78 67
7 78 68
7 78 69
7 78 77
7 78 79
7 78 97
7 78 98
7 78 99
8 14 0
8 14 2
8 14 6
8 14 12
8 14 13
8 14 14
8 14 20
8 14 22
8 14 23
8 14 25
8 14 32
8 14 44
8 14 51
8 14 54
8 14 55
8 28 4
8 28 7
8 28 9
8 28 16
8 28 18
8 28 29
8 28 35
8 28 49
8 62 31
8 62 40
8 62 41
8 62 42
8 62 64
8 62 65
8 62 85
8 71 50
8 71 60
8 71 61
8 71 63
8 71 70
8 71 72
8 71 73
8 71 81
8 71 82
8 71 83
8 71 84
8 71 90
8 71 91
8 71 92
8 71 93
8 74 52
8 74 74
8 74 77
8 74 94
8 78 27
8 78 36
8 78 39
8 78 43
8 78 56
8 78 57
8 78 58
8 78 66
8 78 76
8 78 79
8 78 86
8 78 87
8 78 88
8 78 89
8 78 96
8 78 98
9 14 1
9 14 6
9 14 11
9 14 12
9 14 13
9 14 14
9 14 15
9 14 20
9 14 23
9 14 24
9 14 25
9 14 32
9 14 33
9 14 34
9 14 35
9 14 44
9 14 67
9 28 8
9 28 9
9 28 16
9 28 18
9 28 47
9 62 30
9 62 31
9 62 40
9 62 41
9 62 42
9 62 60
9 62 81
9 71 91
9 74 21
9 74 43
9 74 54
9 74 63
9 74 73
9 74 84
9 74 85
9 74 87
9 74 93
9 74 95
9 74 97
9 78 27
9 78 36
9 78 39
9 78 56
9 78 57
9 78 59
9 78 76
9 78 77
9 78 78
9 78 89
9 78 99
10 14 2
10 14 3
10 14 4
10 14 13
10 14 14
10 14 33
10 14 35
10 14 53
10 28 9
10 28 16
10 28 19
10 28 28
10 28 29
10 28 36
10 28 37
10 62 24
10 62 34
10 62 42
10 62 51
10 62 54
10 62 61
10 62 62
10 62 75
10 62 81
10 62 82
10 62 83
10 62 90
10 62 93
10 71 71
10 71 73
10 74 21
10 74 95
10 78 38
10 78 57
10 78 79
10 78 86
10 78 88
10 78 96
10 78 97
10 78 99
11 14 2
11 14 5
11 14 17
11 14 51
11 28 28
11 62 40
11 62 75
11 62 85
11 71 21
11 71 71
11 71 82
11 74 54
11 78 56
11 78 87
11 78 89
--- Done ---
