0 73 73
0 73 74
0 73 83
0 73 84
0 73 93
0 73 94
0 78 -1
1 13 4
1 13 14
1 13 15
1 13 23
1 13 25
1 13 34
1 17 16
1 17 17
1 17 26
1 17 45
1 31 20
1 31 21
1 31 22
1 31 40
1 31 42
1 31 43
1 47 28
1 47 48
1 73 62
1 73 64
1 73 71
1 73 74
1 73 82
1 73 83
1 73 84
1 73 85
1 73 93
1 73 94
1 78 58
1 78 88
1 78 97
1 78 99
2 13 3
2 13 4
2 13 14
2 13 15
2 13 23
2 13 25
2 13 51
2 17 5
2 17 6
2 17 7
2 17 8
2 17 9
2 17 16
2 17 17
2 31 11
2 31 30
2 31 35
2 31 40
2 31 41
2 31 44
2 31 52
2 47 46
2 47 47
2 47 49
2 47 56
2 47 65
2 73 61
2 73 62
2 73 71
2 73 73
2 73 74
2 73 81
2 73 83
2 73 84
2 73 85
2 73 92
2 73 94
2 78 59
2 78 69
2 78 76
2 78 77
2 78 78
2 78 79
2 78 88
2 78 97
2 78 99
2 96 86
2 96 87
2 96 95
2 96 98
3 13 3
3 13 4
3 13 11
3 13 13
3 13 22
3 13 23
3 13 25
3 13 34
3 13 51
3 17 6
3 17 9
3 17 17
3 17 18
3 17 19
3 17 26
3 17 27
3 17 28
3 17 36
3 17 38
3 17 39
3 17 45
3 17 46
3 21 33
3 21 41
3 21 42
3 31 40
3 31 50
3 31 52
3 47 47
3 47 48
3 47 49
3 47 55
3 47 65
3 73 61
3 73 73
3 73 74
3 73 84
3 73 94
3 78 56
3 78 59
3 78 68
3 78 69
3 78 77
3 78 79
3 78 88
3 78 89
3 78 97
3 78 99
3 81 60
3 81 62
3 81 70
3 81 71
3 81 72
3 81 75
3 81 81
3 81 83
3 81 90
3 96 85
3 96 86
3 96 95
3 96 96
4 13 13
4 13 14
4 13 34
4 13 51
4 17 5
4 17 6
4 17 8
4 17 9
4 17 16
4 17 17
4 17 18
4 17 27
4 17 28
4 17 29
4 17 36
4 17 37
4 17 46
4 21 0
4 21 10
4 21 21
4 21 23
4 21 33
4 31 2
4 31 11
4 31 20
4 31 22
4 31 30
4 31 31
4 31 32
4 31 35
4 31 42
4 31 43
4 31 44
4 31 50
4 31 52
4 31 63
4 47 38
4 47 47
4 47 48
4 47 49
4 47 56
4 47 57
4 47 58
4 47 68
4 47 69
4 73 61
4 73 64
4 73 73
4 73 74
4 73 94
4 78 59
4 78 66
4 78 67
4 78 76
4 78 78
4 78 79
4 78 87
4 78 88
4 78 89
4 78 97
4 78 99
4 81 72
4 81 75
4 81 80
4 81 82
4 81 83
4 81 90
4 81 91
4 96 84
4 96 85
4 96 86
4 96 93
4 96 96
5 13 3
5 13 4
5 13 5
5 13 13
5 13 15
5 13 24
5 13 25
5 13 34
5 17 7
5 17 8
5 17 9
5 17 16
5 17 17
5 17 18
5 17 26
5 17 27
5 17 28
5 17 29
5 17 36
5 17 37
5 17 38
5 17 39
5 17 46
5 21 0
5 21 2
5 21 11
5 21 14
5 21 20
5 21 21
5 21 22
5 21 23
5 21 33
5 21 41
5 31 30
5 31 31
5 31 32
5 31 40
5 31 42
5 31 43
5 31 50
5 31 52
5 31 53
5 31 63
5 47 55
5 47 56
5 73 54
5 73 61
5 73 64
5 73 65
5 73 73
5 73 74
5 73 94
5 78 57
5 78 59
5 78 67
5 78 68
5 78 78
5 78 87
5 78 89
5 78 97
5 78 99
5 81 60
5 81 62
5 81 70
5 81 71
5 81 75
5 81 80
5 81 82
5 81 83
5 81 90
5 81 91
5 96 85
5 96 86
5 96 93
5 96 95
5 96 96
5 96 98
6 13 4
6 13 5
6 13 24
6 13 25
6 13 34
6 13 44
6 17 6
6 17 7
6 17 8
6 17 9
6 17 15
6 17 16
6 17 19
6 17 27
6 17 28
6 17 36
6 17 38
6 21 1
6 21 10
6 21 11
6 21 12
6 21 14
6 21 20
6 21 21
6 21 22
6 21 30
6 21 32
6 21 33
6 21 41
6 21 42
6 31 40
6 31 50
6 31 52
6 31 63
6 47 35
6 47 46
6 47 47
6 47 48
6 47 49
6 47 69
6 73 53
6 73 54
6 73 61
6 73 64
6 73 65
6 73 73
6 73 74
6 73 85
6 73 93
6 73 94
6 78 57
6 78 58
6 78 59
6 78 67
6 78 68
6 78 76
6 78 77
6 78 78
6 78 79
6 78 87
6 78 89
6 78 97
6 78 99
6 81 60
6 81 62
6 81 70
6 81 71
6 81 80
6 81 83
6 81 90
6 81 91
6 81 92
6 96 95
6 96 96
6 96 98
7 13 1
7 13 3
7 13 4
7 13 5
7 13 13
7 13 14
7 13 15
7 13 24
7 13 44
7 17 7
7 17 8
7 17 17
7 17 18
7 17 27
7 17 29
7 21 0
7 21 10
7 21 20
7 21 22
7 21 30
7 21 32
7 21 33
7 21 41
7 21 43
7 31 31
7 31 40
7 31 52
7 47 36
7 47 37
7 47 38
7 47 39
7 47 46
7 47 48
7 47 49
7 47 55
7 47 65
7 73 53
7 73 54
7 73 61
7 73 62
7 73 63
7 73 70
7 73 71
7 73 73
7 73 75
7 73 82
7 73 83
7 73 85
7 73 93
7 73 94
7 78 58
7 78 59
7 78 66
7 78 67
7 78 68
7 78 69
7 78 76
7 78 77
7 78 79
7 78 87
7 78 97
7 78 99
7 81 60
7 81 80
7 81 81
7 81 90
7 81 91
7 96 84
7 96 86
7 96 96
7 96 98
8 13 4
8 13 13
8 13 14
8 13 25
8 13 51
8 17 6
8 17 7
8 17 9
8 17 16
8 17 18
8 17 27
8 17 29
8 17 36
8 17 39
8 21 0
8 21 12
8 21 22
8 21 23
8 31 2
8 31 20
8 31 31
8 31 32
8 31 35
8 31 40
8 31 41
8 31 42
8 31 43
8 31 44
8 31 50
8 31 52
8 31 63
8 47 49
8 47 55
8 73 54
8 73 61
8 73 64
8 73 65
8 73 73
8 73 74
8 73 84
8 73 93
8 73 94
8 78 56
8 78 57
8 78 58
8 78 66
8 78 76
8 78 77
8 78 79
8 78 87
8 78 88
8 78 89
8 81 60
8 81 70
8 81 72
8 81 81
8 81 82
8 81 83
8 81 90
8 81 91
8 81 92
8 96 85
8 96 86
8 96 96
8 96 98
9 13 13
9 13 15
9 13 24
9 13 25
9 13 34
9 17 6
9 17 8
9 17 9
9 17 16
9 17 18
9 17 36
9 21 1
9 21 12
9 21 14
9 21 21
9 21 23
9 21 33
9 31 11
9 31 20
9 31 30
9 31 31
9 31 32
9 31 35
9 31 40
9 31 41
9 31 42
9 31 43
9 31 44
9 31 63
9 47 27
9 47 39
9 47 47
9 73 54
9 73 73
9 73 85
9 73 93
9 78 56
9 78 57
9 78 59
9 78 67
9 78 76
9 78 77
9 78 78
9 78 87
9 78 89
9 78 97
9 78 99
9 81 60
9 81 81
9 81 91
9 96 84
9 96 95
10 13 3
10 13 4
10 13 13
10 13 14
10 13 24
10 13 34
10 13 51
10 17 9
10 17 16
10 17 19
10 17 29
10 17 36
10 17 37
10 21 21
10 21 33
10 31 2
10 31 42
10 31 53
10 47 28
10 47 35
10 47 38
10 73 54
10 73 61
10 73 73
10 78 57
10 78 79
10 78 88
10 78 97
10 78 99
10 81 62
10 81 71
10 81 75
10 81 81
10 81 82
10 81 83
10 81 90
10 96 86
10 96 93
10 96 95
10 96 96
11 13 2
11 13 5
11 13 51
11 17 17
11 17 28
11 21 21
11 31 40
11 47 -1
11 73 54
11 73 85
11 78 56
11 78 87
11 78 89
11 81 71
11 81 75
11 81 82
11 96 -1
--- Done ---
