0 48 73
0 48 74
0 48 83
0 48 84
0 48 93
0 48 94
0 54 -1
1 48 14
1 48 17
1 48 25
1 48 26
1 48 28
1 48 48
1 48 58
1 48 85
1 48 88
1 48 97
1 54 4
1 54 15
1 54 16
1 54 20
1 54 21
1 54 22
1 54 23
1 54 34
1 54 40
1 54 42
1 54 43
1 54 45
1 54 62
1 54 64
1 54 71
1 54 74
1 54 82
1 54 83
1 54 84
1 54 93
1 54 94
1 54 99
1 76 -1
2 11 -1
2 48 6
2 48 8
2 48 14
2 48 17
2 48 25
2 48 47
2 48 49
2 48 59
2 48 69
2 54 3
2 54 4
2 54 5
2 54 7
2 54 11
2 54 15
2 54 16
2 54 23
2 54 30
2 54 35
2 54 40
2 54 41
2 54 44
2 54 46
2 54 51
2 54 52
2 54 56
2 54 61
2 54 62
2 54 71
2 54 73
2 54 74
2 54 81
2 54 83
2 54 92
2 73 -1
2 76 9
2 76 65
2 76 76
2 76 77
2 76 78
2 76 79
2 76 84
2 76 85
2 76 86
2 76 87
2 76 88
2 76 94
2 76 95
2 76 97
2 76 98
2 76 99
3 11 4
3 11 11
3 11 13
3 11 22
3 11 23
3 11 26
3 11 41
3 11 50
3 11 60
3 48 6
3 48 17
3 48 18
3 48 19
3 48 25
3 48 27
3 48 28
3 48 36
3 48 38
3 48 39
3 48 47
3 48 48
3 48 49
3 48 59
3 48 69
3 54 3
3 54 33
3 54 34
3 54 40
3 54 42
3 54 45
3 54 46
3 54 52
3 54 55
3 54 56
3 54 62
3 62 -1
3 73 51
3 73 61
3 73 70
3 73 71
3 73 72
3 73 73
3 73 74
3 73 81
3 73 83
3 73 84
3 73 90
3 73 94
3 76 9
3 76 65
3 76 68
3 76 75
3 76 77
3 76 79
3 76 85
3 76 86
3 76 88
3 76 89
3 76 95
3 76 96
3 76 97
3 76 99
4 11 0
4 11 2
4 11 5
4 11 10
4 11 11
4 11 13
4 11 14
4 11 20
4 11 21
4 11 22
4 11 23
4 11 30
4 11 31
4 11 32
4 48 6
4 48 8
4 48 17
4 48 18
4 48 27
4 48 28
4 48 29
4 48 36
4 48 37
4 48 38
4 48 47
4 48 48
4 48 49
4 48 57
4 48 58
4 48 59
4 48 69
4 54 16
4 54 33
4 54 34
4 54 35
4 54 43
4 54 44
4 54 46
4 54 56
4 54 64
4 62 42
4 62 50
4 62 51
4 62 52
4 62 61
4 62 63
4 62 72
4 62 90
4 71 -1
4 73 73
4 73 74
4 73 82
4 73 83
4 73 84
4 73 91
4 73 93
4 73 94
4 76 9
4 76 66
4 76 67
4 76 68
4 76 75
4 76 76
4 76 78
4 76 79
4 76 80
4 76 85
4 76 86
4 76 87
4 76 88
4 76 89
4 76 96
4 76 97
4 76 99
5 11 0
5 11 2
5 11 4
5 11 5
5 11 11
5 11 13
5 11 14
5 11 20
5 11 21
5 11 22
5 11 23
5 11 26
5 11 30
5 11 31
5 11 32
5 48 8
5 48 17
5 48 18
5 48 25
5 48 27
5 48 28
5 48 29
5 48 36
5 48 37
5 48 38
5 48 39
5 48 57
5 48 59
5 54 3
5 54 7
5 54 15
5 54 16
5 54 33
5 54 34
5 54 43
5 54 46
5 54 54
5 54 55
5 54 56
5 54 64
5 62 24
5 62 40
5 62 41
5 62 42
5 62 52
5 62 53
5 62 60
5 62 62
5 62 63
5 62 90
5 71 50
5 71 61
5 71 70
5 71 71
5 71 80
5 71 82
5 71 91
5 71 93
5 73 73
5 73 74
5 73 83
5 73 94
5 76 9
5 76 65
5 76 67
5 76 68
5 76 75
5 76 78
5 76 85
5 76 86
5 76 87
5 76 89
5 76 95
5 76 96
5 76 97
5 76 98
5 76 99
6 11 1
6 11 4
6 11 5
6 11 10
6 11 11
6 11 12
6 11 14
6 11 20
6 11 21
6 11 22
6 11 30
6 11 32
6 48 6
6 48 8
6 48 19
6 48 25
6 48 27
6 48 28
6 48 36
6 48 38
6 48 47
6 48 48
6 48 49
6 48 57
6 48 58
6 48 59
6 48 69
6 54 7
6 54 15
6 54 16
6 54 33
6 54 34
6 54 35
6 54 44
6 54 46
6 54 54
6 54 64
6 62 24
6 62 40
6 62 41
6 62 42
6 62 52
6 62 53
6 62 60
6 62 62
6 62 63
6 62 90
6 71 50
6 71 61
6 71 70
6 71 71
6 71 80
6 71 91
6 71 93
6 73 73
6 73 74
6 73 83
6 73 92
6 73 94
6 76 9
6 76 65
6 76 67
6 76 68
6 76 76
6 76 77
6 76 78
6 76 79
6 76 85
6 76 87
6 76 89
6 76 95
6 76 96
6 76 97
6 76 98
6 76 99
7 11 0
7 11 1
7 11 4
7 11 5
7 11 10
7 11 13
7 11 14
7 11 20
7 11 22
7 11 30
7 11 31
7 11 32
7 48 8
7 48 17
7 48 18
7 48 27
7 48 29
7 48 36
7 48 37
7 48 38
7 48 39
7 48 48
7 48 49
7 48 58
7 48 59
7 48 69
7 54 3
7 54 7
7 54 15
7 54 33
7 54 43
7 54 44
7 54 46
7 54 54
7 54 55
7 62 24
7 62 40
7 62 41
7 62 52
7 62 53
7 62 60
7 62 62
7 62 63
7 62 90
7 71 61
7 71 70
7 71 71
7 71 80
7 71 81
7 71 82
7 71 91
7 71 93
7 73 73
7 73 83
7 73 84
7 73 94
7 76 65
7 76 66
7 76 67
7 76 68
7 76 75
7 76 76
7 76 77
7 76 79
7 76 85
7 76 86
7 76 87
7 76 96
7 76 97
7 76 98
7 76 99
8 11 0
8 11 2
8 11 4
8 11 12
8 11 13
8 11 14
8 11 20
8 11 22
8 11 23
8 11 31
8 11 32
8 48 6
8 48 18
8 48 25
8 48 27
8 48 29
8 48 36
8 48 39
8 48 49
8 48 57
8 48 58
8 54 7
8 54 16
8 54 35
8 54 43
8 54 44
8 54 54
8 54 55
8 54 56
8 54 64
8 62 40
8 62 41
8 62 42
8 62 51
8 62 52
8 62 60
8 62 63
8 62 72
8 62 90
8 71 50
8 71 61
8 71 70
8 71 81
8 71 82
8 71 91
8 71 93
8 73 73
8 73 74
8 73 83
8 73 84
8 73 92
8 73 94
8 76 9
8 76 65
8 76 66
8 76 76
8 76 77
8 76 79
8 76 85
8 76 86
8 76 87
8 76 88
8 76 89
8 76 96
8 76 98
9 11 1
9 11 11
9 11 12
9 11 13
9 11 14
9 11 20
9 11 21
9 11 23
9 11 30
9 11 31
9 11 32
9 48 6
9 48 8
9 48 18
9 48 25
9 48 27
9 48 36
9 48 39
9 48 47
9 48 57
9 48 59
9 54 15
9 54 16
9 54 33
9 54 34
9 54 35
9 54 43
9 54 44
9 54 54
9 54 56
9 62 24
9 62 40
9 62 41
9 62 42
9 62 60
9 62 63
9 71 81
9 71 91
9 71 93
9 73 73
9 73 84
9 76 9
9 76 67
9 76 76
9 76 77
9 76 78
9 76 85
9 76 87
9 76 89
9 76 95
9 76 97
9 76 99
10 11 2
10 11 4
10 11 13
10 11 14
10 11 21
10 48 19
10 48 28
10 48 29
10 48 36
10 48 37
10 48 38
10 48 57
10 54 3
10 54 16
10 54 33
10 54 34
10 54 35
10 54 54
10 62 24
10 62 42
10 62 51
10 62 53
10 62 62
10 62 90
10 71 61
10 71 71
10 71 81
10 71 82
10 71 93
10 73 73
10 73 83
10 76 9
10 76 75
10 76 79
10 76 86
10 76 88
10 76 95
10 76 96
10 76 97
10 76 99
11 11 2
11 11 5
11 11 21
11 48 17
11 48 28
11 54 54
11 54 56
11 62 40
11 62 51
11 71 71
11 71 82
11 73 -1
11 76 75
11 76 85
11 76 87
11 76 89
--- Done ---
