0 1 10
0 1 11
0 1 12
0 1 20
0 1 21
0 1 22
1 1 1
1 1 2
1 1 3
1 1 4
1 1 10
1 1 12
1 1 13
1 1 21
1 1 22
1 1 31
1 1 41
1 35 5
1 35 7
1 35 8
1 35 14
1 35 16
1 35 19
1 35 25
1 35 26
1 35 27
1 35 29
1 35 33
1 35 36
1 35 37
1 35 42
1 35 43
1 35 44
1 35 46
1 35 48
1 35 53
1 35 55
1 35 56
1 35 61
1 35 62
1 35 63
1 35 64
1 35 65
1 35 70
1 35 71
1 35 72
1 35 73
1 35 78
1 35 84
1 35 85
1 35 90
1 35 91
1 35 92
1 35 97
2 1 4
2 1 13
2 1 21
2 1 30
2 35 5
2 35 8
2 35 14
2 35 15
2 35 18
2 35 26
2 35 28
2 35 29
2 35 34
2 35 35
2 35 37
2 35 39
2 35 42
2 35 43
2 35 47
2 35 54
2 35 56
2 35 58
2 35 59
2 35 63
2 35 64
2 35 66
2 35 68
2 35 69
2 35 72
2 35 74
2 35 75
2 35 76
2 35 83
2 35 84
2 35 87
2 35 88
2 35 92
2 35 94
2 35 96
2 35 98
3 1 1
3 1 3
3 1 4
3 1 10
3 1 11
3 1 12
3 1 13
3 1 21
3 1 22
3 1 30
3 1 50
3 35 8
3 35 14
3 35 16
3 35 18
3 35 27
3 35 29
3 35 33
3 35 34
3 35 35
3 35 36
3 35 37
3 35 38
3 35 44
3 35 46
3 35 49
3 35 52
3 35 53
3 35 55
3 35 56
3 35 57
3 35 58
3 35 59
3 35 60
3 35 62
3 35 63
3 35 64
3 35 65
3 35 66
3 35 72
3 35 73
3 35 75
3 35 77
3 35 81
3 35 85
3 35 87
3 35 94
3 35 99
4 1 3
4 1 10
4 1 12
4 1 13
4 1 21
4 1 22
4 1 31
4 35 8
4 35 9
4 35 16
4 35 18
4 35 19
4 35 23
4 35 27
4 35 28
4 35 33
4 35 34
4 35 35
4 35 38
4 35 39
4 35 47
4 35 51
4 35 54
4 35 55
4 35 57
4 35 59
4 35 62
4 35 63
4 35 65
4 35 70
4 35 71
4 35 74
4 35 75
4 35 78
4 35 84
4 35 87
4 35 89
4 35 90
4 35 92
4 35 95
4 35 97
4 35 98
4 35 99
5 1 0
5 1 1
5 1 3
5 1 13
5 1 41
5 35 6
5 35 9
5 35 17
5 35 23
5 35 27
5 35 28
5 35 35
5 35 38
5 35 39
5 35 42
5 35 44
5 35 45
5 35 47
5 35 49
5 35 53
5 35 54
5 35 55
5 35 57
5 35 64
5 35 66
5 35 70
5 35 73
5 35 74
5 35 75
5 35 76
5 35 77
5 35 79
5 35 81
5 35 82
5 35 83
5 35 85
5 35 86
5 35 89
5 35 95
5 35 96
5 35 97
5 35 98
5 35 99
6 1 3
6 1 11
6 1 22
6 1 30
6 1 31
6 1 41
6 35 8
6 35 14
6 35 15
6 35 16
6 35 18
6 35 23
6 35 24
6 35 25
6 35 26
6 35 27
6 35 32
6 35 37
6 35 38
6 35 39
6 35 42
6 35 44
6 35 45
6 35 47
6 35 51
6 35 52
6 35 53
6 35 54
6 35 56
6 35 58
6 35 59
6 35 60
6 35 62
6 35 63
6 35 64
6 35 65
6 35 66
6 35 67
6 35 73
6 35 83
6 35 84
6 35 89
6 35 92
6 35 94
6 35 95
6 35 97
6 35 98
7 1 0
7 1 4
7 1 12
7 1 21
7 1 31
7 1 40
7 35 6
7 35 7
7 35 9
7 35 15
7 35 17
7 35 23
7 35 24
7 35 26
7 35 28
7 35 29
7 35 32
7 35 33
7 35 34
7 35 36
7 35 38
7 35 39
7 35 42
7 35 45
7 35 46
7 35 47
7 35 51
7 35 52
7 35 56
7 35 57
7 35 58
7 35 61
7 35 63
7 35 64
7 35 65
7 35 66
7 35 67
7 35 72
7 35 76
7 35 79
7 35 80
7 35 81
7 35 83
7 35 84
7 35 92
7 35 95
7 35 98
7 35 99
8 1 0
8 1 12
8 1 21
8 1 22
8 1 40
8 1 50
8 35 5
8 35 8
8 35 15
8 35 17
8 35 24
8 35 26
8 35 27
8 35 28
8 35 32
8 35 33
8 35 34
8 35 37
8 35 39
8 35 42
8 35 43
8 35 45
8 35 47
8 35 48
8 35 55
8 35 56
8 35 58
8 35 59
8 35 61
8 35 63
8 35 65
8 35 67
8 35 68
8 35 72
8 35 73
8 35 76
8 35 78
8 35 81
8 35 82
8 35 83
8 35 84
8 35 88
8 35 91
8 35 92
8 35 93
8 35 94
8 35 96
8 35 97
9 1 0
9 1 3
9 1 4
9 1 20
9 1 22
9 1 41
9 1 50
9 35 9
9 35 16
9 35 17
9 35 23
9 35 26
9 35 28
9 35 32
9 35 35
9 35 36
9 35 37
9 35 39
9 35 42
9 35 43
9 35 46
9 35 47
9 35 48
9 35 54
9 35 57
9 35 58
9 35 60
9 35 62
9 35 63
9 35 69
9 35 70
9 35 73
9 35 74
9 35 75
9 35 79
9 35 82
9 35 84
9 35 85
9 35 91
9 35 94
9 35 99
--- Done ---
