0 1 10
0 1 11
0 1 20
0 1 22
0 55 12
0 55 21
1 1 1
1 1 2
1 1 3
1 1 4
1 1 5
1 1 7
1 1 10
1 1 12
1 1 13
1 1 14
1 1 21
1 1 22
1 1 26
1 1 29
1 1 43
1 1 61
1 1 64
1 55 8
1 55 16
1 55 19
1 55 25
1 55 27
1 55 31
1 55 33
1 55 36
1 55 37
1 55 41
1 55 42
1 55 44
1 55 46
1 55 48
1 55 53
1 55 55
1 55 56
1 55 62
1 55 63
1 55 65
1 55 70
1 55 71
1 55 72
1 55 73
1 55 78
1 55 84
1 55 85
1 55 90
1 55 91
1 55 92
1 55 97
2 1 4
2 1 5
2 1 13
2 1 15
2 1 29
2 1 30
2 1 47
2 1 54
2 1 76
2 55 8
2 55 14
2 55 18
2 55 21
2 55 26
2 55 28
2 55 34
2 55 35
2 55 37
2 55 39
2 55 42
2 55 43
2 55 56
2 55 58
2 55 59
2 55 63
2 55 64
2 55 66
2 55 68
2 55 69
2 55 72
2 55 74
2 55 75
2 55 83
2 55 84
2 55 87
2 55 88
2 55 92
2 55 94
2 55 96
2 55 98
3 1 1
3 1 3
3 1 4
3 1 10
3 1 11
3 1 12
3 1 13
3 1 14
3 1 22
3 1 29
3 1 34
3 1 52
3 1 58
3 1 60
3 1 64
3 55 8
3 55 16
3 55 18
3 55 21
3 55 27
3 55 30
3 55 33
3 55 35
3 55 36
3 55 37
3 55 38
3 55 44
3 55 46
3 55 49
3 55 50
3 55 53
3 55 55
3 55 56
3 55 57
3 55 59
3 55 62
3 55 63
3 55 65
3 55 66
3 55 72
3 55 73
3 55 75
3 55 77
3 55 81
3 55 85
3 55 87
3 55 94
3 55 99
4 1 3
4 1 10
4 1 12
4 1 13
4 1 16
4 1 31
4 1 33
4 1 47
4 1 51
4 1 54
4 55 8
4 55 9
4 55 18
4 55 19
4 55 21
4 55 22
4 55 23
4 55 27
4 55 28
4 55 34
4 55 35
4 55 38
4 55 39
4 55 55
4 55 57
4 55 59
4 55 62
4 55 63
4 55 65
4 55 70
4 55 71
4 55 74
4 55 75
4 55 78
4 55 84
4 55 87
4 55 89
4 55 90
4 55 92
4 55 95
4 55 97
4 55 98
4 55 99
5 1 0
5 1 1
5 1 3
5 1 13
5 1 41
5 1 45
5 1 54
5 1 64
5 1 76
5 1 81
5 1 82
5 55 6
5 55 9
5 55 17
5 55 23
5 55 27
5 55 28
5 55 35
5 55 38
5 55 39
5 55 42
5 55 44
5 55 47
5 55 49
5 55 53
5 55 55
5 55 57
5 55 66
5 55 70
5 55 73
5 55 74
5 55 75
5 55 77
5 55 79
5 55 83
5 55 85
5 55 86
5 55 89
5 55 95
5 55 96
5 55 97
5 55 98
5 55 99
6 1 3
6 1 11
6 1 14
6 1 16
6 1 22
6 1 24
6 1 25
6 1 42
6 1 54
6 1 58
6 1 64
6 55 8
6 55 15
6 55 18
6 55 23
6 55 26
6 55 27
6 55 30
6 55 31
6 55 32
6 55 37
6 55 38
6 55 39
6 55 41
6 55 44
6 55 45
6 55 47
6 55 51
6 55 52
6 55 53
6 55 56
6 55 59
6 55 60
6 55 62
6 55 63
6 55 65
6 55 66
6 55 67
6 55 73
6 55 83
6 55 84
6 55 89
6 55 92
6 55 94
6 55 95
6 55 97
6 55 98
7 1 0
7 1 4
7 1 7
7 1 12
7 1 23
7 1 29
7 1 31
7 1 32
7 1 40
7 1 51
7 1 61
7 1 64
7 1 81
7 55 6
7 55 9
7 55 15
7 55 17
7 55 21
7 55 24
7 55 26
7 55 28
7 55 33
7 55 34
7 55 36
7 55 38
7 55 39
7 55 42
7 55 45
7 55 46
7 55 47
7 55 52
7 55 56
7 55 57
7 55 58
7 55 63
7 55 65
7 55 66
7 55 67
7 55 72
7 55 76
7 55 79
7 55 80
7 55 83
7 55 84
7 55 92
7 55 95
7 55 98
7 55 99
8 1 0
8 1 5
8 1 12
8 1 15
8 1 21
8 1 22
8 1 26
8 1 32
8 1 33
8 1 40
8 1 42
8 1 43
8 1 45
8 1 47
8 1 50
8 1 58
8 1 76
8 1 93
8 55 8
8 55 17
8 55 24
8 55 27
8 55 28
8 55 34
8 55 37
8 55 39
8 55 48
8 55 55
8 55 56
8 55 59
8 55 61
8 55 63
8 55 65
8 55 67
8 55 68
8 55 72
8 55 73
8 55 78
8 55 81
8 55 82
8 55 83
8 55 84
8 55 88
8 55 91
8 55 92
8 55 94
8 55 96
8 55 97
9 1 0
9 1 3
9 1 4
9 1 16
9 1 20
9 1 22
9 1 23
9 1 26
9 1 32
9 1 42
9 1 47
9 1 50
9 55 9
9 55 17
9 55 28
9 55 35
9 55 36
9 55 37
9 55 39
9 55 41
9 55 43
9 55 46
9 55 48
9 55 54
9 55 57
9 55 58
9 55 60
9 55 62
9 55 63
9 55 69
9 55 70
9 55 73
9 55 74
9 55 75
9 55 79
9 55 82
9 55 84
9 55 85
9 55 91
9 55 94
9 55 99
--- Done ---
