0 1 10
0 1 11
0 1 12
0 1 20
0 1 21
0 1 22
1 1 1
1 1 2
1 1 3
1 1 7
1 1 14
1 1 16
1 1 21
1 1 22
1 1 25
1 1 26
1 1 31
1 1 37
1 1 41
1 1 42
1 1 43
1 1 46
1 1 56
1 1 62
1 1 63
1 1 64
1 1 65
1 1 72
1 1 73
1 1 78
1 1 91
1 44 4
1 44 5
1 44 8
1 44 10
1 44 12
1 44 13
1 44 19
1 44 27
1 44 29
1 44 33
1 44 36
1 44 44
1 44 48
1 44 53
1 44 55
1 44 61
1 44 70
1 44 71
1 44 84
1 44 85
1 44 90
1 44 92
1 44 97
2 1 13
2 1 14
2 1 15
2 1 37
2 1 42
2 1 54
2 1 63
2 1 64
2 1 66
2 1 72
2 1 75
2 1 76
2 1 84
2 1 94
2 44 4
2 44 5
2 44 8
2 44 18
2 44 21
2 44 26
2 44 28
2 44 29
2 44 30
2 44 34
2 44 35
2 44 39
2 44 43
2 44 47
2 44 56
2 44 58
2 44 59
2 44 68
2 44 69
2 44 74
2 44 83
2 44 87
2 44 88
2 44 92
2 44 96
2 44 98
3 1 1
3 1 3
3 1 14
3 1 16
3 1 34
3 1 38
3 1 53
3 1 55
3 1 56
3 1 60
3 1 62
3 1 63
3 1 64
3 1 66
3 1 72
3 1 73
3 1 75
3 1 81
3 1 94
3 44 4
3 44 8
3 44 10
3 44 11
3 44 12
3 44 13
3 44 18
3 44 21
3 44 22
3 44 27
3 44 29
3 44 30
3 44 33
3 44 35
3 44 36
3 44 37
3 44 44
3 44 46
3 44 49
3 44 50
3 44 52
3 44 57
3 44 58
3 44 59
3 44 65
3 44 77
3 44 85
3 44 87
3 44 99
4 1 8
4 1 12
4 1 16
4 1 31
4 1 33
4 1 54
4 1 55
4 1 62
4 1 63
4 1 65
4 1 75
4 1 78
4 1 90
4 1 95
4 43 3
4 43 9
4 43 10
4 43 13
4 43 18
4 43 19
4 43 21
4 43 22
4 43 23
4 43 27
4 43 28
4 43 34
4 43 35
4 43 38
4 43 39
4 43 47
4 43 51
4 43 57
4 43 59
4 43 70
4 43 71
4 43 74
4 43 84
4 43 87
4 43 89
4 43 92
4 43 97
4 43 98
4 43 99
5 1 0
5 1 1
5 1 3
5 1 17
5 1 35
5 1 41
5 1 44
5 1 54
5 1 55
5 1 73
5 1 75
5 1 76
5 1 82
5 43 6
5 43 9
5 43 13
5 43 23
5 43 27
5 43 28
5 43 38
5 43 39
5 43 42
5 43 45
5 43 47
5 43 49
5 43 53
5 43 57
5 43 64
5 43 66
5 43 70
5 43 74
5 43 77
5 43 79
5 43 81
5 43 83
5 43 85
5 43 86
5 43 89
5 43 95
5 43 96
5 43 97
5 43 98
5 43 99
6 1 3
6 1 11
6 1 14
6 1 18
6 1 22
6 1 23
6 1 26
6 1 30
6 1 31
6 1 32
6 1 37
6 1 41
6 1 42
6 1 44
6 1 54
6 1 58
6 1 60
6 1 63
6 1 64
6 1 66
6 1 73
6 1 83
6 1 84
6 1 94
6 1 95
6 43 8
6 43 15
6 43 16
6 43 24
6 43 25
6 43 27
6 43 38
6 43 39
6 43 45
6 43 47
6 43 51
6 43 52
6 43 53
6 43 56
6 43 59
6 43 62
6 43 65
6 43 67
6 43 89
6 43 92
6 43 97
6 43 98
7 1 0
7 1 7
7 1 12
7 1 17
7 1 21
7 1 29
7 1 32
7 1 33
7 1 34
7 1 38
7 1 61
7 1 63
7 1 64
7 1 65
7 1 66
7 1 76
7 1 81
7 1 95
7 43 4
7 43 6
7 43 9
7 43 15
7 43 23
7 43 24
7 43 26
7 43 28
7 43 31
7 43 36
7 43 39
7 43 40
7 43 42
7 43 45
7 43 46
7 43 47
7 43 51
7 43 52
7 43 56
7 43 57
7 43 58
7 43 67
7 43 72
7 43 79
7 43 80
7 43 83
7 43 84
7 43 92
7 43 98
7 43 99
8 1 0
8 1 21
8 1 32
8 1 34
8 1 42
8 1 50
8 1 55
8 1 61
8 1 63
8 1 65
8 1 73
8 1 76
8 1 78
8 1 81
8 1 82
8 1 83
8 1 91
8 1 93
8 1 94
8 14 5
8 14 8
8 14 12
8 14 15
8 14 17
8 14 22
8 14 24
8 14 26
8 14 27
8 14 28
8 14 33
8 14 37
8 14 39
8 14 40
8 14 43
8 14 45
8 14 47
8 14 48
8 14 56
8 14 58
8 14 59
8 14 67
8 14 68
8 14 72
8 14 84
8 14 88
8 14 92
8 14 96
8 14 97
9 1 0
9 1 16
9 1 36
9 1 47
9 1 54
9 1 63
9 1 75
9 1 82
9 1 84
9 1 91
9 14 3
9 14 4
9 14 9
9 14 17
9 14 20
9 14 22
9 14 23
9 14 26
9 14 28
9 14 32
9 14 35
9 14 37
9 14 39
9 14 41
9 14 42
9 14 43
9 14 46
9 14 48
9 14 50
9 14 57
9 14 58
9 14 60
9 14 62
9 14 69
9 14 70
9 14 73
9 14 74
9 14 79
9 14 85
9 14 94
9 14 99
--- Done ---
