0 1 10
0 1 11
0 1 12
0 1 20
0 1 21
0 1 22
1 1 1
1 1 2
1 1 3
1 1 4
1 1 5
1 1 10
1 1 12
1 1 13
1 1 14
1 1 16
1 1 21
1 1 41
1 1 53
1 1 61
1 36 7
1 36 8
1 36 19
1 36 25
1 36 26
1 36 27
1 36 29
1 36 31
1 36 33
1 36 36
1 36 37
1 36 42
1 36 43
1 36 46
1 36 48
1 36 55
1 36 56
1 36 62
1 36 63
1 36 64
1 36 78
1 75 22
1 75 44
1 75 65
1 75 70
1 75 71
1 75 72
1 75 73
1 75 84
1 75 85
1 75 90
1 75 91
1 75 92
1 75 97
2 1 4
2 1 5
2 1 13
2 1 14
2 1 15
2 1 21
2 1 30
2 1 54
2 36 8
2 36 18
2 36 26
2 36 28
2 36 29
2 36 34
2 36 35
2 36 37
2 36 39
2 36 42
2 36 43
2 36 56
2 36 58
2 36 59
2 36 63
2 36 64
2 36 68
2 36 76
2 36 84
2 36 94
2 36 98
2 75 47
2 75 66
2 75 69
2 75 72
2 75 74
2 75 75
2 75 83
2 75 87
2 75 88
2 75 92
2 75 96
3 1 1
3 1 3
3 1 4
3 1 10
3 1 11
3 1 12
3 1 13
3 1 14
3 1 16
3 1 21
3 1 30
3 1 50
3 1 52
3 1 53
3 27 8
3 27 18
3 27 27
3 27 29
3 27 33
3 27 34
3 27 35
3 27 36
3 27 37
3 27 38
3 27 44
3 27 46
3 27 49
3 27 55
3 27 56
3 27 57
3 27 58
3 27 59
3 27 65
3 27 66
3 27 72
3 54 22
3 54 60
3 54 62
3 54 63
3 54 64
3 54 73
3 54 75
3 54 77
3 54 81
3 54 85
3 54 87
3 54 94
3 54 99
4 1 3
4 1 10
4 1 12
4 1 13
4 1 16
4 1 21
4 1 22
4 1 23
4 27 8
4 27 9
4 27 18
4 27 19
4 27 27
4 27 28
4 27 33
4 27 35
4 27 38
4 27 39
4 27 65
4 27 89
4 54 31
4 54 34
4 54 47
4 54 51
4 54 54
4 54 55
4 54 57
4 54 62
4 54 70
4 54 71
4 54 74
4 54 78
4 54 84
4 54 87
4 54 90
4 54 92
4 54 95
4 54 99
4 75 59
4 75 63
4 75 75
4 75 97
4 75 98
5 1 0
5 1 1
5 1 3
5 1 13
5 1 23
5 1 41
5 1 42
5 1 54
5 27 6
5 27 9
5 27 17
5 27 27
5 27 28
5 27 35
5 27 38
5 27 39
5 27 45
5 27 47
5 27 49
5 27 55
5 27 57
5 27 66
5 27 79
5 27 89
5 75 44
5 75 53
5 75 64
5 75 70
5 75 73
5 75 74
5 75 75
5 75 76
5 75 77
5 75 81
5 75 82
5 75 83
5 75 85
5 75 86
5 75 95
5 75 96
5 75 97
5 75 98
5 75 99
6 1 3
6 1 11
6 1 14
6 1 15
6 1 16
6 1 23
6 1 25
6 1 30
6 1 41
6 1 42
6 1 45
6 1 52
6 1 53
6 1 54
6 27 8
6 27 18
6 27 24
6 27 27
6 27 37
6 27 38
6 27 39
6 27 44
6 27 47
6 75 22
6 75 26
6 75 31
6 75 32
6 75 56
6 75 60
6 75 62
6 75 67
6 75 73
6 75 84
6 96 51
6 96 58
6 96 59
6 96 63
6 96 64
6 96 65
6 96 66
6 96 83
6 96 89
6 96 92
6 96 94
6 96 95
6 96 97
6 96 98
7 1 0
7 1 4
7 1 12
7 1 21
7 1 31
7 1 33
7 1 40
7 1 42
7 1 52
7 1 61
7 27 6
7 27 7
7 27 9
7 27 17
7 27 23
7 27 24
7 27 26
7 27 28
7 27 29
7 27 32
7 27 34
7 27 36
7 27 38
7 27 39
7 27 45
7 27 46
7 27 47
7 27 56
7 27 57
7 27 58
7 27 65
7 27 66
7 27 67
7 27 72
7 27 76
7 27 79
7 27 84
7 96 15
7 96 51
7 96 63
7 96 64
7 96 80
7 96 81
7 96 83
7 96 92
7 96 95
7 96 98
7 96 99
8 1 0
8 1 5
8 1 12
8 1 15
8 1 21
8 1 22
8 1 33
8 1 40
8 1 42
8 1 45
8 1 50
8 1 61
8 55 8
8 55 17
8 55 24
8 55 26
8 55 27
8 55 28
8 55 32
8 55 34
8 55 37
8 55 39
8 55 43
8 55 47
8 55 48
8 55 55
8 55 58
8 55 67
8 55 93
8 75 56
8 75 59
8 75 63
8 75 65
8 75 68
8 75 72
8 75 73
8 75 76
8 75 78
8 75 81
8 75 82
8 75 83
8 75 84
8 75 88
8 75 91
8 75 92
8 75 94
8 75 96
8 75 97
9 1 0
9 1 3
9 1 4
9 1 16
9 1 22
9 1 23
9 1 41
9 1 42
9 1 43
9 1 50
9 55 9
9 55 17
9 55 20
9 55 28
9 55 36
9 55 37
9 55 39
9 55 47
9 55 48
9 55 58
9 55 74
9 55 84
9 55 85
9 55 91
9 75 26
9 75 32
9 75 35
9 75 46
9 75 54
9 75 57
9 75 60
9 75 62
9 75 63
9 75 69
9 75 70
9 75 73
9 75 75
9 75 79
9 75 82
9 75 94
9 75 99
--- Done ---
