0 1 10
0 1 11
0 1 12
0 1 20
0 1 21
0 1 22
1 1 1
1 1 2
1 1 3
1 1 7
1 1 12
1 1 13
1 1 14
1 1 16
1 1 36
1 1 41
1 1 42
1 1 44
1 1 56
1 1 61
1 1 65
1 1 71
1 1 72
1 1 84
1 1 91
1 43 4
1 43 5
1 43 8
1 43 10
1 43 19
1 43 21
1 43 22
1 43 25
1 43 26
1 43 27
1 43 29
1 43 31
1 43 33
1 43 37
1 43 43
1 43 46
1 43 48
1 43 53
1 43 55
1 43 62
1 43 63
1 43 64
1 43 70
1 43 73
1 43 78
1 43 85
1 43 90
1 43 92
1 43 97
2 1 8
2 1 14
2 1 21
2 1 29
2 1 30
2 1 35
2 1 42
2 1 54
2 1 58
2 1 63
2 1 64
2 1 66
2 1 72
2 1 75
2 1 83
2 1 94
2 43 4
2 43 5
2 43 13
2 43 15
2 43 18
2 43 26
2 43 28
2 43 34
2 43 37
2 43 39
2 43 43
2 43 47
2 43 56
2 43 59
2 43 68
2 43 69
2 43 74
2 43 76
2 43 84
2 43 87
2 43 88
2 43 92
2 43 96
2 43 98
3 1 1
3 1 3
3 1 8
3 1 12
3 1 14
3 1 16
3 1 33
3 1 36
3 1 44
3 1 46
3 1 50
3 1 53
3 1 56
3 1 60
3 1 62
3 1 63
3 1 64
3 1 65
3 1 66
3 1 73
3 1 75
3 1 94
3 43 4
3 43 10
3 43 11
3 43 13
3 43 18
3 43 21
3 43 22
3 43 27
3 43 29
3 43 30
3 43 34
3 43 35
3 43 37
3 43 38
3 43 49
3 43 52
3 43 55
3 43 57
3 43 58
3 43 59
3 43 72
3 43 77
3 43 81
3 43 85
3 43 87
3 43 99
4 1 3
4 1 8
4 1 10
4 1 12
4 1 16
4 1 18
4 1 22
4 1 35
4 1 38
4 1 51
4 1 55
4 1 62
4 1 63
4 1 65
4 1 71
4 1 75
4 1 78
4 1 84
4 1 90
4 1 95
4 43 9
4 43 13
4 43 19
4 43 21
4 43 23
4 43 27
4 43 28
4 43 31
4 43 33
4 43 34
4 43 39
4 43 47
4 43 54
4 43 57
4 43 59
4 43 70
4 43 74
4 43 87
4 43 89
4 43 92
4 43 97
4 43 98
4 43 99
5 1 0
5 1 1
5 1 3
5 1 17
5 1 23
5 1 35
5 1 38
5 1 42
5 1 44
5 1 45
5 1 53
5 1 54
5 1 55
5 1 64
5 1 66
5 1 73
5 1 75
5 1 76
5 1 82
5 1 95
5 43 6
5 43 9
5 43 13
5 43 27
5 43 28
5 43 39
5 43 41
5 43 47
5 43 49
5 43 57
5 43 70
5 43 74
5 43 77
5 43 79
5 43 81
5 43 83
5 43 85
5 43 86
5 43 89
5 43 96
5 43 97
5 43 98
5 43 99
6 1 3
6 1 14
6 1 16
6 1 24
6 1 25
6 1 26
6 1 30
6 1 37
6 1 38
6 1 44
6 1 51
6 1 53
6 1 54
6 1 56
6 1 60
6 1 63
6 1 64
6 1 65
6 1 84
6 1 94
6 1 95
6 43 8
6 43 11
6 43 15
6 43 18
6 43 22
6 43 23
6 43 27
6 43 31
6 43 32
6 43 39
6 43 41
6 43 42
6 43 45
6 43 47
6 43 52
6 43 58
6 43 59
6 43 62
6 43 66
6 43 67
6 43 73
6 43 83
6 43 89
6 43 92
6 43 97
6 43 98
7 1 0
7 1 4
7 1 6
7 1 7
7 1 12
7 1 15
7 1 17
7 1 21
7 1 24
7 1 29
7 1 31
7 1 33
7 1 42
7 1 45
7 1 51
7 1 61
7 1 63
7 1 64
7 1 65
7 1 66
7 1 72
7 1 81
7 1 83
7 1 84
7 1 95
7 43 9
7 43 23
7 43 26
7 43 28
7 43 32
7 43 34
7 43 36
7 43 38
7 43 39
7 43 40
7 43 46
7 43 47
7 43 52
7 43 56
7 43 57
7 43 58
7 43 67
7 43 76
7 43 79
7 43 80
7 43 92
7 43 98
7 43 99
8 1 0
8 1 5
8 1 17
8 1 24
8 1 26
8 1 34
8 1 37
8 1 42
8 1 55
8 1 56
8 1 58
8 1 63
8 1 65
8 1 72
8 1 73
8 1 81
8 1 83
8 1 84
8 1 93
8 1 94
8 43 8
8 43 12
8 43 15
8 43 21
8 43 22
8 43 27
8 43 28
8 43 32
8 43 33
8 43 39
8 43 40
8 43 43
8 43 45
8 43 47
8 43 48
8 43 50
8 43 59
8 43 61
8 43 67
8 43 68
8 43 76
8 43 78
8 43 82
8 43 88
8 43 91
8 43 92
8 43 96
8 43 97
9 1 0
9 1 3
9 1 4
9 1 16
9 1 17
9 1 20
9 1 26
9 1 32
9 1 37
9 1 41
9 1 42
9 1 46
9 1 47
9 1 50
9 1 54
9 1 58
9 1 60
9 1 62
9 1 63
9 1 73
9 1 75
9 1 82
9 1 84
9 1 91
9 1 94
9 43 9
9 43 22
9 43 23
9 43 28
9 43 35
9 43 36
9 43 39
9 43 43
9 43 48
9 43 57
9 43 69
9 43 70
9 43 74
9 43 79
9 43 85
9 43 99
--- Done ---
