0 66 66
0 66 67
0 66 68
0 66 76
0 66 77
0 66 78
1 24 3
1 24 6
1 24 9
1 24 16
1 24 17
1 24 18
1 24 20
1 24 22
1 24 23
1 24 25
1 24 28
1 24 29
1 24 31
1 24 42
1 24 45
1 24 52
1 66 38
1 66 46
1 66 47
1 66 48
1 66 49
1 66 54
1 66 56
1 66 57
1 66 58
1 66 66
1 66 68
1 66 73
1 66 74
1 66 75
1 66 76
1 66 78
1 66 84
1 66 89
1 66 94
1 66 96
1 80 40
1 80 50
1 80 60
1 80 71
1 80 72
1 80 83
1 80 90
1 80 91
1 80 93
2 24 0
2 24 1
2 24 2
2 24 3
2 24 4
2 24 5
2 24 6
2 24 11
2 24 13
2 24 14
2 24 15
2 24 18
2 24 19
2 24 22
2 24 25
2 24 26
2 24 28
2 24 30
2 24 31
2 24 32
2 24 35
2 24 36
2 24 42
2 66 38
2 66 47
2 66 49
2 66 57
2 66 58
2 66 63
2 66 64
2 66 67
2 66 76
2 66 77
2 66 87
2 66 88
2 66 94
2 80 51
2 80 60
2 80 62
2 80 70
2 80 71
2 80 72
2 80 82
2 80 83
2 80 92
3 24 2
3 24 3
3 24 4
3 24 5
3 24 12
3 24 13
3 24 14
3 24 15
3 24 17
3 24 18
3 24 23
3 24 24
3 24 26
3 24 30
3 24 33
3 24 35
3 24 36
3 24 41
3 24 42
3 24 43
3 66 49
3 66 54
3 66 55
3 66 56
3 66 57
3 66 63
3 66 67
3 66 68
3 66 69
3 66 73
3 66 74
3 66 75
3 66 77
3 66 78
3 66 79
3 66 84
3 66 85
3 66 89
3 66 94
3 66 96
3 80 51
3 80 60
3 80 80
3 80 81
3 80 82
3 80 92
3 80 93
4 24 0
4 24 1
4 24 3
4 24 5
4 24 6
4 24 8
4 24 12
4 24 13
4 24 16
4 24 25
4 24 27
4 24 31
4 24 34
4 24 36
4 24 42
4 66 38
4 66 39
4 66 47
4 66 54
4 66 56
4 66 58
4 66 63
4 66 64
4 66 65
4 66 66
4 66 68
4 66 69
4 66 75
4 66 76
4 66 77
4 66 78
4 66 79
4 66 84
4 66 86
4 80 50
4 80 51
4 80 60
4 80 61
4 80 62
4 80 72
4 80 81
4 80 90
4 80 91
4 80 92
4 80 93
5 24 0
5 24 1
5 24 3
5 24 7
5 24 10
5 24 16
5 24 17
5 24 19
5 24 22
5 24 24
5 24 25
5 24 29
5 24 34
5 24 35
5 24 37
5 24 42
5 24 43
5 24 44
5 24 45
5 24 52
5 66 38
5 66 46
5 66 48
5 66 54
5 66 55
5 66 57
5 66 59
5 66 63
5 66 64
5 66 65
5 66 67
5 66 68
5 66 69
5 66 73
5 66 75
5 66 76
5 66 85
5 66 87
5 66 98
5 80 50
5 80 62
5 80 71
5 80 80
5 80 81
5 80 83
5 80 92
6 24 3
6 24 16
6 24 17
6 24 20
6 24 21
6 24 23
6 24 24
6 24 25
6 24 26
6 24 27
6 24 28
6 24 30
6 24 31
6 24 32
6 24 34
6 24 35
6 24 37
6 24 41
6 24 43
6 24 44
6 24 52
6 66 38
6 66 46
6 66 48
6 66 49
6 66 54
6 66 57
6 66 58
6 66 63
6 66 65
6 66 73
6 66 75
6 66 76
6 66 87
6 66 88
6 66 96
6 66 98
6 66 99
6 80 50
6 80 60
6 80 62
6 80 70
6 80 71
6 80 72
6 80 90
6 80 92
6 80 93
7 24 1
7 24 4
7 24 10
7 24 11
7 24 15
7 24 16
7 24 18
7 24 20
7 24 21
7 24 25
7 24 26
7 24 30
7 24 37
7 24 42
7 24 43
7 24 45
7 24 52
7 24 53
7 66 38
7 66 46
7 66 54
7 66 55
7 66 56
7 66 57
7 66 59
7 66 65
7 66 67
7 66 76
7 66 77
7 66 78
7 66 84
7 66 85
7 66 87
7 66 88
7 66 95
7 66 96
7 66 97
7 80 51
7 80 62
7 80 72
7 80 80
7 80 81
7 80 82
7 80 83
7 80 91
8 24 2
8 24 6
8 24 9
8 24 12
8 24 14
8 24 17
8 24 22
8 24 24
8 24 25
8 24 28
8 24 29
8 24 31
8 24 32
8 24 33
8 24 34
8 24 35
8 24 43
8 24 44
8 24 45
8 66 56
8 66 57
8 66 58
8 66 64
8 66 65
8 66 66
8 66 73
8 66 77
8 66 78
8 66 79
8 66 84
8 66 86
8 66 88
8 66 94
8 66 96
8 66 98
8 66 99
8 80 51
8 80 61
8 80 71
8 80 72
8 80 80
8 80 91
8 80 93
9 24 4
9 24 5
9 24 7
9 24 10
9 24 12
9 24 13
9 24 14
9 24 15
9 24 16
9 24 19
9 24 24
9 24 29
9 24 31
9 24 33
9 24 37
9 24 41
9 24 42
9 24 43
9 66 38
9 66 39
9 66 47
9 66 48
9 66 56
9 66 58
9 66 63
9 66 68
9 66 69
9 66 73
9 66 74
9 66 75
9 66 77
9 66 79
9 66 84
9 66 85
9 66 96
9 66 97
9 66 98
9 66 99
9 80 40
9 80 50
9 80 51
9 80 60
9 80 62
9 80 72
9 80 81
9 80 82
9 80 93
--- Done ---
