0 34 66
0 34 68
0 57 67
0 57 77
0 57 78
0 80 76
1 34 3
1 34 6
1 34 18
1 34 20
1 34 23
1 34 31
1 34 42
1 34 49
1 34 52
1 34 93
1 57 9
1 57 16
1 57 17
1 57 22
1 57 25
1 57 28
1 57 29
1 57 38
1 57 45
1 57 46
1 57 47
1 57 48
1 57 56
1 57 57
1 57 58
1 57 66
1 57 68
1 57 74
1 57 78
1 57 89
1 57 94
1 57 96
1 80 40
1 80 50
1 80 54
1 80 60
1 80 71
1 80 72
1 80 73
1 80 75
1 80 76
1 80 83
1 80 84
1 80 90
1 80 91
2 24 0
2 24 3
2 24 4
2 24 5
2 24 6
2 24 11
2 24 13
2 24 14
2 24 15
2 24 18
2 24 22
2 24 25
2 24 26
2 24 28
2 24 30
2 24 31
2 24 32
2 24 35
2 24 36
2 24 38
2 24 42
2 24 47
2 24 57
2 24 64
2 34 1
2 34 2
2 66 19
2 66 49
2 66 58
2 66 67
2 66 77
2 66 87
2 66 88
2 66 94
2 80 51
2 80 60
2 80 62
2 80 63
2 80 70
2 80 71
2 80 72
2 80 76
2 80 82
2 80 83
2 80 92
3 24 2
3 24 3
3 24 4
3 24 12
3 24 13
3 24 14
3 24 17
3 24 18
3 24 23
3 24 24
3 24 35
3 24 42
3 24 43
3 24 56
3 24 57
3 66 5
3 66 15
3 66 26
3 66 36
3 66 49
3 66 54
3 66 55
3 66 63
3 66 67
3 66 68
3 66 69
3 66 74
3 66 77
3 66 78
3 66 79
3 66 85
3 66 89
3 66 93
3 66 94
3 66 96
3 80 30
3 80 33
3 80 41
3 80 51
3 80 60
3 80 73
3 80 75
3 80 80
3 80 81
3 80 82
3 80 84
3 80 92
4 33 0
4 33 1
4 33 3
4 33 5
4 33 6
4 33 8
4 33 12
4 33 13
4 33 16
4 33 25
4 33 27
4 33 31
4 33 34
4 33 36
4 33 42
4 33 64
4 66 38
4 66 39
4 66 47
4 66 56
4 66 58
4 66 66
4 66 68
4 66 69
4 66 77
4 66 78
4 66 79
4 66 84
4 66 86
4 66 93
4 80 50
4 80 51
4 80 54
4 80 60
4 80 61
4 80 62
4 80 63
4 80 65
4 80 72
4 80 75
4 80 76
4 80 81
4 80 90
4 80 91
4 80 92
5 33 0
5 33 10
5 33 17
5 33 35
5 33 42
5 33 43
5 33 44
5 34 1
5 34 3
5 34 16
5 34 22
5 34 24
5 34 25
5 34 29
5 34 34
5 34 37
5 34 46
5 66 7
5 66 19
5 66 38
5 66 45
5 66 48
5 66 57
5 66 59
5 66 64
5 66 67
5 66 68
5 66 69
5 66 85
5 66 87
5 66 98
5 80 50
5 80 52
5 80 54
5 80 55
5 80 62
5 80 63
5 80 65
5 80 71
5 80 73
5 80 75
5 80 76
5 80 80
5 80 81
5 80 83
5 80 92
6 34 3
6 34 16
6 34 17
6 34 20
6 34 21
6 34 23
6 34 24
6 34 25
6 34 26
6 34 27
6 34 28
6 34 31
6 34 32
6 34 34
6 34 35
6 34 37
6 34 38
6 34 43
6 34 44
6 34 48
6 34 49
6 34 58
6 34 93
6 76 46
6 76 57
6 76 76
6 76 87
6 76 88
6 76 96
6 76 98
6 76 99
6 80 30
6 80 41
6 80 50
6 80 52
6 80 54
6 80 60
6 80 62
6 80 63
6 80 65
6 80 70
6 80 71
6 80 72
6 80 73
6 80 75
6 80 90
6 80 92
7 34 1
7 34 4
7 34 10
7 34 11
7 34 15
7 34 16
7 34 18
7 34 20
7 34 21
7 34 25
7 34 26
7 34 37
7 34 38
7 34 42
7 34 43
7 34 45
7 34 56
7 34 77
7 76 46
7 76 57
7 76 59
7 76 67
7 76 76
7 76 78
7 76 85
7 76 87
7 76 88
7 76 96
7 76 97
7 80 30
7 80 51
7 80 52
7 80 53
7 80 54
7 80 55
7 80 62
7 80 65
7 80 72
7 80 80
7 80 81
7 80 82
7 80 83
7 80 84
7 80 91
7 80 95
8 5 2
8 5 6
8 5 9
8 5 12
8 5 14
8 5 24
8 5 25
8 5 29
8 5 32
8 5 43
8 5 58
8 34 17
8 34 22
8 34 31
8 34 34
8 34 35
8 34 44
8 34 45
8 34 56
8 34 64
8 34 93
8 66 28
8 66 57
8 66 66
8 66 77
8 66 78
8 66 79
8 66 86
8 66 88
8 66 94
8 66 96
8 66 98
8 66 99
8 80 33
8 80 51
8 80 61
8 80 65
8 80 71
8 80 72
8 80 73
8 80 80
8 80 84
8 80 91
9 5 4
9 5 5
9 5 10
9 5 12
9 5 24
9 5 29
9 5 31
9 5 38
9 5 47
9 5 58
9 5 68
9 34 14
9 34 16
9 34 37
9 34 39
9 34 42
9 34 43
9 34 56
9 34 74
9 34 77
9 66 7
9 66 13
9 66 15
9 66 19
9 66 48
9 66 69
9 66 79
9 66 85
9 66 93
9 66 96
9 66 97
9 66 98
9 66 99
9 80 33
9 80 40
9 80 41
9 80 50
9 80 51
9 80 60
9 80 62
9 80 63
9 80 72
9 80 73
9 80 75
9 80 81
9 80 82
9 80 84
--- Done ---
