0 67 67
0 67 68
0 67 77
0 67 78
0 74 76
0 80 -1
1 11 1
1 17 4
1 17 8
1 17 16
1 17 19
1 17 26
1 17 47
1 42 24
1 42 40
1 42 41
1 42 42
1 42 53
1 67 37
1 67 57
1 67 59
1 67 67
1 67 68
1 67 77
1 67 78
1 67 88
1 67 89
1 74 63
1 74 66
1 74 75
1 74 76
1 74 85
1 74 91
1 80 50
1 80 60
1 80 61
1 80 71
1 80 92
2 11 1
2 11 2
2 11 3
2 11 10
2 11 21
2 11 23
2 11 33
2 17 4
2 17 7
2 17 16
2 17 25
2 17 27
2 17 36
2 42 24
2 42 32
2 42 34
2 42 40
2 42 41
2 42 51
2 42 53
2 67 37
2 67 46
2 67 67
2 67 69
2 67 78
2 74 45
2 74 55
2 74 63
2 74 66
2 74 75
2 74 76
2 74 85
2 74 86
2 74 93
2 80 50
2 80 61
2 80 62
2 80 70
2 80 71
2 80 80
2 80 81
2 80 82
2 80 83
2 80 90
2 80 91
2 97 77
2 97 94
2 97 95
2 97 98
3 11 1
3 11 3
3 11 12
3 11 20
3 11 21
3 11 30
3 17 4
3 17 5
3 17 6
3 17 7
3 17 8
3 17 9
3 17 15
3 17 16
3 17 17
3 17 18
3 17 26
3 17 36
3 17 49
3 42 24
3 42 33
3 42 41
3 42 42
3 42 44
3 42 51
3 42 52
3 48 28
3 48 29
3 48 37
3 48 46
3 48 47
3 48 48
3 48 57
3 48 58
3 48 59
3 48 69
3 67 56
3 67 67
3 67 68
3 67 78
3 67 89
3 74 55
3 74 65
3 74 66
3 74 74
3 74 75
3 74 84
3 74 85
3 74 86
3 74 87
3 74 93
3 74 94
3 80 50
3 80 61
3 80 71
3 80 80
3 80 82
3 80 83
3 80 90
3 80 92
3 97 77
3 97 95
3 97 97
4 11 0
4 11 1
4 11 3
4 11 11
4 11 13
4 11 20
4 11 22
4 17 4
4 17 5
4 17 6
4 17 7
4 17 8
4 17 15
4 17 16
4 17 18
4 17 19
4 17 35
4 17 36
4 42 23
4 42 31
4 42 33
4 42 34
4 42 42
4 42 44
4 42 51
4 42 52
4 48 29
4 48 39
4 48 47
4 48 48
4 48 57
4 48 59
4 48 69
4 67 37
4 67 56
4 67 66
4 67 67
4 67 68
4 67 76
4 67 78
4 67 88
4 67 89
4 74 45
4 74 55
4 74 63
4 74 64
4 74 65
4 74 73
4 74 74
4 74 75
4 74 83
4 74 84
4 74 85
4 74 86
4 74 91
4 74 92
4 74 93
4 80 62
4 80 70
4 80 71
4 80 80
4 80 82
4 80 90
4 97 77
4 97 95
4 97 96
4 97 97
4 97 98
4 97 99
5 11 3
5 11 10
5 11 11
5 11 12
5 11 13
5 11 20
5 11 21
5 11 23
5 11 30
5 17 4
5 17 6
5 17 7
5 17 8
5 17 9
5 17 14
5 17 15
5 17 16
5 17 18
5 17 19
5 17 25
5 17 26
5 17 27
5 17 28
5 17 35
5 17 36
5 17 38
5 42 22
5 42 31
5 42 32
5 42 34
5 42 40
5 42 41
5 42 42
5 42 43
5 42 44
5 42 51
5 42 53
5 42 61
5 42 62
5 48 29
5 48 39
5 48 46
5 48 47
5 48 48
5 48 54
5 48 57
5 48 58
5 48 59
5 48 69
5 48 79
5 67 56
5 67 67
5 67 78
5 67 88
5 67 89
5 74 45
5 74 63
5 74 65
5 74 66
5 74 72
5 74 73
5 74 74
5 74 84
5 74 85
5 74 86
5 74 93
5 74 94
5 80 50
5 80 60
5 80 70
5 80 71
5 80 80
5 80 81
5 80 82
5 80 83
5 80 90
5 80 91
5 80 92
5 97 68
5 97 75
5 97 77
5 97 95
5 97 96
5 97 99
6 11 0
6 11 1
6 11 2
6 11 3
6 11 10
6 11 11
6 11 12
6 11 20
6 11 22
6 11 30
6 17 4
6 17 5
6 17 8
6 17 9
6 17 14
6 17 15
6 17 16
6 17 17
6 17 18
6 17 19
6 17 25
6 17 26
6 17 27
6 17 28
6 17 35
6 17 36
6 42 23
6 42 31
6 42 33
6 42 34
6 42 40
6 42 41
6 42 42
6 42 43
6 42 44
6 42 51
6 42 52
6 42 53
6 48 29
6 48 37
6 48 38
6 48 39
6 48 46
6 48 47
6 48 48
6 48 54
6 48 57
6 48 58
6 48 59
6 48 69
6 48 79
6 67 56
6 67 66
6 67 67
6 67 78
6 67 85
6 74 45
6 74 63
6 74 65
6 74 73
6 74 74
6 74 76
6 74 84
6 74 93
6 80 50
6 80 60
6 80 61
6 80 62
6 80 70
6 80 71
6 80 72
6 80 80
6 80 81
6 80 83
6 80 92
6 97 64
6 97 68
6 97 77
6 97 86
6 97 87
6 97 88
6 97 94
6 97 95
6 97 96
6 97 97
6 97 99
7 11 1
7 11 2
7 11 3
7 11 11
7 11 12
7 11 13
7 11 20
7 11 21
7 11 30
7 17 4
7 17 6
7 17 7
7 17 8
7 17 9
7 17 14
7 17 15
7 17 16
7 17 17
7 17 18
7 17 19
7 17 25
7 17 27
7 42 22
7 42 23
7 42 31
7 42 34
7 42 40
7 42 41
7 42 44
7 42 51
7 42 52
7 48 28
7 48 29
7 48 39
7 48 48
7 48 59
7 48 69
7 48 79
7 67 38
7 67 46
7 67 47
7 67 56
7 67 57
7 67 66
7 67 67
7 67 76
7 67 78
7 67 85
7 74 35
7 74 54
7 74 55
7 74 64
7 74 65
7 74 73
7 74 74
7 74 84
7 80 60
7 80 61
7 80 62
7 80 70
7 80 71
7 80 72
7 80 80
7 80 82
7 80 83
7 80 90
7 80 91
7 80 92
7 97 77
7 97 86
7 97 87
7 97 95
7 97 96
7 97 97
7 97 98
7 97 99
8 11 0
8 11 1
8 11 3
8 11 10
8 11 12
8 11 21
8 17 4
8 17 5
8 17 6
8 17 8
8 17 14
8 17 15
8 17 16
8 17 17
8 17 18
8 17 19
8 17 25
8 17 26
8 17 36
8 42 24
8 42 31
8 42 33
8 42 34
8 42 40
8 42 41
8 42 43
8 42 44
8 42 52
8 42 53
8 48 28
8 48 37
8 48 39
8 48 57
8 48 69
8 48 79
8 67 38
8 67 46
8 67 49
8 67 56
8 67 58
8 67 59
8 67 75
8 67 76
8 67 77
8 67 78
8 67 85
8 67 87
8 67 88
8 74 45
8 74 54
8 74 55
8 74 63
8 74 73
8 74 74
8 74 83
8 74 84
8 74 86
8 80 50
8 80 60
8 80 61
8 80 62
8 80 70
8 80 71
8 80 72
8 80 80
8 80 81
8 80 82
8 80 90
8 80 91
8 97 64
8 97 68
8 97 95
8 97 96
8 97 97
8 97 98
8 97 99
9 11 0
9 11 1
9 11 2
9 11 11
9 11 12
9 11 13
9 11 21
9 11 33
9 17 6
9 17 9
9 17 14
9 17 15
9 17 17
9 17 25
9 17 26
9 17 27
9 42 31
9 42 34
9 42 40
9 42 42
9 42 51
9 42 52
9 42 53
9 48 28
9 48 29
9 48 38
9 48 39
9 48 46
9 48 47
9 48 48
9 48 58
9 48 69
9 48 79
9 67 49
9 67 56
9 67 57
9 67 59
9 67 67
9 67 75
9 67 76
9 67 78
9 67 85
9 67 87
9 67 88
9 67 89
9 74 35
9 74 45
9 74 54
9 74 55
9 74 63
9 74 64
9 74 65
9 74 66
9 74 73
9 74 74
9 74 86
9 74 93
9 74 94
9 80 60
9 80 61
9 80 62
9 80 71
9 80 80
9 80 82
9 80 91
9 97 96
9 97 97
9 97 98
10 11 2
10 11 3
10 11 11
10 11 20
10 11 21
10 11 23
10 17 4
10 17 5
10 17 6
10 17 14
10 17 15
10 17 16
10 17 17
10 17 18
10 17 19
10 17 27
10 17 28
10 17 35
10 17 36
10 17 38
10 42 32
10 42 33
10 42 34
10 42 41
10 42 52
10 48 29
10 48 37
10 48 39
10 48 48
10 48 79
10 67 46
10 67 56
10 67 57
10 67 58
10 67 77
10 74 43
10 74 45
10 74 55
10 74 63
10 74 64
10 74 65
10 74 73
10 74 74
10 74 76
10 74 84
10 74 86
10 74 92
10 80 60
10 80 62
10 80 72
10 80 91
10 97 99
11 11 2
11 11 3
11 11 11
11 11 22
11 17 14
11 17 16
11 17 18
11 17 26
11 17 36
11 42 31
11 42 32
11 42 41
11 42 42
11 42 51
11 48 39
11 48 48
11 48 58
11 48 79
11 67 46
11 67 66
11 67 78
11 67 88
11 67 89
11 74 55
11 74 63
11 74 65
11 74 74
11 74 84
11 74 86
11 80 50
11 80 60
11 80 61
11 80 70
11 80 90
11 97 99
--- Done ---
