0 65 68
0 80 -1
0 88 67
0 88 76
0 88 77
0 88 78
1 22 1
1 22 4
1 22 40
1 22 41
1 22 42
1 37 8
1 37 16
1 37 19
1 37 24
1 37 26
1 37 37
1 37 57
1 65 47
1 65 53
1 65 63
1 65 66
1 65 76
1 65 85
1 80 50
1 80 60
1 80 61
1 80 71
1 80 91
1 80 92
1 88 59
1 88 67
1 88 68
1 88 75
1 88 77
1 88 78
1 88 88
1 88 89
2 22 1
2 22 2
2 22 3
2 22 4
2 22 10
2 22 21
2 22 23
2 22 25
2 22 32
2 22 33
2 22 34
2 22 41
2 22 45
2 22 46
2 37 7
2 37 16
2 37 24
2 37 27
2 37 36
2 37 37
2 37 55
2 65 53
2 65 63
2 65 67
2 65 76
2 65 77
2 65 83
2 65 85
2 65 93
2 65 94
2 80 40
2 80 50
2 80 51
2 80 61
2 80 62
2 80 70
2 80 71
2 80 80
2 80 81
2 80 82
2 80 90
2 80 91
2 80 95
2 88 66
2 88 69
2 88 75
2 88 78
2 88 86
2 88 98
3 22 1
3 22 3
3 22 4
3 22 5
3 22 6
3 22 12
3 22 15
3 22 20
3 22 21
3 22 30
3 22 33
3 22 41
3 22 42
3 22 46
3 22 51
3 22 52
3 37 7
3 37 8
3 37 9
3 37 16
3 37 17
3 37 18
3 37 24
3 37 26
3 37 28
3 37 29
3 37 36
3 37 37
3 37 44
3 37 47
3 37 48
3 37 49
3 37 55
3 37 56
3 37 57
3 37 58
3 65 65
3 65 67
3 65 74
3 65 77
3 65 85
3 65 93
3 65 94
3 80 50
3 80 61
3 80 71
3 80 80
3 80 82
3 80 83
3 80 84
3 80 90
3 80 92
3 80 95
3 88 59
3 88 66
3 88 68
3 88 69
3 88 75
3 88 78
3 88 86
3 88 87
3 88 89
3 88 97
4 22 1
4 22 3
4 22 4
4 22 5
4 22 6
4 22 11
4 22 13
4 22 15
4 22 20
4 22 22
4 22 23
4 22 31
4 22 33
4 22 34
4 22 45
4 37 7
4 37 8
4 37 16
4 37 18
4 37 19
4 37 29
4 37 35
4 37 36
4 37 37
4 37 39
4 37 44
4 37 47
4 37 48
4 37 56
4 37 57
4 42 0
4 42 42
4 42 51
4 42 52
4 42 63
4 42 71
4 42 74
4 65 55
4 65 64
4 65 65
4 65 66
4 65 67
4 65 75
4 65 76
4 65 78
4 65 85
4 65 86
4 65 93
4 65 96
4 65 97
4 65 98
4 80 62
4 80 70
4 80 73
4 80 80
4 80 82
4 80 83
4 80 84
4 80 90
4 80 91
4 80 92
4 80 95
4 88 59
4 88 68
4 88 69
4 88 77
4 88 88
4 88 89
4 88 99
5 22 3
5 22 4
5 22 10
5 22 11
5 22 12
5 22 14
5 22 15
5 22 20
5 22 21
5 22 22
5 22 25
5 22 31
5 22 41
5 22 43
5 22 45
5 22 50
5 37 6
5 37 7
5 37 8
5 37 9
5 37 13
5 37 16
5 37 18
5 37 19
5 37 26
5 37 27
5 37 28
5 37 29
5 37 36
5 37 38
5 37 39
5 37 46
5 37 48
5 37 56
5 37 57
5 42 23
5 42 30
5 42 32
5 42 34
5 42 35
5 42 42
5 42 44
5 42 53
5 42 54
5 42 61
5 42 63
5 42 74
5 65 47
5 65 65
5 65 77
5 65 85
5 65 93
5 65 94
5 80 40
5 80 51
5 80 60
5 80 62
5 80 70
5 80 71
5 80 72
5 80 73
5 80 80
5 80 81
5 80 82
5 80 83
5 80 84
5 80 90
5 80 91
5 80 92
5 80 95
5 88 58
5 88 59
5 88 66
5 88 67
5 88 68
5 88 69
5 88 75
5 88 78
5 88 79
5 88 86
5 88 88
5 88 89
5 88 96
5 88 99
6 22 1
6 22 2
6 22 3
6 22 4
6 22 5
6 22 10
6 22 11
6 22 12
6 22 14
6 22 15
6 22 20
6 22 22
6 22 23
6 22 27
6 22 30
6 22 31
6 22 41
6 22 43
6 22 52
6 37 8
6 37 9
6 37 16
6 37 17
6 37 18
6 37 19
6 37 25
6 37 28
6 37 29
6 37 33
6 37 34
6 37 35
6 37 36
6 37 37
6 37 38
6 37 39
6 37 44
6 37 46
6 37 47
6 37 48
6 37 56
6 37 57
6 37 58
6 42 0
6 42 42
6 42 50
6 42 53
6 42 62
6 42 63
6 42 74
6 65 26
6 65 45
6 65 64
6 65 65
6 65 66
6 65 68
6 65 76
6 65 77
6 65 78
6 65 85
6 65 86
6 65 93
6 65 94
6 80 40
6 80 51
6 80 54
6 80 60
6 80 61
6 80 70
6 80 71
6 80 72
6 80 73
6 80 80
6 80 81
6 80 83
6 80 84
6 80 92
6 80 95
6 88 59
6 88 67
6 88 69
6 88 79
6 88 87
6 88 88
6 88 96
6 88 97
6 88 99
7 22 1
7 22 2
7 22 3
7 22 4
7 22 11
7 22 12
7 22 14
7 22 15
7 22 20
7 22 21
7 22 22
7 37 6
7 37 7
7 37 8
7 37 9
7 37 13
7 37 16
7 37 17
7 37 18
7 37 19
7 37 25
7 37 27
7 37 28
7 37 29
7 37 34
7 37 35
7 37 38
7 37 39
7 37 46
7 37 47
7 37 48
7 37 55
7 37 56
7 37 57
7 42 23
7 42 30
7 42 31
7 42 40
7 42 41
7 42 52
7 42 72
7 42 74
7 65 44
7 65 64
7 65 65
7 65 78
7 65 85
7 80 51
7 80 54
7 80 60
7 80 61
7 80 62
7 80 70
7 80 71
7 80 73
7 80 80
7 80 82
7 80 83
7 80 84
7 80 90
7 80 91
7 80 92
7 88 59
7 88 66
7 88 67
7 88 69
7 88 76
7 88 77
7 88 79
7 88 86
7 88 87
7 88 95
7 88 96
7 88 97
7 88 98
7 88 99
8 22 1
8 22 3
8 22 4
8 22 5
8 22 10
8 22 12
8 22 14
8 22 15
8 22 21
8 22 25
8 22 43
8 37 8
8 37 16
8 37 17
8 37 18
8 37 19
8 37 28
8 37 37
8 37 38
8 37 39
8 37 49
8 37 57
8 37 58
8 42 0
8 42 6
8 42 24
8 42 31
8 42 33
8 42 34
8 42 36
8 42 41
8 42 52
8 42 72
8 65 26
8 65 44
8 65 45
8 65 46
8 65 53
8 65 55
8 65 56
8 65 63
8 65 64
8 65 73
8 65 74
8 65 75
8 65 76
8 65 77
8 65 78
8 65 85
8 65 86
8 65 96
8 65 97
8 65 98
8 80 40
8 80 50
8 80 54
8 80 60
8 80 61
8 80 62
8 80 70
8 80 71
8 80 80
8 80 81
8 80 82
8 80 83
8 80 84
8 80 90
8 80 91
8 80 95
8 88 59
8 88 68
8 88 69
8 88 79
8 88 87
8 88 88
8 88 99
9 22 1
9 22 2
9 22 6
9 22 11
9 22 12
9 22 13
9 22 14
9 22 15
9 22 21
9 22 25
9 22 27
9 22 33
9 22 34
9 22 45
9 22 52
9 37 9
9 37 17
9 37 26
9 37 28
9 37 29
9 37 38
9 37 39
9 37 46
9 37 48
9 37 49
9 37 55
9 37 56
9 37 57
9 37 58
9 42 0
9 42 31
9 42 35
9 42 42
9 42 53
9 42 63
9 42 74
9 65 47
9 65 64
9 65 65
9 65 66
9 65 67
9 65 85
9 65 93
9 65 94
9 80 40
9 80 51
9 80 54
9 80 60
9 80 61
9 80 62
9 80 71
9 80 73
9 80 80
9 80 82
9 80 91
9 88 59
9 88 69
9 88 75
9 88 76
9 88 78
9 88 79
9 88 86
9 88 87
9 88 88
9 88 89
9 88 96
9 88 97
9 88 98
10 22 2
10 22 3
10 22 4
10 22 5
10 22 6
10 22 11
10 22 14
10 22 15
10 22 20
10 22 21
10 22 23
10 22 27
10 22 33
10 22 41
10 22 52
10 37 16
10 37 17
10 37 18
10 37 19
10 37 28
10 37 29
10 37 35
10 37 36
10 37 37
10 37 38
10 37 39
10 37 48
10 37 57
10 37 58
10 42 32
10 42 43
10 42 72
10 65 34
10 65 45
10 65 46
10 65 55
10 65 56
10 65 63
10 65 64
10 65 65
10 65 74
10 65 76
10 65 77
10 65 86
10 80 60
10 80 62
10 80 73
10 80 84
10 80 91
10 80 92
10 88 79
10 88 99
11 22 2
11 22 3
11 22 11
11 22 14
11 22 22
11 22 31
11 22 32
11 22 50
11 37 16
11 37 18
11 37 39
11 37 48
11 37 58
11 42 36
11 42 41
11 42 42
11 42 60
11 65 26
11 65 46
11 65 55
11 65 61
11 65 63
11 65 65
11 65 66
11 65 74
11 65 78
11 65 86
11 80 51
11 80 70
11 80 90
11 88 79
11 88 84
11 88 88
11 88 89
11 88 99
--- Done ---
