0 68 68
0 75 67
0 75 76
0 75 77
0 75 78
0 80 -1
1 68 8
1 68 16
1 68 19
1 68 26
1 68 57
1 68 59
1 68 67
1 68 68
1 68 77
1 68 78
1 68 88
1 75 1
1 75 4
1 75 24
1 75 37
1 75 42
1 75 47
1 75 53
1 75 63
1 75 66
1 75 75
1 75 76
1 75 85
1 75 89
1 80 40
1 80 41
1 80 50
1 80 60
1 80 61
1 80 71
1 80 91
1 80 92
2 68 7
2 68 16
2 68 25
2 68 27
2 68 36
2 68 45
2 68 55
2 68 67
2 68 69
2 68 77
2 68 78
2 75 1
2 75 2
2 75 4
2 75 10
2 75 23
2 75 24
2 75 32
2 75 34
2 75 37
2 75 46
2 75 53
2 75 63
2 75 66
2 75 75
2 75 76
2 75 85
2 75 86
2 75 93
2 75 94
2 75 95
2 75 98
2 80 3
2 80 21
2 80 33
2 80 40
2 80 41
2 80 50
2 80 51
2 80 61
2 80 62
2 80 70
2 80 71
2 80 80
2 80 81
2 80 82
2 80 83
2 80 90
2 80 91
3 68 6
3 68 7
3 68 8
3 68 9
3 68 15
3 68 16
3 68 18
3 68 26
3 68 28
3 68 29
3 68 36
3 68 44
3 68 48
3 68 49
3 68 55
3 68 57
3 68 58
3 68 59
3 68 67
3 68 68
3 68 69
3 68 78
3 68 87
3 68 89
3 75 1
3 75 4
3 75 5
3 75 12
3 75 17
3 75 24
3 75 37
3 75 42
3 75 46
3 75 47
3 75 56
3 75 65
3 75 66
3 75 74
3 75 75
3 75 84
3 75 85
3 75 86
3 75 93
3 75 94
3 75 95
3 75 97
3 80 3
3 80 20
3 80 21
3 80 30
3 80 33
3 80 41
3 80 50
3 80 51
3 80 52
3 80 61
3 80 71
3 80 80
3 80 82
3 80 83
3 80 90
3 80 92
4 68 6
4 68 7
4 68 8
4 68 15
4 68 16
4 68 18
4 68 19
4 68 29
4 68 36
4 68 39
4 68 44
4 68 45
4 68 48
4 68 55
4 68 57
4 68 59
4 68 68
4 68 69
4 68 76
4 68 86
4 68 88
4 75 0
4 75 1
4 75 4
4 75 5
4 75 13
4 75 22
4 75 23
4 75 31
4 75 34
4 75 35
4 75 37
4 75 42
4 75 47
4 75 56
4 75 63
4 75 64
4 75 65
4 75 66
4 75 74
4 75 75
4 80 3
4 80 11
4 80 20
4 80 33
4 80 51
4 80 52
4 80 62
4 80 67
4 80 70
4 80 71
4 80 73
4 80 78
4 80 80
4 80 82
4 80 83
4 80 84
4 80 85
5 68 6
5 68 7
5 68 8
5 68 9
5 68 15
5 68 16
5 68 18
5 68 19
5 68 25
5 68 26
5 68 27
5 68 28
5 68 29
5 68 36
5 68 38
5 68 39
5 68 44
5 68 45
5 68 48
5 68 57
5 68 58
5 75 4
5 75 10
5 75 12
5 75 13
5 75 14
5 75 22
5 75 23
5 75 31
5 75 32
5 75 34
5 75 35
5 75 42
5 75 43
5 75 46
5 75 47
5 75 53
5 75 54
5 75 56
5 80 3
5 80 11
5 80 20
5 80 21
5 80 30
5 80 40
5 80 41
5 80 50
5 80 51
5 80 59
5 80 60
5 80 61
5 80 62
5 80 63
5 80 65
5 80 66
5 80 67
5 80 68
5 80 69
5 80 72
6 68 8
6 68 9
6 68 15
6 68 16
6 68 18
6 68 19
6 68 25
6 68 26
6 68 27
6 68 28
6 68 29
6 68 36
6 68 38
6 68 39
6 68 44
6 68 45
6 68 48
6 68 57
6 68 58
6 68 59
6 68 64
6 68 65
6 68 66
6 68 67
6 75 0
6 75 1
6 75 2
6 75 4
6 75 5
6 75 10
6 75 12
6 75 14
6 75 17
6 75 22
6 75 23
6 75 31
6 75 34
6 75 35
6 75 37
6 75 42
6 75 43
6 75 46
6 75 47
6 75 53
6 75 54
6 75 56
6 80 3
6 80 11
6 80 20
6 80 30
6 80 33
6 80 40
6 80 41
6 80 50
6 80 51
6 80 52
6 80 60
6 80 61
6 80 62
6 80 63
6 80 68
6 80 69
6 80 70
6 80 71
6 80 72
6 80 73
7 68 6
7 68 7
7 68 8
7 68 9
7 68 15
7 68 16
7 68 18
7 68 19
7 68 25
7 68 27
7 68 28
7 68 29
7 68 38
7 68 39
7 68 44
7 68 48
7 68 55
7 68 57
7 68 59
7 68 67
7 68 69
7 68 91
7 75 1
7 75 2
7 75 4
7 75 12
7 75 13
7 75 14
7 75 17
7 75 22
7 75 23
7 75 31
7 75 34
7 75 35
7 75 46
7 75 47
7 75 54
7 75 56
7 75 64
7 75 65
7 75 66
7 75 74
7 75 76
7 75 77
7 80 3
7 80 11
7 80 20
7 80 21
7 80 30
7 80 40
7 80 41
7 80 51
7 80 52
7 80 60
7 80 61
7 80 62
7 80 70
7 80 71
7 80 72
7 80 73
7 80 78
7 80 82
8 68 6
8 68 8
8 68 15
8 68 16
8 68 18
8 68 19
8 68 25
8 68 26
8 68 28
8 68 36
8 68 38
8 68 39
8 68 44
8 68 45
8 68 49
8 68 55
8 68 57
8 68 58
8 68 59
8 68 68
8 68 77
8 75 0
8 75 1
8 75 4
8 75 5
8 75 10
8 75 12
8 75 14
8 75 17
8 75 24
8 75 31
8 75 34
8 75 37
8 75 43
8 75 46
8 75 53
8 75 54
8 75 56
8 75 63
8 75 64
8 75 69
8 75 74
8 75 75
8 75 76
8 75 78
8 75 79
8 75 84
8 75 85
8 75 86
8 75 88
8 80 3
8 80 21
8 80 33
8 80 40
8 80 41
8 80 50
8 80 52
8 80 60
8 80 61
8 80 62
8 80 70
8 80 71
8 80 72
8 80 73
8 80 80
8 80 81
8 80 82
8 80 83
8 80 87
8 80 90
8 80 91
8 80 95
8 80 96
8 80 97
8 80 99
9 68 6
9 68 9
9 68 15
9 68 25
9 68 26
9 68 27
9 68 28
9 68 29
9 68 38
9 68 39
9 68 45
9 68 48
9 68 49
9 68 55
9 68 57
9 68 58
9 68 59
9 68 67
9 68 69
9 68 78
9 68 79
9 68 87
9 68 88
9 68 89
9 68 93
9 68 96
9 75 0
9 75 1
9 75 2
9 75 12
9 75 13
9 75 14
9 75 17
9 75 31
9 75 34
9 75 35
9 75 42
9 75 46
9 75 47
9 75 53
9 75 54
9 75 56
9 75 63
9 75 64
9 75 65
9 75 66
9 75 74
9 75 75
9 75 76
9 75 85
9 75 86
9 75 94
9 80 11
9 80 21
9 80 33
9 80 40
9 80 51
9 80 52
9 80 60
9 80 61
9 80 62
9 80 71
9 80 73
9 80 80
9 80 82
9 80 91
9 80 97
9 80 98
10 68 6
10 68 15
10 68 16
10 68 18
10 68 19
10 68 27
10 68 28
10 68 29
10 68 36
10 68 38
10 68 39
10 68 45
10 68 48
10 68 55
10 68 57
10 68 58
10 68 77
10 68 79
10 68 99
10 75 2
10 75 4
10 75 5
10 75 14
10 75 17
10 75 23
10 75 32
10 75 34
10 75 35
10 75 37
10 75 43
10 75 46
10 75 56
10 75 63
10 75 64
10 75 65
10 75 74
10 75 76
10 75 84
10 75 86
10 80 3
10 80 11
10 80 20
10 80 21
10 80 33
10 80 41
10 80 52
10 80 60
10 80 62
10 80 72
10 80 73
10 80 91
10 80 92
11 68 16
11 68 18
11 68 26
11 68 36
11 68 39
11 68 48
11 68 55
11 68 58
11 68 78
11 68 79
11 68 88
11 68 89
11 68 99
11 75 2
11 75 14
11 75 22
11 75 31
11 75 32
11 75 42
11 75 46
11 75 63
11 75 65
11 75 66
11 75 74
11 75 84
11 75 86
11 80 3
11 80 11
11 80 41
11 80 50
11 80 51
11 80 60
11 80 61
11 80 70
11 80 90
--- Done ---
