0 76 66
0 76 67
0 76 68
0 76 76
0 76 77
0 76 78
1 12 3
1 12 20
1 12 22
1 12 23
1 12 25
1 32 31
1 32 40
1 32 42
1 32 45
1 32 50
1 32 52
1 32 54
1 38 6
1 38 9
1 38 16
1 38 17
1 38 18
1 38 28
1 38 29
1 38 38
1 38 46
1 38 47
1 38 48
1 38 49
1 38 57
1 38 58
1 76 56
1 76 66
1 76 68
1 76 73
1 76 74
1 76 75
1 76 76
1 76 78
1 76 84
1 76 89
1 76 94
1 76 96
1 80 60
1 80 71
1 80 72
1 80 83
1 80 90
1 80 91
1 80 93
2 12 0
2 12 1
2 12 2
2 12 3
2 12 4
2 12 5
2 12 11
2 12 13
2 12 14
2 12 15
2 12 22
2 12 25
2 32 30
2 32 31
2 32 32
2 32 35
2 32 42
2 32 51
2 32 63
2 38 6
2 38 18
2 38 19
2 38 26
2 38 28
2 38 36
2 38 38
2 38 47
2 38 49
2 38 57
2 38 58
2 76 64
2 76 67
2 76 76
2 76 77
2 76 87
2 76 88
2 76 94
2 80 60
2 80 62
2 80 70
2 80 71
2 80 72
2 80 82
2 80 83
2 80 92
3 12 2
3 12 3
3 12 4
3 12 5
3 12 12
3 12 13
3 12 14
3 12 15
3 12 23
3 12 24
3 32 30
3 32 33
3 32 35
3 32 41
3 32 42
3 32 43
3 32 51
3 32 54
3 32 63
3 38 17
3 38 18
3 38 26
3 38 36
3 38 49
3 38 57
3 38 69
3 76 55
3 76 56
3 76 67
3 76 68
3 76 73
3 76 74
3 76 75
3 76 77
3 76 78
3 76 79
3 76 84
3 76 85
3 76 89
3 76 94
3 76 96
3 80 60
3 80 80
3 80 81
3 80 82
3 80 92
3 80 93
4 12 0
4 12 1
4 12 3
4 12 5
4 12 12
4 12 13
4 12 25
4 32 31
4 32 34
4 32 42
4 32 50
4 32 51
4 32 54
4 32 63
4 38 6
4 38 8
4 38 16
4 38 27
4 38 36
4 38 38
4 38 39
4 38 47
4 38 58
4 38 69
4 76 56
4 76 64
4 76 65
4 76 66
4 76 68
4 76 75
4 76 76
4 76 77
4 76 78
4 76 79
4 76 84
4 76 86
4 80 60
4 80 61
4 80 62
4 80 72
4 80 81
4 80 90
4 80 91
4 80 92
4 80 93
5 12 0
5 12 1
5 12 3
5 12 10
5 12 22
5 12 24
5 12 25
5 32 34
5 32 35
5 32 42
5 32 43
5 32 44
5 32 45
5 32 50
5 32 52
5 32 54
5 32 63
5 38 7
5 38 16
5 38 17
5 38 19
5 38 29
5 38 37
5 38 38
5 38 46
5 38 48
5 38 57
5 38 59
5 38 69
5 76 55
5 76 64
5 76 65
5 76 67
5 76 68
5 76 73
5 76 75
5 76 76
5 76 85
5 76 87
5 76 98
5 80 62
5 80 71
5 80 80
5 80 81
5 80 83
5 80 92
6 12 3
6 12 20
6 12 21
6 12 23
6 12 24
6 12 25
6 32 30
6 32 31
6 32 32
6 32 34
6 32 35
6 32 41
6 32 43
6 32 44
6 32 50
6 32 52
6 32 54
6 32 63
6 38 16
6 38 17
6 38 26
6 38 27
6 38 28
6 38 37
6 38 38
6 38 46
6 38 48
6 38 49
6 38 57
6 38 58
6 76 65
6 76 73
6 76 75
6 76 76
6 76 87
6 76 88
6 76 96
6 76 98
6 76 99
6 80 60
6 80 62
6 80 70
6 80 71
6 80 72
6 80 90
6 80 92
6 80 93
7 12 1
7 12 4
7 12 10
7 12 11
7 12 15
7 12 20
7 12 21
7 12 25
7 32 30
7 32 42
7 32 43
7 32 45
7 32 51
7 32 52
7 32 53
7 32 54
7 38 16
7 38 18
7 38 26
7 38 37
7 38 38
7 38 46
7 38 57
7 38 59
7 76 55
7 76 56
7 76 65
7 76 67
7 76 76
7 76 77
7 76 78
7 76 84
7 76 85
7 76 87
7 76 88
7 76 95
7 76 96
7 76 97
7 80 62
7 80 72
7 80 80
7 80 81
7 80 82
7 80 83
7 80 91
8 12 2
8 12 12
8 12 14
8 12 22
8 12 24
8 12 25
8 32 31
8 32 32
8 32 33
8 32 34
8 32 35
8 32 43
8 32 44
8 32 45
8 32 51
8 38 6
8 38 9
8 38 17
8 38 28
8 38 29
8 38 57
8 38 58
8 76 56
8 76 64
8 76 65
8 76 66
8 76 73
8 76 77
8 76 78
8 76 79
8 76 84
8 76 86
8 76 88
8 76 94
8 76 96
8 76 98
8 76 99
8 80 61
8 80 71
8 80 72
8 80 80
8 80 91
8 80 93
9 12 4
9 12 5
9 12 10
9 12 12
9 12 13
9 12 14
9 12 15
9 12 24
9 32 31
9 32 33
9 32 40
9 32 41
9 32 42
9 32 43
9 32 50
9 32 51
9 32 63
9 38 7
9 38 16
9 38 19
9 38 29
9 38 37
9 38 38
9 38 39
9 38 47
9 38 48
9 38 58
9 38 69
9 76 56
9 76 68
9 76 73
9 76 74
9 76 75
9 76 77
9 76 79
9 76 84
9 76 85
9 76 96
9 76 97
9 76 98
9 76 99
9 80 60
9 80 62
9 80 72
9 80 81
9 80 82
9 80 93
--- Done ---
