0 37 77
0 68 66
0 68 67
0 68 68
0 68 78
0 80 76
1 33 3
1 33 20
1 33 22
1 33 23
1 33 31
1 33 40
1 33 42
1 33 50
1 33 72
1 33 74
1 37 9
1 37 16
1 37 17
1 37 18
1 37 25
1 37 29
1 37 45
1 37 48
1 37 49
1 37 56
1 37 66
1 37 78
1 68 6
1 68 28
1 68 38
1 68 46
1 68 47
1 68 57
1 68 58
1 68 68
1 68 89
1 68 93
1 68 94
1 68 96
1 80 52
1 80 54
1 80 60
1 80 71
1 80 73
1 80 75
1 80 76
1 80 83
1 80 84
1 80 90
1 80 91
2 33 0
2 33 1
2 33 2
2 33 3
2 33 5
2 33 6
2 33 11
2 33 14
2 33 22
2 33 25
2 33 26
2 33 30
2 33 31
2 33 32
2 33 36
2 33 42
2 33 60
2 33 62
2 33 82
2 37 4
2 37 13
2 37 15
2 37 18
2 37 19
2 37 35
2 37 47
2 37 57
2 37 58
2 37 67
2 37 77
2 68 28
2 68 38
2 68 49
2 68 64
2 68 87
2 68 88
2 68 94
2 80 51
2 80 63
2 80 70
2 80 71
2 80 72
2 80 76
2 80 83
2 80 92
3 33 2
3 33 3
3 33 4
3 33 5
3 33 12
3 33 13
3 33 26
3 33 30
3 33 33
3 33 35
3 33 42
3 33 43
3 33 51
3 33 74
3 37 14
3 37 17
3 37 18
3 37 23
3 37 24
3 37 36
3 37 55
3 37 77
3 37 85
3 68 15
3 68 49
3 68 56
3 68 57
3 68 67
3 68 68
3 68 69
3 68 78
3 68 79
3 68 89
3 68 93
3 68 94
3 68 96
3 80 41
3 80 54
3 80 60
3 80 63
3 80 73
3 80 75
3 80 80
3 80 81
3 80 82
3 80 84
3 80 92
4 33 0
4 33 1
4 33 3
4 33 5
4 33 6
4 33 13
4 33 16
4 33 25
4 33 31
4 33 34
4 33 42
4 33 51
4 33 56
4 33 60
4 33 62
4 33 72
4 37 8
4 37 12
4 37 39
4 37 47
4 37 58
4 37 63
4 37 64
4 37 66
4 68 27
4 68 36
4 68 38
4 68 54
4 68 68
4 68 69
4 68 77
4 68 78
4 68 79
4 68 86
4 68 93
4 80 50
4 80 61
4 80 65
4 80 75
4 80 76
4 80 81
4 80 84
4 80 90
4 80 91
4 80 92
5 33 0
5 33 1
5 33 3
5 33 10
5 33 16
5 33 22
5 33 25
5 33 42
5 33 43
5 33 44
5 33 50
5 33 52
5 33 62
5 33 63
5 33 76
5 33 81
5 37 7
5 37 17
5 37 19
5 37 29
5 37 34
5 37 35
5 37 37
5 37 38
5 37 45
5 37 64
5 37 67
5 37 69
5 37 85
5 68 24
5 68 46
5 68 48
5 68 57
5 68 59
5 68 68
5 68 87
5 68 98
5 80 54
5 80 55
5 80 65
5 80 71
5 80 73
5 80 75
5 80 80
5 80 83
5 80 92
6 33 3
6 33 16
6 33 20
6 33 21
6 33 26
6 33 31
6 33 32
6 33 41
6 33 43
6 33 44
6 33 50
6 33 60
6 33 62
6 33 63
6 33 87
6 37 17
6 37 23
6 37 25
6 37 27
6 37 28
6 37 34
6 37 35
6 37 37
6 37 38
6 37 48
6 37 49
6 37 57
6 68 24
6 68 46
6 68 58
6 68 65
6 68 73
6 68 76
6 68 88
6 68 93
6 68 96
6 68 98
6 68 99
6 80 30
6 80 52
6 80 54
6 80 70
6 80 71
6 80 72
6 80 75
6 80 90
6 80 92
7 33 1
7 33 4
7 33 10
7 33 11
7 33 15
7 33 16
7 33 20
7 33 21
7 33 26
7 33 42
7 33 43
7 33 51
7 33 53
7 33 56
7 33 81
7 33 82
7 33 85
7 33 87
7 37 18
7 37 37
7 37 38
7 37 45
7 37 52
7 37 57
7 37 67
7 68 25
7 68 46
7 68 54
7 68 55
7 68 59
7 68 77
7 68 78
7 68 88
7 68 96
7 68 97
7 80 30
7 80 62
7 80 65
7 80 72
7 80 76
7 80 80
7 80 83
7 80 84
7 80 91
7 80 95
8 33 2
8 33 12
8 33 14
8 33 17
8 33 22
8 33 24
8 33 31
8 33 33
8 33 35
8 33 43
8 33 44
8 33 56
8 33 64
8 37 6
8 37 9
8 37 25
8 37 28
8 37 29
8 37 32
8 37 34
8 37 45
8 37 77
8 37 78
8 68 57
8 68 58
8 68 66
8 68 79
8 68 86
8 68 88
8 68 93
8 68 94
8 68 96
8 68 98
8 68 99
8 80 51
8 80 61
8 80 65
8 80 71
8 80 72
8 80 73
8 80 80
8 80 84
8 80 91
9 33 4
9 33 5
9 33 10
9 33 12
9 33 13
9 33 14
9 33 16
9 33 31
9 33 33
9 33 42
9 33 43
9 33 50
9 33 72
9 33 74
9 33 85
9 37 7
9 37 15
9 37 19
9 37 29
9 37 37
9 37 38
9 37 47
9 37 56
9 37 58
9 37 63
9 68 24
9 68 39
9 68 48
9 68 68
9 68 69
9 68 73
9 68 77
9 68 79
9 68 93
9 68 96
9 68 97
9 68 98
9 68 99
9 80 40
9 80 41
9 80 51
9 80 60
9 80 62
9 80 75
9 80 81
9 80 82
9 80 84
--- Done ---
