0 1 1
0 1 10
0 1 11
0 1 12
0 1 20
0 22 21
0 22 22
1 1 1
1 1 2
1 1 10
1 1 12
1 1 13
1 22 3
1 22 4
1 22 14
1 22 21
1 22 22
1 22 31
1 22 33
1 22 42
1 22 43
1 22 44
1 26 5
1 26 7
1 26 19
1 26 25
1 26 26
1 26 27
1 26 46
1 26 48
1 45 8
1 45 16
1 45 36
1 45 37
1 45 45
1 45 55
1 45 56
1 45 64
1 62 41
1 62 53
1 62 61
1 62 62
1 62 71
1 62 72
1 62 73
1 68 29
1 68 68
1 68 78
1 82 63
1 82 70
1 82 82
1 82 84
1 82 90
1 82 91
1 82 92
1 96 65
1 96 85
1 96 96
1 96 97
2 1 1
2 1 13
2 1 15
2 22 4
2 22 14
2 22 21
2 22 22
2 22 30
2 22 34
2 22 42
2 22 43
2 26 5
2 26 18
2 26 26
2 26 28
2 26 35
2 26 37
2 26 39
2 45 8
2 45 45
2 45 47
2 45 56
2 45 64
2 62 54
2 62 62
2 62 74
2 68 29
2 68 58
2 68 59
2 68 66
2 68 68
2 68 69
2 68 87
2 82 63
2 82 72
2 82 82
2 82 83
2 82 84
2 82 92
2 96 75
2 96 76
2 96 88
2 96 94
2 96 96
2 96 98
3 1 1
3 1 10
3 1 11
3 1 12
3 1 13
3 22 3
3 22 4
3 22 14
3 22 21
3 22 22
3 22 30
3 22 33
3 22 34
3 22 44
3 26 16
3 26 18
3 26 26
3 26 27
3 26 35
3 26 36
3 26 37
3 26 46
3 45 8
3 45 45
3 45 55
3 45 64
3 45 65
3 49 38
3 49 49
3 49 59
3 62 50
3 62 52
3 62 53
3 62 60
3 62 62
3 62 63
3 62 73
3 62 81
3 68 29
3 68 56
3 68 57
3 68 58
3 68 66
3 68 68
3 68 77
3 68 87
3 68 99
3 82 72
3 82 82
3 96 75
3 96 85
3 96 94
3 96 96
4 1 1
4 1 10
4 1 12
4 1 13
4 22 3
4 22 21
4 22 22
4 22 23
4 22 31
4 22 33
4 22 34
4 26 16
4 26 18
4 26 19
4 26 26
4 26 27
4 26 28
4 26 35
4 26 39
4 45 8
4 45 45
4 45 54
4 45 55
4 45 65
4 49 9
4 49 38
4 49 47
4 49 49
4 49 57
4 49 59
4 62 62
4 62 63
4 68 68
4 68 78
4 68 87
4 68 89
4 68 98
4 68 99
4 82 51
4 82 70
4 82 71
4 82 74
4 82 82
4 82 84
4 82 90
4 82 92
4 96 75
4 96 95
4 96 96
4 96 97
5 1 0
5 1 1
5 1 13
5 22 22
5 22 23
5 22 42
5 22 44
5 26 3
5 26 6
5 26 17
5 26 26
5 26 27
5 26 28
5 26 35
5 26 39
5 45 45
5 45 47
5 45 55
5 45 64
5 45 86
5 49 9
5 49 38
5 49 49
5 49 57
5 62 41
5 62 53
5 62 54
5 62 62
5 62 73
5 62 74
5 68 66
5 68 68
5 68 77
5 68 79
5 68 89
5 68 98
5 68 99
5 82 70
5 82 75
5 82 81
5 82 82
5 82 83
5 96 76
5 96 85
5 96 95
5 96 96
5 96 97
6 1 1
6 1 11
6 1 15
6 22 3
6 22 14
6 22 22
6 22 23
6 22 30
6 22 31
6 22 32
6 22 42
6 22 44
6 26 16
6 26 18
6 26 24
6 26 25
6 26 26
6 26 37
6 26 39
6 45 8
6 45 45
6 45 47
6 45 54
6 45 64
6 45 65
6 49 27
6 49 38
6 49 49
6 49 67
6 62 41
6 62 52
6 62 53
6 62 60
6 62 62
6 62 63
6 68 56
6 68 58
6 68 59
6 68 66
6 68 68
6 68 89
6 68 98
6 82 51
6 82 73
6 82 82
6 82 83
6 82 84
6 82 92
6 96 94
6 96 95
6 96 96
6 96 97
7 1 0
7 1 1
7 1 12
7 1 15
7 22 21
7 22 22
7 22 23
7 22 31
7 22 32
7 22 33
7 22 40
7 22 42
7 26 4
7 26 6
7 26 7
7 26 17
7 26 24
7 26 26
7 26 28
7 26 34
7 26 36
7 26 39
7 26 46
7 45 45
7 45 47
7 45 56
7 45 64
7 45 65
7 49 9
7 49 38
7 49 49
7 49 57
7 49 67
7 62 52
7 62 61
7 62 62
7 62 63
7 62 72
7 62 80
7 62 81
7 68 29
7 68 58
7 68 66
7 68 68
7 68 79
7 68 98
7 68 99
7 82 51
7 82 82
7 82 83
7 82 84
7 82 92
7 96 76
7 96 95
7 96 96
8 1 0
8 1 1
8 1 12
8 1 15
8 22 21
8 22 22
8 22 32
8 22 33
8 22 34
8 22 40
8 22 42
8 26 5
8 26 17
8 26 24
8 26 26
8 26 28
8 26 37
8 45 8
8 45 27
8 45 45
8 45 47
8 45 55
8 49 39
8 49 49
8 49 56
8 49 67
8 62 43
8 62 50
8 62 61
8 62 62
8 62 72
8 68 48
8 68 58
8 68 59
8 68 68
8 68 78
8 82 63
8 82 73
8 82 81
8 82 82
8 82 83
8 82 84
8 82 91
8 82 92
8 82 93
8 96 65
8 96 76
8 96 88
8 96 94
8 96 96
8 96 97
9 1 0
9 1 1
9 1 20
9 22 3
9 22 22
9 22 23
9 22 32
9 22 42
9 22 43
9 26 4
9 26 16
9 26 17
9 26 26
9 26 28
9 26 35
9 26 36
9 26 37
9 26 39
9 26 46
9 45 45
9 45 47
9 49 9
9 49 48
9 49 49
9 62 41
9 62 50
9 62 54
9 62 60
9 62 62
9 62 63
9 62 73
9 62 74
9 68 57
9 68 58
9 68 68
9 68 69
9 68 79
9 68 99
9 82 70
9 82 75
9 82 82
9 82 84
9 82 91
9 96 85
9 96 94
9 96 96
