0 1 1
0 1 10
0 1 11
0 1 20
0 12 12
0 12 21
0 12 22
0 19 19
0 36 36
0 53 53
0 68 68
0 70 70
0 84 84
1 1 1
1 1 2
1 1 10
1 1 13
1 12 3
1 12 12
1 12 22
1 15 4
1 15 5
1 15 14
1 15 15
1 15 16
1 15 25
1 15 26
1 15 37
1 15 44
1 19 8
1 19 19
1 19 29
1 32 21
1 32 31
1 32 32
1 32 33
1 32 41
1 36 7
1 36 27
1 36 36
1 36 46
1 36 48
1 53 42
1 53 43
1 53 53
1 53 55
1 53 62
1 53 63
1 53 64
1 68 56
1 68 68
1 70 61
1 70 70
1 70 71
1 70 72
1 70 90
1 70 91
1 70 92
1 84 65
1 84 73
1 84 84
1 84 85
1 87 78
1 87 87
1 87 97
2 15 4
2 15 5
2 15 13
2 15 14
2 15 15
2 15 26
2 15 35
2 28 8
2 28 18
2 28 28
2 28 29
2 28 37
2 28 39
2 28 47
2 32 21
2 32 30
2 32 32
2 32 34
2 32 42
2 32 43
2 32 54
2 68 56
2 68 58
2 68 59
2 68 66
2 68 68
2 68 69
2 83 63
2 83 64
2 83 72
2 83 74
2 83 75
2 83 83
2 83 84
2 83 92
2 83 94
2 87 76
2 87 87
2 87 88
2 87 96
2 87 98
3 22 1
3 22 3
3 22 4
3 22 10
3 22 11
3 22 12
3 22 13
3 22 14
3 22 21
3 22 22
3 22 33
3 22 34
3 28 8
3 28 18
3 28 27
3 28 28
3 28 29
3 28 38
3 28 49
3 45 16
3 45 35
3 45 36
3 45 37
3 45 44
3 45 45
3 45 46
3 45 55
3 45 64
3 45 65
3 51 30
3 51 50
3 51 51
3 51 52
3 51 53
3 51 60
3 51 72
3 68 56
3 68 57
3 68 58
3 68 59
3 68 66
3 68 68
3 68 99
3 83 62
3 83 63
3 83 73
3 83 75
3 83 81
3 83 83
3 83 94
3 87 77
3 87 85
3 87 87
4 22 3
4 22 10
4 22 12
4 22 13
4 22 21
4 22 22
4 22 23
4 22 33
4 28 8
4 28 18
4 28 19
4 28 27
4 28 28
4 45 16
4 45 34
4 45 35
4 45 45
4 45 54
4 45 55
4 45 65
4 47 9
4 47 47
4 47 57
4 51 31
4 51 51
4 69 38
4 69 39
4 69 59
4 69 69
4 69 78
4 80 70
4 80 71
4 80 80
4 80 90
4 83 62
4 83 63
4 83 74
4 83 75
4 83 83
4 83 84
4 83 92
4 83 95
4 97 87
4 97 89
4 97 97
4 97 98
4 97 99
5 12 0
5 12 1
5 12 3
5 12 12
5 12 13
5 12 23
5 15 6
5 15 15
5 15 17
5 15 35
5 15 44
5 40 40
5 40 41
5 40 42
5 40 53
5 47 9
5 47 27
5 47 28
5 47 45
5 47 47
5 65 54
5 65 55
5 65 57
5 65 64
5 65 65
5 65 66
5 65 73
5 65 74
5 65 75
5 65 76
5 65 77
5 65 85
5 69 38
5 69 39
5 69 49
5 69 69
5 69 79
5 80 70
5 80 80
5 80 81
5 80 82
5 80 83
5 97 86
5 97 89
5 97 95
5 97 96
5 97 97
5 97 98
5 97 99
6 8 8
6 8 18
6 12 3
6 12 11
6 12 12
6 12 22
6 12 32
6 15 14
6 15 15
6 15 16
6 15 23
6 15 24
6 15 25
6 15 26
6 15 37
6 15 44
6 40 30
6 40 31
6 40 40
6 40 41
6 40 42
6 40 51
6 40 52
6 40 53
6 40 60
6 45 45
6 48 27
6 48 38
6 48 39
6 48 47
6 48 48
6 48 58
6 48 59
6 48 67
6 65 54
6 65 56
6 65 62
6 65 63
6 65 64
6 65 65
6 65 66
6 65 73
6 88 88
6 88 89
6 88 97
6 88 98
6 92 83
6 92 84
6 92 92
6 92 94
6 92 95
7 8 8
7 8 9
7 12 0
7 12 4
7 12 12
7 12 21
7 12 23
7 26 6
7 26 7
7 26 15
7 26 17
7 26 24
7 26 26
7 26 28
7 26 39
7 42 31
7 42 32
7 42 33
7 42 40
7 42 42
7 42 51
7 42 52
7 42 63
7 45 34
7 45 36
7 45 45
7 45 46
7 45 56
7 45 64
7 48 29
7 48 38
7 48 47
7 48 48
7 48 57
7 48 58
7 48 67
7 77 66
7 77 76
7 77 77
7 77 79
7 88 65
7 88 88
7 88 98
7 88 99
7 92 61
7 92 72
7 92 80
7 92 81
7 92 83
7 92 84
7 92 92
7 92 95
8 12 0
8 12 12
8 12 21
8 12 22
8 26 5
8 26 15
8 26 17
8 26 24
8 26 26
8 26 27
8 26 28
8 26 37
8 26 39
8 42 32
8 42 33
8 42 40
8 42 42
8 42 43
8 42 50
8 42 63
8 42 73
8 45 8
8 45 34
8 45 45
8 45 55
8 45 56
8 45 65
8 48 47
8 48 48
8 48 58
8 48 59
8 48 68
8 77 67
8 77 76
8 77 77
8 77 78
8 77 88
8 77 96
8 77 97
8 92 61
8 92 72
8 92 81
8 92 82
8 92 83
8 92 84
8 92 91
8 92 92
8 92 93
8 92 94
9 12 0
9 12 3
9 12 4
9 12 12
9 12 20
9 12 22
9 12 23
9 12 32
9 19 9
9 19 17
9 19 19
9 19 28
9 19 39
9 36 16
9 36 26
9 36 35
9 36 36
9 36 37
9 36 46
9 36 47
9 36 48
9 53 41
9 53 42
9 53 43
9 53 53
9 53 54
9 53 62
9 53 63
9 53 73
9 68 57
9 68 58
9 68 68
9 68 69
9 68 79
9 68 99
9 70 50
9 70 60
9 70 70
9 70 91
9 84 74
9 84 75
9 84 82
9 84 84
9 84 85
9 84 94
