0 1 1
0 1 10
0 1 11
0 1 12
0 1 20
0 1 21
0 1 22
0 36 36
0 71 71
0 77 77
1 1 1
1 1 2
1 1 3
1 1 4
1 1 10
1 1 12
1 1 13
1 1 21
1 1 22
1 36 19
1 36 25
1 36 33
1 36 36
1 36 42
1 36 43
1 36 48
1 37 5
1 37 7
1 37 8
1 37 14
1 37 16
1 37 26
1 37 29
1 37 37
1 37 46
1 71 31
1 71 41
1 71 53
1 71 61
1 71 62
1 71 63
1 71 64
1 71 70
1 71 71
1 71 72
1 71 73
1 71 84
1 71 90
1 71 91
1 71 92
1 77 27
1 77 44
1 77 55
1 77 56
1 77 65
1 77 77
1 77 78
1 77 85
1 77 97
2 22 4
2 22 13
2 22 21
2 22 22
2 22 30
2 22 34
2 22 35
2 22 42
2 22 47
2 37 5
2 37 8
2 37 14
2 37 15
2 37 18
2 37 26
2 37 28
2 37 29
2 37 37
2 37 39
2 37 58
2 37 59
2 37 66
2 62 43
2 62 54
2 62 56
2 62 62
2 62 63
2 62 64
2 62 72
2 62 74
2 62 83
2 62 84
2 62 92
2 62 94
2 78 68
2 78 69
2 78 75
2 78 76
2 78 78
2 78 87
2 78 88
2 78 96
2 78 98
3 22 1
3 22 3
3 22 4
3 22 10
3 22 11
3 22 12
3 22 13
3 22 14
3 22 16
3 22 21
3 22 22
3 22 30
3 22 33
3 22 34
3 22 35
3 22 53
3 22 73
3 28 8
3 28 18
3 28 27
3 28 28
3 28 29
3 28 36
3 28 37
3 28 38
3 28 49
3 28 57
3 62 44
3 62 50
3 62 52
3 62 55
3 62 56
3 62 60
3 62 62
3 62 63
3 62 64
3 62 65
3 62 72
3 62 81
3 62 85
3 62 94
3 78 46
3 78 58
3 78 59
3 78 66
3 78 75
3 78 77
3 78 78
3 78 87
3 78 99
4 22 3
4 22 10
4 22 12
4 22 13
4 22 16
4 22 21
4 22 22
4 22 31
4 22 33
4 22 34
4 22 51
4 28 8
4 28 9
4 28 18
4 28 19
4 28 23
4 28 27
4 28 28
4 28 35
4 28 38
4 28 39
4 28 47
4 28 57
4 72 54
4 72 62
4 72 63
4 72 65
4 72 70
4 72 71
4 72 72
4 72 74
4 72 75
4 72 84
4 72 90
4 72 92
4 72 95
4 77 55
4 77 59
4 77 77
4 77 78
4 77 87
4 77 89
4 77 97
4 77 98
4 77 99
5 18 6
5 18 9
5 18 17
5 18 18
5 18 28
5 18 38
5 18 39
5 18 49
5 22 0
5 22 1
5 22 3
5 22 13
5 22 22
5 22 23
5 22 35
5 22 41
5 22 42
5 22 44
5 22 53
5 22 73
5 72 64
5 72 70
5 72 72
5 72 81
5 72 82
5 72 83
5 77 27
5 77 45
5 77 47
5 77 54
5 77 55
5 77 57
5 77 66
5 77 74
5 77 75
5 77 76
5 77 77
5 77 79
5 77 85
5 77 86
5 77 89
5 77 95
5 77 96
5 77 97
5 77 98
5 77 99
6 18 8
6 18 15
6 18 18
6 18 26
6 18 27
6 18 37
6 18 38
6 18 39
6 18 56
6 18 58
6 22 3
6 22 11
6 22 14
6 22 16
6 22 22
6 22 23
6 22 24
6 22 30
6 22 31
6 22 32
6 22 41
6 22 42
6 22 44
6 22 47
6 22 51
6 22 53
6 72 25
6 72 52
6 72 54
6 72 60
6 72 62
6 72 64
6 72 65
6 72 66
6 72 72
6 72 73
6 72 83
6 72 84
6 72 92
6 76 45
6 76 59
6 76 63
6 76 67
6 76 76
6 76 89
6 76 94
6 76 95
6 76 97
6 76 98
7 18 6
7 18 7
7 18 9
7 18 18
7 18 28
7 18 29
7 18 36
7 18 38
7 18 39
7 18 58
7 34 0
7 34 4
7 34 12
7 34 15
7 34 17
7 34 23
7 34 24
7 34 26
7 34 32
7 34 33
7 34 34
7 34 42
7 34 45
7 34 46
7 34 51
7 34 52
7 34 56
7 34 57
7 34 64
7 34 65
7 34 67
7 61 21
7 61 31
7 61 40
7 61 61
7 61 63
7 61 72
7 61 80
7 61 81
7 61 83
7 61 92
7 76 47
7 76 66
7 76 76
7 76 79
7 76 84
7 76 95
7 76 98
7 76 99
8 18 8
8 18 12
8 18 15
8 18 17
8 18 18
8 18 26
8 18 27
8 18 28
8 18 37
8 18 39
8 18 58
8 34 0
8 34 22
8 34 24
8 34 32
8 34 34
8 34 45
8 34 55
8 34 65
8 34 73
8 61 21
8 61 33
8 61 40
8 61 42
8 61 43
8 61 50
8 61 61
8 61 63
8 61 72
8 61 81
8 61 82
8 61 83
8 61 91
8 61 92
8 61 93
8 76 5
8 76 47
8 76 48
8 76 56
8 76 59
8 76 67
8 76 68
8 76 76
8 76 78
8 76 84
8 76 88
8 76 94
8 76 96
8 76 97
9 1 0
9 1 1
9 1 3
9 1 4
9 1 20
9 1 22
9 36 9
9 36 16
9 36 17
9 36 23
9 36 26
9 36 28
9 36 35
9 36 36
9 36 37
9 36 39
9 36 42
9 36 43
9 36 46
9 36 47
9 36 48
9 36 54
9 36 57
9 36 75
9 71 32
9 71 41
9 71 50
9 71 60
9 71 62
9 71 63
9 71 70
9 71 71
9 71 73
9 71 82
9 71 84
9 71 91
9 71 94
9 77 58
9 77 69
9 77 74
9 77 77
9 77 79
9 77 85
9 77 99
