0 1 1
0 1 10
0 1 11
0 1 12
0 1 20
0 1 21
0 1 22
1 1 1
1 1 2
1 1 3
1 1 4
1 1 5
1 1 10
1 1 12
1 1 13
1 1 14
1 1 21
1 1 22
1 1 33
1 1 41
1 1 42
1 1 43
1 24 7
1 24 16
1 24 24
1 55 8
1 55 19
1 55 25
1 55 26
1 55 27
1 55 29
1 55 31
1 55 36
1 55 37
1 55 46
1 55 55
1 55 56
1 55 65
1 55 78
1 55 97
1 83 44
1 83 48
1 83 53
1 83 61
1 83 62
1 83 63
1 83 64
1 83 70
1 83 71
1 83 72
1 83 73
1 83 83
1 83 84
1 83 85
1 83 90
1 83 91
1 83 92
2 1 1
2 1 4
2 1 5
2 1 13
2 1 14
2 1 15
2 1 21
2 1 30
2 1 42
2 1 43
2 24 24
2 24 34
2 55 8
2 55 18
2 55 26
2 55 28
2 55 29
2 55 35
2 55 39
2 55 47
2 55 54
2 55 55
2 55 56
2 55 58
2 55 63
2 55 64
2 55 66
2 55 68
2 55 72
2 55 74
2 55 75
2 55 87
2 55 88
2 55 96
2 69 37
2 69 59
2 69 69
2 69 98
2 83 76
2 83 83
2 83 84
2 83 92
2 83 94
3 1 1
3 1 3
3 1 4
3 1 10
3 1 11
3 1 12
3 1 13
3 1 14
3 1 21
3 1 22
3 1 30
3 1 33
3 24 16
3 24 24
3 24 27
3 24 29
3 24 34
3 24 35
3 24 36
3 24 38
3 24 44
3 24 56
3 24 62
3 24 66
3 55 8
3 55 18
3 55 37
3 55 52
3 55 53
3 55 55
3 55 57
3 55 58
3 55 60
3 55 63
3 55 65
3 55 72
3 55 75
3 55 81
3 55 85
3 55 87
3 69 46
3 69 49
3 69 59
3 69 69
3 69 77
3 69 99
3 83 50
3 83 64
3 83 73
3 83 83
3 83 94
4 1 1
4 1 3
4 1 10
4 1 12
4 1 13
4 1 21
4 1 22
4 1 33
4 24 9
4 24 16
4 24 24
4 24 28
4 24 31
4 24 34
4 24 35
4 24 38
4 24 62
4 24 74
4 55 8
4 55 18
4 55 19
4 55 23
4 55 27
4 55 47
4 55 51
4 55 55
4 55 63
4 55 65
4 55 75
4 55 84
4 55 97
4 69 39
4 69 54
4 69 57
4 69 59
4 69 69
4 69 78
4 69 87
4 69 89
4 69 98
4 69 99
4 83 70
4 83 71
4 83 83
4 83 90
4 83 92
4 83 95
5 1 0
5 1 1
5 1 3
5 1 13
5 1 23
5 1 41
5 1 42
5 24 6
5 24 9
5 24 17
5 24 24
5 24 28
5 24 35
5 24 44
5 24 45
5 24 53
5 55 27
5 55 47
5 55 54
5 55 55
5 55 74
5 55 75
5 55 81
5 55 95
5 69 38
5 69 39
5 69 49
5 69 57
5 69 66
5 69 69
5 69 76
5 69 77
5 69 79
5 69 85
5 69 86
5 69 89
5 69 97
5 69 98
5 69 99
5 83 64
5 83 70
5 83 73
5 83 82
5 83 83
5 83 96
6 1 1
6 1 11
6 1 14
6 1 15
6 1 22
6 1 23
6 1 30
6 1 32
6 1 41
6 1 42
6 1 45
6 1 52
6 24 3
6 24 16
6 24 24
6 24 44
6 55 8
6 55 18
6 55 25
6 55 26
6 55 27
6 55 31
6 55 47
6 55 55
6 69 37
6 69 38
6 69 39
6 69 54
6 69 56
6 69 58
6 69 59
6 69 66
6 69 67
6 69 69
6 69 89
6 69 97
6 69 98
6 83 51
6 83 53
6 83 60
6 83 62
6 83 63
6 83 64
6 83 65
6 83 73
6 83 83
6 83 84
6 83 92
6 83 94
6 83 95
7 1 0
7 1 1
7 1 4
7 1 12
7 1 15
7 1 21
7 1 23
7 1 32
7 1 33
7 1 42
7 1 45
7 1 52
7 24 6
7 24 7
7 24 9
7 24 17
7 24 24
7 24 26
7 24 29
7 24 31
7 24 34
7 24 40
7 24 61
7 55 28
7 55 36
7 55 47
7 55 51
7 55 55
7 55 72
7 55 81
7 55 84
7 69 38
7 69 39
7 69 46
7 69 56
7 69 57
7 69 58
7 69 65
7 69 66
7 69 67
7 69 69
7 69 76
7 69 79
7 69 98
7 69 99
7 83 63
7 83 64
7 83 80
7 83 83
7 83 92
7 83 95
8 1 0
8 1 1
8 1 5
8 1 12
8 1 15
8 1 21
8 1 22
8 1 32
8 1 33
8 1 42
8 1 43
8 1 45
8 1 50
8 24 17
8 24 24
8 24 26
8 24 27
8 24 28
8 24 34
8 24 37
8 24 40
8 24 56
8 24 61
8 55 8
8 55 39
8 55 47
8 55 48
8 55 55
8 55 58
8 55 65
8 55 67
8 55 68
8 55 72
8 55 76
8 55 78
8 55 81
8 55 88
8 55 93
8 55 96
8 55 97
8 69 59
8 69 69
8 83 63
8 83 73
8 83 82
8 83 83
8 83 84
8 83 91
8 83 92
8 83 94
9 1 0
9 1 1
9 1 3
9 1 4
9 1 20
9 1 22
9 1 23
9 1 32
9 1 41
9 1 42
9 1 43
9 1 50
9 24 9
9 24 16
9 24 24
9 55 17
9 55 26
9 55 28
9 55 35
9 55 36
9 55 37
9 55 39
9 55 46
9 55 47
9 55 48
9 55 54
9 55 55
9 55 57
9 55 58
9 55 60
9 55 63
9 55 74
9 55 75
9 55 84
9 55 85
9 69 69
9 69 79
9 69 99
9 83 62
9 83 70
9 83 73
9 83 82
9 83 83
9 83 91
9 83 94
