0 1 1
0 1 10
0 1 11
0 1 12
0 1 20
0 1 21
0 1 22
0 38 38
0 42 42
0 75 75
1 1 1
1 1 2
1 1 3
1 1 4
1 1 5
1 1 10
1 1 12
1 1 13
1 1 14
1 1 21
1 1 22
1 1 33
1 1 41
1 1 43
1 38 7
1 38 8
1 38 19
1 38 25
1 38 26
1 38 27
1 38 29
1 38 37
1 38 38
1 38 48
1 42 16
1 42 31
1 42 36
1 42 42
1 42 46
1 42 61
1 42 64
1 42 65
1 42 70
1 42 72
1 42 73
1 75 44
1 75 53
1 75 55
1 75 56
1 75 62
1 75 63
1 75 71
1 75 75
1 75 78
1 75 84
1 75 85
1 75 90
1 75 91
1 75 92
1 75 97
2 42 4
2 42 13
2 42 14
2 42 15
2 42 21
2 42 30
2 42 35
2 42 42
2 42 43
2 42 64
2 42 66
2 42 72
2 42 74
2 42 83
2 47 5
2 47 8
2 47 18
2 47 26
2 47 28
2 47 29
2 47 34
2 47 37
2 47 39
2 47 47
2 47 56
2 47 58
2 47 59
2 47 69
2 47 76
2 85 54
2 85 63
2 85 68
2 85 75
2 85 84
2 85 85
2 85 87
2 85 88
2 85 92
2 85 94
2 85 96
2 85 98
3 42 1
3 42 3
3 42 4
3 42 10
3 42 11
3 42 12
3 42 14
3 42 16
3 42 21
3 42 30
3 42 33
3 42 36
3 42 42
3 42 46
3 42 50
3 42 52
3 42 53
3 42 60
3 42 64
3 42 65
3 42 66
3 42 72
3 42 73
3 42 75
3 42 81
3 47 8
3 47 13
3 47 18
3 47 22
3 47 27
3 47 29
3 47 34
3 47 35
3 47 37
3 47 44
3 47 47
3 47 49
3 47 56
3 47 57
3 47 58
3 47 59
3 47 62
3 85 38
3 85 55
3 85 63
3 85 77
3 85 85
3 85 87
3 85 94
3 85 99
4 14 3
4 14 8
4 14 9
4 14 12
4 14 13
4 14 14
4 14 16
4 14 18
4 14 19
4 14 21
4 14 22
4 14 23
4 14 27
4 14 28
4 14 31
4 14 33
4 14 34
4 14 35
4 14 55
4 42 10
4 42 42
4 42 51
4 42 62
4 42 70
4 42 71
4 68 38
4 68 39
4 68 47
4 68 57
4 68 59
4 68 65
4 68 68
4 68 78
4 68 95
4 68 97
4 68 98
4 68 99
4 74 54
4 74 63
4 74 74
4 74 75
4 74 84
4 74 87
4 74 89
4 74 90
4 74 92
5 14 0
5 14 3
5 14 6
5 14 9
5 14 13
5 14 14
5 14 17
5 14 23
5 14 27
5 14 28
5 14 35
5 14 41
5 14 44
5 14 45
5 14 49
5 14 57
5 42 1
5 42 42
5 42 53
5 42 54
5 42 55
5 42 64
5 42 70
5 42 73
5 42 75
5 42 83
5 42 86
5 68 38
5 68 39
5 68 47
5 68 66
5 68 68
5 68 76
5 68 77
5 68 79
5 68 89
5 68 95
5 68 96
5 68 97
5 68 98
5 68 99
5 74 74
5 74 81
5 74 82
5 74 85
6 42 3
6 42 11
6 42 14
6 42 15
6 42 16
6 42 23
6 42 24
6 42 30
6 42 31
6 42 32
6 42 42
6 42 44
6 42 51
6 42 52
6 42 53
6 42 64
6 42 73
6 47 8
6 47 18
6 47 22
6 47 25
6 47 26
6 47 27
6 47 37
6 47 38
6 47 39
6 47 47
6 47 56
6 47 58
6 47 59
6 47 62
6 85 41
6 85 45
6 85 54
6 85 60
6 85 63
6 85 65
6 85 66
6 85 67
6 85 83
6 85 84
6 85 85
6 85 89
6 85 92
6 85 94
6 85 95
6 85 97
6 85 98
7 15 4
7 15 6
7 15 7
7 15 12
7 15 15
7 15 17
7 15 24
7 15 26
7 15 28
7 15 33
7 15 36
7 15 39
7 15 56
7 15 58
7 41 0
7 41 21
7 41 23
7 41 31
7 41 32
7 41 40
7 41 41
7 41 42
7 41 51
7 41 52
7 41 63
7 41 81
7 47 9
7 47 29
7 47 34
7 47 38
7 47 46
7 47 47
7 47 65
7 47 76
7 47 79
7 85 45
7 85 57
7 85 61
7 85 64
7 85 66
7 85 67
7 85 72
7 85 80
7 85 83
7 85 84
7 85 85
7 85 92
7 85 95
7 85 98
7 85 99
8 15 8
8 15 12
8 15 15
8 15 17
8 15 27
8 15 28
8 15 33
8 15 34
8 15 37
8 15 39
8 15 45
8 15 58
8 41 0
8 41 21
8 41 22
8 41 24
8 41 32
8 41 40
8 41 41
8 41 42
8 41 48
8 41 50
8 41 61
8 41 72
8 75 5
8 75 26
8 75 43
8 75 47
8 75 55
8 75 56
8 75 59
8 75 63
8 75 65
8 75 67
8 75 68
8 75 73
8 75 75
8 75 76
8 75 78
8 75 81
8 75 82
8 75 83
8 75 84
8 75 88
8 75 91
8 75 92
8 75 93
8 75 94
8 75 96
8 75 97
9 1 0
9 1 1
9 1 4
9 1 20
9 1 23
9 38 9
9 38 17
9 38 28
9 38 36
9 38 37
9 38 38
9 38 39
9 38 47
9 38 48
9 38 57
9 38 58
9 42 3
9 42 16
9 42 22
9 42 32
9 42 35
9 42 41
9 42 42
9 42 46
9 42 50
9 42 60
9 42 62
9 42 70
9 42 74
9 75 26
9 75 43
9 75 54
9 75 63
9 75 69
9 75 73
9 75 75
9 75 79
9 75 82
9 75 84
9 75 85
9 75 91
9 75 94
9 75 99
