0 21 10
0 21 11
0 21 12
0 21 20
0 21 21
0 21 22
1 21 1
1 21 2
1 21 10
1 21 12
1 21 13
1 21 21
1 21 22
1 21 31
1 21 33
1 21 41
1 21 42
1 21 43
1 26 3
1 26 4
1 26 5
1 26 7
1 26 8
1 26 14
1 26 16
1 26 19
1 26 25
1 26 26
1 26 27
1 26 29
1 26 37
1 26 46
1 26 48
1 71 53
1 71 61
1 71 62
1 71 63
1 71 64
1 71 70
1 71 71
1 71 72
1 71 73
1 71 84
1 71 90
1 71 91
1 71 92
1 77 36
1 77 44
1 77 55
1 77 56
1 77 65
1 77 77
1 77 78
1 77 85
1 77 97
2 21 5
2 21 13
2 21 21
2 21 30
2 21 42
2 21 43
2 26 4
2 26 8
2 26 14
2 26 15
2 26 18
2 26 26
2 26 28
2 26 29
2 26 34
2 26 35
2 26 37
2 26 39
2 26 56
2 26 58
2 26 68
2 26 75
2 71 63
2 71 64
2 71 71
2 71 72
2 71 83
2 71 84
2 71 92
2 71 94
2 77 47
2 77 54
2 77 59
2 77 66
2 77 69
2 77 74
2 77 76
2 77 77
2 77 87
2 77 88
2 77 96
2 77 98
3 21 1
3 21 10
3 21 11
3 21 12
3 21 13
3 21 21
3 21 22
3 21 30
3 21 33
3 21 34
3 21 35
3 26 3
3 26 4
3 26 8
3 26 14
3 26 16
3 26 18
3 26 26
3 26 29
3 26 37
3 26 38
3 26 46
3 26 49
3 26 75
3 71 50
3 71 52
3 71 53
3 71 60
3 71 62
3 71 63
3 71 64
3 71 71
3 71 72
3 71 73
3 71 81
3 71 94
3 77 27
3 77 36
3 77 44
3 77 55
3 77 56
3 77 57
3 77 58
3 77 59
3 77 65
3 77 66
3 77 77
3 77 85
3 77 87
3 77 99
4 16 8
4 16 9
4 16 12
4 16 16
4 16 18
4 16 23
4 16 28
4 16 34
4 21 10
4 21 13
4 21 21
4 21 22
4 21 31
4 21 33
4 26 3
4 26 19
4 26 26
4 26 35
4 26 38
4 26 39
4 26 65
4 71 51
4 71 62
4 71 63
4 71 70
4 71 71
4 71 84
4 71 90
4 71 92
4 77 27
4 77 47
4 77 54
4 77 55
4 77 57
4 77 59
4 77 74
4 77 75
4 77 77
4 77 78
4 77 87
4 77 89
4 77 95
4 77 97
4 77 98
4 77 99
5 16 9
5 16 16
5 21 0
5 21 1
5 21 13
5 21 21
5 21 23
5 21 35
5 21 41
5 21 42
5 21 54
5 26 3
5 26 6
5 26 17
5 26 26
5 26 27
5 26 28
5 26 38
5 26 39
5 26 49
5 71 53
5 71 64
5 71 70
5 71 71
5 71 73
5 71 81
5 71 82
5 71 83
5 77 44
5 77 45
5 77 47
5 77 55
5 77 57
5 77 66
5 77 74
5 77 75
5 77 76
5 77 77
5 77 79
5 77 85
5 77 86
5 77 89
5 77 95
5 77 96
5 77 97
5 77 98
5 77 99
6 16 15
6 16 16
6 16 18
6 21 11
6 21 14
6 21 21
6 21 22
6 21 23
6 21 30
6 21 31
6 21 42
6 26 3
6 26 8
6 26 24
6 26 25
6 26 26
6 26 32
6 26 37
6 26 38
6 26 39
6 26 47
6 26 56
6 71 41
6 71 45
6 71 51
6 71 52
6 71 53
6 71 60
6 71 62
6 71 63
6 71 64
6 71 71
6 71 73
6 71 83
6 71 84
6 71 92
6 71 94
6 77 27
6 77 44
6 77 54
6 77 58
6 77 59
6 77 65
6 77 66
6 77 67
6 77 77
6 77 89
6 77 95
6 77 97
6 77 98
7 16 6
7 16 9
7 16 12
7 16 15
7 16 16
7 21 0
7 21 21
7 21 23
7 21 31
7 21 32
7 21 33
7 21 42
7 26 4
7 26 7
7 26 17
7 26 24
7 26 26
7 26 28
7 26 29
7 26 34
7 26 38
7 26 39
7 26 45
7 26 46
7 26 47
7 26 56
7 26 65
7 71 40
7 71 51
7 71 52
7 71 61
7 71 63
7 71 64
7 71 71
7 71 72
7 71 80
7 71 81
7 71 83
7 71 84
7 71 92
7 77 36
7 77 57
7 77 58
7 77 66
7 77 67
7 77 76
7 77 77
7 77 79
7 77 95
7 77 98
7 77 99
8 16 8
8 16 16
8 16 28
8 21 0
8 21 12
8 21 21
8 21 22
8 21 32
8 21 33
8 21 34
8 21 42
8 21 43
8 26 5
8 26 15
8 26 17
8 26 24
8 26 26
8 26 27
8 26 37
8 26 39
8 26 48
8 26 56
8 71 40
8 71 45
8 71 50
8 71 61
8 71 63
8 71 71
8 71 72
8 71 73
8 71 81
8 71 82
8 71 83
8 71 84
8 71 91
8 71 92
8 71 93
8 71 94
8 77 47
8 77 55
8 77 58
8 77 59
8 77 65
8 77 67
8 77 68
8 77 76
8 77 77
8 77 78
8 77 88
8 77 96
8 77 97
9 16 4
9 16 9
9 16 16
9 21 0
9 21 3
9 21 20
9 21 21
9 21 22
9 21 23
9 21 32
9 21 42
9 21 43
9 26 17
9 26 26
9 26 28
9 26 35
9 26 36
9 26 37
9 26 39
9 26 46
9 26 48
9 26 57
9 26 58
9 71 41
9 71 50
9 71 60
9 71 62
9 71 63
9 71 70
9 71 71
9 71 73
9 71 74
9 71 82
9 71 84
9 71 91
9 71 94
9 77 47
9 77 54
9 77 69
9 77 75
9 77 77
9 77 79
9 77 85
9 77 99
