0 1 1
0 1 10
0 1 11
0 1 20
0 4 4
0 4 12
0 19 19
0 27 27
0 31 21
0 31 22
0 31 31
0 48 48
0 53 53
0 81 81
0 95 95
0 99 99
1 1 1
1 1 2
1 1 10
1 4 3
1 4 4
1 4 5
1 4 12
1 4 13
1 4 14
1 19 8
1 19 19
1 19 29
1 27 7
1 27 16
1 27 25
1 27 26
1 27 27
1 27 36
1 27 37
1 31 21
1 31 22
1 31 31
1 31 33
1 31 41
1 31 42
1 31 44
1 48 46
1 48 48
1 53 43
1 53 53
1 53 63
1 53 64
1 53 72
1 65 55
1 65 56
1 65 65
1 65 73
1 81 61
1 81 62
1 81 70
1 81 71
1 81 81
1 81 90
1 81 91
1 81 92
1 87 78
1 87 87
1 95 84
1 95 85
1 95 95
1 99 97
1 99 99
2 15 4
2 15 5
2 15 13
2 15 14
2 15 15
2 15 35
2 19 8
2 19 18
2 19 19
2 19 28
2 19 39
2 31 21
2 31 31
2 31 34
2 31 42
2 48 26
2 48 29
2 48 37
2 48 47
2 48 48
2 48 58
2 48 59
2 48 68
2 48 69
2 51 30
2 51 43
2 51 51
2 65 54
2 65 56
2 65 63
2 65 65
2 65 66
2 65 74
2 65 75
2 65 76
2 83 64
2 83 72
2 83 83
2 83 84
2 83 92
2 83 94
2 87 87
2 87 88
2 87 96
2 87 98
3 11 1
3 11 3
3 11 10
3 11 11
3 11 12
3 11 21
3 11 22
3 15 4
3 15 13
3 15 14
3 15 15
3 15 16
3 15 35
3 17 8
3 17 17
3 17 18
3 17 27
3 17 36
3 44 33
3 44 34
3 44 44
3 44 46
3 44 53
3 44 55
3 44 63
3 48 29
3 48 37
3 48 38
3 48 48
3 48 49
3 48 57
3 48 58
3 48 59
3 51 30
3 51 50
3 51 51
3 51 52
3 51 60
3 65 56
3 65 64
3 65 65
3 65 66
3 65 75
3 65 85
3 81 62
3 81 81
3 83 72
3 83 73
3 83 83
3 83 94
3 88 77
3 88 87
3 88 88
3 88 99
4 11 3
4 11 11
4 11 12
4 17 16
4 17 17
4 19 8
4 19 9
4 19 18
4 19 19
4 19 27
4 19 28
4 19 39
4 21 10
4 21 13
4 21 21
4 21 22
4 21 23
4 21 31
4 44 33
4 44 34
4 44 35
4 44 44
4 44 54
4 44 55
4 44 63
4 48 38
4 48 47
4 48 48
4 48 57
4 48 59
4 71 51
4 71 71
4 81 62
4 81 70
4 81 81
4 81 90
4 81 92
4 85 65
4 85 74
4 85 75
4 85 84
4 85 85
4 85 95
4 88 78
4 88 87
4 88 88
4 88 89
4 88 97
4 88 98
4 88 99
5 11 0
5 11 1
5 11 11
5 15 6
5 15 13
5 15 15
5 15 17
5 15 35
5 19 9
5 19 19
5 19 27
5 19 28
5 19 39
5 21 3
5 21 21
5 21 23
5 48 38
5 48 47
5 48 48
5 48 49
5 48 57
5 52 41
5 52 42
5 52 44
5 52 52
5 52 53
5 52 54
5 52 83
5 66 45
5 66 55
5 66 66
5 66 76
5 66 77
5 71 70
5 71 71
5 71 73
5 71 81
5 71 82
5 85 64
5 85 74
5 85 75
5 85 85
5 85 86
5 85 95
5 85 96
5 99 79
5 99 89
5 99 97
5 99 98
5 99 99
6 15 14
6 15 15
6 15 16
6 15 24
6 15 25
6 15 26
6 15 37
6 19 8
6 19 18
6 19 19
6 19 39
6 21 3
6 21 11
6 21 21
6 21 22
6 21 23
6 21 30
6 21 31
6 41 32
6 41 41
6 41 63
6 48 27
6 48 38
6 48 47
6 48 48
6 48 59
6 52 42
6 52 44
6 52 51
6 52 52
6 52 53
6 52 54
6 52 60
6 52 62
6 66 45
6 66 56
6 66 58
6 66 65
6 66 66
6 66 67
6 83 64
6 83 73
6 83 83
6 83 84
6 83 92
6 83 94
6 83 95
6 99 89
6 99 97
6 99 98
6 99 99
7 12 0
7 12 4
7 12 12
7 12 21
7 12 23
7 16 6
7 16 7
7 16 15
7 16 16
7 16 17
7 16 24
7 16 26
7 19 9
7 19 19
7 19 28
7 19 29
7 19 39
7 41 31
7 41 32
7 41 40
7 41 41
7 41 42
7 41 51
7 44 33
7 44 34
7 44 44
7 44 45
7 44 46
7 47 36
7 47 38
7 47 47
7 47 57
7 47 65
7 62 52
7 62 61
7 62 62
7 62 63
7 62 72
7 62 80
7 62 81
7 68 56
7 68 58
7 68 66
7 68 67
7 68 68
7 68 79
7 68 99
7 83 64
7 83 83
7 83 84
7 83 92
7 83 95
7 87 76
7 87 87
7 87 98
8 12 0
8 12 12
8 12 21
8 12 22
8 16 5
8 16 15
8 16 16
8 16 17
8 16 24
8 16 26
8 19 8
8 19 19
8 19 27
8 19 28
8 19 39
8 31 31
8 31 32
8 31 33
8 31 34
8 31 40
8 31 42
8 31 50
8 44 43
8 44 44
8 44 45
8 44 55
8 47 37
8 47 47
8 47 48
8 47 56
8 47 65
8 62 61
8 62 62
8 62 63
8 62 72
8 62 81
8 68 58
8 68 59
8 68 67
8 68 68
8 83 73
8 83 82
8 83 83
8 83 84
8 83 91
8 83 92
8 83 93
8 83 94
8 87 76
8 87 78
8 87 87
8 87 88
8 87 96
8 87 97
9 1 0
9 1 1
9 1 20
9 4 3
9 4 4
9 4 22
9 4 23
9 19 9
9 19 19
9 19 28
9 19 39
9 27 16
9 27 17
9 27 26
9 27 27
9 27 35
9 27 36
9 27 37
9 31 31
9 31 32
9 31 41
9 31 42
9 31 50
9 48 46
9 48 47
9 48 48
9 48 57
9 48 58
9 48 69
9 53 43
9 53 53
9 53 54
9 53 62
9 53 63
9 53 73
9 53 74
9 81 60
9 81 70
9 81 81
9 81 82
9 81 91
9 95 75
9 95 84
9 95 85
9 95 94
9 95 95
9 99 79
9 99 99
