0 1 1
0 1 10
0 1 11
0 1 20
0 22 12
0 22 21
0 22 22
1 1 1
1 1 2
1 1 10
1 15 4
1 15 5
1 15 13
1 15 14
1 15 15
1 15 16
1 15 25
1 15 26
1 19 8
1 19 19
1 19 27
1 19 29
1 22 3
1 22 12
1 22 22
1 28 7
1 28 28
1 28 37
1 28 48
1 31 21
1 31 31
1 31 33
1 31 41
1 31 42
1 31 44
1 53 43
1 53 53
1 53 63
1 53 64
1 53 72
1 66 36
1 66 46
1 66 55
1 66 56
1 66 65
1 66 66
1 66 85
1 81 61
1 81 70
1 81 71
1 81 81
1 81 90
1 83 62
1 83 73
1 83 83
1 83 84
1 83 91
1 83 92
1 87 78
1 87 87
1 87 97
2 1 1
2 15 4
2 15 5
2 15 14
2 15 15
2 15 26
2 15 35
2 19 8
2 19 19
2 19 39
2 22 13
2 22 21
2 22 22
2 22 42
2 28 18
2 28 28
2 28 29
2 28 37
2 28 47
2 31 30
2 31 31
2 31 34
2 53 43
2 53 53
2 53 54
2 53 63
2 53 72
2 53 74
2 66 56
2 66 58
2 66 66
2 66 75
2 66 76
2 68 59
2 68 68
2 68 69
2 81 81
2 81 92
2 83 64
2 83 83
2 83 84
2 83 94
2 87 87
2 87 88
2 87 96
2 87 98
3 1 1
3 1 10
3 1 11
3 15 4
3 15 13
3 15 14
3 15 15
3 15 16
3 15 35
3 15 37
3 19 8
3 19 18
3 19 19
3 19 29
3 22 3
3 22 12
3 22 21
3 22 22
3 28 27
3 28 28
3 28 38
3 28 49
3 31 30
3 31 31
3 31 33
3 31 50
3 53 34
3 53 44
3 53 52
3 53 53
3 53 63
3 53 73
3 66 36
3 66 46
3 66 55
3 66 56
3 66 57
3 66 58
3 66 65
3 66 66
3 66 75
3 68 59
3 68 68
3 68 77
3 68 99
3 81 60
3 81 81
3 83 62
3 83 64
3 83 72
3 83 83
3 83 94
3 87 85
3 87 87
4 1 1
4 1 10
4 15 15
4 15 16
4 15 35
4 19 8
4 19 9
4 19 18
4 19 19
4 19 39
4 22 3
4 22 12
4 22 13
4 22 22
4 22 23
4 22 34
4 28 27
4 28 28
4 28 38
4 28 47
4 31 21
4 31 31
4 31 33
4 53 51
4 53 53
4 53 54
4 53 62
4 53 63
4 53 74
4 66 55
4 66 57
4 66 65
4 66 66
4 66 75
4 68 59
4 68 68
4 68 89
4 68 99
4 81 70
4 81 71
4 81 81
4 81 90
4 81 92
4 83 83
4 83 84
4 83 95
4 87 78
4 87 87
4 87 97
4 87 98
5 1 0
5 1 1
5 15 6
5 15 13
5 15 15
5 15 17
5 15 35
5 19 9
5 19 19
5 19 39
5 22 3
5 22 22
5 22 23
5 28 27
5 28 28
5 28 38
5 28 47
5 28 49
5 31 31
5 31 41
5 31 42
5 31 44
5 53 45
5 53 53
5 53 54
5 53 73
5 53 74
5 66 55
5 66 57
5 66 64
5 66 66
5 66 75
5 66 76
5 68 68
5 68 77
5 68 79
5 68 89
5 68 99
5 81 70
5 81 81
5 83 82
5 83 83
5 83 95
5 87 85
5 87 86
5 87 87
5 87 96
5 87 97
5 87 98
6 1 1
6 1 11
6 15 14
6 15 15
6 15 16
6 15 24
6 15 25
6 15 26
6 19 8
6 19 18
6 19 19
6 19 39
6 22 3
6 22 22
6 22 23
6 22 42
6 28 27
6 28 28
6 28 37
6 28 38
6 28 47
6 31 30
6 31 31
6 31 32
6 31 41
6 31 44
6 53 45
6 53 51
6 53 52
6 53 53
6 53 54
6 53 63
6 53 73
6 66 56
6 66 65
6 66 66
6 68 58
6 68 59
6 68 67
6 68 68
6 68 89
6 81 60
6 81 62
6 81 81
6 81 92
6 83 64
6 83 83
6 83 84
6 83 94
6 83 95
6 87 87
6 87 97
6 87 98
7 1 0
7 1 1
7 15 4
7 15 6
7 15 15
7 15 17
7 15 24
7 15 26
7 19 9
7 19 19
7 19 29
7 19 39
7 22 12
7 22 21
7 22 22
7 22 23
7 28 7
7 28 28
7 28 38
7 28 47
7 31 31
7 31 32
7 31 33
7 31 34
7 31 42
7 53 40
7 53 51
7 53 52
7 53 53
7 53 63
7 53 72
7 66 36
7 66 45
7 66 46
7 66 56
7 66 57
7 66 58
7 66 65
7 66 66
7 66 67
7 66 76
7 68 68
7 68 79
7 68 99
7 81 61
7 81 80
7 81 81
7 81 92
7 83 64
7 83 83
7 83 84
7 83 95
7 87 87
7 87 98
8 1 0
8 1 1
8 15 5
8 15 15
8 15 17
8 15 24
8 15 26
8 19 8
8 19 19
8 19 27
8 19 39
8 22 12
8 22 22
8 22 34
8 28 28
8 28 37
8 28 47
8 28 48
8 31 21
8 31 31
8 31 32
8 31 33
8 31 40
8 31 42
8 31 50
8 53 43
8 53 53
8 53 63
8 53 72
8 66 45
8 66 55
8 66 58
8 66 65
8 66 66
8 66 67
8 68 56
8 68 59
8 68 68
8 81 61
8 81 81
8 81 82
8 81 91
8 81 92
8 83 73
8 83 83
8 83 84
8 83 93
8 83 94
8 87 76
8 87 78
8 87 87
8 87 88
8 87 96
8 87 97
9 1 0
9 1 1
9 1 20
9 15 4
9 15 15
9 15 16
9 15 17
9 15 26
9 15 35
9 19 9
9 19 19
9 19 39
9 22 3
9 22 22
9 22 23
9 22 32
9 28 28
9 28 37
9 28 47
9 28 48
9 31 31
9 31 41
9 31 42
9 31 50
9 53 43
9 53 53
9 53 54
9 53 63
9 53 73
9 66 36
9 66 46
9 66 57
9 66 66
9 66 75
9 66 85
9 68 58
9 68 68
9 68 69
9 68 79
9 68 99
9 81 60
9 81 70
9 81 81
9 81 91
9 83 62
9 83 74
9 83 82
9 83 83
9 83 84
9 83 94
9 87 87
