0 1 1
0 1 10
0 1 11
0 1 20
0 1 22
0 12 12
0 28 28
0 32 21
0 32 32
0 47 47
0 50 50
0 79 79
0 83 83
1 1 1
1 1 2
1 1 10
1 1 13
1 1 22
1 12 3
1 12 4
1 12 12
1 12 14
1 12 21
1 26 5
1 26 19
1 26 25
1 26 26
1 26 36
1 26 37
1 26 46
1 28 7
1 28 8
1 28 16
1 28 28
1 28 29
1 28 48
1 32 31
1 32 32
1 32 33
1 32 41
1 32 42
1 32 43
1 32 44
1 32 53
1 47 27
1 47 47
1 47 55
1 47 56
1 50 50
1 50 61
1 50 62
1 50 70
1 79 65
1 79 78
1 79 79
1 79 97
1 83 63
1 83 64
1 83 71
1 83 72
1 83 73
1 83 83
1 83 84
1 83 85
1 83 90
1 83 91
1 83 92
2 22 13
2 22 14
2 22 21
2 22 22
2 22 30
2 22 42
2 22 43
2 26 4
2 26 5
2 26 15
2 26 18
2 26 26
2 26 28
2 26 35
2 26 37
2 26 39
2 45 8
2 45 34
2 45 45
2 45 47
2 45 54
2 68 29
2 68 56
2 68 58
2 68 59
2 68 66
2 68 68
2 68 69
2 68 87
2 83 63
2 83 64
2 83 72
2 83 74
2 83 75
2 83 83
2 83 84
2 83 92
2 83 94
2 96 76
2 96 88
2 96 96
2 96 98
3 17 17
3 17 18
3 17 27
3 17 38
3 22 1
3 22 3
3 22 4
3 22 10
3 22 11
3 22 12
3 22 13
3 22 14
3 22 21
3 22 22
3 22 30
3 22 33
3 22 34
3 22 44
3 45 8
3 45 16
3 45 35
3 45 36
3 45 37
3 45 45
3 45 46
3 45 55
3 45 56
3 45 64
3 62 50
3 62 52
3 62 53
3 62 60
3 62 62
3 62 63
3 62 72
3 62 73
3 62 81
3 68 29
3 68 49
3 68 57
3 68 58
3 68 59
3 68 66
3 68 68
3 68 77
3 68 87
3 68 99
3 96 65
3 96 75
3 96 85
3 96 94
3 96 96
4 17 8
4 17 16
4 17 17
4 17 18
4 17 19
4 17 27
4 17 28
4 17 35
4 22 3
4 22 10
4 22 12
4 22 13
4 22 21
4 22 22
4 22 23
4 22 31
4 22 33
4 22 34
4 49 9
4 49 38
4 49 39
4 49 47
4 49 49
4 49 59
4 62 51
4 62 62
4 62 63
4 62 71
4 68 57
4 68 68
4 68 78
4 68 87
4 68 89
4 68 98
4 68 99
4 75 54
4 75 55
4 75 65
4 75 74
4 75 75
4 75 84
4 75 95
4 75 97
4 81 70
4 81 81
4 81 90
4 81 92
5 12 0
5 12 1
5 12 3
5 12 12
5 15 6
5 15 13
5 15 15
5 15 17
5 15 23
5 15 27
5 15 35
5 49 9
5 49 28
5 49 38
5 49 39
5 49 47
5 49 49
5 49 57
5 49 79
5 52 41
5 52 42
5 52 44
5 52 45
5 52 52
5 52 53
5 52 54
5 52 83
5 75 55
5 75 64
5 75 66
5 75 74
5 75 75
5 75 76
5 75 77
5 75 85
5 75 86
5 75 95
5 81 70
5 81 73
5 81 81
5 81 82
5 97 89
5 97 96
5 97 97
5 97 98
5 97 99
6 12 3
6 12 11
6 12 12
6 12 14
6 12 22
6 12 23
6 12 25
6 12 30
6 12 32
6 12 63
6 15 8
6 15 15
6 15 16
6 15 18
6 15 24
6 15 26
6 15 27
6 49 37
6 49 39
6 49 47
6 49 49
6 49 56
6 49 59
6 49 67
6 52 31
6 52 41
6 52 42
6 52 45
6 52 51
6 52 52
6 52 53
6 52 54
6 52 60
6 52 83
6 66 38
6 66 44
6 66 58
6 66 64
6 66 65
6 66 66
6 66 84
6 81 62
6 81 73
6 81 81
6 81 92
6 81 94
6 97 89
6 97 95
6 97 97
6 97 98
7 15 4
7 15 6
7 15 7
7 15 15
7 15 17
7 15 24
7 20 0
7 20 12
7 20 20
7 20 21
7 20 31
7 20 32
7 20 42
7 38 9
7 38 26
7 38 28
7 38 29
7 38 36
7 38 38
7 38 39
7 38 47
7 53 23
7 53 33
7 53 34
7 53 40
7 53 51
7 53 52
7 53 53
7 53 63
7 53 64
7 66 45
7 66 46
7 66 56
7 66 57
7 66 58
7 66 66
7 66 76
7 88 65
7 88 67
7 88 79
7 88 88
7 88 98
7 88 99
7 92 61
7 92 72
7 92 80
7 92 81
7 92 83
7 92 84
7 92 92
7 92 95
8 15 5
8 15 8
8 15 15
8 15 17
8 15 24
8 15 26
8 15 27
8 15 34
8 15 37
8 20 0
8 20 12
8 20 20
8 20 21
8 20 22
8 20 32
8 20 42
8 20 50
8 38 28
8 38 38
8 38 39
8 38 45
8 38 47
8 38 48
8 38 59
8 53 33
8 53 40
8 53 43
8 53 53
8 53 55
8 53 63
8 53 73
8 66 56
8 66 58
8 66 66
8 66 76
8 88 65
8 88 67
8 88 68
8 88 78
8 88 88
8 88 96
8 88 97
8 92 61
8 92 72
8 92 81
8 92 82
8 92 83
8 92 84
8 92 91
8 92 92
8 92 93
8 92 94
9 12 0
9 12 3
9 12 4
9 12 12
9 12 20
9 12 22
9 12 23
9 12 63
9 28 16
9 28 17
9 28 28
9 28 36
9 28 37
9 28 39
9 28 48
9 32 32
9 32 41
9 32 43
9 32 54
9 47 9
9 47 26
9 47 35
9 47 46
9 47 47
9 47 57
9 50 42
9 50 50
9 50 60
9 50 70
9 79 58
9 79 69
9 79 79
9 79 99
9 83 62
9 83 73
9 83 74
9 83 75
9 83 82
9 83 83
9 83 84
9 83 85
9 83 91
9 83 94
