0 84 65
0 84 74
0 84 75
0 84 76
0 84 84
0 84 85
1 84 0
1 84 6
1 84 9
1 84 11
1 84 14
1 84 21
1 84 22
1 84 27
1 84 30
1 84 34
1 84 42
1 84 46
1 84 47
1 84 49
1 84 52
1 84 55
1 84 63
1 84 64
1 84 65
1 84 68
1 84 73
1 84 74
1 84 75
1 84 78
1 84 85
1 84 89
1 84 99
2 84 0
2 84 4
2 84 5
2 84 10
2 84 12
2 84 13
2 84 14
2 84 16
2 84 19
2 84 21
2 84 28
2 84 33
2 84 39
2 84 42
2 84 44
2 84 46
2 84 48
2 84 49
2 84 50
2 84 55
2 84 59
2 84 61
2 84 62
2 84 64
2 84 65
2 84 67
2 84 68
2 84 74
3 84 0
3 84 1
3 84 2
3 84 3
3 84 9
3 84 11
3 84 13
3 84 14
3 84 15
3 84 16
3 84 18
3 84 19
3 84 20
3 84 23
3 84 24
3 84 25
3 84 27
3 84 28
3 84 31
3 84 34
3 84 35
3 84 40
3 84 41
3 84 43
3 84 45
3 84 47
3 84 48
3 84 50
3 84 52
3 84 53
3 84 55
4 84 0
4 84 2
4 84 3
4 84 5
4 84 7
4 84 12
4 84 13
4 84 15
4 84 16
4 84 19
4 84 20
4 84 21
4 84 22
4 84 25
4 84 26
4 84 27
4 84 28
4 84 29
4 84 32
4 84 34
4 84 36
4 84 37
4 84 38
4 84 39
5 84 0
5 84 1
5 84 3
5 84 4
5 84 5
5 84 7
5 84 8
5 84 11
5 84 12
5 84 14
5 84 15
5 84 17
5 84 20
5 84 21
5 84 22
5 84 23
5 84 25
5 84 26
5 84 27
5 84 29
6 84 0
6 84 2
6 84 4
6 84 5
6 84 6
6 84 7
6 84 8
6 84 9
6 84 10
6 84 11
6 84 12
6 84 13
6 84 14
6 84 15
6 84 18
6 84 19
6 84 20
6 84 23
6 84 25
7 84 0
7 84 1
7 84 2
7 84 3
7 84 6
7 84 7
7 84 8
7 84 10
7 84 12
7 84 13
7 84 15
7 84 16
7 84 17
7 84 18
7 84 19
7 84 22
7 84 23
7 84 24
7 84 25
7 84 26
8 84 1
8 84 3
8 84 4
8 84 5
8 84 7
8 84 8
8 84 9
8 84 10
8 84 12
8 84 13
8 84 17
8 84 18
8 84 20
8 84 21
8 84 22
8 84 24
8 84 27
8 84 31
8 84 32
8 84 33
8 84 36
8 84 37
9 84 0
9 84 5
9 84 7
9 84 9
9 84 11
9 84 14
9 84 16
9 84 17
9 84 18
9 84 19
9 84 23
9 84 26
9 84 27
9 84 28
9 84 29
9 84 30
9 84 32
9 84 33
9 84 34
9 84 37
9 84 38
9 84 39
9 84 40
9 84 42
9 84 43
9 84 45
10 84 0
10 84 1
10 84 5
10 84 7
10 84 8
10 84 9
10 84 10
10 84 11
10 84 12
10 84 14
10 84 15
10 84 18
10 84 21
10 84 22
10 84 24
10 84 25
10 84 32
10 84 33
10 84 35
10 84 36
10 84 39
10 84 40
10 84 48
10 84 51
10 84 54
10 84 55
10 84 56
10 84 63
10 84 65
10 84 66
10 84 69
10 84 70
10 84 71
11 84 2
11 84 14
11 84 16
11 84 28
11 84 44
11 84 53
11 84 64
11 84 65
11 84 66
11 84 68
11 84 69
11 84 70
11 84 74
11 84 88
11 84 98
--- Done ---
