0 65 65
0 65 75
0 65 76
0 84 74
0 84 84
0 84 85
1 12 0
1 12 11
1 12 14
1 12 22
1 17 6
1 17 9
1 17 27
1 41 21
1 41 30
1 41 42
1 41 52
1 65 34
1 65 46
1 65 47
1 65 55
1 65 64
1 65 65
1 65 75
1 68 49
1 68 68
1 68 78
1 68 89
1 68 99
1 84 63
1 84 73
1 84 74
1 84 84
1 84 85
2 12 0
2 12 4
2 12 10
2 12 12
2 12 13
2 12 14
2 12 21
2 12 33
2 17 5
2 27 16
2 27 19
2 27 28
2 27 39
2 41 42
2 41 50
2 41 61
2 41 62
2 65 44
2 65 46
2 65 55
2 65 64
2 65 65
2 65 75
2 68 48
2 68 49
2 68 59
2 68 67
2 68 68
2 68 77
2 68 78
2 68 79
2 68 88
2 68 89
2 68 97
2 68 98
2 68 99
2 84 74
2 84 76
2 84 84
2 84 85
2 84 94
2 84 95
2 91 80
2 91 81
2 91 91
2 91 92
3 12 0
3 12 1
3 12 2
3 12 3
3 12 11
3 12 13
3 12 14
3 12 23
3 12 24
3 17 9
3 17 15
3 27 16
3 27 18
3 27 19
3 27 25
3 27 27
3 27 28
3 27 35
3 41 20
3 41 31
3 41 40
3 41 41
3 41 43
3 41 50
3 41 52
3 41 53
3 41 61
3 65 34
3 65 45
3 65 47
3 65 55
3 65 62
3 65 64
3 65 65
3 65 74
3 65 75
3 65 81
3 68 48
3 68 57
3 68 58
3 68 59
3 68 68
3 68 69
3 68 78
3 68 87
3 68 88
3 68 97
3 68 98
3 68 99
3 84 76
3 84 83
3 84 84
3 84 85
3 84 86
3 84 93
3 84 96
3 91 70
3 91 80
3 91 82
3 91 90
3 91 92
4 12 0
4 12 2
4 12 3
4 12 12
4 12 13
4 12 22
4 17 5
4 17 15
4 27 7
4 27 16
4 27 19
4 27 25
4 27 26
4 27 27
4 27 28
4 27 29
4 27 36
4 27 37
4 27 38
4 27 39
4 41 20
4 41 21
4 41 32
4 41 42
4 41 43
4 41 50
4 41 51
4 41 52
4 41 53
4 41 61
4 65 34
4 65 44
4 65 45
4 65 47
4 65 54
4 65 64
4 65 65
4 65 73
4 65 75
4 65 76
4 65 83
4 68 48
4 68 49
4 68 57
4 68 58
4 68 66
4 68 67
4 68 68
4 68 69
4 68 77
4 68 79
4 68 87
4 68 88
4 68 89
4 68 97
4 68 98
4 68 99
4 84 74
4 84 84
4 84 85
4 84 86
4 84 94
4 84 95
4 91 70
4 91 81
4 91 82
4 91 90
4 91 91
5 12 0
5 12 1
5 12 3
5 12 11
5 12 12
5 12 14
5 12 22
5 12 23
5 12 33
5 17 5
5 17 8
5 17 15
5 17 17
5 17 26
5 27 4
5 27 7
5 27 25
5 27 27
5 27 29
5 27 36
5 27 37
5 27 38
5 27 39
5 27 46
5 41 20
5 41 21
5 41 31
5 41 32
5 41 40
5 41 41
5 41 42
5 41 43
5 41 50
5 41 51
5 41 52
5 41 53
5 41 60
5 65 34
5 65 44
5 65 45
5 65 47
5 65 55
5 65 62
5 65 64
5 65 65
5 65 75
5 65 81
5 68 48
5 68 49
5 68 56
5 68 57
5 68 58
5 68 67
5 68 69
5 68 77
5 68 78
5 68 79
5 68 87
5 68 88
5 68 89
5 68 97
5 68 98
5 84 66
5 84 74
5 84 76
5 84 84
5 84 85
5 84 86
5 84 93
5 84 95
5 84 96
5 91 54
5 91 70
5 91 71
5 91 72
5 91 80
5 91 82
5 91 90
5 91 91
6 12 0
6 12 2
6 12 10
6 12 11
6 12 12
6 12 13
6 12 14
6 12 20
6 12 21
6 12 23
6 12 30
6 12 31
6 12 33
6 17 5
6 17 9
6 17 15
6 27 6
6 27 7
6 27 8
6 27 18
6 27 19
6 27 25
6 27 28
6 27 37
6 27 38
6 27 39
6 41 32
6 41 40
6 41 41
6 41 42
6 41 43
6 41 50
6 41 51
6 41 52
6 41 53
6 41 60
6 41 61
6 65 4
6 65 34
6 65 35
6 65 44
6 65 46
6 65 47
6 65 54
6 65 55
6 65 57
6 65 58
6 65 62
6 68 36
6 68 48
6 68 49
6 68 56
6 68 59
6 68 68
6 68 77
6 68 87
6 68 88
6 68 89
6 68 97
6 68 98
6 68 99
6 84 63
6 84 66
6 84 74
6 84 76
6 84 85
6 84 93
6 84 94
6 84 95
6 91 70
6 91 72
6 91 80
6 91 81
6 91 82
6 91 90
6 91 91
6 91 92
7 12 0
7 12 1
7 12 2
7 12 3
7 12 10
7 12 12
7 12 13
7 12 22
7 12 23
7 12 24
7 12 33
7 17 6
7 17 15
7 17 17
7 27 7
7 27 8
7 27 16
7 27 18
7 27 19
7 27 25
7 27 26
7 27 27
7 27 35
7 27 36
7 27 37
7 27 38
7 27 39
7 27 46
7 41 30
7 41 31
7 41 32
7 41 42
7 41 43
7 41 50
7 41 51
7 41 52
7 41 53
7 41 60
7 41 61
7 41 62
7 65 34
7 65 44
7 65 45
7 65 55
7 65 75
7 68 48
7 68 57
7 68 59
7 68 67
7 68 69
7 68 77
7 68 78
7 68 79
7 68 87
7 68 88
7 68 89
7 68 97
7 84 63
7 84 66
7 84 73
7 84 76
7 84 84
7 84 85
7 84 93
7 84 96
7 91 70
7 91 71
7 91 72
7 91 81
8 12 1
8 12 3
8 12 4
8 12 10
8 12 12
8 12 13
8 12 22
8 12 24
8 12 33
8 17 5
8 17 7
8 17 8
8 17 9
8 17 17
8 17 18
8 27 27
8 27 37
8 27 38
8 41 20
8 41 21
8 41 31
8 41 32
8 41 50
8 41 51
8 41 52
8 41 53
8 41 60
8 41 61
8 65 55
8 65 64
8 68 36
8 68 48
8 68 56
8 68 58
8 68 59
8 68 68
8 68 77
8 68 78
8 68 79
8 68 87
8 68 88
8 68 89
8 68 97
8 68 99
8 84 63
8 84 66
8 84 73
8 84 83
8 84 84
8 84 85
8 84 86
8 84 93
8 84 94
8 84 96
8 91 54
8 91 71
8 91 80
8 91 82
8 91 91
8 91 92
9 12 0
9 12 11
9 12 14
9 12 23
9 12 33
9 17 5
9 17 9
9 17 17
9 27 7
9 27 16
9 27 18
9 27 19
9 27 26
9 27 27
9 27 28
9 27 29
9 27 37
9 27 38
9 27 39
9 27 46
9 41 30
9 41 32
9 41 40
9 41 42
9 41 43
9 41 50
9 41 51
9 41 61
9 65 34
9 65 44
9 65 45
9 65 47
9 65 55
9 65 56
9 65 62
9 65 67
9 65 75
9 68 48
9 68 49
9 68 59
9 68 68
9 68 78
9 68 79
9 68 88
9 68 97
9 84 66
9 84 73
9 84 83
9 84 86
9 91 70
9 91 80
9 91 81
9 91 82
9 91 90
9 91 92
10 12 0
10 12 1
10 12 10
10 12 11
10 12 12
10 12 14
10 12 21
10 12 22
10 12 33
10 17 5
10 17 7
10 17 8
10 17 9
10 17 15
10 17 18
10 17 24
10 17 35
10 27 25
10 27 36
10 27 39
10 41 32
10 41 40
10 41 51
10 65 55
10 65 56
10 65 65
10 68 48
10 68 69
10 68 97
10 84 63
10 84 66
10 84 73
10 84 74
10 84 83
10 84 85
10 84 94
10 84 95
10 84 96
10 91 54
10 91 70
10 91 71
10 91 72
10 91 90
10 91 92
11 12 2
11 12 14
11 17 -1
11 27 16
11 27 28
11 41 53
11 65 44
11 65 64
11 65 65
11 68 68
11 68 69
11 68 88
11 68 98
11 84 66
11 84 74
11 91 70
--- Done ---
