0 84 65
0 84 74
0 84 75
0 84 76
0 84 84
0 84 85
1 22 0
1 22 11
1 22 14
1 22 21
1 22 22
1 22 30
1 22 34
1 22 42
1 22 52
1 26 6
1 26 9
1 26 27
1 26 47
1 26 49
1 26 55
1 77 68
1 77 78
1 77 89
1 77 99
1 84 46
1 84 63
1 84 64
1 84 65
1 84 73
1 84 74
1 84 75
1 84 84
1 84 85
2 22 0
2 22 5
2 22 10
2 22 12
2 22 13
2 22 14
2 22 21
2 22 33
2 22 42
2 26 4
2 26 16
2 26 19
2 26 39
2 26 44
2 26 48
2 26 49
2 26 55
2 60 50
2 60 61
2 60 64
2 60 80
2 60 91
2 77 28
2 77 59
2 77 67
2 77 68
2 77 77
2 77 78
2 77 79
2 77 85
2 77 88
2 77 89
2 77 97
2 77 98
2 77 99
2 84 46
2 84 62
2 84 65
2 84 74
2 84 75
2 84 76
2 84 81
2 84 84
2 84 92
2 84 94
2 84 95
3 22 0
3 22 1
3 22 2
3 22 3
3 22 11
3 22 14
3 22 20
3 22 23
3 22 24
3 22 31
3 22 35
3 22 40
3 22 41
3 22 43
3 22 50
3 22 52
3 26 9
3 26 13
3 26 15
3 26 16
3 26 18
3 26 19
3 26 25
3 26 27
3 26 28
3 26 34
3 26 47
3 26 48
3 26 55
3 26 75
3 60 61
3 60 70
3 60 80
3 60 90
3 77 45
3 77 57
3 77 58
3 77 59
3 77 68
3 77 69
3 77 78
3 77 85
3 77 86
3 77 87
3 77 88
3 77 96
3 77 97
3 77 98
3 77 99
3 84 53
3 84 62
3 84 64
3 84 65
3 84 74
3 84 76
3 84 81
3 84 82
3 84 83
3 84 84
3 84 92
3 84 93
4 22 0
4 22 2
4 22 3
4 22 12
4 22 13
4 22 20
4 22 21
4 22 22
4 22 25
4 22 32
4 22 42
4 22 50
4 26 5
4 26 7
4 26 15
4 26 16
4 26 19
4 26 26
4 26 27
4 26 29
4 26 36
4 26 37
4 26 38
4 26 39
4 26 45
4 26 47
4 26 48
4 26 49
4 26 75
4 26 87
4 60 34
4 60 43
4 60 51
4 60 52
4 60 53
4 60 54
4 60 61
4 60 64
4 60 70
4 60 74
4 60 81
4 60 83
4 60 90
4 60 91
4 77 28
4 77 44
4 77 57
4 77 58
4 77 65
4 77 66
4 77 67
4 77 68
4 77 69
4 77 76
4 77 77
4 77 79
4 77 86
4 77 88
4 77 89
4 77 94
4 77 95
4 77 97
4 77 98
4 77 99
4 84 73
4 84 82
4 84 84
4 84 85
5 22 0
5 22 1
5 22 3
5 22 5
5 22 11
5 22 12
5 22 20
5 22 21
5 22 22
5 22 23
5 22 31
5 22 32
5 22 33
5 22 34
5 22 40
5 22 41
5 22 42
5 22 43
5 22 50
5 26 4
5 26 7
5 26 8
5 26 14
5 26 15
5 26 17
5 26 25
5 26 26
5 26 27
5 26 29
5 26 36
5 26 44
5 26 45
5 26 47
5 26 48
5 26 49
5 26 54
5 26 56
5 26 87
5 60 51
5 60 52
5 60 53
5 60 60
5 60 62
5 60 64
5 60 70
5 60 72
5 60 74
5 60 80
5 60 81
5 60 90
5 60 91
5 77 37
5 77 38
5 77 39
5 77 55
5 77 57
5 77 58
5 77 65
5 77 67
5 77 69
5 77 76
5 77 77
5 77 78
5 77 79
5 77 86
5 77 88
5 77 89
5 77 96
5 77 97
5 77 98
5 84 46
5 84 66
5 84 71
5 84 75
5 84 82
5 84 84
5 84 85
5 84 93
5 84 95
6 22 0
6 22 2
6 22 5
6 22 10
6 22 11
6 22 12
6 22 13
6 22 14
6 22 20
6 22 23
6 22 32
6 22 33
6 22 35
6 22 40
6 22 42
6 26 4
6 26 6
6 26 7
6 26 8
6 26 9
6 26 15
6 26 18
6 26 19
6 26 25
6 26 28
6 26 36
6 26 37
6 26 39
6 26 47
6 26 48
6 26 49
6 26 53
6 26 87
6 60 21
6 60 30
6 60 31
6 60 34
6 60 41
6 60 43
6 60 50
6 60 51
6 60 52
6 60 54
6 60 60
6 60 61
6 60 70
6 60 72
6 60 80
6 60 90
6 77 38
6 77 44
6 77 55
6 77 57
6 77 58
6 77 59
6 77 68
6 77 77
6 77 88
6 77 89
6 77 97
6 77 98
6 77 99
6 84 46
6 84 56
6 84 62
6 84 63
6 84 66
6 84 74
6 84 76
6 84 81
6 84 82
6 84 85
6 84 91
6 84 92
6 84 93
6 84 94
6 84 95
7 22 0
7 22 1
7 22 2
7 22 3
7 22 10
7 22 12
7 22 13
7 22 22
7 22 23
7 22 24
7 22 30
7 22 32
7 22 33
7 22 34
7 22 35
7 22 42
7 22 50
7 22 52
7 26 6
7 26 7
7 26 8
7 26 15
7 26 16
7 26 17
7 26 18
7 26 19
7 26 25
7 26 26
7 26 27
7 26 36
7 26 38
7 26 48
7 26 87
7 60 31
7 60 43
7 60 51
7 60 60
7 60 61
7 60 63
7 60 70
7 60 72
7 77 37
7 77 39
7 77 44
7 77 45
7 77 55
7 77 57
7 77 59
7 77 67
7 77 69
7 77 77
7 77 78
7 77 79
7 77 88
7 77 89
7 77 97
7 84 46
7 84 53
7 84 62
7 84 66
7 84 71
7 84 73
7 84 75
7 84 76
7 84 81
7 84 84
7 84 85
7 84 93
7 84 96
8 22 1
8 22 3
8 22 5
8 22 10
8 22 12
8 22 13
8 22 20
8 22 22
8 22 24
8 22 32
8 22 50
8 26 4
8 26 7
8 26 8
8 26 9
8 26 17
8 26 18
8 26 27
8 26 33
8 26 36
8 26 37
8 26 38
8 26 48
8 26 53
8 26 55
8 26 87
8 60 21
8 60 31
8 60 51
8 60 52
8 60 54
8 60 60
8 60 61
8 60 80
8 77 58
8 77 59
8 77 68
8 77 77
8 77 78
8 77 79
8 77 88
8 77 89
8 77 97
8 77 99
8 84 56
8 84 63
8 84 64
8 84 66
8 84 71
8 84 73
8 84 82
8 84 83
8 84 84
8 84 85
8 84 86
8 84 91
8 84 92
8 84 93
8 84 94
8 84 96
9 22 0
9 22 5
9 22 11
9 22 14
9 22 23
9 22 30
9 22 32
9 22 33
9 22 34
9 22 40
9 22 42
9 22 50
9 26 7
9 26 9
9 26 16
9 26 17
9 26 18
9 26 19
9 26 26
9 26 28
9 26 29
9 26 37
9 26 38
9 26 39
9 26 47
9 26 48
9 26 49
9 26 55
9 60 43
9 60 51
9 60 61
9 60 62
9 60 70
9 60 80
9 60 90
9 77 27
9 77 44
9 77 45
9 77 59
9 77 67
9 77 68
9 77 78
9 77 79
9 77 88
9 77 97
9 84 46
9 84 56
9 84 66
9 84 73
9 84 75
9 84 81
9 84 82
9 84 83
9 84 86
9 84 92
10 22 0
10 22 1
10 22 5
10 22 10
10 22 11
10 22 12
10 22 14
10 22 21
10 22 22
10 22 24
10 22 32
10 22 33
10 22 40
10 22 54
10 26 7
10 26 8
10 26 9
10 26 15
10 26 18
10 26 25
10 26 35
10 26 36
10 26 39
10 26 48
10 26 55
10 60 51
10 60 70
10 60 72
10 60 90
10 77 66
10 77 69
10 77 97
10 84 56
10 84 63
10 84 65
10 84 71
10 84 73
10 84 74
10 84 83
10 84 85
10 84 92
10 84 94
10 84 95
10 84 96
11 22 2
11 26 14
11 26 16
11 26 28
11 26 44
11 60 70
11 77 68
11 77 69
11 77 88
11 77 98
11 84 53
11 84 64
11 84 65
11 84 66
11 84 74
--- Done ---
