0 84 65
0 84 74
0 84 75
0 84 76
0 84 84
0 84 85
1 22 0
1 22 11
1 22 21
1 22 22
1 22 30
1 22 42
1 22 52
1 22 14
1 22 34
1 26 6
1 26 9
1 26 27
1 26 55
1 68 68
1 68 78
1 68 89
1 68 99
1 68 47
1 68 49
1 84 63
1 84 64
1 84 65
1 84 73
1 84 74
1 84 85
1 84 46
1 84 84
1 84 75
2 22 0
2 22 10
2 22 12
2 22 21
2 22 42
2 22 50
2 26 4
2 26 16
2 26 19
2 26 28
2 26 44
2 26 55
2 26 5
2 26 13
2 26 14
2 26 33
2 26 39
2 26 46
2 26 48
2 26 49
2 26 75
2 68 59
2 68 67
2 68 68
2 68 77
2 68 78
2 68 79
2 68 88
2 68 89
2 68 97
2 68 98
2 68 99
2 80 61
2 80 80
2 84 64
2 84 65
2 84 74
2 84 76
2 84 85
2 84 94
2 84 95
2 84 62
2 84 81
2 84 84
2 84 91
2 84 92
3 22 0
3 22 1
3 22 2
3 22 3
3 22 11
3 22 20
3 22 23
3 22 13
3 22 14
3 22 24
3 22 25
3 22 31
3 22 34
3 22 35
3 22 40
3 22 41
3 22 43
3 22 52
3 22 50
3 26 9
3 26 15
3 26 16
3 26 19
3 26 27
3 26 28
3 26 55
3 61 61
3 68 57
3 68 58
3 68 59
3 68 68
3 68 69
3 68 78
3 68 88
3 68 97
3 68 98
3 68 99
3 68 18
3 68 45
3 68 47
3 68 48
3 68 87
3 68 75
3 80 90
3 80 70
3 80 80
3 80 62
3 80 81
3 80 82
3 80 83
3 80 92
3 80 53
3 84 65
3 84 76
3 84 85
3 84 86
3 84 96
3 84 64
3 84 74
3 84 84
3 84 93
4 22 0
4 22 2
4 22 3
4 22 12
4 22 20
4 22 21
4 22 5
4 22 13
4 22 22
4 22 25
4 22 32
4 22 34
4 22 43
4 22 42
4 22 50
4 22 52
4 22 54
4 26 7
4 26 15
4 26 19
4 26 28
4 26 29
4 26 16
4 26 26
4 26 27
4 26 38
4 26 39
4 26 44
4 26 48
4 26 53
4 26 75
4 56 85
4 56 74
4 61 61
4 68 69
4 68 77
4 68 89
4 68 97
4 68 99
4 68 57
4 68 58
4 68 67
4 68 68
4 68 79
4 68 87
4 68 88
4 68 98
4 68 36
4 68 37
4 68 45
4 68 47
4 68 49
4 68 66
4 80 90
4 80 51
4 80 70
4 80 82
4 80 83
4 80 73
4 84 94
4 84 95
4 84 65
4 84 76
4 84 84
4 84 86
4 84 91
4 84 64
4 84 81
5 22 0
5 22 1
5 22 3
5 22 11
5 22 12
5 22 20
5 22 21
5 22 5
5 22 14
5 22 22
5 22 23
5 22 25
5 22 31
5 22 32
5 22 33
5 22 34
5 22 40
5 22 41
5 22 43
5 22 42
5 22 54
5 26 4
5 26 7
5 26 8
5 26 15
5 26 17
5 26 29
5 26 26
5 26 27
5 26 38
5 26 39
5 26 44
5 26 48
5 26 55
5 26 87
5 26 46
5 26 36
5 26 37
5 26 45
5 26 49
5 56 56
5 61 64
5 61 74
5 61 52
5 68 69
5 68 77
5 68 89
5 68 97
5 68 57
5 68 58
5 68 67
5 68 78
5 68 79
5 68 88
5 68 98
5 68 47
5 68 66
5 80 90
5 80 51
5 80 60
5 80 70
5 80 80
5 80 62
5 80 71
5 80 81
5 80 82
5 80 53
5 80 50
5 80 72
5 80 75
5 84 95
5 84 96
5 84 65
5 84 76
5 84 84
5 84 85
5 84 86
5 84 91
5 84 93
6 22 0
6 22 2
6 22 10
6 22 11
6 22 12
6 22 20
6 22 21
6 22 30
6 22 23
6 22 31
6 22 32
6 22 40
6 22 41
6 22 43
6 22 35
6 22 54
6 22 42
6 22 50
6 22 52
6 26 4
6 26 6
6 26 7
6 26 8
6 26 9
6 26 15
6 26 19
6 26 28
6 26 5
6 26 13
6 26 14
6 26 25
6 26 33
6 26 34
6 26 38
6 26 39
6 26 44
6 26 48
6 56 55
6 56 56
6 61 61
6 68 77
6 68 89
6 68 97
6 68 99
6 68 87
6 68 18
6 68 36
6 68 37
6 68 47
6 68 49
6 68 57
6 68 58
6 68 59
6 68 68
6 68 88
6 68 98
6 68 66
6 80 90
6 80 51
6 80 60
6 80 70
6 80 80
6 80 91
6 80 53
6 80 62
6 80 63
6 80 72
6 80 81
6 80 82
6 80 92
6 84 94
6 84 95
6 84 46
6 84 76
6 84 85
6 84 93
6 84 74
7 22 0
7 22 1
7 22 2
7 22 3
7 22 10
7 22 12
7 22 30
7 22 13
7 22 22
7 22 23
7 22 24
7 22 25
7 22 31
7 22 32
7 22 33
7 22 34
7 22 43
7 22 35
7 22 42
7 26 6
7 26 7
7 26 8
7 26 15
7 26 17
7 26 19
7 26 16
7 26 26
7 26 27
7 26 38
7 26 39
7 26 44
7 26 48
7 26 55
7 26 87
7 26 18
7 26 36
7 26 37
7 26 45
7 26 46
7 26 53
7 26 75
7 56 -1
7 61 51
7 61 60
7 61 61
7 61 70
7 61 50
7 61 52
7 61 72
7 68 69
7 68 77
7 68 89
7 68 97
7 68 57
7 68 59
7 68 67
7 68 78
7 68 79
7 68 88
7 80 -1
7 84 96
7 84 76
7 84 84
7 84 85
7 84 93
7 84 62
7 84 63
7 84 71
7 84 81
7 84 66
7 84 73
8 22 1
8 22 3
8 22 10
8 22 12
8 22 20
8 22 21
8 22 5
8 22 13
8 22 22
8 22 24
8 22 31
8 22 32
8 22 33
8 22 50
8 22 52
8 22 54
8 26 4
8 26 7
8 26 8
8 26 9
8 26 17
8 26 27
8 26 38
8 26 48
8 26 55
8 56 56
8 61 51
8 61 60
8 61 61
8 68 77
8 68 89
8 68 97
8 68 99
8 68 58
8 68 59
8 68 68
8 68 78
8 68 79
8 68 87
8 68 88
8 68 18
8 68 36
8 68 37
8 68 66
8 80 80
8 84 94
8 84 96
8 84 84
8 84 85
8 84 86
8 84 91
8 84 93
8 84 63
8 84 64
8 84 71
8 84 82
8 84 83
8 84 92
8 84 53
8 84 73
9 22 0
9 22 11
9 22 30
9 22 23
9 22 32
9 22 40
9 22 43
9 22 42
9 22 50
9 26 7
9 26 9
9 26 17
9 26 19
9 26 28
9 26 29
9 26 5
9 26 14
9 26 16
9 26 26
9 26 27
9 26 33
9 26 34
9 26 38
9 26 39
9 26 44
9 26 48
9 26 55
9 26 18
9 26 37
9 26 45
9 26 46
9 26 47
9 26 49
9 26 75
9 56 56
9 61 61
9 68 97
9 68 59
9 68 67
9 68 68
9 68 78
9 68 79
9 68 88
9 68 66
9 80 90
9 80 51
9 80 70
9 80 80
9 80 62
9 80 81
9 80 82
9 80 83
9 80 92
9 80 73
9 84 86
10 22 0
10 22 1
10 22 10
10 22 11
10 22 12
10 22 21
10 22 5
10 22 14
10 22 22
10 22 24
10 22 25
10 22 32
10 22 33
10 22 40
10 22 35
10 22 54
10 26 7
10 26 8
10 26 9
10 26 15
10 26 39
10 26 48
10 26 55
10 26 18
10 26 36
10 56 56
10 61 -1
10 68 69
10 68 97
10 80 90
10 80 51
10 80 70
10 80 72
10 84 94
10 84 95
10 84 96
10 84 65
10 84 85
10 84 63
10 84 71
10 84 74
10 84 83
10 84 92
10 84 66
10 84 73
11 22 2
11 22 14
11 26 28
11 26 16
11 26 44
11 26 53
11 56 65
11 61 70
11 61 64
11 61 74
11 68 69
11 68 68
11 68 88
11 68 98
11 68 66
11 80 -1
11 84 -1
--- Done ---
