0 62 75
0 84 65
0 84 76
0 84 84
0 84 85
0 84 74
1 0 0
1 9 6
1 9 9
1 12 14
1 12 21
1 12 22
1 12 30
1 12 11
1 35 27
1 35 34
1 35 46
1 35 47
1 35 55
1 62 42
1 62 52
1 62 75
1 62 64
1 68 49
1 68 68
1 68 78
1 68 89
1 68 99
1 84 65
1 84 84
1 84 85
1 84 63
1 84 73
1 84 74
2 0 0
2 9 19
2 12 4
2 12 14
2 12 21
2 12 10
2 12 12
2 12 13
2 12 33
2 35 16
2 35 44
2 35 55
2 37 39
2 37 5
2 37 28
2 37 46
2 60 50
2 60 80
2 60 91
2 60 61
2 62 42
2 62 75
2 62 92
2 62 62
2 62 64
2 62 81
2 68 49
2 68 59
2 68 67
2 68 68
2 68 77
2 68 78
2 68 79
2 68 88
2 68 89
2 68 97
2 68 98
2 68 99
2 68 48
2 84 65
2 84 76
2 84 84
2 84 85
2 84 94
2 84 95
2 84 74
3 0 0
3 9 9
3 9 18
3 9 19
3 9 28
3 12 3
3 12 14
3 12 20
3 12 24
3 12 1
3 12 2
3 12 11
3 12 23
3 12 31
3 12 13
3 12 41
3 35 15
3 35 16
3 35 34
3 35 55
3 35 25
3 35 27
3 35 35
3 35 45
3 35 47
3 37 -1
3 40 40
3 60 80
3 60 50
3 60 70
3 62 75
3 62 82
3 62 90
3 62 92
3 62 43
3 62 53
3 62 64
3 62 81
3 62 52
3 62 61
3 62 62
3 68 59
3 68 68
3 68 69
3 68 78
3 68 87
3 68 88
3 68 97
3 68 98
3 68 99
3 68 48
3 68 57
3 68 58
3 84 65
3 84 76
3 84 83
3 84 84
3 84 85
3 84 86
3 84 93
3 84 96
3 84 74
4 0 0
4 9 7
4 9 19
4 9 5
4 9 28
4 9 29
4 9 38
4 12 3
4 12 20
4 12 2
4 12 12
4 12 21
4 12 22
4 35 15
4 35 16
4 35 25
4 35 26
4 35 27
4 35 34
4 35 44
4 35 47
4 35 13
4 35 45
4 35 54
4 37 39
4 37 37
4 40 -1
4 60 91
4 60 50
4 60 70
4 62 42
4 62 82
4 62 90
4 62 32
4 62 43
4 62 53
4 62 81
4 62 51
4 62 52
4 62 61
4 62 64
4 62 73
4 62 74
4 68 49
4 68 68
4 68 69
4 68 77
4 68 88
4 68 89
4 68 97
4 68 99
4 68 48
4 68 58
4 68 67
4 68 79
4 68 87
4 68 98
4 68 36
4 68 57
4 75 65
4 75 75
4 75 76
4 75 83
4 84 84
4 84 85
4 84 86
4 84 94
4 84 95
4 84 66
5 0 0
5 9 7
5 9 5
5 9 8
5 12 3
5 12 20
5 12 1
5 12 4
5 12 11
5 12 14
5 12 12
5 12 21
5 12 22
5 12 31
5 12 41
5 12 33
5 23 23
5 35 15
5 37 39
5 37 25
5 37 26
5 37 27
5 37 29
5 37 38
5 37 47
5 37 48
5 37 58
5 37 17
5 37 36
5 37 37
5 37 45
5 37 46
5 37 57
5 40 40
5 60 80
5 60 91
5 60 50
5 60 70
5 60 60
5 62 42
5 62 82
5 62 90
5 62 53
5 62 71
5 62 72
5 62 81
5 62 32
5 62 43
5 62 51
5 62 52
5 62 62
5 62 64
5 68 49
5 68 69
5 68 77
5 68 78
5 68 88
5 68 89
5 68 97
5 68 56
5 68 67
5 68 79
5 68 87
5 68 98
5 75 65
5 75 75
5 75 76
5 75 34
5 75 44
5 75 54
5 75 55
5 84 84
5 84 85
5 84 86
5 84 93
5 84 95
5 84 96
5 84 74
5 84 66
6 0 0
6 9 7
6 9 9
6 9 18
6 9 19
6 9 5
6 9 6
6 9 8
6 9 28
6 9 38
6 12 20
6 12 4
6 12 10
6 12 11
6 12 14
6 12 30
6 12 2
6 12 12
6 12 21
6 12 31
6 12 41
6 12 13
6 23 23
6 35 15
6 35 25
6 35 47
6 35 35
6 37 39
6 37 37
6 40 40
6 60 80
6 60 91
6 60 50
6 60 70
6 60 60
6 62 42
6 62 82
6 62 90
6 62 92
6 62 53
6 62 72
6 62 81
6 62 32
6 62 43
6 62 51
6 62 52
6 62 61
6 62 62
6 62 63
6 62 74
6 62 33
6 68 49
6 68 59
6 68 68
6 68 77
6 68 88
6 68 89
6 68 97
6 68 99
6 68 48
6 68 56
6 68 58
6 68 87
6 68 98
6 68 36
6 68 57
6 68 66
6 75 76
6 75 85
6 75 93
6 75 94
6 75 95
6 75 34
6 75 44
6 75 46
6 75 54
6 75 55
6 84 -1
7 0 0
7 9 7
7 9 18
7 9 19
7 9 6
7 9 8
7 9 38
7 12 3
7 12 1
7 12 10
7 12 24
7 12 30
7 12 2
7 12 12
7 12 22
7 12 31
7 23 23
7 35 15
7 35 16
7 35 25
7 35 26
7 35 27
7 35 17
7 35 34
7 35 43
7 35 44
7 35 45
7 35 46
7 35 55
7 35 13
7 35 33
7 35 35
7 37 39
7 37 37
7 40 50
7 40 53
7 40 70
7 60 60
7 62 42
7 62 71
7 62 72
7 62 81
7 62 32
7 62 51
7 62 52
7 62 61
7 62 62
7 62 63
7 62 73
7 68 59
7 68 69
7 68 77
7 68 78
7 68 88
7 68 89
7 68 97
7 68 48
7 68 67
7 68 79
7 68 87
7 68 36
7 68 57
7 68 66
7 75 75
7 75 76
7 75 85
7 75 93
7 75 96
7 84 84
8 0 -1
8 9 7
8 9 9
8 9 18
8 9 5
8 9 8
8 9 38
8 9 17
8 12 3
8 12 20
8 12 1
8 12 4
8 12 10
8 12 24
8 12 12
8 12 21
8 12 22
8 12 31
8 12 13
8 23 -1
8 35 55
8 37 27
8 37 37
8 40 -1
8 60 80
8 60 91
8 60 50
8 60 54
8 60 60
8 62 82
8 62 92
8 62 53
8 62 71
8 62 32
8 62 51
8 62 52
8 62 61
8 62 63
8 62 64
8 62 73
8 62 33
8 68 59
8 68 68
8 68 77
8 68 78
8 68 88
8 68 89
8 68 97
8 68 99
8 68 48
8 68 56
8 68 58
8 68 79
8 68 87
8 68 36
8 68 66
8 75 -1
8 84 83
8 84 84
8 84 85
8 84 86
8 84 93
8 84 94
8 84 96
9 0 0
9 0 11
9 9 7
9 9 9
9 9 18
9 9 19
9 9 5
9 9 28
9 9 29
9 9 38
9 9 17
9 12 -1
9 23 14
9 23 16
9 23 23
9 23 34
9 23 44
9 23 55
9 35 -1
9 37 39
9 37 26
9 37 27
9 37 47
9 37 37
9 37 45
9 37 46
9 40 40
9 40 30
9 40 50
9 40 70
9 60 80
9 62 42
9 62 82
9 62 90
9 62 92
9 62 81
9 62 32
9 62 43
9 62 51
9 62 61
9 62 62
9 62 73
9 62 33
9 68 49
9 68 59
9 68 68
9 68 78
9 68 88
9 68 97
9 68 48
9 68 56
9 68 67
9 68 79
9 68 66
9 75 75
9 75 83
9 75 86
9 84 -1
10 0 0
10 0 1
10 0 10
10 0 11
10 9 7
10 9 9
10 9 18
10 9 5
10 9 8
10 12 12
10 23 14
10 23 24
10 35 15
10 35 25
10 35 35
10 37 39
10 40 40
10 40 70
10 40 21
10 40 22
10 60 -1
10 62 90
10 62 92
10 62 71
10 62 72
10 62 32
10 62 51
10 62 63
10 62 73
10 62 74
10 62 33
10 68 69
10 68 97
10 68 48
10 68 56
10 68 36
10 75 65
10 75 83
10 75 85
10 75 94
10 75 95
10 75 96
10 75 54
10 75 55
10 75 66
10 84 -1
11 0 -1
11 9 -1
11 12 -1
11 23 14
11 23 16
11 23 2
11 23 44
11 35 -1
11 37 28
11 40 53
11 40 70
11 60 -1
11 62 -1
11 68 68
11 68 69
11 68 88
11 68 98
11 68 66
11 75 65
11 75 64
11 75 74
11 84 -1
--- Done ---
