0 84 65
0 84 74
0 84 75
0 84 76
0 84 84
0 84 85
1 24 0
1 24 6
1 24 11
1 24 21
1 24 22
1 24 30
1 24 14
1 24 27
1 24 47
1 24 49
1 38 9
1 38 68
1 38 78
1 84 64
1 84 65
1 84 73
1 84 74
1 84 84
1 84 89
1 84 99
1 84 42
1 84 52
1 84 63
1 84 85
1 84 34
1 84 46
1 84 55
1 84 75
2 24 0
2 24 4
2 24 10
2 24 5
2 24 12
2 24 13
2 24 14
2 24 16
2 24 19
2 24 21
2 24 28
2 24 33
2 24 39
2 24 49
2 24 61
2 24 42
2 24 44
2 24 46
2 24 55
2 24 67
2 24 75
2 24 76
2 38 48
2 38 59
2 38 68
2 38 78
2 38 79
2 38 77
2 38 85
2 63 50
2 63 91
2 63 94
2 63 95
2 84 80
2 84 88
2 84 89
2 84 97
2 84 98
2 84 99
2 84 62
2 84 64
2 84 65
2 84 74
2 84 81
2 84 84
2 84 92
3 24 0
3 24 1
3 24 11
3 24 2
3 24 3
3 24 13
3 24 24
3 24 40
3 38 9
3 38 18
3 38 48
3 38 59
3 38 68
3 38 69
3 38 78
3 38 14
3 38 15
3 38 16
3 38 19
3 38 27
3 38 28
3 38 57
3 38 58
3 38 47
3 38 76
3 38 34
3 38 43
3 60 -1
3 63 20
3 63 87
3 63 50
3 63 65
3 63 82
3 63 86
3 63 93
3 63 96
3 63 23
3 63 31
3 63 41
3 63 61
3 63 62
3 63 64
3 63 70
3 63 74
3 63 81
3 63 83
3 63 92
3 63 25
3 63 35
3 63 45
3 63 52
3 84 88
3 84 97
3 84 98
3 84 99
3 84 80
3 84 90
3 84 84
3 84 85
3 84 53
3 84 55
3 84 75
4 24 0
4 24 22
4 24 2
4 24 32
4 38 48
4 38 68
4 38 69
4 38 79
4 38 5
4 38 7
4 38 15
4 38 16
4 38 19
4 38 27
4 38 28
4 38 29
4 38 36
4 38 37
4 38 38
4 38 39
4 38 49
4 38 57
4 38 58
4 38 26
4 38 47
4 38 25
4 38 67
4 60 84
4 60 91
4 60 42
4 60 52
4 60 53
4 60 44
4 60 54
4 63 20
4 63 87
4 63 3
4 63 12
4 63 13
4 63 50
4 63 21
4 63 51
4 63 61
4 63 81
4 63 83
4 63 85
4 63 45
4 63 75
4 63 76
4 63 34
4 63 43
4 84 88
4 84 89
4 84 97
4 84 98
4 84 99
4 84 65
4 84 66
4 84 82
4 84 86
4 84 90
4 84 94
4 84 95
4 84 64
4 84 70
4 84 73
4 84 74
4 84 77
5 24 0
5 24 1
5 24 4
5 24 11
5 24 22
5 24 3
5 24 5
5 24 7
5 24 8
5 24 12
5 24 14
5 24 15
5 24 17
5 24 27
5 24 29
5 24 32
5 24 33
5 24 36
5 24 37
5 38 48
5 38 69
5 38 78
5 38 79
5 38 39
5 38 49
5 38 57
5 38 58
5 38 26
5 38 38
5 38 47
5 38 46
5 38 55
5 38 75
5 38 76
5 38 77
5 38 85
5 38 34
5 60 40
5 60 60
5 60 81
5 60 84
5 60 91
5 60 43
5 60 44
5 60 54
5 60 56
5 63 20
5 63 87
5 63 21
5 63 23
5 63 31
5 63 41
5 63 50
5 63 51
5 63 65
5 63 82
5 63 86
5 63 93
5 63 95
5 63 96
5 63 25
5 63 42
5 63 45
5 84 88
5 84 89
5 84 97
5 84 98
5 84 66
5 84 80
5 84 90
5 84 52
5 84 53
5 84 62
5 84 64
5 84 67
5 84 70
5 84 71
5 84 72
5 84 74
6 24 0
6 24 4
6 24 6
6 24 11
6 24 2
6 24 5
6 24 7
6 24 8
6 24 10
6 24 12
6 24 13
6 24 14
6 24 15
6 24 19
6 24 28
6 24 30
6 24 32
6 24 33
6 24 36
6 24 39
6 38 9
6 38 18
6 38 48
6 38 59
6 38 68
6 38 37
6 38 38
6 38 49
6 38 57
6 38 58
6 38 47
6 38 43
6 38 56
6 60 40
6 60 60
6 60 92
6 63 20
6 63 87
6 63 21
6 63 23
6 63 31
6 63 41
6 63 50
6 63 51
6 63 61
6 63 82
6 63 93
6 63 94
6 63 95
6 63 25
6 63 35
6 63 42
6 63 46
6 63 52
6 63 53
6 63 55
6 63 63
6 63 72
6 84 88
6 84 89
6 84 97
6 84 98
6 84 99
6 84 66
6 84 80
6 84 90
6 84 62
6 84 70
6 84 74
6 84 76
6 84 77
6 84 81
6 84 85
6 84 91
6 84 34
6 84 44
6 84 54
7 24 0
7 24 1
7 24 6
7 24 22
7 24 2
7 24 3
7 24 7
7 24 8
7 24 10
7 24 12
7 24 13
7 24 15
7 24 16
7 24 17
7 24 19
7 24 24
7 24 27
7 24 30
7 24 32
7 24 33
7 38 18
7 38 48
7 38 59
7 38 69
7 38 78
7 38 79
7 38 36
7 38 37
7 38 39
7 38 57
7 38 26
7 38 38
7 38 25
7 38 35
7 38 45
7 38 46
7 38 55
7 38 67
7 38 77
7 38 85
7 38 44
7 60 60
7 63 87
7 63 23
7 63 31
7 63 50
7 63 51
7 63 61
7 63 93
7 63 96
7 63 42
7 63 52
7 63 53
7 63 62
7 63 63
7 63 70
7 63 71
7 63 72
7 63 73
7 63 75
7 63 76
7 63 81
7 63 34
7 84 88
7 84 89
7 84 97
7 84 66
7 84 84
7 84 43
8 24 1
8 24 4
8 24 22
8 24 3
8 24 10
8 24 12
8 24 13
8 24 24
8 24 32
8 24 33
8 24 21
8 24 31
8 24 51
8 24 61
8 38 9
8 38 18
8 38 48
8 38 59
8 38 68
8 38 78
8 38 79
8 38 5
8 38 7
8 38 8
8 38 17
8 38 27
8 38 36
8 38 37
8 38 38
8 38 58
8 38 77
8 38 85
8 60 60
8 63 20
8 63 87
8 63 50
8 63 63
8 84 88
8 84 89
8 84 97
8 84 99
8 84 66
8 84 80
8 84 82
8 84 86
8 84 93
8 84 94
8 84 96
8 84 64
8 84 73
8 84 83
8 84 84
8 84 91
8 84 92
8 84 52
8 84 53
8 84 55
8 84 71
8 84 54
8 84 56
9 24 0
9 24 11
9 24 30
9 24 32
9 24 33
9 24 40
9 24 23
9 24 51
9 24 61
9 38 9
9 38 18
9 38 48
9 38 59
9 38 68
9 38 78
9 38 79
9 38 5
9 38 7
9 38 14
9 38 16
9 38 17
9 38 19
9 38 27
9 38 28
9 38 29
9 38 37
9 38 38
9 38 39
9 38 49
9 38 26
9 38 47
9 38 45
9 38 46
9 38 55
9 38 67
9 38 75
9 38 34
9 38 43
9 38 56
9 60 50
9 63 -1
9 84 88
9 84 97
9 84 66
9 84 80
9 84 82
9 84 86
9 84 90
9 84 62
9 84 70
9 84 73
9 84 81
9 84 83
9 84 92
9 84 42
9 84 44
10 24 0
10 24 1
10 24 11
10 24 22
10 24 5
10 24 7
10 24 8
10 24 10
10 24 12
10 24 14
10 24 15
10 24 24
10 24 32
10 24 33
10 24 36
10 24 39
10 24 40
10 24 21
10 24 51
10 24 25
10 24 35
10 24 55
10 24 71
10 24 72
10 24 54
10 24 56
10 38 9
10 38 18
10 38 48
10 38 69
10 60 -1
10 63 63
10 84 97
10 84 65
10 84 66
10 84 90
10 84 94
10 84 95
10 84 96
10 84 70
10 84 73
10 84 74
10 84 83
10 84 85
10 84 92
11 24 2
11 24 14
11 24 16
11 24 28
11 38 68
11 38 69
11 60 -1
11 63 -1
11 84 88
11 84 98
11 84 65
11 84 66
11 84 64
11 84 70
11 84 74
11 84 53
11 84 44
--- Done ---
