0 84 65
0 84 74
0 84 76
0 84 84
0 84 85
0 98 75
1 84 11
1 84 21
1 84 22
1 84 30
1 84 34
1 84 42
1 84 46
1 84 47
1 84 52
1 84 55
1 84 63
1 84 64
1 84 65
1 84 73
1 84 74
1 84 84
1 84 85
1 98 0
1 98 6
1 98 9
1 98 14
1 98 27
1 98 49
1 98 68
1 98 75
1 98 78
1 98 89
1 98 99
2 84 10
2 84 12
2 84 13
2 84 19
2 84 21
2 84 28
2 84 33
2 84 42
2 84 44
2 84 46
2 84 50
2 84 55
2 84 61
2 84 62
2 84 64
2 84 65
2 84 74
2 84 76
2 84 80
2 84 81
2 84 85
2 84 91
2 84 92
2 84 94
2 98 0
2 98 4
2 98 5
2 98 14
2 98 16
2 98 39
2 98 48
2 98 49
2 98 59
2 98 67
2 98 68
2 98 75
2 98 77
2 98 78
2 98 79
2 98 88
2 98 89
2 98 95
2 98 97
2 98 98
2 98 99
3 84 2
3 84 11
3 84 13
3 84 19
3 84 20
3 84 25
3 84 28
3 84 31
3 84 34
3 84 35
3 84 41
3 84 43
3 84 45
3 84 47
3 84 50
3 84 52
3 84 53
3 84 55
3 84 61
3 84 62
3 84 64
3 84 65
3 84 70
3 84 74
3 84 76
3 98 0
3 98 1
3 98 3
3 98 9
3 98 14
3 98 15
3 98 16
3 98 18
3 98 23
3 98 24
3 98 27
3 98 40
3 98 48
3 98 57
3 98 58
3 98 59
3 98 68
3 98 69
3 98 75
3 98 78
3 98 80
3 98 81
3 98 83
4 84 2
4 84 12
4 84 13
4 84 19
4 84 20
4 84 21
4 84 22
4 84 25
4 84 26
4 84 28
4 84 32
4 84 34
4 84 36
4 84 38
4 84 42
4 84 43
4 84 44
4 84 45
4 84 47
4 84 50
4 84 51
4 84 52
4 84 53
4 98 0
4 98 3
4 98 5
4 98 7
4 98 15
4 98 16
4 98 27
4 98 29
4 98 37
4 98 39
4 98 48
4 98 49
4 98 54
4 98 57
4 98 58
4 98 61
4 98 64
4 98 65
4 98 66
4 98 67
4 98 68
4 98 69
4 98 70
5 84 8
5 84 11
5 84 12
5 84 17
5 84 20
5 84 21
5 84 22
5 84 25
5 84 26
5 84 31
5 84 32
5 84 33
5 84 34
5 84 36
5 84 38
5 84 41
5 84 42
5 84 43
5 84 44
5 84 46
5 84 49
5 98 0
5 98 1
5 98 3
5 98 4
5 98 5
5 98 7
5 98 14
5 98 15
5 98 23
5 98 27
5 98 29
5 98 37
5 98 39
5 98 40
5 98 45
5 98 47
5 98 48
6 84 2
6 84 8
6 84 10
6 84 11
6 84 12
6 84 13
6 84 19
6 84 20
6 84 21
6 84 25
6 84 28
6 84 30
6 84 31
6 84 32
6 84 33
6 84 34
6 84 35
6 84 36
6 84 41
6 84 44
6 98 0
6 98 4
6 98 5
6 98 6
6 98 7
6 98 9
6 98 14
6 98 15
6 98 18
6 98 23
6 98 37
6 98 38
6 98 39
6 98 40
6 98 42
6 98 43
7 84 2
7 84 8
7 84 10
7 84 12
7 84 13
7 84 17
7 84 19
7 84 22
7 84 25
7 84 26
7 84 30
7 84 31
7 84 32
7 84 33
7 84 34
7 84 35
7 84 36
7 84 38
7 84 42
7 84 44
7 84 45
7 98 0
7 98 1
7 98 3
7 98 6
7 98 7
7 98 15
7 98 16
7 98 18
7 98 23
7 98 24
7 98 27
7 98 37
7 98 39
7 98 43
7 98 46
7 98 48
7 98 50
7 98 51
7 98 52
7 98 53
7 98 55
7 98 57
7 98 60
8 84 8
8 84 10
8 84 12
8 84 13
8 84 17
8 84 20
8 84 21
8 84 22
8 84 31
8 84 32
8 84 33
8 84 36
8 84 38
8 84 50
8 84 51
8 84 52
8 84 53
8 84 54
8 84 55
8 84 56
8 84 60
8 84 71
8 98 1
8 98 3
8 98 4
8 98 5
8 98 7
8 98 9
8 98 18
8 98 24
8 98 27
8 98 37
8 98 48
8 98 58
8 98 59
8 98 61
8 98 63
8 98 64
8 98 66
8 98 68
8 98 73
8 98 77
8 98 78
8 98 79
8 98 80
8 98 85
9 84 11
9 84 17
9 84 19
9 84 26
9 84 28
9 84 30
9 84 32
9 84 33
9 84 34
9 84 38
9 84 42
9 84 43
9 84 44
9 84 45
9 84 46
9 84 47
9 84 50
9 84 51
9 84 55
9 84 56
9 84 61
9 84 62
9 84 66
9 98 0
9 98 5
9 98 7
9 98 9
9 98 14
9 98 16
9 98 18
9 98 23
9 98 27
9 98 29
9 98 37
9 98 39
9 98 40
9 98 48
9 98 49
9 98 59
9 98 67
9 98 68
9 98 70
9 98 73
9 98 75
9 98 78
9 98 79
9 98 80
9 98 81
9 98 82
9 98 83
9 98 86
9 98 88
9 98 90
9 98 92
9 98 97
10 84 8
10 84 10
10 84 11
10 84 12
10 84 21
10 84 22
10 84 25
10 84 32
10 84 33
10 84 35
10 84 36
10 84 51
10 84 54
10 84 55
10 84 56
10 84 63
10 84 65
10 84 66
10 84 70
10 84 71
10 84 72
10 84 73
10 84 74
10 84 83
10 84 85
10 84 90
10 84 92
10 84 94
10 98 0
10 98 1
10 98 5
10 98 7
10 98 9
10 98 14
10 98 15
10 98 18
10 98 24
10 98 39
10 98 40
10 98 48
10 98 69
10 98 95
10 98 96
10 98 97
11 84 2
11 84 28
11 84 44
11 84 53
11 84 64
11 84 65
11 84 66
11 84 70
11 84 74
11 98 14
11 98 16
11 98 68
11 98 69
11 98 88
11 98 98
--- Done ---
