0 43 53
0 43 62
0 43 63
0 43 64
0 65 73
1 14 2
1 14 3
1 14 6
1 14 15
1 14 23
1 14 26
1 20 21
1 20 30
1 20 40
1 37 5
1 37 17
1 37 37
1 37 38
1 37 47
1 37 48
1 43 22
1 43 31
1 43 32
1 43 34
1 43 36
1 43 42
1 43 43
1 43 44
1 43 54
1 43 55
1 43 63
1 65 67
1 65 68
1 65 69
1 65 77
1 65 84
1 65 87
1 65 96
1 71 60
1 71 70
1 71 73
1 71 90
1 71 92
1 71 93
1 95 82
1 95 85
1 95 89
1 95 94
2 14 2
2 14 15
2 14 16
2 14 25
2 20 10
2 37 17
2 37 19
2 37 27
2 37 28
2 37 37
2 37 39
2 43 13
2 43 33
2 43 35
2 43 43
2 43 45
2 43 46
2 43 52
2 43 53
2 43 64
2 71 50
2 71 61
2 71 70
2 71 72
2 71 83
2 71 90
2 71 92
2 78 59
2 78 65
2 78 66
2 78 75
2 78 78
2 78 88
2 78 98
2 78 99
2 95 82
2 95 84
2 95 93
2 95 94
2 95 96
2 95 97
3 14 5
3 14 14
3 14 15
3 14 16
3 14 25
3 14 26
3 18 8
3 18 17
3 18 27
3 20 12
3 20 20
3 20 30
3 20 40
3 43 13
3 43 24
3 43 35
3 43 36
3 43 41
3 43 44
3 43 51
3 43 52
3 43 53
3 43 54
3 43 55
3 43 63
3 43 64
3 47 38
3 47 49
3 47 57
3 72 70
3 72 71
3 72 72
3 72 81
3 72 82
3 78 75
3 78 76
3 78 78
3 78 79
3 78 89
3 78 99
3 95 74
3 95 84
3 95 93
3 95 95
4 12 0
4 12 1
4 12 2
4 12 3
4 12 15
4 18 7
4 18 8
4 18 16
4 18 25
4 18 26
4 18 27
4 18 39
4 43 13
4 43 24
4 43 32
4 43 33
4 43 34
4 43 35
4 43 43
4 43 44
4 43 46
4 43 54
4 43 62
4 43 63
4 43 64
4 47 17
4 47 38
4 47 47
4 47 49
4 47 56
4 47 57
4 47 59
4 72 74
4 72 75
4 72 83
4 72 84
4 72 92
4 78 58
4 78 65
4 78 79
4 78 86
4 78 87
4 78 89
4 78 96
4 78 98
4 78 99
5 12 1
5 12 12
5 12 21
5 12 23
5 16 7
5 16 16
5 16 25
5 16 26
5 16 27
5 29 9
5 29 19
5 29 29
5 41 41
5 41 61
5 43 11
5 43 13
5 43 24
5 43 31
5 43 34
5 43 42
5 43 51
5 43 53
5 43 55
5 43 62
5 43 63
5 43 64
5 67 47
5 67 66
5 67 67
5 67 76
5 67 77
5 67 79
5 67 87
5 67 88
5 81 70
5 81 72
5 81 73
5 81 80
5 81 90
5 81 92
5 95 74
5 95 75
5 95 82
5 95 86
5 95 89
5 95 94
5 95 95
5 95 96
6 16 4
6 16 5
6 16 14
6 16 15
6 16 16
6 16 17
6 16 25
6 16 26
6 16 27
6 16 37
6 29 8
6 29 19
6 29 28
6 29 39
6 29 48
6 41 20
6 41 21
6 41 40
6 41 41
6 41 60
6 41 61
6 43 13
6 43 22
6 43 32
6 43 33
6 43 34
6 43 35
6 43 43
6 43 46
6 43 51
6 43 52
6 43 55
6 43 62
6 43 63
6 67 67
6 67 68
6 67 76
6 67 87
6 81 72
6 81 80
6 81 91
6 81 92
6 95 74
6 95 86
6 95 89
6 95 94
7 12 3
7 12 20
7 12 23
7 17 4
7 17 6
7 17 9
7 17 14
7 17 16
7 17 17
7 17 28
7 17 47
7 37 5
7 37 19
7 37 25
7 37 37
7 37 38
7 37 39
7 37 48
7 37 57
7 43 24
7 43 31
7 43 32
7 43 34
7 43 51
7 43 55
7 43 63
7 71 61
7 71 71
7 71 80
7 71 83
7 71 90
7 71 91
7 78 59
7 78 65
7 78 68
7 78 69
7 78 75
7 78 76
7 78 77
7 78 79
7 78 86
7 78 87
7 78 89
7 78 95
7 78 98
7 78 99
8 12 1
8 12 2
8 17 6
8 17 16
8 17 26
8 17 28
8 17 29
8 17 47
8 30 20
8 30 30
8 30 40
8 30 60
8 37 5
8 37 39
8 37 48
8 37 56
8 43 11
8 43 13
8 43 22
8 43 35
8 43 36
8 43 44
8 43 46
8 43 51
8 43 52
8 43 53
8 43 55
8 43 62
8 43 64
8 71 70
8 71 73
8 71 81
8 71 90
8 78 58
8 78 66
8 78 67
8 78 68
8 78 76
8 78 86
8 78 98
8 95 74
8 95 75
8 95 93
8 95 94
8 95 95
8 95 96
8 95 97
9 6 6
9 6 8
9 6 17
9 6 25
9 6 28
9 30 2
9 30 10
9 30 20
9 30 21
9 43 13
9 43 22
9 43 24
9 43 33
9 43 36
9 43 41
9 43 43
9 43 44
9 43 52
9 43 53
9 43 54
9 43 55
9 43 62
9 45 4
9 45 23
9 45 27
9 45 45
9 45 47
9 45 48
9 45 56
9 45 57
9 45 66
9 58 37
9 58 59
9 58 68
9 58 78
9 58 79
9 61 40
9 61 50
9 61 70
9 61 81
9 61 91
9 95 65
9 95 75
9 95 76
9 95 83
9 95 89
9 95 94
9 95 96
9 95 97
--- Done ---
