0 43 53
0 51 62
0 74 63
0 74 64
0 74 73
1 17 5
1 17 6
1 17 15
1 17 17
1 17 26
1 17 36
1 17 37
1 23 2
1 23 3
1 23 21
1 23 22
1 23 23
1 23 32
1 23 34
1 43 42
1 43 43
1 43 44
1 43 54
1 43 55
1 49 38
1 49 47
1 49 48
1 49 68
1 49 69
1 51 30
1 51 31
1 51 40
1 51 60
1 51 70
1 51 90
1 74 63
1 74 73
1 74 82
1 74 84
1 74 85
1 74 92
1 74 93
1 74 94
1 76 67
1 76 77
1 76 87
1 76 89
1 76 96
2 17 15
2 17 16
2 17 17
2 17 19
2 17 27
2 17 28
2 17 37
2 23 2
2 23 10
2 23 13
2 23 25
2 23 33
2 23 35
2 43 43
2 43 45
2 43 46
2 43 53
2 49 39
2 49 59
2 51 50
2 51 52
2 51 61
2 51 70
2 51 90
2 74 64
2 74 65
2 74 72
2 74 75
2 74 82
2 74 83
2 74 84
2 74 92
2 74 93
2 74 94
2 76 66
2 76 78
2 76 88
2 76 96
2 76 97
2 76 98
2 76 99
3 17 5
3 17 8
3 17 15
3 17 16
3 17 17
3 17 26
3 17 27
3 17 36
3 23 12
3 23 13
3 23 14
3 23 20
3 23 24
3 23 25
3 23 35
3 43 44
3 43 53
3 43 54
3 43 55
3 49 38
3 49 49
3 49 57
3 49 79
3 51 30
3 51 40
3 51 41
3 51 51
3 51 52
3 51 70
3 51 71
3 51 81
3 74 63
3 74 64
3 74 72
3 74 74
3 74 75
3 74 82
3 74 84
3 74 93
3 74 95
3 76 76
3 76 78
3 76 89
3 76 99
4 17 7
4 17 8
4 17 15
4 17 16
4 17 17
4 17 26
4 17 27
4 23 0
4 23 1
4 23 2
4 23 3
4 23 13
4 23 24
4 23 25
4 23 32
4 23 33
4 23 34
4 23 35
4 43 43
4 43 44
4 43 46
4 43 54
4 49 38
4 49 39
4 49 47
4 49 49
4 49 57
4 49 58
4 49 59
4 49 79
4 51 62
4 74 63
4 74 64
4 74 65
4 74 74
4 74 75
4 74 83
4 74 84
4 74 92
4 76 56
4 76 86
4 76 87
4 76 89
4 76 96
4 76 98
4 76 99
5 17 7
5 17 9
5 17 16
5 17 19
5 17 26
5 17 27
5 23 1
5 23 11
5 23 12
5 23 13
5 23 21
5 23 23
5 23 24
5 23 25
5 23 34
5 43 42
5 43 53
5 43 55
5 49 29
5 49 47
5 49 79
5 51 31
5 51 41
5 51 51
5 51 61
5 51 62
5 51 70
5 51 80
5 51 90
5 74 63
5 74 64
5 74 72
5 74 73
5 74 74
5 74 75
5 74 82
5 74 92
5 74 94
5 74 95
5 76 66
5 76 67
5 76 76
5 76 77
5 76 86
5 76 87
5 76 88
5 76 89
5 76 96
6 17 5
6 17 8
6 17 15
6 17 16
6 17 17
6 17 19
6 17 26
6 17 27
6 17 28
6 17 37
6 23 4
6 23 13
6 23 14
6 23 20
6 23 21
6 23 22
6 23 25
6 23 32
6 23 33
6 23 34
6 23 35
6 43 43
6 43 46
6 43 55
6 49 39
6 49 48
6 49 68
6 51 40
6 51 41
6 51 51
6 51 52
6 51 60
6 51 61
6 51 62
6 51 80
6 74 63
6 74 72
6 74 74
6 74 91
6 74 92
6 74 94
6 76 67
6 76 76
6 76 86
6 76 87
6 76 89
7 17 5
7 17 6
7 17 9
7 17 16
7 17 17
7 17 19
7 17 28
7 17 37
7 23 3
7 23 4
7 23 14
7 23 20
7 23 23
7 23 24
7 23 25
7 23 32
7 23 34
7 43 55
7 49 38
7 49 39
7 49 47
7 49 48
7 49 57
7 49 59
7 49 68
7 49 69
7 49 79
7 51 31
7 51 51
7 51 61
7 51 71
7 51 80
7 51 90
7 74 63
7 74 65
7 74 75
7 74 83
7 74 91
7 74 95
7 76 76
7 76 77
7 76 86
7 76 87
7 76 89
7 76 98
7 76 99
8 17 5
8 17 6
8 17 16
8 17 26
8 17 28
8 17 36
8 23 1
8 23 2
8 23 11
8 23 13
8 23 20
8 23 22
8 23 35
8 43 44
8 43 46
8 43 53
8 43 55
8 49 29
8 49 39
8 49 47
8 49 48
8 49 58
8 49 68
8 51 30
8 51 40
8 51 51
8 51 52
8 51 60
8 51 62
8 51 70
8 51 81
8 51 90
8 74 64
8 74 73
8 74 74
8 74 75
8 74 93
8 74 94
8 74 95
8 76 56
8 76 66
8 76 67
8 76 76
8 76 86
8 76 96
8 76 97
8 76 98
9 17 6
9 17 8
9 17 17
9 17 27
9 17 28
9 17 36
9 17 37
9 23 2
9 23 4
9 23 10
9 23 13
9 23 20
9 23 21
9 23 22
9 23 23
9 23 24
9 23 25
9 23 33
9 43 43
9 43 44
9 43 45
9 43 53
9 43 54
9 43 55
9 49 47
9 49 48
9 49 57
9 49 59
9 49 68
9 49 79
9 51 40
9 51 41
9 51 50
9 51 52
9 51 62
9 51 70
9 51 81
9 74 65
9 74 75
9 74 83
9 74 91
9 74 94
9 76 56
9 76 66
9 76 76
9 76 78
9 76 89
9 76 96
9 76 97
--- Done ---
