0 43 53
0 43 62
0 43 63
0 43 64
0 43 73
1 43 2
1 43 3
1 43 5
1 43 6
1 43 15
1 43 21
1 43 22
1 43 23
1 43 26
1 43 30
1 43 31
1 43 32
1 43 34
1 43 36
1 43 37
1 43 38
1 43 40
1 43 42
1 43 43
1 43 54
1 43 55
1 43 60
1 43 63
1 43 67
1 43 73
1 43 82
1 43 94
1 48 17
1 48 47
1 48 48
1 48 68
1 48 69
1 48 85
1 48 89
1 62 44
1 62 70
1 62 77
1 62 84
1 62 87
1 62 90
1 62 92
1 62 93
1 62 96
2 43 2
2 43 13
2 43 15
2 43 16
2 43 25
2 43 33
2 43 35
2 43 37
2 43 43
2 43 46
2 43 50
2 43 52
2 43 53
2 43 61
2 43 64
2 43 65
2 43 66
2 43 72
2 43 82
2 43 83
2 43 94
2 48 27
2 48 28
2 48 39
2 48 59
2 48 78
2 48 88
2 48 96
2 48 97
2 48 98
2 48 99
2 57 17
2 57 19
2 57 45
2 57 75
2 62 10
2 62 70
2 62 84
2 62 90
2 62 92
2 62 93
3 43 5
3 43 12
3 43 13
3 43 14
3 43 15
3 43 16
3 43 24
3 43 25
3 43 26
3 43 30
3 43 35
3 43 36
3 43 38
3 43 40
3 43 41
3 43 44
3 43 51
3 43 52
3 43 53
3 43 54
3 43 55
3 43 63
3 43 64
3 43 71
3 43 72
3 43 74
3 43 76
3 43 81
3 43 82
3 57 8
3 57 17
3 57 27
3 57 49
3 57 57
3 57 75
3 57 78
3 57 79
3 57 95
3 57 99
3 62 20
3 62 70
3 62 84
3 62 89
3 62 93
4 25 1
4 25 8
4 25 17
4 25 25
4 25 27
4 25 39
4 25 47
4 32 0
4 32 32
4 43 2
4 43 3
4 43 7
4 43 13
4 43 15
4 43 16
4 43 24
4 43 26
4 43 33
4 43 34
4 43 35
4 43 38
4 43 43
4 43 44
4 43 46
4 43 54
4 43 56
4 43 57
4 43 58
4 43 62
4 43 63
4 43 64
4 43 65
4 43 74
4 43 83
4 77 49
4 77 59
4 77 75
4 77 79
4 77 84
4 77 86
4 77 87
4 77 89
4 77 92
4 77 96
4 77 98
4 77 99
5 25 1
5 25 9
5 25 19
5 25 25
5 25 27
5 25 29
5 25 47
5 25 75
5 25 79
5 32 70
5 32 90
5 43 7
5 43 11
5 43 12
5 43 13
5 43 16
5 43 21
5 43 23
5 43 24
5 43 26
5 43 31
5 43 34
5 43 41
5 43 42
5 43 51
5 43 53
5 43 55
5 43 61
5 43 62
5 43 63
5 43 64
5 43 66
5 43 67
5 43 72
5 43 73
5 43 74
5 43 76
5 43 80
5 43 82
5 43 94
5 77 77
5 77 86
5 77 87
5 77 88
5 77 89
5 77 92
5 77 95
5 77 96
6 35 8
6 35 17
6 35 19
6 35 20
6 35 27
6 35 28
6 35 35
6 35 48
6 43 5
6 43 13
6 43 14
6 43 15
6 43 16
6 43 21
6 43 22
6 43 25
6 43 26
6 43 32
6 43 33
6 43 34
6 43 37
6 43 40
6 43 41
6 43 43
6 43 46
6 43 51
6 43 52
6 43 55
6 43 60
6 43 61
6 43 62
6 43 63
6 43 67
6 43 72
6 43 74
6 43 76
6 43 80
6 43 91
6 43 94
6 77 4
6 77 39
6 77 68
6 77 86
6 77 87
6 77 89
6 77 92
7 32 32
7 32 90
7 35 9
7 35 17
7 35 20
7 35 28
7 35 48
7 35 55
7 35 68
7 35 69
7 43 3
7 43 5
7 43 6
7 43 14
7 43 16
7 43 23
7 43 24
7 43 25
7 43 31
7 43 34
7 43 37
7 43 38
7 43 51
7 43 57
7 43 61
7 43 63
7 43 65
7 43 71
7 43 76
7 43 80
7 43 83
7 43 91
7 67 4
7 67 19
7 67 39
7 67 47
7 67 59
7 67 75
7 67 77
7 67 79
7 67 86
7 67 87
7 67 89
7 67 95
7 67 98
7 67 99
8 32 1
8 32 20
8 32 29
8 32 44
8 32 46
8 32 70
8 32 90
8 43 2
8 43 5
8 43 6
8 43 11
8 43 13
8 43 16
8 43 22
8 43 26
8 43 30
8 43 35
8 43 36
8 43 40
8 43 51
8 43 52
8 43 53
8 43 55
8 43 56
8 43 58
8 43 60
8 43 62
8 43 64
8 43 66
8 43 73
8 43 74
8 43 76
8 43 81
8 43 94
8 67 28
8 67 39
8 67 47
8 67 48
8 67 67
8 67 68
8 67 75
8 67 86
8 67 93
8 67 95
8 67 96
8 67 97
8 67 98
9 32 4
9 32 10
9 32 20
9 32 70
9 43 2
9 43 6
9 43 13
9 43 21
9 43 22
9 43 23
9 43 24
9 43 25
9 43 33
9 43 36
9 43 37
9 43 40
9 43 41
9 43 43
9 43 44
9 43 45
9 43 50
9 43 52
9 43 53
9 43 54
9 43 55
9 43 56
9 43 57
9 43 62
9 43 65
9 43 66
9 43 76
9 43 81
9 43 83
9 43 91
9 43 94
9 67 17
9 67 28
9 67 47
9 67 48
9 67 75
9 67 78
9 67 79
9 67 96
9 69 8
9 69 27
9 69 59
9 69 68
9 69 89
9 69 97
--- Done ---
