0 43 52
0 43 53
0 43 62
0 43 63
1 9 19
1 11 1
1 11 2
1 11 12
1 11 20
1 11 23
1 11 30
1 17 7
1 17 14
1 17 16
1 17 8
1 17 27
1 17 37
1 43 24
1 43 45
1 43 46
1 43 53
1 43 64
1 43 13
1 43 63
1 43 62
1 50 40
1 50 60
1 58 48
1 58 68
1 58 69
1 82 73
1 82 81
1 82 92
1 82 93
1 87 77
1 87 88
1 87 96
1 87 98
1 87 99
1 87 78
2 9 19
2 11 1
2 11 2
2 11 10
2 11 11
2 11 12
2 11 20
2 17 5
2 17 7
2 17 14
2 17 17
2 23 15
2 43 45
2 43 46
2 43 53
2 43 24
2 43 33
2 43 44
2 43 52
2 43 22
2 43 32
2 43 41
2 43 51
2 43 63
2 43 34
2 50 40
2 50 50
2 50 61
2 50 70
2 58 49
2 58 68
2 58 69
2 82 80
2 82 81
2 82 82
2 82 91
2 82 92
2 82 73
2 82 74
2 82 93
2 82 94
2 82 72
2 82 62
2 84 90
2 87 76
2 87 77
2 87 89
2 87 99
2 87 79
3 9 -1
3 11 0
3 11 2
3 11 10
3 11 11
3 11 20
3 11 41
3 17 7
3 17 26
3 17 8
3 23 3
3 23 21
3 23 25
3 23 4
3 23 16
3 23 23
3 23 22
3 23 31
3 43 35
3 43 36
3 43 45
3 43 46
3 43 53
3 43 54
3 43 24
3 43 43
3 43 44
3 43 52
3 43 64
3 43 13
3 50 40
3 50 50
3 50 60
3 50 61
3 58 39
3 58 48
3 58 57
3 58 58
3 58 67
3 58 28
3 58 29
3 58 37
3 82 80
3 82 82
3 82 91
3 82 92
3 82 73
3 82 74
3 82 83
3 82 93
3 82 94
3 82 95
3 82 42
3 82 51
3 82 63
3 82 62
3 84 84
3 84 90
3 87 66
3 87 87
3 87 88
3 87 89
3 87 97
3 87 98
3 87 99
3 87 75
3 87 78
3 87 79
3 87 85
4 9 19
4 9 9
4 11 0
4 11 1
4 11 2
4 11 10
4 11 11
4 11 12
4 11 20
4 11 31
4 11 32
4 11 34
4 17 7
4 17 8
4 17 18
4 17 27
4 23 15
4 23 21
4 23 25
4 23 14
4 23 16
4 23 23
4 43 35
4 43 36
4 43 45
4 43 46
4 43 53
4 43 54
4 43 55
4 43 24
4 43 33
4 43 44
4 43 52
4 43 64
4 43 13
4 43 22
4 43 42
4 50 40
4 50 50
4 50 60
4 50 61
4 50 70
4 58 39
4 58 48
4 58 56
4 58 57
4 58 58
4 58 59
4 58 67
4 58 68
4 58 28
4 58 47
4 58 65
4 58 79
4 58 29
4 58 37
4 82 80
4 82 81
4 82 82
4 82 91
4 82 73
4 82 74
4 82 51
4 82 62
4 82 72
4 84 84
4 84 90
4 87 66
4 87 76
4 87 77
4 87 87
4 87 88
4 87 89
4 87 96
4 87 97
4 87 98
4 87 99
4 87 75
4 87 85
5 9 9
5 11 0
5 11 1
5 11 2
5 11 10
5 11 11
5 11 30
5 11 41
5 11 42
5 17 6
5 17 8
5 17 17
5 23 3
5 23 15
5 23 21
5 23 24
5 23 33
5 23 43
5 23 44
5 23 12
5 23 13
5 23 14
5 23 16
5 23 20
5 23 22
5 23 23
5 23 25
5 23 31
5 23 32
5 37 38
5 37 46
5 37 55
5 37 5
5 37 7
5 37 19
5 37 26
5 37 48
5 37 57
5 37 18
5 37 27
5 37 47
5 43 53
5 43 54
5 50 52
5 50 60
5 50 61
5 50 70
5 50 51
5 58 49
5 58 58
5 58 67
5 58 68
5 58 69
5 58 65
5 58 78
5 58 79
5 58 29
5 82 80
5 82 81
5 82 82
5 82 91
5 82 63
5 82 71
5 82 73
5 82 74
5 82 83
5 82 93
5 82 94
5 82 95
5 82 62
5 84 64
5 84 84
5 87 66
5 87 76
5 87 88
5 87 89
5 87 98
5 87 99
5 87 75
5 87 85
5 87 86
6 9 9
6 9 19
6 11 0
6 11 2
6 11 10
6 11 11
6 11 12
6 11 20
6 11 13
6 11 22
6 11 42
6 17 6
6 17 4
6 17 5
6 17 7
6 17 8
6 17 14
6 17 16
6 17 26
6 17 17
6 17 18
6 17 27
6 17 28
6 17 29
6 17 47
6 17 34
6 23 3
6 23 21
6 23 23
6 23 24
6 23 25
6 23 33
6 37 38
6 37 37
6 43 53
6 43 54
6 43 35
6 43 36
6 43 43
6 43 45
6 43 46
6 43 55
6 50 40
6 50 50
6 50 60
6 50 61
6 50 70
6 50 30
6 50 52
6 50 71
6 50 51
6 58 49
6 58 58
6 58 68
6 58 69
6 58 39
6 58 48
6 58 56
6 58 57
6 82 80
6 82 81
6 82 82
6 82 92
6 84 84
6 84 90
6 84 73
6 84 74
6 84 75
6 84 85
6 84 86
6 84 93
6 84 94
6 84 95
6 84 63
6 84 62
6 87 77
6 87 89
6 87 96
6 87 97
6 87 98
6 87 99
7 9 9
7 11 0
7 11 1
7 11 2
7 11 10
7 11 11
7 11 12
7 11 20
7 11 30
7 11 41
7 17 8
7 17 17
7 23 3
7 23 21
7 23 4
7 23 16
7 23 23
7 23 24
7 23 25
7 23 44
7 23 22
7 23 31
7 23 32
7 37 38
7 37 5
7 37 7
7 37 26
7 37 35
7 37 36
7 37 45
7 37 46
7 37 48
7 37 55
7 37 57
7 37 18
7 37 27
7 37 28
7 37 37
7 37 34
7 43 53
7 43 54
7 43 43
7 43 64
7 50 40
7 50 60
7 50 61
7 50 70
7 50 71
7 58 49
7 58 58
7 58 59
7 58 67
7 58 68
7 58 69
7 58 39
7 58 78
7 58 79
7 58 29
7 82 80
7 82 82
7 82 91
7 82 92
7 82 73
7 82 74
7 82 94
7 82 95
7 82 42
7 82 51
7 82 63
7 82 72
7 82 62
7 84 84
7 84 90
7 87 66
7 87 76
7 87 87
7 87 88
7 87 89
7 87 96
7 87 97
7 87 99
7 87 75
7 87 85
8 9 9
8 11 0
8 11 1
8 11 2
8 11 10
8 11 11
8 11 12
8 11 20
8 11 30
8 11 41
8 17 6
8 17 5
8 17 7
8 17 8
8 17 14
8 17 18
8 17 27
8 23 3
8 23 21
8 23 4
8 23 24
8 23 25
8 23 33
8 23 13
8 23 31
8 23 32
8 37 38
8 37 35
8 37 36
8 37 45
8 37 46
8 37 55
8 37 37
8 43 -1
8 50 50
8 50 60
8 50 52
8 58 49
8 58 59
8 58 67
8 58 68
8 58 39
8 58 48
8 58 56
8 58 57
8 58 65
8 58 79
8 58 28
8 58 29
8 58 47
8 82 80
8 82 82
8 82 91
8 82 71
8 82 83
8 82 93
8 82 94
8 82 95
8 82 51
8 82 63
8 82 62
8 84 84
8 84 90
8 87 66
8 87 76
8 87 77
8 87 87
8 87 88
8 87 96
8 87 97
8 87 98
8 87 99
8 87 75
8 87 85
8 87 86
9 9 19
9 11 1
9 11 2
9 11 10
9 17 6
9 17 7
9 17 8
9 17 26
9 17 17
9 17 28
9 23 3
9 23 15
9 23 21
9 23 20
9 23 23
9 23 24
9 23 33
9 23 44
9 37 -1
9 43 53
9 43 54
9 43 35
9 43 36
9 43 43
9 43 45
9 43 46
9 43 52
9 43 55
9 43 31
9 43 41
9 43 42
9 43 51
9 43 63
9 43 62
9 43 34
9 50 40
9 50 50
9 50 60
9 50 70
9 50 30
9 50 71
9 58 59
9 58 39
9 58 48
9 58 56
9 82 80
9 82 81
9 82 91
9 82 92
9 82 74
9 82 93
9 84 -1
9 87 77
9 87 98
9 87 99
9 87 65
9 87 75
9 87 78
9 87 85
9 87 86
10 9 -1
10 11 2
10 11 10
10 11 12
10 11 20
10 11 30
10 17 7
10 17 16
10 17 17
10 17 27
10 23 15
10 37 37
10 43 53
10 43 35
10 43 36
10 43 43
10 43 46
10 43 52
10 43 32
10 43 34
10 50 -1
10 58 58
10 58 67
10 58 68
10 58 39
10 58 57
10 58 28
10 82 81
10 82 82
10 82 71
10 82 74
10 82 83
10 82 93
10 82 94
10 82 72
10 84 -1
10 87 76
10 87 77
10 87 88
10 87 89
10 87 97
10 87 99
10 87 75
10 87 78
11 9 9
11 9 19
11 11 0
11 11 13
11 17 8
11 23 -1
11 37 38
11 37 35
11 37 55
11 37 18
11 37 28
11 37 34
11 43 -1
11 50 40
11 50 50
11 58 49
11 58 79
11 82 82
11 82 73
11 82 63
11 82 72
11 84 -1
11 87 87
--- Done ---
