0 43 52
0 43 53
0 43 62
0 43 63
1 8 7
1 8 8
1 8 19
1 8 16
1 8 27
1 10 1
1 10 2
1 10 12
1 10 20
1 10 23
1 10 30
1 15 14
1 43 53
1 43 13
1 43 24
1 43 45
1 43 46
1 43 62
1 43 63
1 43 64
1 48 37
1 48 68
1 48 69
1 48 48
1 61 40
1 61 60
1 61 73
1 61 81
1 83 92
1 83 93
1 87 77
1 87 78
1 87 88
1 87 96
1 87 98
1 87 99
2 8 7
2 8 19
2 10 1
2 10 2
2 10 10
2 10 12
2 10 20
2 15 5
2 15 14
2 15 15
2 15 17
2 43 22
2 43 32
2 43 33
2 43 44
2 43 52
2 43 53
2 43 11
2 43 24
2 43 34
2 43 41
2 43 45
2 43 46
2 43 51
2 48 49
2 48 68
2 48 69
2 61 40
2 61 50
2 61 61
2 61 70
2 61 72
2 61 73
2 61 91
2 61 62
2 61 63
2 61 81
2 61 82
2 80 90
2 80 80
2 80 92
2 80 93
2 83 74
2 83 94
2 87 76
2 87 77
2 87 79
2 87 89
2 87 99
3 8 7
3 8 8
3 8 28
3 10 0
3 10 2
3 10 10
3 10 20
3 10 21
3 10 23
3 15 3
3 15 4
3 15 25
3 15 26
3 15 16
3 15 45
3 43 22
3 43 31
3 43 43
3 43 44
3 43 52
3 43 53
3 43 54
3 43 11
3 43 13
3 43 24
3 43 35
3 43 36
3 48 37
3 48 39
3 48 57
3 48 58
3 48 67
3 48 29
3 48 46
3 48 48
3 61 40
3 61 50
3 61 61
3 61 41
3 61 42
3 61 51
3 61 60
3 61 62
3 61 63
3 61 64
3 61 73
3 61 84
3 61 91
3 61 82
3 80 90
3 80 80
3 83 74
3 83 94
3 83 95
3 83 83
3 83 92
3 83 93
3 87 66
3 87 78
3 87 79
3 87 87
3 87 88
3 87 89
3 87 97
3 87 98
3 87 99
3 87 75
3 87 85
4 8 7
4 8 8
4 8 9
4 8 18
4 8 19
4 8 28
4 8 16
4 10 0
4 10 1
4 10 2
4 10 10
4 10 12
4 10 20
4 10 21
4 10 23
4 15 14
4 15 15
4 15 25
4 15 24
4 15 35
4 15 36
4 15 45
4 43 22
4 43 31
4 43 32
4 43 33
4 43 44
4 43 52
4 43 53
4 43 54
4 43 55
4 43 11
4 43 13
4 43 34
4 48 37
4 48 39
4 48 47
4 48 56
4 48 57
4 48 58
4 48 59
4 48 67
4 48 68
4 48 27
4 48 29
4 48 46
4 48 48
4 61 40
4 61 50
4 61 61
4 61 42
4 61 51
4 61 60
4 61 62
4 61 64
4 61 70
4 61 72
4 61 73
4 61 84
4 61 91
4 61 81
4 61 82
4 80 90
4 80 80
4 83 74
4 87 65
4 87 66
4 87 76
4 87 77
4 87 79
4 87 87
4 87 88
4 87 89
4 87 96
4 87 97
4 87 98
4 87 99
4 87 75
4 87 85
5 8 7
5 8 8
5 8 9
5 8 18
5 8 19
5 10 0
5 10 1
5 10 2
5 10 10
5 10 12
5 10 20
5 10 21
5 10 23
5 10 11
5 10 30
5 15 3
5 15 5
5 15 14
5 15 15
5 15 25
5 15 26
5 15 6
5 15 13
5 15 16
5 15 17
5 15 24
5 15 38
5 43 33
5 43 43
5 43 44
5 43 55
5 43 22
5 43 31
5 43 32
5 43 52
5 43 41
5 43 42
5 43 51
5 43 62
5 43 63
5 43 64
5 48 47
5 48 49
5 48 57
5 48 58
5 48 67
5 48 68
5 48 69
5 48 27
5 48 29
5 48 46
5 48 48
5 51 53
5 51 54
5 61 61
5 61 60
5 61 70
5 61 91
5 80 80
5 83 74
5 83 94
5 83 95
5 83 73
5 83 83
5 83 84
5 83 93
5 83 71
5 83 81
5 83 82
5 87 65
5 87 66
5 87 76
5 87 78
5 87 79
5 87 86
5 87 88
5 87 89
5 87 98
5 87 99
5 87 75
5 87 85
6 8 7
6 8 8
6 8 9
6 8 18
6 8 19
6 8 28
6 10 0
6 10 2
6 10 10
6 10 12
6 10 20
6 10 21
6 10 23
6 10 11
6 10 30
6 15 3
6 15 4
6 15 5
6 15 14
6 15 25
6 15 26
6 15 6
6 15 13
6 15 16
6 15 17
6 15 24
6 15 34
6 15 35
6 15 36
6 15 38
6 15 45
6 43 33
6 43 43
6 43 55
6 43 22
6 43 52
6 43 53
6 43 54
6 43 42
6 48 37
6 48 39
6 48 47
6 48 49
6 48 56
6 48 57
6 48 58
6 48 68
6 48 69
6 48 27
6 48 29
6 48 46
6 48 48
6 51 40
6 51 50
6 51 51
6 51 60
6 51 70
6 61 61
6 80 90
6 80 80
6 83 74
6 83 94
6 83 95
6 83 84
6 83 92
6 83 93
6 83 63
6 83 71
6 83 73
6 83 81
6 83 82
6 83 62
6 87 77
6 87 86
6 87 89
6 87 96
6 87 97
6 87 98
6 87 99
6 87 75
6 87 85
7 8 7
7 8 8
7 8 9
7 8 18
7 8 28
7 10 0
7 10 1
7 10 2
7 10 10
7 10 12
7 10 20
7 10 21
7 10 23
7 10 11
7 10 30
7 15 3
7 15 4
7 15 5
7 15 25
7 15 26
7 15 16
7 15 17
7 15 24
7 15 34
7 15 35
7 15 36
7 15 45
7 43 43
7 43 44
7 43 55
7 43 22
7 43 31
7 43 32
7 43 53
7 43 54
7 43 41
7 43 42
7 43 63
7 43 64
7 43 62
7 48 37
7 48 39
7 48 49
7 48 57
7 48 58
7 48 59
7 48 67
7 48 68
7 48 69
7 48 27
7 48 29
7 48 38
7 48 46
7 48 48
7 51 40
7 51 51
7 51 60
7 51 70
7 61 61
7 80 90
7 80 91
7 80 80
7 83 74
7 83 94
7 83 95
7 83 84
7 83 92
7 83 71
7 83 72
7 83 73
7 83 82
7 87 66
7 87 76
7 87 78
7 87 79
7 87 87
7 87 88
7 87 89
7 87 96
7 87 97
7 87 99
7 87 75
7 87 85
8 8 7
8 8 8
8 8 9
8 8 18
8 8 28
8 10 0
8 10 1
8 10 2
8 10 10
8 10 12
8 10 20
8 10 21
8 10 11
8 10 30
8 15 3
8 15 4
8 15 5
8 15 14
8 15 25
8 15 6
8 15 13
8 15 24
8 15 35
8 15 36
8 15 38
8 15 45
8 43 33
8 43 55
8 43 31
8 43 32
8 43 52
8 43 41
8 43 63
8 43 62
8 48 37
8 48 39
8 48 47
8 48 49
8 48 56
8 48 57
8 48 59
8 48 67
8 48 68
8 48 27
8 48 29
8 48 46
8 48 48
8 51 50
8 51 51
8 61 -1
8 80 90
8 80 91
8 80 60
8 80 80
8 83 94
8 83 95
8 83 84
8 83 93
8 83 71
8 83 82
8 83 83
8 87 65
8 87 66
8 87 76
8 87 77
8 87 79
8 87 86
8 87 87
8 87 88
8 87 96
8 87 97
8 87 98
8 87 99
8 87 75
8 87 85
9 8 7
9 8 8
9 8 19
9 8 28
9 10 1
9 10 2
9 10 10
9 10 20
9 10 21
9 10 23
9 10 30
9 15 3
9 15 15
9 15 26
9 15 6
9 15 17
9 15 24
9 15 34
9 15 35
9 15 36
9 15 45
9 43 33
9 43 43
9 43 44
9 43 55
9 43 31
9 43 46
9 43 52
9 43 53
9 43 54
9 43 41
9 43 42
9 43 63
9 43 62
9 48 39
9 48 56
9 48 59
9 48 48
9 51 40
9 51 50
9 51 51
9 51 60
9 51 70
9 61 -1
9 80 91
9 80 80
9 83 74
9 83 92
9 83 93
9 83 71
9 83 81
9 87 65
9 87 77
9 87 78
9 87 86
9 87 98
9 87 99
9 87 75
9 87 85
10 8 7
10 8 28
10 8 16
10 8 17
10 10 2
10 10 10
10 10 12
10 10 20
10 10 30
10 15 15
10 43 43
10 43 32
10 43 34
10 43 35
10 43 36
10 43 52
10 43 53
10 48 37
10 48 39
10 48 57
10 48 58
10 48 67
10 48 68
10 48 27
10 48 46
10 51 -1
10 61 -1
10 80 -1
10 83 74
10 83 94
10 83 93
10 83 71
10 83 72
10 83 81
10 83 82
10 83 83
10 87 76
10 87 77
10 87 78
10 87 88
10 87 89
10 87 97
10 87 99
10 87 75
11 8 8
11 8 9
11 8 18
11 8 19
11 8 28
11 10 0
11 15 -1
11 43 55
11 43 13
11 43 34
11 43 35
11 43 63
11 48 49
11 48 38
11 51 40
11 51 50
11 51 72
11 51 73
11 61 -1
11 80 -1
11 83 82
11 87 79
11 87 87
--- Done ---
