0 43 52
0 43 53
0 43 62
0 43 63
1 29 7
1 29 8
1 29 16
1 29 19
1 29 27
1 29 37
1 29 48
1 29 69
1 31 1
1 31 2
1 31 20
1 31 40
1 31 30
1 31 60
1 31 63
1 43 12
1 43 23
1 43 45
1 43 46
1 43 53
1 43 62
1 43 64
1 43 73
1 43 13
1 43 14
1 43 24
1 79 68
1 79 88
1 79 99
1 95 77
1 95 81
1 95 92
1 95 93
1 95 96
1 95 78
1 95 98
2 4 5
2 4 15
2 4 7
2 4 17
2 29 19
2 29 49
2 31 10
2 31 20
2 31 1
2 31 2
2 31 40
2 31 50
2 31 14
2 31 24
2 31 41
2 31 51
2 31 52
2 31 63
2 31 72
2 43 45
2 43 46
2 43 53
2 43 11
2 43 12
2 43 32
2 43 33
2 43 34
2 43 44
2 43 62
2 43 73
2 43 22
2 71 61
2 71 70
2 71 80
2 71 90
2 71 91
2 71 74
2 71 81
2 71 92
2 71 93
2 71 82
2 79 68
2 79 99
2 79 69
2 79 79
2 79 89
2 79 76
2 95 77
2 95 94
3 4 4
3 29 8
3 29 28
3 29 29
3 29 39
3 29 7
3 29 16
3 29 37
3 29 26
3 29 48
3 31 0
3 31 10
3 31 20
3 31 21
3 31 2
3 31 40
3 31 3
3 31 13
3 31 22
3 31 24
3 31 31
3 31 41
3 31 42
3 31 43
3 31 50
3 31 51
3 31 52
3 31 60
3 31 63
3 43 36
3 43 45
3 43 46
3 43 53
3 43 54
3 43 11
3 43 23
3 43 25
3 43 35
3 43 44
3 71 61
3 71 80
3 71 90
3 71 91
3 71 62
3 71 64
3 71 73
3 71 74
3 71 82
3 71 83
3 71 92
3 71 93
3 71 84
3 79 57
3 79 58
3 79 67
3 79 88
3 79 99
3 79 66
3 79 78
3 79 79
3 79 87
3 79 89
3 79 97
3 79 98
3 95 75
3 95 85
3 95 94
3 95 95
4 4 15
4 29 8
4 29 9
4 29 18
4 29 19
4 29 28
4 29 29
4 29 39
4 29 47
4 29 7
4 29 16
4 29 27
4 29 37
4 29 48
4 29 59
4 31 0
4 31 10
4 31 20
4 31 21
4 31 1
4 31 2
4 31 13
4 31 14
4 31 22
4 31 24
4 31 31
4 31 40
4 31 42
4 31 50
4 31 51
4 31 52
4 31 60
4 31 72
4 43 36
4 43 45
4 43 46
4 43 53
4 43 54
4 43 11
4 43 12
4 43 23
4 43 25
4 43 32
4 43 33
4 43 34
4 43 35
4 71 61
4 71 70
4 71 80
4 71 90
4 71 91
4 71 44
4 71 55
4 71 62
4 71 64
4 71 73
4 71 74
4 71 81
4 71 82
4 79 57
4 79 58
4 79 67
4 79 68
4 79 88
4 79 99
4 79 56
4 79 65
4 79 66
4 79 76
4 79 79
4 79 87
4 79 89
4 79 97
4 79 98
4 79 84
4 95 75
4 95 77
4 95 85
4 95 96
5 4 5
5 4 15
5 29 8
5 29 9
5 29 19
5 29 29
5 29 38
5 29 47
5 29 49
5 29 7
5 29 16
5 29 18
5 29 27
5 29 48
5 29 69
5 29 17
5 29 26
5 31 0
5 31 10
5 31 20
5 31 1
5 31 2
5 31 21
5 31 30
5 31 11
5 31 32
5 31 33
5 31 52
5 31 60
5 31 63
5 31 3
5 31 13
5 31 14
5 31 22
5 31 24
5 34 54
5 34 6
5 34 23
5 34 25
5 34 31
5 43 46
5 43 53
5 43 64
5 43 12
5 71 61
5 71 70
5 71 71
5 71 80
5 71 91
5 71 62
5 71 74
5 71 81
5 71 83
5 71 93
5 71 44
5 71 55
5 71 73
5 71 82
5 71 41
5 71 42
5 71 43
5 71 51
5 71 84
5 79 57
5 79 58
5 79 67
5 79 68
5 79 88
5 79 99
5 79 78
5 79 79
5 79 89
5 79 98
5 79 65
5 79 66
5 79 76
5 95 75
5 95 86
5 95 94
5 95 95
5 95 85
6 4 4
6 4 5
6 29 8
6 29 9
6 29 19
6 29 29
6 29 38
6 29 39
6 29 47
6 29 49
6 29 7
6 29 16
6 29 18
6 29 27
6 29 28
6 29 48
6 29 69
6 29 17
6 29 37
6 29 26
6 31 0
6 31 10
6 31 20
6 31 2
6 31 21
6 31 30
6 31 14
6 31 24
6 34 34
6 43 36
6 43 45
6 43 46
6 43 53
6 43 54
6 43 6
6 43 11
6 43 12
6 43 23
6 43 25
6 43 33
6 43 56
6 43 73
6 43 42
6 43 43
6 43 51
6 43 3
6 43 13
6 43 22
6 71 61
6 71 70
6 71 71
6 71 80
6 71 90
6 71 40
6 71 50
6 71 62
6 71 74
6 71 81
6 71 92
6 71 93
6 71 35
6 71 52
6 71 55
6 71 60
6 71 63
6 71 82
6 79 57
6 79 58
6 79 68
6 79 99
6 95 75
6 95 77
6 95 86
6 95 94
6 95 95
6 95 96
6 95 85
6 95 89
6 95 97
6 95 98
6 95 84
7 4 4
7 4 5
7 29 8
7 29 9
7 29 29
7 29 38
7 29 39
7 29 49
7 29 7
7 29 16
7 29 18
7 29 27
7 29 28
7 29 48
7 29 59
7 29 69
7 29 17
7 29 26
7 31 0
7 31 10
7 31 20
7 31 1
7 31 2
7 31 21
7 31 30
7 31 3
7 31 22
7 31 24
7 31 31
7 34 34
7 43 36
7 43 45
7 43 46
7 43 53
7 43 54
7 43 62
7 43 64
7 43 11
7 43 12
7 43 23
7 43 25
7 43 32
7 43 35
7 43 37
7 43 44
7 43 55
7 43 66
7 43 72
7 71 61
7 71 70
7 71 71
7 71 80
7 71 90
7 71 91
7 71 40
7 71 74
7 71 92
7 71 60
7 71 63
7 71 73
7 71 82
7 71 41
7 71 42
7 71 43
7 71 51
7 71 84
7 79 57
7 79 58
7 79 67
7 79 68
7 79 88
7 79 99
7 79 78
7 79 79
7 79 87
7 79 89
7 79 97
7 79 76
7 95 75
7 95 94
7 95 95
7 95 96
7 95 85
8 4 4
8 4 5
8 29 8
8 29 9
8 29 29
8 29 38
8 29 39
8 29 47
8 29 49
8 29 7
8 29 18
8 29 27
8 29 28
8 29 48
8 29 59
8 29 37
8 31 0
8 31 10
8 31 20
8 31 1
8 31 2
8 31 21
8 31 30
8 31 50
8 31 11
8 31 32
8 31 33
8 31 52
8 31 60
8 31 63
8 31 3
8 31 13
8 31 14
8 31 24
8 31 31
8 31 41
8 31 51
8 34 -1
8 43 36
8 43 45
8 43 46
8 43 6
8 43 12
8 43 25
8 43 56
8 71 71
8 71 80
8 71 90
8 71 91
8 71 62
8 71 83
8 71 93
8 71 35
8 71 55
8 79 57
8 79 67
8 79 68
8 79 88
8 79 99
8 79 79
8 95 75
8 95 77
8 95 86
8 95 94
8 95 95
8 95 96
8 95 85
8 95 87
8 95 97
8 95 98
8 95 65
8 95 66
8 95 76
8 95 82
8 95 84
9 4 15
9 29 8
9 29 19
9 29 39
9 29 7
9 29 28
9 29 48
9 29 59
9 29 17
9 31 10
9 31 20
9 31 1
9 31 2
9 31 21
9 31 30
9 31 40
9 31 50
9 31 31
9 34 34
9 43 36
9 43 45
9 43 46
9 43 53
9 43 54
9 43 62
9 43 6
9 43 23
9 43 33
9 43 35
9 43 44
9 43 52
9 43 55
9 43 56
9 43 60
9 43 63
9 43 65
9 43 3
9 43 24
9 43 26
9 43 41
9 43 42
9 43 43
9 43 51
9 71 70
9 71 71
9 71 80
9 71 91
9 71 74
9 71 81
9 71 92
9 71 93
9 79 99
9 95 75
9 95 77
9 95 86
9 95 78
9 95 85
9 95 98
10 4 15
10 29 39
10 29 7
10 29 16
10 29 27
10 29 28
10 29 17
10 31 10
10 31 20
10 31 2
10 31 30
10 31 32
10 34 34
10 43 36
10 43 46
10 43 53
10 43 12
10 43 35
10 43 37
10 43 52
10 43 72
10 43 82
10 43 43
10 71 71
10 79 57
10 79 58
10 79 67
10 79 68
10 79 88
10 79 99
10 79 78
10 79 89
10 79 97
10 79 76
10 95 75
10 95 77
10 95 94
10 95 74
10 95 81
10 95 83
10 95 93
11 4 -1
11 29 8
11 29 9
11 29 19
11 29 38
11 29 49
11 29 18
11 29 28
11 31 0
11 31 40
11 31 50
11 31 63
11 31 72
11 31 13
11 34 34
11 34 35
11 34 55
11 34 73
11 43 -1
11 71 -1
11 79 79
11 79 87
11 95 82
--- Done ---
