0 43 52
0 43 53
0 43 62
0 43 63
1 11 1
1 11 2
1 11 20
1 11 40
1 28 7
1 28 8
1 28 16
1 28 19
1 28 27
1 28 48
1 28 68
1 43 12
1 43 13
1 43 14
1 43 23
1 43 24
1 43 30
1 43 37
1 43 45
1 43 46
1 43 53
1 43 60
1 43 62
1 43 63
1 43 64
1 43 73
1 78 69
1 78 77
1 78 78
1 78 88
1 78 96
1 78 98
1 78 99
1 93 81
1 93 92
1 93 93
2 11 1
2 11 2
2 11 5
2 11 10
2 11 11
2 11 20
2 11 40
2 11 70
2 28 7
2 28 15
2 28 17
2 28 19
2 43 12
2 43 14
2 43 22
2 43 24
2 43 32
2 43 33
2 43 34
2 43 41
2 43 44
2 43 45
2 43 46
2 43 51
2 43 52
2 43 53
2 43 62
2 43 63
2 43 72
2 43 73
2 43 76
2 43 82
2 78 49
2 78 68
2 78 69
2 78 77
2 78 79
2 78 89
2 78 99
2 93 50
2 93 61
2 93 74
2 93 80
2 93 81
2 93 90
2 93 91
2 93 92
2 93 93
2 93 94
3 11 0
3 11 2
3 11 10
3 11 11
3 11 21
3 11 40
3 28 7
3 28 8
3 28 28
3 28 29
3 28 39
3 28 48
3 35 3
3 35 4
3 35 13
3 35 16
3 35 20
3 35 22
3 35 23
3 35 24
3 35 35
3 35 44
3 35 66
3 43 25
3 43 26
3 43 31
3 43 36
3 43 37
3 43 41
3 43 42
3 43 43
3 43 45
3 43 46
3 43 51
3 43 52
3 43 53
3 43 54
3 43 60
3 43 63
3 43 64
3 43 73
3 78 57
3 78 58
3 78 67
3 78 75
3 78 78
3 78 79
3 78 84
3 78 85
3 78 87
3 78 88
3 78 89
3 78 95
3 78 97
3 78 98
3 78 99
3 93 50
3 93 61
3 93 62
3 93 74
3 93 80
3 93 82
3 93 83
3 93 90
3 93 91
3 93 92
3 93 93
3 93 94
4 11 0
4 11 1
4 11 2
4 11 10
4 11 11
4 11 12
4 11 20
4 11 21
4 11 31
4 11 40
4 11 70
4 28 8
4 28 9
4 28 15
4 28 16
4 28 18
4 28 19
4 28 24
4 28 27
4 28 28
4 28 29
4 28 33
4 28 37
4 28 39
4 28 47
4 28 48
4 28 54
4 28 75
4 35 7
4 35 13
4 35 14
4 35 22
4 35 35
4 43 23
4 43 25
4 43 32
4 43 34
4 43 36
4 43 42
4 43 44
4 43 45
4 43 46
4 43 51
4 43 52
4 43 53
4 43 55
4 43 56
4 43 60
4 43 62
4 43 64
4 43 65
4 43 66
4 43 72
4 43 73
4 43 76
4 43 82
4 78 57
4 78 58
4 78 59
4 78 67
4 78 68
4 78 77
4 78 79
4 78 84
4 78 85
4 78 87
4 78 88
4 78 89
4 78 96
4 78 97
4 78 98
4 78 99
4 93 50
4 93 61
4 93 74
4 93 80
4 93 81
4 93 90
4 93 91
5 11 0
5 11 1
5 11 2
5 11 3
5 11 5
5 11 10
5 11 11
5 11 12
5 11 13
5 11 14
5 11 20
5 11 21
5 11 22
5 11 30
5 11 31
5 11 32
5 11 33
5 11 42
5 28 6
5 28 7
5 28 8
5 28 9
5 28 15
5 28 16
5 28 17
5 28 18
5 28 19
5 28 23
5 28 24
5 28 26
5 28 27
5 28 29
5 28 47
5 28 48
5 28 49
5 28 54
5 28 68
5 28 75
5 35 55
5 43 25
5 43 41
5 43 43
5 43 44
5 43 46
5 43 51
5 43 52
5 43 53
5 43 60
5 43 62
5 43 64
5 43 76
5 78 38
5 78 57
5 78 58
5 78 65
5 78 66
5 78 67
5 78 69
5 78 78
5 78 79
5 78 84
5 78 86
5 78 88
5 78 89
5 78 98
5 78 99
5 93 61
5 93 63
5 93 70
5 93 71
5 93 73
5 93 74
5 93 80
5 93 81
5 93 82
5 93 83
5 93 85
5 93 91
5 93 93
5 93 94
5 93 95
6 11 0
6 11 2
6 11 3
6 11 5
6 11 10
6 11 11
6 11 13
6 11 14
6 11 20
6 11 21
6 11 22
6 11 30
6 11 33
6 11 40
6 28 7
6 28 8
6 28 9
6 28 16
6 28 17
6 28 18
6 28 19
6 28 23
6 28 24
6 28 26
6 28 27
6 28 28
6 28 29
6 28 36
6 28 37
6 28 39
6 28 47
6 28 48
6 28 49
6 28 54
6 35 4
6 35 25
6 35 35
6 35 45
6 35 46
6 35 53
6 35 55
6 43 6
6 43 12
6 43 34
6 43 42
6 43 43
6 43 51
6 43 52
6 43 56
6 43 60
6 43 62
6 43 63
6 43 73
6 43 82
6 78 38
6 78 57
6 78 58
6 78 68
6 78 69
6 78 75
6 78 77
6 78 84
6 78 85
6 78 86
6 78 89
6 78 95
6 78 96
6 78 97
6 78 98
6 78 99
6 93 50
6 93 61
6 93 70
6 93 71
6 93 74
6 93 80
6 93 81
6 93 90
6 93 92
6 93 93
6 93 94
7 11 0
7 11 1
7 11 2
7 11 5
7 11 10
7 11 11
7 11 12
7 11 21
7 11 40
7 11 70
7 28 8
7 28 9
7 28 17
7 28 18
7 28 27
7 28 28
7 28 29
7 28 38
7 28 39
7 28 48
7 28 49
7 28 54
7 35 4
7 35 7
7 35 16
7 35 20
7 35 25
7 35 35
7 35 45
7 35 58
7 43 3
7 43 22
7 43 23
7 43 24
7 43 26
7 43 30
7 43 31
7 43 32
7 43 34
7 43 36
7 43 37
7 43 41
7 43 42
7 43 43
7 43 44
7 43 46
7 43 51
7 43 53
7 43 55
7 43 60
7 43 62
7 43 64
7 43 66
7 43 72
7 43 73
7 43 76
7 43 82
7 78 57
7 78 59
7 78 67
7 78 68
7 78 69
7 78 75
7 78 78
7 78 79
7 78 84
7 78 85
7 78 87
7 78 88
7 78 89
7 78 95
7 78 96
7 78 97
7 78 99
7 93 61
7 93 63
7 93 71
7 93 74
7 93 80
7 93 90
7 93 91
7 93 92
7 93 94
8 11 0
8 11 1
8 11 2
8 11 10
8 11 11
8 11 20
8 11 21
8 28 7
8 28 9
8 28 18
8 28 28
8 28 29
8 28 38
8 28 39
8 28 47
8 28 48
8 28 79
8 35 4
8 35 5
8 35 8
8 35 27
8 35 35
8 43 3
8 43 6
8 43 12
8 43 13
8 43 14
8 43 24
8 43 25
8 43 30
8 43 31
8 43 32
8 43 33
8 43 36
8 43 37
8 43 41
8 43 45
8 43 46
8 43 51
8 43 52
8 43 55
8 43 56
8 43 60
8 43 62
8 43 63
8 43 65
8 43 66
8 43 76
8 43 82
8 78 49
8 78 57
8 78 59
8 78 67
8 78 68
8 78 77
8 78 84
8 78 85
8 78 86
8 78 87
8 78 88
8 78 95
8 78 96
8 78 97
8 78 98
8 78 99
8 93 50
8 93 71
8 93 75
8 93 80
8 93 83
8 93 90
8 93 91
8 93 93
8 93 94
9 11 1
9 11 2
9 11 10
9 11 20
9 11 21
9 11 40
9 28 15
9 28 17
9 28 19
9 28 24
9 28 28
9 28 39
9 28 48
9 28 75
9 35 7
9 35 8
9 35 35
9 43 3
9 43 6
9 43 23
9 43 26
9 43 30
9 43 31
9 43 33
9 43 34
9 43 36
9 43 41
9 43 42
9 43 43
9 43 44
9 43 45
9 43 46
9 43 51
9 43 52
9 43 53
9 43 54
9 43 55
9 43 56
9 43 60
9 43 62
9 43 63
9 43 65
9 78 59
9 78 77
9 78 78
9 78 85
9 78 86
9 78 98
9 78 99
9 93 50
9 93 70
9 93 71
9 93 74
9 93 80
9 93 81
9 93 91
9 93 92
9 93 93
10 11 2
10 11 10
10 11 20
10 28 7
10 28 15
10 28 16
10 28 17
10 28 27
10 28 28
10 28 39
10 35 35
10 35 46
10 43 12
10 43 30
10 43 32
10 43 34
10 43 36
10 43 37
10 43 43
10 43 52
10 43 53
10 43 72
10 43 76
10 43 82
10 78 57
10 78 58
10 78 67
10 78 68
10 78 75
10 78 77
10 78 78
10 78 88
10 78 89
10 78 97
10 78 99
10 93 71
10 93 74
10 93 81
10 93 83
10 93 93
10 93 94
11 11 0
11 11 40
11 28 8
11 28 9
11 28 18
11 28 19
11 28 28
11 28 38
11 28 49
11 28 79
11 35 35
11 43 13
11 43 34
11 43 55
11 43 63
11 43 72
11 43 73
11 43 82
11 78 87
11 93 50
--- Done ---
