0 43 52
0 43 53
0 43 62
0 43 63
1 8 -1
1 12 -1
1 37 -1
1 43 1
1 43 2
1 43 7
1 43 8
1 43 12
1 43 13
1 43 14
1 43 16
1 43 19
1 43 20
1 43 23
1 43 24
1 43 27
1 43 30
1 43 37
1 43 40
1 43 45
1 43 46
1 43 48
1 43 53
1 43 60
1 43 62
1 43 63
1 43 64
1 43 68
1 43 69
1 43 73
1 43 77
1 43 78
1 43 81
1 43 88
1 43 92
1 43 93
1 43 96
1 43 98
1 43 99
1 60 -1
1 78 -1
1 83 -1
2 8 7
2 8 17
2 8 19
2 12 1
2 12 2
2 12 10
2 12 11
2 12 12
2 12 14
2 12 15
2 12 20
2 12 22
2 26 -1
2 31 -1
2 37 5
2 37 45
2 37 46
2 37 49
2 39 -1
2 40 -1
2 43 24
2 43 32
2 43 33
2 43 34
2 43 41
2 43 44
2 43 53
2 43 63
2 60 40
2 60 50
2 60 51
2 60 52
2 60 61
2 60 62
2 60 70
2 60 80
2 78 68
2 78 69
2 78 76
2 78 77
2 78 79
2 78 89
2 78 99
2 80 -1
2 83 72
2 83 73
2 83 74
2 83 81
2 83 82
2 83 90
2 83 91
2 83 92
2 83 93
2 83 94
3 0 -1
3 2 -1
3 8 7
3 8 8
3 11 -1
3 12 0
3 12 2
3 12 3
3 12 4
3 12 10
3 12 11
3 12 13
3 12 23
3 16 -1
3 22 -1
3 26 16
3 26 25
3 26 26
3 26 35
3 26 36
3 29 -1
3 30 -1
3 31 20
3 31 21
3 31 22
3 31 31
3 37 37
3 37 45
3 37 46
3 37 57
3 38 -1
3 39 28
3 39 29
3 39 39
3 39 48
3 39 58
3 40 40
3 40 41
3 40 50
3 43 24
3 43 42
3 43 43
3 43 44
3 43 53
3 43 54
3 43 63
3 51 -1
3 56 -1
3 60 51
3 60 52
3 60 60
3 60 61
3 60 62
3 69 -1
3 78 66
3 78 67
3 78 78
3 78 79
3 78 87
3 78 88
3 78 89
3 78 95
3 78 97
3 78 98
3 78 99
3 80 80
3 80 90
3 80 91
3 83 64
3 83 73
3 83 74
3 83 75
3 83 82
3 83 83
3 83 84
3 83 85
3 83 92
3 83 93
3 83 94
3 86 -1
3 90 -1
4 0 0
4 0 1
4 2 2
4 8 7
4 8 8
4 8 9
4 8 18
4 8 19
4 11 10
4 11 11
4 12 12
4 12 13
4 16 16
4 22 14
4 22 21
4 22 22
4 22 23
4 22 33
4 26 15
4 26 25
4 26 35
4 26 36
4 29 28
4 29 29
4 30 20
4 31 31
4 31 32
4 37 27
4 37 37
4 38 48
4 38 58
4 39 39
4 40 40
4 40 50
4 43 24
4 43 34
4 43 42
4 43 44
4 43 53
4 43 54
4 51 51
4 51 52
4 51 62
4 51 73
4 56 45
4 56 46
4 56 47
4 56 55
4 56 56
4 56 57
4 56 65
4 56 66
4 60 60
4 60 61
4 69 59
4 69 68
4 69 79
4 78 67
4 78 77
4 78 87
4 78 88
4 78 89
4 78 98
4 78 99
4 80 70
4 80 80
4 83 64
4 83 72
4 83 74
4 83 82
4 83 84
4 86 75
4 86 76
4 86 85
4 86 96
4 86 97
4 90 81
4 90 90
4 90 91
5 0 0
5 0 1
5 2 2
5 8 7
5 8 8
5 8 9
5 8 18
5 8 19
5 11 10
5 11 11
5 12 3
5 12 12
5 12 13
5 16 5
5 16 6
5 16 16
5 22 14
5 22 21
5 22 22
5 22 23
5 22 33
5 26 15
5 26 17
5 26 25
5 26 26
5 29 29
5 30 20
5 30 30
5 31 31
5 31 32
5 37 27
5 38 38
5 38 48
5 38 58
5 39 49
5 40 -1
5 43 24
5 43 42
5 43 43
5 43 44
5 43 53
5 43 54
5 43 63
5 51 41
5 51 51
5 51 52
5 51 62
5 51 73
5 56 46
5 56 47
5 56 55
5 56 57
5 56 65
5 56 66
5 60 60
5 60 61
5 60 71
5 69 68
5 69 69
5 69 79
5 78 67
5 78 78
5 78 88
5 78 89
5 78 98
5 78 99
5 80 70
5 80 80
5 83 64
5 83 74
5 83 82
5 83 83
5 83 84
5 83 93
5 83 94
5 86 75
5 86 76
5 86 85
5 86 86
5 86 95
5 90 81
5 90 91
6 0 0
6 2 2
6 8 7
6 8 8
6 8 9
6 8 18
6 8 19
6 11 10
6 11 11
6 12 3
6 12 4
6 12 12
6 12 13
6 16 5
6 16 6
6 16 16
6 22 14
6 22 21
6 22 22
6 22 23
6 22 33
6 26 17
6 26 25
6 26 26
6 26 35
6 26 36
6 29 28
6 29 29
6 30 20
6 30 30
6 31 -1
6 37 27
6 37 37
6 38 38
6 38 48
6 38 58
6 39 39
6 39 49
6 40 40
6 40 50
6 43 24
6 43 34
6 43 42
6 43 43
6 43 53
6 43 54
6 43 63
6 51 51
6 51 52
6 51 62
6 51 73
6 56 45
6 56 46
6 56 47
6 56 55
6 56 56
6 56 57
6 60 60
6 60 61
6 60 71
6 69 68
6 69 69
6 78 77
6 78 89
6 78 98
6 78 99
6 80 70
6 80 80
6 83 74
6 83 82
6 83 84
6 83 92
6 83 93
6 83 94
6 86 75
6 86 85
6 86 86
6 86 95
6 86 96
6 86 97
6 90 81
6 90 90
7 0 0
7 0 1
7 2 2
7 8 7
7 8 8
7 8 9
7 8 18
7 11 10
7 11 11
7 12 3
7 12 4
7 12 12
7 16 5
7 16 16
7 22 21
7 22 22
7 22 23
7 26 17
7 26 25
7 26 26
7 26 35
7 26 36
7 29 28
7 29 29
7 30 20
7 30 30
7 31 31
7 31 32
7 37 27
7 37 37
7 38 38
7 38 48
7 38 58
7 39 39
7 39 49
7 40 40
7 43 24
7 43 34
7 43 42
7 43 43
7 43 44
7 43 53
7 43 54
7 43 63
7 51 41
7 51 51
7 51 62
7 51 73
7 56 45
7 56 46
7 56 55
7 56 57
7 56 66
7 60 60
7 60 61
7 60 71
7 69 59
7 69 68
7 69 69
7 69 79
7 78 67
7 78 78
7 78 87
7 78 88
7 78 89
7 78 99
7 80 70
7 80 80
7 83 64
7 83 72
7 83 74
7 83 82
7 83 84
7 83 92
7 83 94
7 86 75
7 86 76
7 86 85
7 86 95
7 86 96
7 86 97
7 90 90
7 90 91
8 0 0
8 0 1
8 2 2
8 8 7
8 8 8
8 8 9
8 8 18
8 11 10
8 11 11
8 12 3
8 12 4
8 12 12
8 12 13
8 16 5
8 16 6
8 22 14
8 22 21
8 22 33
8 26 25
8 26 35
8 26 36
8 29 28
8 29 29
8 30 20
8 30 30
8 31 31
8 31 32
8 37 27
8 37 37
8 38 38
8 38 48
8 39 39
8 39 49
8 40 50
8 43 24
8 43 63
8 51 41
8 51 51
8 51 52
8 51 62
8 56 45
8 56 46
8 56 47
8 56 55
8 56 56
8 56 57
8 56 65
8 56 66
8 60 60
8 60 71
8 69 59
8 69 68
8 69 79
8 78 67
8 78 77
8 78 87
8 78 88
8 78 98
8 78 99
8 80 80
8 83 82
8 83 83
8 83 84
8 83 93
8 83 94
8 86 75
8 86 76
8 86 85
8 86 86
8 86 95
8 86 96
8 86 97
8 90 90
8 90 91
9 0 1
9 2 2
9 8 7
9 8 8
9 8 19
9 11 10
9 12 3
9 16 6
9 22 21
9 22 23
9 22 33
9 26 15
9 26 17
9 26 26
9 26 35
9 26 36
9 29 28
9 30 20
9 30 30
9 31 31
9 37 -1
9 38 48
9 39 39
9 40 40
9 40 50
9 43 24
9 43 34
9 43 42
9 43 43
9 43 44
9 43 53
9 43 54
9 43 63
9 51 41
9 51 51
9 51 52
9 51 62
9 56 45
9 56 46
9 56 55
9 56 56
9 56 65
9 60 60
9 60 71
9 69 59
9 78 77
9 78 78
9 78 98
9 78 99
9 80 70
9 80 80
9 83 74
9 83 92
9 83 93
9 86 75
9 86 85
9 86 86
9 90 81
9 90 91
10 0 -1
10 2 2
10 8 7
10 11 10
10 12 12
10 16 16
10 22 -1
10 26 15
10 26 17
10 26 35
10 26 36
10 29 28
10 30 20
10 30 30
10 31 32
10 37 27
10 37 37
10 38 58
10 39 39
10 40 -1
10 43 34
10 43 43
10 43 53
10 51 52
10 56 46
10 56 57
10 60 71
10 69 68
10 78 67
10 78 77
10 78 78
10 78 88
10 78 89
10 78 99
10 80 -1
10 83 72
10 83 74
10 83 82
10 83 83
10 83 93
10 83 94
10 86 75
10 86 76
10 86 97
10 90 81
11 0 0
11 2 -1
11 8 8
11 8 9
11 8 18
11 8 19
11 11 -1
11 12 13
11 16 -1
11 22 -1
11 26 35
11 29 28
11 30 -1
11 31 -1
11 37 -1
11 38 38
11 39 49
11 40 40
11 40 50
11 43 34
11 43 63
11 51 73
11 56 55
11 60 -1
11 69 79
11 78 87
11 80 -1
11 83 72
11 83 82
11 86 -1
11 90 -1
--- Done ---
