0 43 53
0 43 62
0 43 63
0 43 64
0 43 73
1 43 2
1 43 3
1 43 5
1 43 6
1 43 15
1 43 21
1 43 22
1 43 23
1 43 26
1 43 30
1 43 31
1 43 34
1 43 36
1 43 37
1 43 38
1 43 40
1 43 42
1 43 43
1 43 44
1 43 54
1 43 63
1 43 73
1 43 82
1 62 32
1 62 55
1 62 60
1 62 70
1 62 77
1 62 84
1 62 85
1 62 87
1 62 89
1 62 90
1 62 92
1 62 94
1 67 17
1 67 47
1 67 48
1 67 67
1 67 68
1 67 69
1 67 93
1 67 96
2 25 25
2 25 27
2 25 39
2 43 2
2 43 13
2 43 15
2 43 16
2 43 33
2 43 35
2 43 37
2 43 43
2 43 45
2 43 46
2 43 50
2 43 53
2 43 61
2 43 64
2 43 65
2 43 66
2 43 72
2 43 82
2 43 83
2 43 94
2 62 10
2 62 52
2 62 70
2 62 90
2 62 92
2 62 93
2 62 96
2 67 17
2 67 19
2 67 28
2 67 59
2 67 75
2 67 78
2 67 84
2 67 88
2 67 97
2 67 98
2 67 99
3 25 8
3 25 17
3 25 25
3 25 27
3 25 36
3 25 38
3 25 41
3 25 54
3 25 79
3 43 5
3 43 12
3 43 13
3 43 14
3 43 15
3 43 16
3 43 24
3 43 26
3 43 30
3 43 40
3 43 44
3 43 51
3 43 52
3 43 57
3 43 63
3 43 64
3 43 72
3 43 74
3 43 81
3 43 82
3 62 20
3 62 35
3 62 53
3 62 55
3 62 70
3 62 71
3 62 76
3 62 84
3 62 89
3 62 93
3 67 49
3 67 75
3 67 78
3 67 95
3 67 99
4 25 1
4 25 8
4 25 25
4 25 27
4 25 34
4 25 35
4 25 39
4 25 47
4 25 54
4 25 75
4 43 2
4 43 3
4 43 7
4 43 13
4 43 15
4 43 16
4 43 24
4 43 26
4 43 32
4 43 33
4 43 38
4 43 43
4 43 44
4 43 46
4 43 56
4 43 57
4 43 58
4 43 63
4 43 64
4 43 65
4 43 83
4 62 62
4 62 74
4 62 84
4 62 87
4 62 92
4 67 0
4 67 17
4 67 49
4 67 59
4 67 79
4 67 86
4 67 89
4 67 96
4 67 98
4 67 99
5 25 1
5 25 9
5 25 19
5 25 25
5 25 27
5 25 29
5 25 31
5 25 34
5 25 47
5 25 53
5 25 64
5 25 79
5 43 7
5 43 11
5 43 12
5 43 13
5 43 16
5 43 21
5 43 23
5 43 24
5 43 26
5 43 55
5 43 72
5 43 74
5 43 80
5 43 82
5 62 41
5 62 42
5 62 51
5 62 61
5 62 62
5 62 63
5 62 70
5 62 73
5 62 76
5 62 77
5 62 87
5 62 90
5 62 92
5 62 94
5 67 66
5 67 67
5 67 75
5 67 86
5 67 88
5 67 89
5 67 95
5 67 96
6 25 4
6 25 8
6 25 17
6 25 25
6 25 27
6 25 37
6 25 39
6 25 46
6 25 48
6 25 63
6 43 5
6 43 13
6 43 14
6 43 15
6 43 16
6 43 21
6 43 22
6 43 26
6 43 32
6 43 33
6 43 34
6 43 35
6 43 40
6 43 41
6 43 43
6 43 51
6 43 52
6 43 55
6 43 60
6 43 61
6 43 74
6 43 76
6 43 80
6 43 91
6 62 20
6 62 62
6 62 72
6 62 87
6 62 89
6 62 92
6 62 94
6 67 19
6 67 28
6 67 67
6 67 68
6 67 86
7 25 9
7 25 17
7 25 23
7 25 25
7 25 28
7 25 32
7 25 37
7 25 38
7 25 39
7 25 47
7 25 48
7 43 3
7 43 5
7 43 6
7 43 14
7 43 16
7 43 24
7 43 34
7 43 51
7 43 55
7 43 57
7 43 63
7 43 65
7 43 71
7 43 76
7 43 80
7 43 83
7 62 20
7 62 31
7 62 61
7 62 77
7 62 87
7 62 90
7 62 91
7 67 4
7 67 19
7 67 59
7 67 68
7 67 69
7 67 75
7 67 79
7 67 86
7 67 89
7 67 95
7 67 98
7 67 99
8 25 1
8 25 28
8 25 29
8 25 36
8 25 39
8 25 44
8 25 46
8 25 47
8 25 48
8 25 53
8 25 64
8 25 75
8 43 2
8 43 5
8 43 6
8 43 11
8 43 13
8 43 16
8 43 22
8 43 26
8 43 30
8 43 35
8 43 40
8 43 51
8 43 55
8 43 56
8 43 58
8 43 66
8 43 73
8 43 74
8 43 76
8 43 81
8 43 94
8 62 20
8 62 52
8 62 60
8 62 62
8 62 70
8 62 90
8 62 96
8 67 67
8 67 68
8 67 86
8 67 93
8 67 95
8 67 97
8 67 98
9 25 4
9 25 8
9 25 23
9 25 25
9 25 27
9 25 28
9 25 36
9 25 37
9 25 47
9 25 48
9 25 53
9 25 55
9 25 56
9 25 75
9 25 79
9 43 2
9 43 6
9 43 13
9 43 21
9 43 22
9 43 24
9 43 33
9 43 40
9 43 43
9 43 44
9 43 52
9 43 54
9 43 57
9 43 65
9 43 66
9 43 76
9 43 81
9 43 83
9 43 91
9 43 94
9 62 10
9 62 20
9 62 41
9 62 45
9 62 50
9 62 62
9 62 70
9 62 89
9 67 17
9 67 59
9 67 68
9 67 78
9 67 96
9 67 97
--- Done ---
