0 43 53
0 43 62
0 43 63
0 43 64
0 43 73
1 13 2
1 13 5
1 13 15
1 13 21
1 43 3
1 43 6
1 43 22
1 43 23
1 43 26
1 43 30
1 43 31
1 43 32
1 43 34
1 43 36
1 43 37
1 43 42
1 43 43
1 43 44
1 43 54
1 43 55
1 43 60
1 43 63
1 43 73
1 43 82
1 57 17
1 57 38
1 57 47
1 57 48
1 57 67
1 57 68
1 57 69
1 57 77
1 57 87
1 71 40
1 71 70
1 71 90
1 71 92
1 86 84
1 86 85
1 86 89
1 86 93
1 86 94
1 86 96
2 13 2
2 13 10
2 13 13
2 13 15
2 13 16
2 13 27
2 43 25
2 43 33
2 43 35
2 43 37
2 43 43
2 43 45
2 43 46
2 43 52
2 43 53
2 43 64
2 43 65
2 43 66
2 43 72
2 43 82
2 57 17
2 57 19
2 57 28
2 57 39
2 57 59
2 57 75
2 57 78
2 57 99
2 71 50
2 71 61
2 71 70
2 71 83
2 71 90
2 71 92
2 71 93
2 86 84
2 86 88
2 86 94
2 86 96
2 86 97
2 86 98
3 17 5
3 17 8
3 17 15
3 17 16
3 17 17
3 17 27
3 30 20
3 30 30
3 30 40
3 30 81
3 43 12
3 43 13
3 43 14
3 43 24
3 43 25
3 43 26
3 43 35
3 43 36
3 43 41
3 43 44
3 43 51
3 43 52
3 43 53
3 43 54
3 43 55
3 43 63
3 43 64
3 43 72
3 43 76
3 74 49
3 74 70
3 74 71
3 74 74
3 74 82
3 74 93
3 78 38
3 78 57
3 78 75
3 78 78
3 78 79
3 78 84
3 78 89
3 78 95
3 78 99
4 17 7
4 17 8
4 17 15
4 17 16
4 17 17
4 17 27
4 17 38
4 17 39
4 17 47
4 30 0
4 30 1
4 30 2
4 43 3
4 43 13
4 43 24
4 43 25
4 43 26
4 43 32
4 43 33
4 43 34
4 43 35
4 43 43
4 43 44
4 43 46
4 43 54
4 43 56
4 43 62
4 43 63
4 43 65
4 74 57
4 74 64
4 74 74
4 74 83
4 74 92
4 74 96
4 74 99
4 78 49
4 78 58
4 78 59
4 78 75
4 78 79
4 78 84
4 78 86
4 78 87
4 78 89
4 78 98
5 17 7
5 17 9
5 17 16
5 17 19
5 17 27
5 17 29
5 17 47
5 17 76
5 30 1
5 30 21
5 43 11
5 43 12
5 43 13
5 43 23
5 43 24
5 43 25
5 43 26
5 43 31
5 43 34
5 43 41
5 43 42
5 43 51
5 43 53
5 43 55
5 43 62
5 43 63
5 43 64
5 43 66
5 43 72
5 43 73
5 43 82
5 71 61
5 71 70
5 71 74
5 71 80
5 71 90
5 71 92
5 86 67
5 86 75
5 86 77
5 86 79
5 86 86
5 86 87
5 86 88
5 86 89
5 86 94
5 86 95
5 86 96
6 17 8
6 17 15
6 17 16
6 17 17
6 17 19
6 17 27
6 17 28
6 17 39
6 17 76
6 21 4
6 21 5
6 21 20
6 21 21
6 21 52
6 43 13
6 43 14
6 43 22
6 43 25
6 43 26
6 43 32
6 43 33
6 43 34
6 43 35
6 43 37
6 43 41
6 43 43
6 43 46
6 43 51
6 43 55
6 43 60
6 43 62
6 43 63
6 43 72
6 71 40
6 71 61
6 71 74
6 71 80
6 71 91
6 71 92
6 86 48
6 86 67
6 86 68
6 86 86
6 86 87
6 86 89
6 86 94
7 21 4
7 21 5
7 21 20
7 39 9
7 39 16
7 39 17
7 39 19
7 39 28
7 39 38
7 39 39
7 39 47
7 39 48
7 39 68
7 43 3
7 43 6
7 43 14
7 43 23
7 43 24
7 43 25
7 43 31
7 43 32
7 43 34
7 43 37
7 43 51
7 43 55
7 43 63
7 43 65
7 43 76
7 78 57
7 78 59
7 78 69
7 78 75
7 78 77
7 78 79
7 78 86
7 78 87
7 78 89
7 78 95
7 78 98
7 78 99
7 80 61
7 80 71
7 80 80
7 80 83
7 80 90
7 80 91
8 11 1
8 11 2
8 11 5
8 11 11
8 11 20
8 11 40
8 11 70
8 39 16
8 39 28
8 39 29
8 39 39
8 39 47
8 39 48
8 43 6
8 43 13
8 43 22
8 43 26
8 43 30
8 43 35
8 43 36
8 43 44
8 43 46
8 43 51
8 43 52
8 43 53
8 43 55
8 43 56
8 43 60
8 43 62
8 43 64
8 43 66
8 43 76
8 78 58
8 78 67
8 78 68
8 78 75
8 78 86
8 78 95
8 78 96
8 78 97
8 78 98
8 80 73
8 80 74
8 80 81
8 80 90
8 80 93
8 80 94
9 6 4
9 6 6
9 6 8
9 6 17
9 6 27
9 6 28
9 11 2
9 11 10
9 11 20
9 11 21
9 11 22
9 11 40
9 43 13
9 43 23
9 43 24
9 43 25
9 43 33
9 43 36
9 43 37
9 43 41
9 43 43
9 43 44
9 43 45
9 43 52
9 43 53
9 43 54
9 43 55
9 43 56
9 43 65
9 43 66
9 43 76
9 77 47
9 77 48
9 77 57
9 77 59
9 77 68
9 77 75
9 77 78
9 77 79
9 77 89
9 77 96
9 77 97
9 83 50
9 83 62
9 83 70
9 83 81
9 83 83
9 83 91
9 83 94
--- Done ---
