0 43 52
0 43 53
0 43 62
0 43 63
1 17 7
1 17 8
1 17 16
1 17 19
1 17 27
1 30 1
1 30 2
1 30 20
1 30 40
1 30 30
1 30 81
1 30 62
1 43 23
1 43 45
1 43 53
1 43 64
1 43 12
1 43 14
1 43 24
1 43 60
1 43 63
1 43 73
1 43 13
1 43 37
1 43 46
1 77 48
1 77 96
1 77 68
1 77 69
1 77 77
1 77 78
1 77 98
1 88 99
1 88 88
1 93 92
1 93 93
2 17 5
2 17 7
2 17 15
2 17 17
2 17 19
2 17 46
2 30 1
2 30 2
2 30 10
2 30 20
2 30 40
2 43 44
2 43 45
2 43 51
2 43 53
2 43 11
2 43 12
2 43 14
2 43 22
2 43 24
2 43 32
2 43 33
2 43 34
2 43 41
2 43 52
2 43 82
2 77 77
2 88 99
2 88 49
2 88 68
2 88 69
2 88 79
2 88 89
2 88 76
2 93 61
2 93 70
2 93 90
2 93 91
2 93 92
2 93 93
2 93 94
2 93 50
2 93 63
2 93 72
2 93 73
2 93 80
2 93 81
2 93 62
2 93 74
3 17 4
3 17 7
3 17 8
3 17 16
3 17 28
3 17 29
3 17 39
3 17 35
3 17 36
3 17 37
3 17 46
3 17 57
3 30 0
3 30 2
3 30 10
3 30 20
3 30 21
3 30 40
3 30 31
3 30 41
3 30 60
3 30 13
3 43 3
3 43 23
3 43 42
3 43 43
3 43 44
3 43 45
3 43 51
3 43 53
3 43 64
3 43 11
3 43 22
3 43 24
3 43 25
3 43 26
3 77 48
3 77 58
3 77 66
3 77 67
3 77 78
3 77 79
3 77 87
3 77 89
3 77 97
3 77 98
3 88 99
3 88 88
3 93 61
3 93 83
3 93 90
3 93 91
3 93 92
3 93 93
3 93 94
3 93 52
3 93 63
3 93 73
3 93 82
3 93 50
3 93 54
3 93 62
3 93 75
3 93 80
3 93 84
3 93 74
3 93 85
3 93 95
4 17 7
4 17 8
4 17 9
4 17 15
4 17 16
4 17 18
4 17 19
4 17 27
4 17 28
4 17 29
4 17 39
4 17 35
4 17 36
4 17 37
4 17 46
4 17 57
4 17 47
4 17 76
4 30 0
4 30 1
4 30 2
4 30 10
4 30 20
4 30 21
4 30 40
4 30 31
4 30 32
4 30 33
4 30 60
4 30 13
4 30 50
4 30 62
4 30 80
4 30 81
4 43 23
4 43 42
4 43 44
4 43 45
4 43 51
4 43 53
4 43 64
4 43 11
4 43 12
4 43 14
4 43 22
4 43 24
4 43 25
4 43 34
4 77 48
4 77 58
4 77 96
4 77 55
4 77 56
4 77 59
4 77 66
4 77 67
4 77 68
4 77 77
4 77 79
4 77 87
4 77 89
4 77 97
4 77 98
4 77 65
4 77 74
4 77 85
4 88 99
4 88 88
4 93 61
4 93 70
4 93 90
4 93 91
4 93 52
4 93 72
4 93 73
4 93 82
4 93 54
4 93 75
4 93 84
5 17 5
5 17 7
5 17 8
5 17 9
5 17 15
5 17 16
5 17 17
5 17 18
5 17 19
5 17 27
5 17 29
5 17 38
5 17 6
5 17 14
5 17 24
5 17 25
5 17 26
5 17 57
5 17 13
5 30 0
5 30 1
5 30 2
5 30 10
5 30 20
5 30 21
5 30 11
5 30 12
5 30 30
5 30 31
5 30 32
5 30 33
5 30 22
5 30 41
5 30 60
5 30 80
5 30 81
5 30 62
5 43 3
5 43 23
5 43 43
5 43 44
5 43 64
5 43 42
5 43 51
5 43 55
5 43 52
5 43 63
5 43 73
5 43 82
5 43 46
5 43 54
5 43 66
5 43 76
5 43 65
5 70 53
5 70 61
5 70 70
5 70 71
5 77 48
5 77 58
5 77 49
5 77 67
5 77 68
5 77 69
5 77 75
5 77 78
5 77 79
5 77 84
5 77 89
5 77 98
5 77 47
5 77 74
5 77 85
5 77 86
5 77 95
5 88 99
5 88 88
5 93 94
5 93 83
5 93 91
5 93 93
6 17 4
6 17 5
6 17 7
6 17 8
6 17 9
6 17 16
6 17 17
6 17 18
6 17 19
6 17 27
6 17 28
6 17 29
6 17 38
6 17 39
6 17 6
6 17 14
6 17 24
6 17 25
6 17 26
6 17 57
6 17 13
6 17 35
6 30 0
6 30 2
6 30 10
6 30 20
6 30 21
6 30 40
6 30 11
6 30 12
6 30 30
6 30 33
6 30 50
6 30 80
6 30 81
6 43 3
6 43 23
6 43 43
6 43 45
6 43 34
6 43 42
6 43 51
6 43 53
6 43 55
6 43 56
6 43 22
6 43 36
6 43 37
6 43 46
6 43 52
6 43 54
6 43 60
6 43 62
6 43 63
6 43 73
6 43 82
6 70 70
6 70 71
6 70 90
6 70 92
6 77 48
6 77 58
6 77 96
6 77 49
6 77 68
6 77 69
6 77 75
6 77 77
6 77 84
6 77 89
6 77 97
6 77 98
6 77 47
6 77 85
6 77 86
6 77 95
6 77 74
6 88 99
6 93 94
6 93 61
6 93 93
7 17 4
7 17 5
7 17 7
7 17 8
7 17 9
7 17 16
7 17 17
7 17 18
7 17 27
7 17 28
7 17 29
7 17 38
7 17 39
7 17 24
7 17 25
7 17 26
7 17 34
7 17 57
7 17 46
7 17 76
7 30 0
7 30 1
7 30 2
7 30 10
7 30 20
7 30 21
7 30 40
7 30 30
7 43 3
7 43 23
7 43 43
7 43 44
7 43 45
7 43 64
7 43 11
7 43 12
7 43 31
7 43 32
7 43 42
7 43 51
7 43 53
7 43 55
7 43 22
7 43 41
7 43 54
7 43 60
7 43 62
7 43 72
7 70 70
7 70 71
7 70 90
7 70 91
7 70 92
7 70 63
7 70 73
7 70 82
7 70 74
7 70 80
7 77 48
7 77 58
7 77 96
7 77 49
7 77 59
7 77 67
7 77 68
7 77 69
7 77 75
7 77 78
7 77 79
7 77 84
7 77 87
7 77 89
7 77 97
7 77 35
7 77 36
7 77 37
7 77 66
7 88 99
7 88 88
7 88 85
7 88 95
7 93 94
7 93 61
8 17 4
8 17 5
8 17 7
8 17 8
8 17 9
8 17 18
8 17 27
8 17 28
8 17 29
8 17 38
8 17 39
8 17 6
8 17 14
8 17 24
8 17 25
8 17 57
8 17 13
8 17 35
8 17 36
8 17 37
8 17 46
8 17 47
8 17 76
8 30 0
8 30 1
8 30 2
8 30 10
8 30 20
8 30 21
8 30 11
8 30 12
8 30 30
8 30 31
8 30 32
8 30 33
8 30 41
8 30 50
8 30 60
8 30 62
8 30 80
8 43 3
8 43 45
8 43 51
8 43 55
8 43 56
8 70 -1
8 77 48
8 77 96
8 77 49
8 77 59
8 77 67
8 77 68
8 77 75
8 77 77
8 77 79
8 77 84
8 77 87
8 77 97
8 77 98
8 77 66
8 77 85
8 77 86
8 77 95
8 77 65
8 88 99
8 88 88
8 93 94
8 93 71
8 93 83
8 93 90
8 93 91
8 93 93
8 93 52
8 93 63
8 93 82
9 17 7
9 17 8
9 17 15
9 17 17
9 17 19
9 17 28
9 17 39
9 17 6
9 17 24
9 17 26
9 17 34
9 17 35
9 17 36
9 17 46
9 30 1
9 30 2
9 30 10
9 30 20
9 30 21
9 30 40
9 30 30
9 30 31
9 30 33
9 30 50
9 30 80
9 30 81
9 43 3
9 43 23
9 43 43
9 43 44
9 43 45
9 43 42
9 43 51
9 43 53
9 43 55
9 43 56
9 43 41
9 43 52
9 43 54
9 43 60
9 43 62
9 43 63
9 43 65
9 70 70
9 70 71
9 70 91
9 70 92
9 77 48
9 77 75
9 77 77
9 77 78
9 77 98
9 77 85
9 77 86
9 77 74
9 88 99
9 88 59
9 93 93
10 17 7
10 17 15
10 17 16
10 17 17
10 17 27
10 17 28
10 17 39
10 17 34
10 17 57
10 30 2
10 30 10
10 30 20
10 30 12
10 30 30
10 30 32
10 30 81
10 43 43
10 43 53
10 43 52
10 43 72
10 43 82
10 70 -1
10 77 58
10 77 67
10 77 68
10 77 75
10 77 77
10 77 78
10 77 89
10 77 97
10 77 35
10 77 36
10 77 37
10 77 46
10 77 74
10 77 76
10 88 99
10 88 88
10 93 94
10 93 71
10 93 83
10 93 93
11 17 8
11 17 9
11 17 18
11 17 19
11 17 28
11 17 38
11 17 34
11 17 13
11 17 35
11 30 0
11 30 40
11 30 50
11 43 63
11 43 72
11 43 73
11 43 82
11 70 -1
11 77 49
11 77 55
11 77 79
11 77 87
11 88 -1
11 93 -1
--- Done ---
