0 43 52
0 43 53
0 43 62
0 43 63
1 43 1
1 43 2
1 43 7
1 43 8
1 43 12
1 43 13
1 43 14
1 43 16
1 43 19
1 43 20
1 43 23
1 43 24
1 43 27
1 43 30
1 43 37
1 43 40
1 43 45
1 43 46
1 43 48
1 43 53
1 43 60
1 43 62
1 43 63
1 43 64
1 43 68
1 43 69
1 43 73
1 43 77
1 43 78
1 43 81
1 43 88
1 43 92
1 43 93
1 43 96
1 43 98
1 43 99
2 35 1
2 35 5
2 35 7
2 35 14
2 35 15
2 35 17
2 35 19
2 35 20
2 35 24
2 35 34
2 35 45
2 35 46
2 35 49
2 35 61
2 43 2
2 43 10
2 43 11
2 43 12
2 43 22
2 43 32
2 43 33
2 43 40
2 43 41
2 43 44
2 43 50
2 43 51
2 43 52
2 43 53
2 43 62
2 43 63
2 43 72
2 43 74
2 43 80
2 43 81
2 43 82
2 43 91
2 86 68
2 86 69
2 86 70
2 86 73
2 86 76
2 86 77
2 86 79
2 86 89
2 86 90
2 86 92
2 86 93
2 86 94
2 86 99
3 31 0
3 31 2
3 31 10
3 31 13
3 31 20
3 31 21
3 31 22
3 31 31
3 31 40
3 31 41
3 31 50
3 31 51
3 31 60
3 31 90
3 35 3
3 35 4
3 35 7
3 35 8
3 35 16
3 35 23
3 35 24
3 35 25
3 35 26
3 35 28
3 35 35
3 35 36
3 35 37
3 35 45
3 35 46
3 35 58
3 35 61
3 43 11
3 43 39
3 43 42
3 43 43
3 43 44
3 43 52
3 43 53
3 43 54
3 43 62
3 43 63
3 43 64
3 43 74
3 43 80
3 43 82
3 43 83
3 43 91
3 86 29
3 86 48
3 86 57
3 86 66
3 86 67
3 86 73
3 86 75
3 86 78
3 86 79
3 86 84
3 86 85
3 86 87
3 86 88
3 86 89
3 86 92
3 86 93
3 86 94
3 86 95
3 86 97
3 86 98
3 86 99
4 31 0
4 31 1
4 31 2
4 31 10
4 31 13
4 31 20
4 31 21
4 31 22
4 31 31
4 31 32
4 31 33
4 31 40
4 31 50
4 31 51
4 31 60
4 31 70
4 31 72
4 31 90
4 35 7
4 35 8
4 35 9
4 35 14
4 35 15
4 35 16
4 35 23
4 35 24
4 35 25
4 35 34
4 35 35
4 35 36
4 35 45
4 35 46
4 35 55
4 35 56
4 35 61
4 35 65
4 43 11
4 43 12
4 43 42
4 43 44
4 43 52
4 43 53
4 43 54
4 43 62
4 43 64
4 43 74
4 43 80
4 43 81
4 43 82
4 43 91
4 48 18
4 48 19
4 48 27
4 48 28
4 48 29
4 48 37
4 48 39
4 48 47
4 48 48
4 48 57
4 48 58
4 48 59
4 48 67
4 48 99
4 86 66
4 86 68
4 86 73
4 86 75
4 86 76
4 86 77
4 86 79
4 86 84
4 86 85
4 86 87
4 86 88
4 86 89
4 86 96
4 86 97
4 86 98
5 31 0
5 31 1
5 31 2
5 31 10
5 31 13
5 31 20
5 31 21
5 31 22
5 31 30
5 31 31
5 31 32
5 31 33
5 31 41
5 31 51
5 31 60
5 31 70
5 35 3
5 35 5
5 35 7
5 35 8
5 35 9
5 35 14
5 35 15
5 35 16
5 35 17
5 35 23
5 35 24
5 35 25
5 35 26
5 35 46
5 35 55
5 35 61
5 35 65
5 43 6
5 43 11
5 43 12
5 43 42
5 43 43
5 43 44
5 43 52
5 43 53
5 43 54
5 43 62
5 43 63
5 43 64
5 43 71
5 43 74
5 43 80
5 43 81
5 43 82
5 43 83
5 43 91
5 48 18
5 48 19
5 48 27
5 48 29
5 48 38
5 48 47
5 48 48
5 48 49
5 48 57
5 48 58
5 48 67
5 48 69
5 48 78
5 48 99
5 86 66
5 86 68
5 86 73
5 86 75
5 86 76
5 86 79
5 86 84
5 86 85
5 86 86
5 86 88
5 86 89
5 86 93
5 86 94
5 86 95
5 86 98
6 31 0
6 31 10
6 31 13
6 31 20
6 31 21
6 31 22
6 31 30
6 31 33
6 31 40
6 31 50
6 31 51
6 31 60
6 31 90
6 35 3
6 35 4
6 35 5
6 35 7
6 35 8
6 35 9
6 35 14
6 35 16
6 35 17
6 35 23
6 35 24
6 35 25
6 35 26
6 35 34
6 35 35
6 35 36
6 35 45
6 35 46
6 35 55
6 35 56
6 42 2
6 42 12
6 42 42
6 42 52
6 42 61
6 42 62
6 42 70
6 42 71
6 42 74
6 42 81
6 43 6
6 43 11
6 43 43
6 43 53
6 43 54
6 43 63
6 43 80
6 43 82
6 48 18
6 48 19
6 48 27
6 48 28
6 48 29
6 48 37
6 48 38
6 48 39
6 48 47
6 48 48
6 48 49
6 48 57
6 48 58
6 48 69
6 48 99
6 86 68
6 86 73
6 86 75
6 86 77
6 86 84
6 86 85
6 86 86
6 86 89
6 86 92
6 86 93
6 86 94
6 86 95
6 86 96
6 86 97
6 86 98
7 31 0
7 31 1
7 31 10
7 31 20
7 31 21
7 31 22
7 31 30
7 31 31
7 31 32
7 31 40
7 31 51
7 31 60
7 31 72
7 31 90
7 35 3
7 35 4
7 35 5
7 35 7
7 35 8
7 35 9
7 35 16
7 35 17
7 35 23
7 35 24
7 35 25
7 35 26
7 35 34
7 35 35
7 35 36
7 35 45
7 35 46
7 35 55
7 42 2
7 42 12
7 42 41
7 42 42
7 42 61
7 42 62
7 42 70
7 42 71
7 42 74
7 42 91
7 43 11
7 43 43
7 43 44
7 43 53
7 43 54
7 43 63
7 43 64
7 43 80
7 43 82
7 48 18
7 48 27
7 48 28
7 48 29
7 48 37
7 48 38
7 48 39
7 48 48
7 48 49
7 48 57
7 48 58
7 48 59
7 48 67
7 48 69
7 48 78
7 48 99
7 86 66
7 86 68
7 86 73
7 86 75
7 86 76
7 86 79
7 86 84
7 86 85
7 86 87
7 86 88
7 86 89
7 86 92
7 86 94
7 86 95
7 86 96
7 86 97
8 31 0
8 31 1
8 31 10
8 31 13
8 31 20
8 31 21
8 31 30
8 31 31
8 31 32
8 31 33
8 31 50
8 31 51
8 31 60
8 31 90
8 35 3
8 35 4
8 35 5
8 35 7
8 35 8
8 35 9
8 35 14
8 35 24
8 35 25
8 35 35
8 35 36
8 35 45
8 35 46
8 35 55
8 35 56
8 35 65
8 42 2
8 42 12
8 42 41
8 42 52
8 42 62
8 42 71
8 42 91
8 43 6
8 43 11
8 43 63
8 43 80
8 43 82
8 43 83
8 48 18
8 48 27
8 48 28
8 48 29
8 48 37
8 48 38
8 48 39
8 48 47
8 48 48
8 48 49
8 48 57
8 48 59
8 48 67
8 48 99
8 86 66
8 86 68
8 86 75
8 86 76
8 86 77
8 86 79
8 86 84
8 86 85
8 86 86
8 86 87
8 86 88
8 86 93
8 86 94
8 86 95
8 86 96
8 86 97
8 86 98
9 31 1
9 31 10
9 31 20
9 31 21
9 31 30
9 31 31
9 31 33
9 31 40
9 31 50
9 31 51
9 31 60
9 35 3
9 35 7
9 35 8
9 35 15
9 35 17
9 35 23
9 35 24
9 35 26
9 35 34
9 35 35
9 35 36
9 35 45
9 35 46
9 35 55
9 35 56
9 35 65
9 42 2
9 42 41
9 42 42
9 42 52
9 42 62
9 42 70
9 42 71
9 42 74
9 42 81
9 42 91
9 43 6
9 43 43
9 43 44
9 43 53
9 43 54
9 43 63
9 43 80
9 48 19
9 48 28
9 48 39
9 48 48
9 48 59
9 48 78
9 48 99
9 86 75
9 86 77
9 86 85
9 86 86
9 86 92
9 86 93
9 86 98
10 31 10
10 31 20
10 31 30
10 31 32
10 31 72
10 35 7
10 35 15
10 35 16
10 35 17
10 35 34
10 35 35
10 35 36
10 35 46
10 42 2
10 42 12
10 42 52
10 42 71
10 42 74
10 42 81
10 43 43
10 43 53
10 43 82
10 43 83
10 48 27
10 48 28
10 48 37
10 48 39
10 48 57
10 48 58
10 48 67
10 48 78
10 48 99
10 86 68
10 86 75
10 86 76
10 86 77
10 86 88
10 86 89
10 86 93
10 86 94
10 86 97
11 31 0
11 31 13
11 31 40
11 31 50
11 31 72
11 35 8
11 35 9
11 35 34
11 35 35
11 35 55
11 43 63
11 43 82
11 48 18
11 48 19
11 48 28
11 48 38
11 48 49
11 86 73
11 86 79
11 86 87
--- Done ---
