0 43 53
0 43 62
0 43 63
0 43 64
0 43 73
1 28 6
1 28 17
1 28 37
1 28 38
1 28 47
1 28 48
1 35 3
1 35 5
1 35 15
1 35 26
1 35 34
1 35 36
1 35 55
1 43 2
1 43 21
1 43 22
1 43 23
1 43 31
1 43 32
1 43 42
1 43 43
1 43 44
1 43 54
1 43 63
1 43 73
1 50 30
1 50 40
1 50 60
1 50 70
1 50 82
1 50 90
1 50 92
1 76 67
1 76 68
1 76 69
1 76 77
1 76 84
1 76 85
1 76 87
1 76 89
1 76 93
1 76 94
1 76 96
2 28 16
2 28 17
2 28 19
2 28 27
2 28 28
2 28 37
2 28 39
2 28 59
2 35 13
2 35 15
2 35 25
2 35 35
2 35 45
2 35 46
2 43 2
2 43 33
2 43 43
2 43 52
2 43 53
2 43 64
2 50 10
2 50 50
2 50 61
2 50 70
2 50 72
2 50 82
2 50 90
2 50 92
2 76 65
2 76 66
2 76 75
2 76 78
2 76 83
2 76 84
2 76 88
2 76 93
2 76 94
2 76 96
2 76 97
2 76 98
2 76 99
3 28 8
3 28 16
3 28 17
3 28 27
3 28 38
3 28 49
3 35 5
3 35 13
3 35 14
3 35 15
3 35 24
3 35 25
3 35 26
3 35 35
3 35 36
3 35 55
3 43 12
3 43 44
3 43 52
3 43 53
3 43 54
3 43 63
3 43 64
3 50 20
3 50 30
3 50 40
3 50 41
3 50 51
3 50 70
3 50 71
3 50 72
3 50 81
3 50 82
3 76 57
3 76 74
3 76 75
3 76 76
3 76 78
3 76 79
3 76 84
3 76 89
3 76 93
3 76 95
3 76 99
4 28 7
4 28 8
4 28 16
4 28 17
4 28 27
4 28 38
4 28 39
4 28 47
4 28 49
4 28 59
4 35 3
4 35 13
4 35 15
4 35 24
4 35 25
4 35 26
4 35 34
4 35 35
4 35 46
4 43 0
4 43 1
4 43 2
4 43 32
4 43 33
4 43 43
4 43 44
4 43 54
4 43 62
4 43 63
4 43 64
4 50 92
4 76 56
4 76 57
4 76 58
4 76 65
4 76 74
4 76 75
4 76 79
4 76 83
4 76 84
4 76 86
4 76 87
4 76 89
4 76 96
4 76 98
4 76 99
5 28 7
5 28 9
5 28 16
5 28 19
5 28 27
5 28 29
5 28 47
5 35 13
5 35 24
5 35 25
5 35 26
5 35 34
5 35 55
5 43 1
5 43 11
5 43 12
5 43 21
5 43 23
5 43 31
5 43 42
5 43 53
5 43 62
5 43 63
5 43 64
5 43 73
5 50 41
5 50 51
5 50 61
5 50 70
5 50 72
5 50 80
5 50 82
5 50 90
5 50 92
5 76 66
5 76 67
5 76 74
5 76 75
5 76 76
5 76 77
5 76 79
5 76 86
5 76 87
5 76 88
5 76 89
5 76 94
5 76 95
5 76 96
6 28 8
6 28 16
6 28 17
6 28 19
6 28 27
6 28 28
6 28 37
6 28 39
6 28 48
6 35 4
6 35 5
6 35 13
6 35 14
6 35 15
6 35 25
6 35 26
6 35 34
6 35 35
6 35 46
6 35 55
6 43 21
6 43 22
6 43 32
6 43 33
6 43 43
6 43 52
6 43 62
6 43 63
6 50 20
6 50 40
6 50 41
6 50 51
6 50 60
6 50 61
6 50 72
6 50 80
6 50 91
6 50 92
6 76 67
6 76 68
6 76 74
6 76 76
6 76 86
6 76 87
6 76 89
6 76 94
7 28 6
7 28 9
7 28 16
7 28 17
7 28 19
7 28 28
7 28 37
7 28 38
7 28 39
7 28 47
7 28 48
7 28 59
7 35 3
7 35 4
7 35 5
7 35 14
7 35 24
7 35 25
7 35 34
7 35 55
7 43 23
7 43 31
7 43 32
7 43 63
7 50 20
7 50 51
7 50 61
7 50 71
7 50 80
7 50 90
7 50 91
7 76 57
7 76 65
7 76 68
7 76 69
7 76 75
7 76 76
7 76 77
7 76 79
7 76 83
7 76 86
7 76 87
7 76 89
7 76 95
7 76 98
7 76 99
8 28 6
8 28 16
8 28 28
8 28 29
8 28 39
8 28 47
8 28 48
8 35 5
8 35 13
8 35 26
8 35 35
8 35 36
8 35 46
8 35 55
8 43 1
8 43 2
8 43 11
8 43 22
8 43 44
8 43 52
8 43 53
8 43 62
8 43 64
8 43 73
8 50 20
8 50 30
8 50 40
8 50 51
8 50 60
8 50 70
8 50 81
8 50 90
8 76 56
8 76 58
8 76 66
8 76 67
8 76 68
8 76 74
8 76 75
8 76 76
8 76 86
8 76 93
8 76 94
8 76 95
8 76 96
8 76 97
8 76 98
9 28 6
9 28 8
9 28 17
9 28 27
9 28 28
9 28 37
9 28 47
9 28 48
9 28 59
9 35 4
9 35 13
9 35 24
9 35 25
9 35 36
9 35 45
9 35 55
9 43 2
9 43 21
9 43 22
9 43 23
9 43 33
9 43 43
9 43 44
9 43 52
9 43 53
9 43 54
9 43 62
9 50 10
9 50 20
9 50 40
9 50 41
9 50 50
9 50 70
9 50 81
9 50 91
9 76 56
9 76 57
9 76 65
9 76 66
9 76 68
9 76 75
9 76 76
9 76 78
9 76 79
9 76 83
9 76 89
9 76 94
9 76 96
9 76 97
--- Done ---
