0 43 52
0 43 53
0 43 62
0 43 63
1 35 1
1 35 8
1 35 19
1 35 20
1 35 27
1 35 48
1 35 2
1 35 7
1 35 13
1 35 14
1 35 16
1 35 24
1 35 37
1 35 62
1 35 63
1 35 68
1 35 69
1 35 23
1 35 45
1 35 46
1 43 12
1 43 30
1 43 40
1 85 77
1 85 78
1 85 88
1 85 92
1 85 93
1 85 96
1 85 98
1 85 99
1 85 60
1 85 81
1 85 53
1 85 64
1 85 73
2 35 1
2 35 17
2 35 19
2 35 49
2 35 2
2 35 5
2 35 7
2 35 20
2 35 69
2 35 11
2 35 14
2 35 15
2 35 22
2 35 24
2 35 33
2 35 44
2 35 51
2 35 52
2 35 62
2 35 63
2 35 68
2 35 32
2 35 34
2 35 45
2 43 12
2 43 50
2 54 10
2 54 89
2 54 90
2 54 40
2 54 77
2 54 92
2 54 93
2 54 41
2 54 72
2 54 74
2 54 80
2 54 94
2 54 46
2 85 70
2 85 79
2 85 99
2 85 81
2 85 82
2 85 91
2 85 53
2 85 61
2 85 73
2 85 76
3 16 0
3 16 29
3 16 39
3 16 4
3 16 8
3 16 2
3 16 7
3 16 28
3 16 31
3 16 48
3 16 16
3 16 53
3 16 54
3 16 67
3 35 35
3 43 50
3 43 21
3 43 43
3 54 10
3 54 89
3 54 90
3 54 20
3 54 40
3 54 11
3 54 51
3 54 58
3 54 62
3 54 63
3 54 74
3 54 80
3 54 83
3 54 94
3 54 3
3 54 13
3 54 22
3 54 24
3 54 25
3 54 37
3 54 44
3 54 52
3 54 61
3 54 64
3 85 78
3 85 79
3 85 87
3 85 95
3 85 97
3 85 98
3 85 99
3 85 82
3 85 84
3 85 88
3 85 91
3 85 92
3 85 93
3 85 41
3 85 60
3 85 85
3 85 66
3 85 73
3 85 75
3 85 23
3 85 26
3 85 36
3 85 42
3 85 45
3 85 46
3 85 57
4 16 0
4 16 8
4 16 12
4 16 29
4 16 39
4 16 2
4 16 9
4 16 18
4 16 19
4 16 31
4 16 7
4 16 13
4 16 22
4 16 24
4 16 27
4 16 28
4 16 52
4 16 75
4 16 34
4 16 42
4 16 47
4 16 54
4 16 14
4 16 15
4 35 1
4 35 21
4 35 64
4 35 16
4 35 23
4 35 25
4 35 33
4 35 35
4 35 36
4 35 37
4 35 44
4 35 45
4 35 46
4 35 55
4 35 56
4 35 57
4 35 67
4 43 50
4 48 59
4 48 48
4 54 10
4 54 90
4 54 20
4 54 40
4 54 89
4 54 11
4 54 51
4 54 62
4 54 58
4 54 76
4 54 85
4 54 53
4 85 70
4 85 79
4 85 87
4 85 81
4 85 82
4 85 91
4 85 97
4 85 98
4 85 99
4 85 60
4 85 72
4 85 77
4 85 80
4 85 84
4 85 88
4 85 96
4 85 32
4 85 61
4 85 65
4 85 66
4 85 68
4 85 73
4 85 74
5 16 0
5 16 8
5 16 12
5 16 29
5 16 31
5 16 7
5 16 24
5 16 27
5 16 52
5 16 42
5 16 47
5 16 3
5 16 14
5 16 16
5 16 23
5 16 25
5 16 26
5 16 33
5 16 38
5 16 46
5 35 1
5 35 20
5 35 21
5 35 2
5 35 5
5 35 6
5 35 9
5 35 11
5 35 17
5 35 18
5 35 19
5 35 49
5 35 51
5 35 62
5 35 63
5 35 69
5 35 13
5 35 22
5 43 30
5 43 53
5 43 64
5 43 15
5 48 48
5 54 10
5 54 71
5 54 89
5 54 58
5 54 73
5 54 76
5 54 85
5 54 54
5 54 74
5 54 94
5 54 43
5 54 44
5 54 55
5 54 57
5 54 67
5 85 70
5 85 79
5 85 95
5 85 78
5 85 81
5 85 82
5 85 86
5 85 91
5 85 93
5 85 98
5 85 99
5 85 41
5 85 60
5 85 80
5 85 83
5 85 84
5 85 88
5 85 32
5 85 61
5 85 65
5 85 66
5 85 68
5 85 75
6 16 0
6 16 4
6 16 8
6 16 9
6 16 17
6 16 18
6 16 29
6 16 39
6 16 19
6 16 27
6 16 49
6 16 3
6 16 14
6 16 24
6 16 25
6 16 33
6 16 34
6 16 43
6 16 23
6 35 35
6 35 56
6 35 57
6 43 30
6 43 50
6 43 12
6 43 21
6 43 40
6 43 71
6 43 81
6 43 82
6 43 2
6 43 5
6 43 6
6 43 11
6 43 51
6 43 60
6 43 62
6 43 63
6 43 80
6 43 7
6 43 13
6 43 22
6 43 52
6 48 48
6 54 10
6 54 90
6 54 20
6 54 89
6 54 42
6 54 54
6 54 58
6 54 85
6 54 53
6 54 75
6 54 16
6 54 26
6 54 28
6 54 36
6 54 37
6 54 38
6 54 45
6 54 46
6 54 47
6 54 55
6 54 68
6 59 -1
6 85 70
6 85 95
6 85 92
6 85 93
6 85 99
6 85 84
6 85 86
6 85 96
6 85 97
6 85 98
6 85 61
6 85 73
6 85 74
6 85 94
6 85 69
6 85 77
7 16 0
7 16 4
7 16 8
7 16 12
7 16 2
7 16 5
7 16 9
7 16 17
7 16 18
7 16 29
7 16 31
7 16 39
7 16 7
7 16 22
7 16 27
7 16 49
7 16 34
7 16 42
7 16 75
7 16 3
7 16 23
7 16 24
7 16 25
7 35 1
7 35 35
7 43 30
7 43 21
7 43 43
7 48 48
7 54 10
7 54 90
7 54 20
7 54 40
7 54 71
7 54 11
7 54 51
7 54 62
7 54 63
7 54 89
7 54 85
7 54 88
7 54 94
7 54 54
7 54 64
7 54 66
7 54 68
7 54 76
7 54 28
7 54 44
7 54 53
7 54 16
7 54 26
7 54 36
7 54 38
7 59 59
7 59 79
7 59 37
7 59 45
7 59 46
7 59 55
7 59 57
7 59 58
7 59 67
7 85 70
7 85 95
7 85 82
7 85 87
7 85 91
7 85 92
7 85 99
7 85 41
7 85 60
7 85 72
7 85 78
7 85 80
7 85 84
7 85 96
7 85 97
7 85 32
7 85 61
7 85 69
7 85 73
7 85 74
8 16 0
8 35 1
8 35 4
8 35 8
8 35 20
8 35 21
8 35 9
8 35 18
8 35 27
8 35 49
8 35 3
8 35 14
8 35 24
8 35 25
8 35 33
8 35 35
8 35 66
8 35 76
8 35 28
8 35 37
8 35 38
8 35 56
8 35 68
8 35 75
8 35 36
8 35 45
8 43 30
8 43 50
8 43 12
8 43 71
8 43 82
8 43 91
8 43 2
8 43 5
8 43 6
8 43 11
8 43 31
8 43 41
8 43 51
8 43 60
8 43 62
8 43 63
8 43 80
8 43 83
8 43 7
8 43 13
8 43 32
8 43 52
8 48 48
8 54 10
8 54 90
8 59 59
8 59 79
8 59 87
8 59 29
8 59 39
8 85 95
8 85 93
8 85 99
8 85 84
8 85 86
8 85 96
8 85 97
8 85 98
8 85 65
8 85 94
8 85 77
8 85 85
8 85 88
8 85 46
8 85 47
8 85 55
8 85 57
8 85 67
9 16 -1
9 35 1
9 35 8
9 35 20
9 35 21
9 35 17
9 35 19
9 35 28
9 35 35
9 35 56
9 43 30
9 43 50
9 43 40
9 43 71
9 43 81
9 43 91
9 43 2
9 43 6
9 43 31
9 43 41
9 43 51
9 43 60
9 43 62
9 43 63
9 43 80
9 43 7
9 43 52
9 43 65
9 43 74
9 43 3
9 43 15
9 43 24
9 43 33
9 43 34
9 43 42
9 43 43
9 43 44
9 43 23
9 48 48
9 54 10
9 54 54
9 59 59
9 59 39
9 85 70
9 85 92
9 85 93
9 85 99
9 85 78
9 85 86
9 85 98
9 85 77
9 85 85
9 85 75
9 85 53
9 85 26
9 85 36
9 85 45
9 85 46
9 85 55
10 16 16
10 35 35
10 43 30
10 43 12
10 43 71
10 43 81
10 43 82
10 43 2
10 43 72
10 43 83
10 43 7
10 43 32
10 43 52
10 43 74
10 43 94
10 43 15
10 43 34
10 43 43
10 43 58
10 43 76
10 43 37
10 43 53
10 43 36
10 43 46
10 43 57
10 43 67
10 48 99
10 48 17
10 48 39
10 48 78
10 48 89
10 48 97
10 48 27
10 48 77
10 48 88
10 48 28
10 48 68
10 54 10
10 54 20
10 54 93
10 54 75
10 59 -1
10 85 -1
11 16 0
11 16 8
11 16 9
11 16 18
11 16 19
11 16 49
11 16 28
11 16 34
11 16 38
11 16 55
11 35 35
11 43 50
11 43 40
11 43 82
11 43 63
11 43 72
11 43 13
11 43 73
11 48 -1
11 54 -1
11 59 79
11 59 87
11 85 -1
--- Done ---
