0 33 52
0 33 53
0 33 62
0 33 63
0 55 -1
1 26 -1
1 33 1
1 33 2
1 33 12
1 33 13
1 33 14
1 33 16
1 33 20
1 33 23
1 33 24
1 33 30
1 33 40
1 33 60
1 33 62
1 33 92
1 33 99
1 55 7
1 55 8
1 55 19
1 55 27
1 55 37
1 55 45
1 55 46
1 55 48
1 55 53
1 55 63
1 55 64
1 55 68
1 55 69
1 55 73
1 55 77
1 55 78
1 55 81
1 55 88
1 55 93
1 55 96
1 55 98
1 60 -1
1 83 -1
1 98 -1
2 26 5
2 26 7
2 26 14
2 26 15
2 26 17
2 26 19
2 26 49
2 33 1
2 33 2
2 33 10
2 33 11
2 33 12
2 33 20
2 33 22
2 33 24
2 33 32
2 33 33
2 33 34
2 55 44
2 55 45
2 55 46
2 55 53
2 60 40
2 60 41
2 60 50
2 60 51
2 60 52
2 60 61
2 60 62
2 60 70
2 60 80
2 83 63
2 83 72
2 83 73
2 83 74
2 83 81
2 83 82
2 83 90
2 83 91
2 83 92
2 83 93
2 83 94
2 87 -1
2 98 68
2 98 69
2 98 76
2 98 77
2 98 79
2 98 89
2 98 99
3 12 -1
3 26 7
3 26 8
3 26 16
3 26 25
3 26 26
3 26 28
3 26 29
3 26 35
3 26 36
3 26 37
3 26 39
3 26 48
3 33 2
3 33 3
3 33 4
3 33 10
3 33 11
3 33 13
3 33 20
3 33 21
3 33 22
3 33 23
3 33 24
3 33 31
3 33 42
3 33 43
3 55 0
3 55 44
3 55 45
3 55 46
3 55 53
3 55 54
3 55 58
3 55 64
3 55 66
3 55 67
3 60 40
3 60 41
3 60 50
3 60 51
3 60 52
3 60 60
3 60 61
3 60 62
3 60 80
3 83 63
3 83 73
3 83 74
3 83 75
3 83 82
3 83 83
3 83 84
3 83 85
3 83 90
3 83 91
3 83 92
3 83 93
3 83 94
3 83 95
3 87 57
3 87 78
3 87 79
3 87 87
3 87 97
3 98 88
3 98 89
3 98 98
3 98 99
4 12 0
4 12 1
4 12 2
4 12 10
4 12 11
4 12 12
4 12 13
4 12 21
4 12 31
4 26 7
4 26 8
4 26 9
4 26 14
4 26 15
4 26 16
4 26 18
4 26 19
4 26 25
4 26 27
4 26 28
4 26 29
4 26 35
4 26 36
4 26 37
4 26 39
4 26 47
4 26 48
4 28 -1
4 33 20
4 33 22
4 33 23
4 33 24
4 33 32
4 33 33
4 33 34
4 33 42
4 55 44
4 55 45
4 55 46
4 55 53
4 55 54
4 55 55
4 55 56
4 55 58
4 55 64
4 55 65
4 55 66
4 55 67
4 60 40
4 60 50
4 60 51
4 60 52
4 60 60
4 60 61
4 60 62
4 60 70
4 60 80
4 82 -1
4 83 72
4 83 73
4 83 74
4 83 75
4 83 81
4 83 82
4 83 84
4 83 85
4 83 90
4 83 91
4 87 57
4 87 76
4 87 77
4 87 79
4 87 87
4 87 96
4 87 97
4 98 59
4 98 68
4 98 88
4 98 89
4 98 98
4 98 99
5 1 -1
5 3 -1
5 4 -1
5 6 -1
5 7 -1
5 8 -1
5 12 0
5 12 1
5 12 2
5 12 3
5 12 10
5 12 11
5 12 12
5 12 13
5 12 21
5 12 31
5 13 -1
5 26 5
5 26 6
5 26 14
5 26 15
5 26 16
5 26 25
5 26 26
5 26 27
5 28 7
5 28 8
5 28 9
5 28 17
5 28 18
5 28 19
5 28 24
5 28 29
5 28 38
5 28 47
5 28 48
5 28 49
5 33 20
5 33 22
5 33 23
5 33 30
5 33 32
5 33 33
5 33 42
5 33 43
5 39 -1
5 44 -1
5 55 44
5 55 46
5 55 53
5 55 54
5 55 55
5 55 58
5 55 64
5 55 65
5 55 66
5 55 67
5 57 -1
5 58 -1
5 60 41
5 60 51
5 60 52
5 60 60
5 60 61
5 60 70
5 60 71
5 65 -1
5 67 -1
5 72 -1
5 80 -1
5 82 62
5 82 63
5 82 73
5 82 80
5 82 81
5 82 82
5 82 91
5 82 94
5 82 95
5 83 74
5 83 75
5 83 83
5 83 84
5 83 85
5 83 93
5 84 -1
5 87 57
5 87 76
5 87 78
5 87 79
5 87 86
5 89 -1
5 90 -1
5 92 -1
5 98 68
5 98 69
5 98 88
5 98 89
5 98 98
5 98 99
6 1 0
6 1 2
6 1 11
6 3 3
6 3 21
6 4 4
6 4 5
6 6 6
6 6 16
6 7 7
6 7 17
6 7 27
6 8 8
6 8 9
6 8 19
6 12 10
6 12 12
6 13 13
6 13 14
6 13 23
6 26 25
6 26 26
6 26 35
6 26 36
6 28 18
6 28 24
6 28 28
6 28 29
6 28 37
6 28 38
6 33 20
6 33 22
6 33 30
6 33 33
6 33 42
6 33 43
6 39 39
6 39 49
6 44 34
6 44 54
6 55 45
6 55 46
6 55 53
6 55 55
6 57 47
6 57 57
6 58 48
6 58 56
6 58 58
6 58 69
6 60 40
6 60 50
6 60 51
6 60 52
6 60 60
6 65 -1
6 67 68
6 67 77
6 72 61
6 72 62
6 72 63
6 72 71
6 72 73
6 80 70
6 80 80
6 82 82
6 83 -1
6 84 74
6 84 75
6 84 84
6 84 85
6 84 93
6 84 94
6 84 95
6 87 86
6 87 96
6 87 97
6 89 89
6 89 99
6 90 90
6 92 81
6 92 92
6 98 98
7 1 0
7 1 1
7 1 2
7 1 11
7 3 3
7 3 21
7 3 41
7 4 4
7 4 5
7 6 16
7 7 7
7 7 17
7 7 27
7 8 8
7 8 9
7 12 10
7 12 12
7 12 31
7 13 23
7 26 25
7 26 26
7 26 35
7 26 36
7 28 18
7 28 24
7 28 28
7 28 29
7 28 37
7 28 38
7 33 20
7 33 22
7 33 30
7 33 42
7 33 43
7 39 39
7 39 49
7 44 32
7 44 34
7 44 44
7 44 54
7 55 45
7 55 46
7 55 53
7 55 55
7 57 57
7 58 48
7 58 58
7 58 59
7 58 69
7 60 40
7 60 51
7 60 60
7 65 64
7 65 66
7 67 67
7 67 68
7 67 78
7 72 61
7 72 62
7 72 63
7 72 71
7 72 72
7 72 73
7 80 70
7 80 80
7 82 82
7 83 -1
7 84 74
7 84 75
7 84 84
7 84 85
7 84 94
7 84 95
7 87 76
7 87 87
7 87 96
7 87 97
7 89 79
7 89 89
7 89 99
7 90 90
7 90 91
7 92 92
7 98 88
8 1 0
8 1 1
8 1 2
8 1 11
8 3 3
8 3 21
8 3 41
8 4 4
8 4 5
8 6 6
8 7 7
8 7 27
8 8 8
8 8 9
8 12 10
8 12 12
8 12 31
8 13 13
8 13 14
8 26 25
8 26 35
8 26 36
8 28 18
8 28 24
8 28 28
8 28 29
8 28 37
8 28 38
8 33 20
8 33 30
8 33 33
8 39 39
8 39 49
8 44 32
8 55 45
8 55 46
8 55 55
8 57 47
8 57 57
8 58 48
8 58 56
8 58 59
8 60 50
8 60 51
8 60 52
8 60 60
8 65 65
8 65 66
8 67 67
8 67 68
8 67 77
8 72 62
8 72 63
8 72 71
8 80 80
8 82 82
8 83 83
8 84 75
8 84 84
8 84 85
8 84 93
8 84 94
8 84 95
8 87 76
8 87 86
8 87 87
8 87 96
8 87 97
8 89 79
8 89 99
8 90 90
8 90 91
8 92 -1
8 98 88
8 98 98
9 1 1
9 1 2
9 3 3
9 3 21
9 3 41
9 4 15
9 6 6
9 7 7
9 7 17
9 8 8
9 8 19
9 12 10
9 12 31
9 13 23
9 26 26
9 26 35
9 26 36
9 28 24
9 28 28
9 33 20
9 33 30
9 33 33
9 33 42
9 33 43
9 39 39
9 44 34
9 44 44
9 44 54
9 55 45
9 55 46
9 55 53
9 55 55
9 57 -1
9 58 48
9 58 56
9 58 59
9 60 40
9 60 50
9 60 51
9 60 52
9 60 60
9 65 65
9 67 77
9 67 78
9 72 62
9 72 63
9 72 71
9 80 70
9 80 80
9 82 -1
9 83 -1
9 84 74
9 84 75
9 84 85
9 84 93
9 87 86
9 89 99
9 90 91
9 92 81
9 92 92
9 98 98
10 1 2
10 3 -1
10 4 15
10 6 16
10 7 7
10 7 17
10 7 27
10 8 -1
10 12 10
10 12 12
10 13 -1
10 26 35
10 26 36
10 28 28
10 28 37
10 33 20
10 33 30
10 33 43
10 39 39
10 44 32
10 44 34
10 55 46
10 55 53
10 57 57
10 58 58
10 60 52
10 65 -1
10 67 67
10 67 68
10 67 77
10 67 78
10 72 71
10 72 72
10 80 -1
10 82 82
10 83 83
10 84 74
10 84 75
10 84 93
10 84 94
10 87 76
10 87 97
10 89 89
10 89 99
10 90 -1
10 92 81
10 98 88
11 1 0
11 3 -1
11 4 -1
11 6 -1
11 7 -1
11 8 8
11 8 9
11 8 19
11 12 -1
11 13 13
11 26 35
11 28 18
11 28 28
11 28 38
11 33 -1
11 39 49
11 44 34
11 55 55
11 57 -1
11 58 -1
11 60 40
11 60 50
11 65 -1
11 67 -1
11 72 63
11 72 72
11 72 73
11 80 -1
11 82 82
11 83 -1
11 84 -1
11 87 87
11 89 79
11 90 -1
11 92 -1
11 98 -1
--- Done ---
