0 33 -1
0 43 52
0 43 53
0 43 62
0 43 63
1 11 1
1 11 12
1 11 23
1 11 2
1 11 20
1 17 14
1 17 37
1 18 19
1 18 48
1 18 7
1 18 8
1 18 16
1 18 27
1 26 -1
1 30 40
1 30 60
1 30 30
1 33 -1
1 43 53
1 43 63
1 43 13
1 43 24
1 43 45
1 43 46
1 43 62
1 43 64
1 67 68
1 67 69
1 67 88
1 67 99
1 67 77
1 67 78
1 76 96
1 76 98
1 82 73
1 82 81
1 82 92
1 82 93
2 11 1
2 11 10
2 11 12
2 11 2
2 11 11
2 11 20
2 17 5
2 17 7
2 17 14
2 17 17
2 18 19
2 26 15
2 30 40
2 33 33
2 43 53
2 43 44
2 43 52
2 43 63
2 43 22
2 43 24
2 43 45
2 43 46
2 43 32
2 43 41
2 43 51
2 43 34
2 67 49
2 67 68
2 67 69
2 67 79
2 67 99
2 67 77
2 71 61
2 71 70
2 71 90
2 71 50
2 71 72
2 71 73
2 71 80
2 71 81
2 71 91
2 71 92
2 71 93
2 71 62
2 76 89
2 76 74
2 76 76
2 82 82
2 82 94
3 11 0
3 11 10
3 11 2
3 11 11
3 11 22
3 11 42
3 11 20
3 11 31
3 17 37
3 18 48
3 18 7
3 18 8
3 18 29
3 18 39
3 18 28
3 18 16
3 18 25
3 23 3
3 23 4
3 23 21
3 23 23
3 23 24
3 26 26
3 30 40
3 33 -1
3 43 53
3 43 36
3 43 52
3 43 54
3 43 63
3 43 35
3 43 43
3 43 44
3 43 45
3 43 46
3 43 64
3 43 13
3 67 79
3 67 88
3 67 99
3 67 67
3 71 61
3 71 90
3 71 50
3 71 60
3 71 73
3 71 80
3 71 83
3 71 91
3 71 92
3 71 93
3 71 41
3 71 51
3 71 62
3 76 75
3 76 84
3 76 85
3 76 89
3 76 97
3 76 98
3 76 57
3 76 58
3 76 66
3 76 74
3 76 78
3 76 87
3 76 95
3 82 82
3 82 94
4 11 0
4 11 1
4 11 10
4 11 2
4 11 11
4 11 12
4 11 20
4 11 31
4 11 32
4 11 34
4 17 37
4 17 14
4 18 19
4 18 48
4 18 7
4 18 8
4 18 9
4 18 29
4 18 39
4 18 18
4 18 27
4 18 28
4 18 16
4 18 25
4 23 15
4 23 21
4 23 23
4 26 -1
4 30 40
4 33 33
4 43 53
4 43 36
4 43 52
4 43 54
4 43 55
4 43 35
4 43 44
4 43 45
4 43 46
4 43 64
4 43 13
4 43 22
4 43 24
4 43 42
4 43 51
4 67 99
4 67 67
4 71 61
4 71 70
4 71 90
4 71 50
4 71 60
4 71 72
4 71 73
4 71 80
4 71 81
4 71 91
4 71 62
4 76 85
4 76 89
4 76 96
4 76 56
4 76 58
4 76 65
4 76 74
4 76 75
4 76 84
4 76 97
4 76 98
4 76 57
4 76 66
4 76 76
4 76 87
4 77 59
4 77 68
4 77 79
4 77 88
4 77 47
4 77 77
4 82 82
5 11 0
5 11 1
5 11 10
5 11 2
5 11 11
5 11 12
5 11 13
5 11 22
5 11 41
5 11 20
5 11 31
5 11 32
5 11 42
5 17 5
5 17 6
5 17 14
5 17 17
5 18 19
5 18 48
5 18 7
5 18 8
5 18 9
5 18 29
5 18 18
5 18 27
5 18 16
5 18 25
5 23 3
5 23 15
5 23 21
5 23 23
5 23 24
5 23 43
5 23 44
5 26 38
5 26 26
5 30 30
5 33 33
5 43 53
5 43 46
5 43 52
5 54 54
5 54 55
5 54 63
5 54 74
5 54 75
5 54 84
5 67 49
5 67 69
5 67 99
5 67 58
5 67 68
5 67 79
5 67 88
5 67 47
5 67 64
5 67 65
5 67 66
5 67 67
5 67 78
5 67 57
5 71 61
5 71 70
5 71 60
5 71 71
5 71 80
5 71 81
5 71 83
5 71 91
5 71 93
5 71 51
5 71 73
5 71 62
5 76 89
5 76 85
5 76 86
5 76 98
5 76 76
5 76 95
5 77 -1
5 82 82
5 82 94
6 11 0
6 11 11
6 11 12
6 11 13
6 11 22
6 11 42
6 17 5
6 17 4
6 17 6
6 17 7
6 17 8
6 17 9
6 17 29
6 17 37
6 17 14
6 17 17
6 17 27
6 17 28
6 17 47
6 17 16
6 17 34
6 18 19
6 18 48
6 18 39
6 18 18
6 23 3
6 23 23
6 26 38
6 26 26
6 26 35
6 26 36
6 26 24
6 26 25
6 30 40
6 30 10
6 30 2
6 30 21
6 30 30
6 30 20
6 33 33
6 43 53
6 43 55
6 43 63
6 43 43
6 54 54
6 67 49
6 67 69
6 67 99
6 67 58
6 67 68
6 67 46
6 67 56
6 67 45
6 71 61
6 71 70
6 71 90
6 71 50
6 71 60
6 71 71
6 71 80
6 71 81
6 71 92
6 71 93
6 71 52
6 71 73
6 71 51
6 71 62
6 76 89
6 76 96
6 76 85
6 76 86
6 76 97
6 76 98
6 76 74
6 76 75
6 76 84
6 76 95
6 76 57
6 77 77
6 82 82
6 82 94
7 11 0
7 11 1
7 11 10
7 11 2
7 11 11
7 11 12
7 11 20
7 11 22
7 11 31
7 11 32
7 17 5
7 17 4
7 17 7
7 17 8
7 17 9
7 17 29
7 17 37
7 17 17
7 17 27
7 17 28
7 17 16
7 18 48
7 18 39
7 18 18
7 23 3
7 23 21
7 23 23
7 26 38
7 26 26
7 26 35
7 26 36
7 26 24
7 26 25
7 30 40
7 30 30
7 33 -1
7 43 53
7 43 43
7 54 54
7 54 55
7 54 63
7 54 74
7 54 75
7 54 84
7 54 44
7 54 42
7 54 62
7 54 34
7 67 49
7 67 69
7 67 99
7 67 58
7 67 68
7 67 79
7 67 88
7 67 46
7 67 66
7 67 67
7 67 78
7 67 87
7 67 45
7 67 57
7 67 64
7 71 61
7 71 70
7 71 90
7 71 60
7 71 71
7 71 72
7 71 80
7 71 91
7 71 92
7 71 73
7 71 41
7 71 51
7 76 89
7 76 96
7 76 85
7 76 97
7 76 76
7 76 95
7 77 59
7 82 82
7 82 94
8 11 0
8 11 1
8 11 10
8 11 2
8 11 11
8 11 12
8 11 13
8 11 20
8 11 31
8 11 32
8 17 5
8 17 6
8 17 7
8 17 8
8 17 9
8 17 29
8 17 37
8 17 14
8 17 27
8 17 28
8 17 47
8 18 48
8 18 39
8 18 18
8 23 3
8 23 4
8 23 21
8 23 24
8 23 25
8 26 38
8 26 35
8 26 36
8 30 30
8 33 33
8 43 -1
8 54 -1
8 67 49
8 67 99
8 67 68
8 67 79
8 67 88
8 67 46
8 67 56
8 67 65
8 67 66
8 67 67
8 67 87
8 67 45
8 67 57
8 71 90
8 71 50
8 71 60
8 71 71
8 71 80
8 71 83
8 71 91
8 71 93
8 71 52
8 71 41
8 71 51
8 71 62
8 76 96
8 76 85
8 76 76
8 77 59
8 77 86
8 77 97
8 77 98
8 77 55
8 77 75
8 77 77
8 77 84
8 77 95
8 82 82
8 82 94
8 82 63
9 11 1
9 11 10
9 11 2
9 17 6
9 17 17
9 18 19
9 18 48
9 18 7
9 18 8
9 18 39
9 18 28
9 23 3
9 23 15
9 23 21
9 23 23
9 23 20
9 26 26
9 30 40
9 30 30
9 33 33
9 43 53
9 43 35
9 43 36
9 43 46
9 43 55
9 43 63
9 43 24
9 43 43
9 43 44
9 43 45
9 43 31
9 43 42
9 43 34
9 54 85
9 54 54
9 54 56
9 54 65
9 54 74
9 54 75
9 67 99
9 71 70
9 71 50
9 71 60
9 71 71
9 71 80
9 71 81
9 71 91
9 71 92
9 71 93
9 71 52
9 71 41
9 71 51
9 71 62
9 76 -1
9 77 59
9 77 86
9 77 98
9 77 77
9 77 78
9 82 -1
10 11 10
10 11 2
10 11 12
10 11 20
10 17 7
10 17 37
10 17 17
10 17 27
10 17 28
10 17 16
10 18 39
10 23 15
10 26 -1
10 30 30
10 33 -1
10 43 53
10 43 35
10 43 36
10 43 46
10 43 52
10 43 43
10 43 32
10 43 34
10 54 -1
10 67 99
10 67 68
10 67 88
10 67 67
10 71 71
10 76 89
10 76 58
10 76 97
10 76 75
10 76 76
10 76 78
10 76 57
10 77 77
10 82 82
10 82 94
10 82 72
10 82 81
10 82 83
10 82 93
10 82 74
11 11 0
11 11 13
11 11 34
11 17 -1
11 18 19
11 18 8
11 18 9
11 18 18
11 18 28
11 23 -1
11 26 38
11 26 35
11 30 40
11 30 50
11 33 -1
11 43 55
11 54 -1
11 67 49
11 67 79
11 67 87
11 71 -1
11 76 -1
11 77 -1
11 82 82
11 82 72
11 82 63
11 82 73
--- Done ---
