0 43 52
0 43 53
0 43 62
0 43 63
1 7 7
1 7 8
1 7 16
1 7 27
1 12 1
1 12 2
1 12 12
1 12 14
1 12 20
1 12 23
1 38 19
1 38 37
1 38 48
1 43 13
1 43 24
1 43 45
1 43 46
1 43 53
1 43 62
1 43 63
1 43 64
1 51 30
1 51 40
1 51 60
1 71 73
1 71 81
1 71 92
1 71 93
1 78 68
1 78 69
1 78 77
1 78 78
1 78 88
1 78 96
1 78 98
1 78 99
2 7 5
2 7 7
2 7 17
2 12 1
2 12 2
2 12 10
2 12 12
2 12 14
2 12 15
2 12 20
2 38 19
2 38 49
2 43 11
2 43 22
2 43 24
2 43 32
2 43 33
2 43 34
2 43 41
2 43 44
2 43 45
2 43 46
2 43 52
2 43 53
2 43 62
2 43 63
2 51 40
2 51 50
2 51 51
2 51 73
2 71 61
2 71 70
2 71 72
2 71 80
2 71 81
2 71 90
2 71 91
2 71 92
2 78 68
2 78 69
2 78 76
2 78 77
2 78 79
2 78 89
2 78 99
2 95 74
2 95 82
2 95 93
2 95 94
3 7 7
3 7 8
3 7 25
3 12 0
3 12 2
3 12 3
3 12 4
3 12 10
3 12 20
3 12 21
3 12 23
3 38 16
3 38 26
3 38 28
3 38 29
3 38 37
3 38 39
3 38 48
3 38 57
3 38 58
3 43 11
3 43 13
3 43 22
3 43 24
3 43 31
3 43 35
3 43 36
3 43 41
3 43 42
3 43 43
3 43 44
3 43 45
3 43 46
3 43 52
3 43 53
3 43 54
3 43 62
3 43 63
3 43 64
3 51 40
3 51 51
3 51 60
3 51 61
3 51 80
3 71 50
3 71 73
3 71 90
3 71 91
3 71 92
3 78 66
3 78 67
3 78 75
3 78 78
3 78 79
3 78 87
3 78 88
3 78 98
3 78 99
3 95 74
3 95 82
3 95 83
3 95 84
3 95 85
3 95 89
3 95 93
3 95 94
3 95 95
3 95 97
4 7 7
4 7 8
4 7 9
4 7 16
4 7 18
4 7 25
4 12 0
4 12 1
4 12 2
4 12 10
4 12 12
4 12 14
4 12 15
4 12 20
4 12 21
4 12 23
4 38 19
4 38 27
4 38 28
4 38 29
4 43 11
4 43 13
4 43 22
4 43 24
4 43 31
4 43 32
4 43 33
4 43 34
4 43 35
4 43 36
4 43 42
4 43 44
4 43 45
4 43 46
4 43 52
4 43 53
4 43 54
4 43 55
4 43 62
4 43 64
4 48 37
4 48 39
4 48 47
4 48 48
4 48 56
4 48 57
4 48 58
4 48 67
4 51 40
4 51 50
4 51 51
4 51 60
4 51 61
4 51 70
4 71 72
4 71 73
4 71 80
4 71 81
4 71 90
4 71 91
4 78 59
4 78 65
4 78 66
4 78 68
4 78 75
4 78 76
4 78 77
4 78 79
4 78 87
4 78 88
4 78 98
4 78 99
4 95 74
4 95 82
4 95 84
4 95 85
4 95 89
4 95 96
4 95 97
5 7 5
5 7 6
5 7 7
5 7 8
5 7 9
5 7 16
5 7 17
5 7 25
5 12 0
5 12 1
5 12 2
5 12 3
5 12 10
5 12 12
5 12 13
5 12 14
5 12 15
5 12 20
5 12 21
5 12 23
5 38 18
5 38 19
5 38 26
5 38 38
5 38 58
5 43 11
5 43 22
5 43 24
5 43 31
5 43 32
5 43 33
5 43 42
5 43 43
5 43 44
5 43 46
5 43 52
5 43 54
5 43 55
5 43 63
5 43 64
5 48 27
5 48 29
5 48 47
5 48 48
5 48 49
5 48 57
5 48 67
5 51 30
5 51 51
5 51 53
5 71 41
5 71 60
5 71 61
5 71 62
5 71 70
5 71 71
5 71 73
5 71 80
5 71 81
5 71 83
5 71 91
5 71 93
5 78 65
5 78 66
5 78 68
5 78 69
5 78 75
5 78 76
5 78 78
5 78 79
5 78 86
5 78 88
5 78 98
5 78 99
5 95 74
5 95 82
5 95 84
5 95 85
5 95 89
5 95 94
5 95 95
6 7 5
6 7 6
6 7 7
6 7 8
6 7 9
6 7 17
6 7 18
6 7 25
6 12 0
6 12 2
6 12 3
6 12 4
6 12 10
6 12 12
6 12 14
6 12 20
6 12 21
6 12 23
6 38 16
6 38 19
6 38 26
6 38 27
6 38 28
6 38 37
6 38 38
6 38 39
6 43 11
6 43 13
6 43 22
6 43 24
6 43 33
6 43 34
6 43 35
6 43 36
6 43 43
6 43 45
6 43 46
6 43 52
6 43 53
6 43 54
6 43 55
6 43 62
6 43 63
6 48 29
6 48 47
6 48 48
6 48 49
6 48 56
6 48 57
6 48 68
6 48 69
6 51 30
6 51 40
6 51 42
6 51 50
6 51 51
6 51 60
6 71 61
6 71 70
6 71 71
6 71 73
6 71 80
6 71 81
6 71 90
6 71 92
6 71 93
6 78 58
6 78 77
6 78 86
6 78 98
6 78 99
6 95 74
6 95 75
6 95 82
6 95 84
6 95 85
6 95 89
6 95 94
6 95 95
6 95 96
6 95 97
7 7 5
7 7 7
7 7 8
7 7 9
7 7 16
7 7 17
7 7 25
7 12 0
7 12 1
7 12 2
7 12 3
7 12 4
7 12 10
7 12 12
7 12 20
7 12 21
7 12 23
7 12 34
7 38 18
7 38 26
7 38 27
7 38 28
7 38 37
7 38 38
7 38 39
7 38 58
7 43 11
7 43 22
7 43 24
7 43 31
7 43 32
7 43 35
7 43 36
7 43 41
7 43 42
7 43 43
7 43 44
7 43 45
7 43 46
7 43 53
7 43 54
7 43 55
7 43 62
7 43 63
7 43 64
7 48 29
7 48 48
7 48 49
7 48 57
7 48 59
7 48 67
7 48 68
7 51 30
7 51 40
7 51 51
7 51 70
7 71 60
7 71 61
7 71 71
7 71 72
7 71 73
7 71 80
7 71 90
7 71 91
7 71 92
7 78 66
7 78 69
7 78 76
7 78 78
7 78 79
7 78 87
7 78 88
7 78 96
7 78 99
7 95 74
7 95 75
7 95 82
7 95 84
7 95 85
7 95 89
7 95 94
7 95 95
7 95 97
8 7 5
8 7 7
8 7 8
8 7 9
8 7 25
8 12 0
8 12 1
8 12 2
8 12 3
8 12 4
8 12 10
8 12 12
8 12 14
8 12 20
8 12 21
8 38 6
8 38 18
8 38 27
8 38 28
8 38 37
8 38 38
8 38 39
8 38 47
8 38 49
8 43 11
8 43 13
8 43 24
8 43 31
8 43 32
8 43 33
8 43 35
8 43 36
8 43 41
8 43 45
8 43 46
8 43 52
8 43 55
8 43 62
8 43 63
8 48 29
8 48 48
8 48 56
8 48 57
8 48 68
8 51 30
8 51 51
8 51 60
8 71 50
8 71 71
8 71 80
8 71 90
8 71 91
8 71 93
8 78 59
8 78 65
8 78 66
8 78 67
8 78 76
8 78 77
8 78 79
8 78 87
8 78 88
8 78 98
8 78 99
8 95 75
8 95 82
8 95 83
8 95 84
8 95 85
8 95 86
8 95 94
8 95 95
8 95 96
8 95 97
9 7 6
9 7 7
9 7 8
9 7 17
9 12 1
9 12 2
9 12 3
9 12 10
9 12 15
9 12 20
9 12 21
9 12 23
9 38 19
9 38 26
9 38 28
9 38 39
9 43 24
9 43 31
9 43 33
9 43 34
9 43 35
9 43 36
9 43 41
9 43 42
9 43 43
9 43 44
9 43 45
9 43 46
9 43 52
9 43 53
9 43 54
9 43 55
9 43 62
9 43 63
9 48 48
9 48 56
9 51 30
9 51 40
9 51 50
9 51 51
9 51 70
9 71 60
9 71 71
9 71 80
9 71 81
9 71 91
9 71 92
9 71 93
9 78 59
9 78 65
9 78 75
9 78 77
9 78 78
9 78 86
9 78 98
9 78 99
9 95 74
9 95 85
10 7 7
10 7 16
10 7 17
10 7 37
10 12 2
10 12 10
10 12 12
10 12 15
10 12 20
10 12 34
10 38 27
10 38 28
10 38 39
10 43 32
10 43 35
10 43 36
10 43 43
10 43 46
10 43 52
10 43 53
10 48 57
10 48 58
10 48 67
10 48 68
10 51 30
10 71 71
10 71 72
10 71 81
10 71 83
10 71 93
10 78 75
10 78 76
10 78 77
10 78 78
10 78 88
10 78 99
10 95 74
10 95 82
10 95 89
10 95 94
10 95 97
11 7 8
11 7 9
11 7 18
11 12 0
11 38 19
11 38 28
11 38 38
11 43 13
11 43 34
11 43 35
11 43 55
11 43 63
11 48 49
11 51 40
11 51 50
11 71 72
11 71 73
11 78 79
11 78 87
11 95 82
--- Done ---
