0 43 52
0 43 53
0 43 62
0 43 63
1 35 1
1 35 8
1 35 19
1 35 20
1 35 27
1 35 62
1 43 12
1 43 30
1 43 40
1 43 60
1 43 81
1 43 2
1 43 7
1 43 13
1 43 14
1 43 16
1 43 23
1 43 24
1 43 53
1 43 63
1 43 37
1 43 45
1 77 77
1 77 78
1 77 88
1 77 92
1 77 93
1 77 96
1 77 98
1 77 99
1 77 48
1 77 68
1 77 69
1 77 46
1 77 64
1 77 73
2 31 10
2 31 70
2 31 90
2 31 1
2 31 20
2 31 14
2 31 24
2 31 32
2 31 33
2 31 34
2 31 51
2 31 52
2 31 61
2 31 62
2 31 63
2 31 72
2 31 73
2 35 17
2 35 19
2 43 80
2 43 81
2 43 82
2 43 91
2 43 5
2 43 7
2 43 12
2 43 40
2 43 41
2 43 50
2 43 53
2 43 74
2 43 94
2 43 2
2 43 11
2 43 15
2 43 22
2 77 77
2 77 79
2 77 89
2 77 92
2 77 93
2 77 99
2 77 49
2 77 68
2 77 69
2 77 44
2 77 45
2 77 46
2 77 76
3 31 0
3 31 10
3 31 90
3 31 20
3 31 31
3 31 11
3 31 21
3 31 22
3 31 23
3 31 24
3 31 42
3 31 51
3 31 52
3 31 61
3 31 62
3 31 63
3 31 83
3 31 36
3 31 43
3 31 64
3 31 67
3 35 8
3 35 28
3 35 35
3 35 73
3 43 80
3 43 82
3 43 91
3 43 7
3 43 16
3 43 26
3 43 40
3 43 41
3 43 50
3 43 53
3 43 60
3 43 74
3 43 94
3 43 2
3 43 3
3 43 13
3 43 25
3 77 29
3 77 39
3 77 78
3 77 79
3 77 84
3 77 87
3 77 88
3 77 89
3 77 92
3 77 93
3 77 95
3 77 97
3 77 98
3 77 99
3 77 4
3 77 48
3 77 75
3 77 85
3 77 37
3 77 44
3 77 45
3 77 46
3 77 54
3 77 57
3 77 58
3 77 66
4 31 0
4 31 10
4 31 70
4 31 90
4 31 1
4 31 12
4 31 31
4 31 40
4 31 50
4 31 60
4 31 2
4 31 11
4 31 13
4 31 14
4 31 15
4 31 21
4 31 22
4 31 23
4 31 24
4 31 25
4 31 33
4 31 34
4 35 8
4 35 9
4 35 18
4 35 19
4 35 27
4 35 28
4 35 7
4 35 16
4 35 20
4 35 53
4 35 68
4 43 80
4 43 81
4 43 82
4 43 91
4 43 32
4 43 42
4 43 51
4 43 52
4 43 61
4 43 62
4 43 64
4 43 65
4 43 66
4 43 67
4 43 72
4 43 73
4 43 74
4 43 76
4 77 29
4 77 39
4 77 59
4 77 77
4 77 79
4 77 84
4 77 87
4 77 88
4 77 89
4 77 97
4 77 98
4 77 99
4 77 47
4 77 48
4 77 75
4 77 85
4 77 96
4 77 35
4 77 36
4 77 37
4 77 44
4 77 45
4 77 46
4 77 54
4 77 55
4 77 56
4 77 57
4 77 58
5 31 0
5 31 10
5 31 70
5 31 20
5 31 23
5 31 24
5 31 30
5 31 31
5 31 32
5 31 33
5 31 41
5 31 42
5 31 43
5 31 51
5 31 52
5 31 60
5 31 61
5 31 62
5 35 8
5 35 9
5 35 17
5 35 18
5 35 19
5 35 27
5 35 5
5 35 7
5 35 16
5 35 26
5 35 38
5 35 47
5 35 48
5 35 49
5 35 68
5 35 69
5 35 75
5 35 85
5 35 1
5 35 3
5 35 15
5 40 53
5 40 44
5 40 2
5 43 82
5 43 91
5 43 71
5 43 80
5 43 81
5 43 6
5 43 12
5 43 14
5 43 25
5 43 63
5 43 76
5 43 64
5 43 67
5 43 73
5 43 83
5 43 11
5 43 13
5 43 21
5 43 22
5 77 29
5 77 78
5 77 79
5 77 84
5 77 86
5 77 88
5 77 89
5 77 95
5 77 98
5 77 99
5 77 74
5 77 93
5 77 94
5 77 46
5 77 54
5 77 55
5 77 57
5 77 58
5 77 65
5 77 66
6 31 90
6 31 0
6 31 10
6 31 70
6 31 3
6 31 6
6 31 14
6 31 20
6 31 25
6 31 34
6 31 63
6 31 2
6 31 11
6 31 12
6 31 13
6 31 21
6 31 22
6 31 23
6 31 24
6 35 8
6 35 9
6 35 17
6 35 18
6 35 19
6 35 27
6 35 28
6 35 5
6 35 7
6 35 16
6 35 26
6 35 38
6 35 47
6 35 48
6 35 49
6 35 68
6 35 69
6 35 75
6 35 85
6 40 93
6 40 40
6 43 82
6 43 71
6 43 80
6 43 81
6 43 53
6 43 30
6 43 33
6 43 42
6 43 50
6 43 51
6 43 52
6 43 56
6 43 60
6 43 61
6 43 62
6 43 35
6 43 36
6 43 43
6 43 45
6 77 29
6 77 39
6 77 77
6 77 84
6 77 86
6 77 89
6 77 92
6 77 95
6 77 97
6 77 98
6 77 99
6 77 4
6 77 74
6 77 37
6 77 46
6 77 54
6 77 55
6 77 57
6 77 58
6 77 94
6 77 96
6 77 73
7 31 90
7 31 0
7 31 10
7 31 70
7 31 20
7 31 21
7 31 22
7 31 23
7 31 24
7 31 30
7 31 31
7 31 32
7 31 35
7 31 36
7 31 41
7 31 42
7 31 43
7 31 51
7 31 60
7 31 61
7 31 62
7 35 8
7 35 9
7 35 17
7 35 18
7 35 27
7 35 28
7 35 5
7 35 7
7 35 16
7 35 26
7 35 38
7 35 37
7 35 46
7 35 54
7 35 55
7 35 57
7 35 66
7 35 76
7 35 1
7 35 3
7 40 40
7 43 82
7 43 91
7 43 71
7 43 80
7 43 58
7 43 72
7 43 25
7 43 34
7 43 44
7 43 45
7 43 53
7 43 63
7 43 64
7 43 67
7 43 73
7 43 2
7 43 11
7 43 12
7 77 29
7 77 39
7 77 59
7 77 78
7 77 79
7 77 84
7 77 87
7 77 88
7 77 89
7 77 92
7 77 95
7 77 97
7 77 99
7 77 4
7 77 48
7 77 49
7 77 68
7 77 69
7 77 74
7 77 75
7 77 85
7 77 94
7 77 96
8 31 90
8 31 0
8 31 10
8 31 31
8 35 8
8 35 9
8 35 18
8 35 27
8 35 28
8 35 5
8 35 7
8 35 38
8 35 1
8 35 3
8 35 6
8 35 14
8 35 20
8 35 25
8 35 63
8 35 65
8 35 66
8 35 76
8 35 2
8 35 11
8 35 13
8 35 21
8 35 32
8 40 -1
8 43 82
8 43 91
8 43 71
8 43 80
8 43 12
8 43 30
8 43 41
8 43 50
8 43 60
8 43 83
8 43 24
8 43 33
8 43 56
8 43 67
8 43 35
8 43 36
8 43 51
8 43 52
8 43 62
8 77 29
8 77 39
8 77 59
8 77 77
8 77 79
8 77 84
8 77 86
8 77 87
8 77 88
8 77 95
8 77 97
8 77 98
8 77 99
8 77 4
8 77 47
8 77 48
8 77 49
8 77 68
8 77 75
8 77 85
8 77 93
8 77 94
8 77 96
8 77 37
8 77 46
8 77 55
8 77 57
8 77 45
9 31 10
9 31 70
9 31 31
9 35 8
9 35 17
9 35 19
9 35 28
9 35 7
9 35 26
9 35 1
9 35 3
9 35 6
9 35 15
9 35 20
9 35 34
9 35 53
9 35 63
9 35 2
9 35 21
9 35 23
9 35 24
9 35 33
9 35 42
9 35 44
9 35 45
9 35 51
9 35 52
9 35 56
9 35 62
9 35 35
9 40 40
9 43 91
9 43 71
9 43 80
9 43 81
9 43 30
9 43 41
9 43 50
9 43 60
9 43 43
9 77 39
9 77 59
9 77 77
9 77 78
9 77 86
9 77 92
9 77 98
9 77 99
9 77 48
9 77 74
9 77 75
9 77 85
9 77 93
9 77 46
9 77 54
9 77 55
9 77 65
9 77 36
10 31 10
10 35 17
10 35 27
10 35 28
10 35 7
10 35 16
10 35 15
10 35 20
10 35 34
10 35 53
10 35 2
10 35 32
10 35 52
10 35 35
10 40 -1
10 43 82
10 43 71
10 43 81
10 43 12
10 43 30
10 43 43
10 77 39
10 77 77
10 77 78
10 77 88
10 77 89
10 77 97
10 77 99
10 77 68
10 77 74
10 77 75
10 77 93
10 77 94
10 77 37
10 77 46
10 77 57
10 77 58
10 77 72
10 77 76
10 77 83
10 77 67
10 77 36
11 31 0
11 35 8
11 35 9
11 35 18
11 35 19
11 35 28
11 35 38
11 35 49
11 35 34
11 35 55
11 35 63
11 35 13
11 35 73
11 35 35
11 40 40
11 40 50
11 43 82
11 77 79
11 77 87
11 77 72
--- Done ---
