0 43 53
0 43 62
0 43 63
0 43 64
0 43 73
1 43 2
1 43 3
1 43 5
1 43 6
1 43 15
1 43 17
1 43 21
1 43 22
1 43 23
1 43 26
1 43 30
1 43 31
1 43 32
1 43 34
1 43 36
1 43 37
1 43 38
1 43 40
1 43 42
1 43 43
1 43 44
1 43 47
1 43 48
1 43 54
1 43 55
1 43 60
1 43 63
1 43 67
1 43 68
1 43 69
1 43 70
1 43 73
1 43 77
1 43 82
1 43 84
1 43 85
1 43 87
1 43 89
1 43 90
1 43 92
1 43 93
1 43 94
1 43 96
2 43 2
2 43 10
2 43 13
2 43 15
2 43 16
2 43 17
2 43 19
2 43 25
2 43 27
2 43 28
2 43 33
2 43 35
2 43 37
2 43 39
2 43 43
2 43 45
2 43 46
2 43 50
2 43 52
2 43 53
2 43 59
2 43 61
2 43 64
2 43 65
2 43 66
2 43 70
2 43 72
2 43 75
2 43 78
2 43 82
2 43 83
2 43 84
2 43 88
2 43 90
2 43 92
2 43 93
2 43 94
2 43 96
2 43 97
2 43 98
2 43 99
3 43 5
3 43 8
3 43 12
3 43 13
3 43 14
3 43 15
3 43 16
3 43 17
3 43 20
3 43 24
3 43 25
3 43 26
3 43 27
3 43 30
3 43 35
3 43 36
3 43 38
3 43 40
3 43 41
3 43 44
3 43 49
3 43 51
3 43 52
3 43 53
3 43 54
3 43 55
3 43 57
3 43 63
3 43 64
3 43 70
3 43 71
3 43 72
3 43 74
3 43 75
3 43 76
3 43 78
3 43 79
3 43 81
3 43 82
3 43 84
3 43 89
3 43 93
3 43 95
3 43 99
4 43 0
4 43 1
4 43 2
4 43 3
4 43 7
4 43 8
4 43 13
4 43 15
4 43 16
4 43 17
4 43 24
4 43 25
4 43 26
4 43 27
4 43 32
4 43 33
4 43 34
4 43 35
4 43 38
4 43 39
4 43 43
4 43 44
4 43 46
4 43 47
4 43 49
4 43 54
4 43 56
4 43 57
4 43 58
4 43 59
4 43 62
4 43 63
4 43 64
4 43 65
4 43 74
4 43 75
4 43 79
4 43 83
4 43 84
4 43 86
4 43 87
4 43 89
4 43 92
4 43 96
4 43 98
4 43 99
5 43 1
5 43 7
5 43 9
5 43 11
5 43 12
5 43 13
5 43 16
5 43 19
5 43 21
5 43 23
5 43 24
5 43 25
5 43 26
5 43 27
5 43 29
5 43 31
5 43 34
5 43 41
5 43 42
5 43 47
5 43 51
5 43 53
5 43 55
5 43 61
5 43 62
5 43 63
5 43 64
5 43 66
5 43 67
5 43 70
5 43 72
5 43 73
5 43 74
5 43 75
5 43 76
5 43 77
5 43 79
5 43 80
5 43 82
5 43 86
5 43 87
5 43 88
5 43 89
5 43 90
5 43 92
5 43 94
5 43 95
5 43 96
6 43 4
6 43 5
6 43 8
6 43 13
6 43 14
6 43 15
6 43 16
6 43 17
6 43 19
6 43 20
6 43 21
6 43 22
6 43 25
6 43 26
6 43 27
6 43 28
6 43 32
6 43 33
6 43 34
6 43 35
6 43 37
6 43 39
6 43 40
6 43 41
6 43 43
6 43 46
6 43 48
6 43 51
6 43 52
6 43 55
6 43 60
6 43 61
6 43 62
6 43 63
6 43 67
6 43 68
6 43 72
6 43 74
6 43 76
6 43 80
6 43 86
6 43 87
6 43 89
6 43 91
6 43 92
6 43 94
7 43 3
7 43 4
7 43 5
7 43 6
7 43 9
7 43 14
7 43 16
7 43 17
7 43 19
7 43 20
7 43 23
7 43 24
7 43 25
7 43 28
7 43 31
7 43 32
7 43 34
7 43 37
7 43 38
7 43 39
7 43 47
7 43 48
7 43 51
7 43 55
7 43 57
7 43 59
7 43 61
7 43 63
7 43 65
7 43 68
7 43 69
7 43 71
7 43 75
7 43 76
7 43 77
7 43 79
7 43 80
7 43 83
7 43 86
7 43 87
7 43 89
7 43 90
7 43 91
7 43 95
7 43 98
7 43 99
8 43 1
8 43 2
8 43 5
8 43 6
8 43 11
8 43 13
8 43 16
8 43 20
8 43 22
8 43 26
8 43 28
8 43 29
8 43 30
8 43 35
8 43 36
8 43 39
8 43 40
8 43 44
8 43 46
8 43 47
8 43 48
8 43 51
8 43 52
8 43 53
8 43 55
8 43 56
8 43 58
8 43 60
8 43 62
8 43 64
8 43 66
8 43 67
8 43 68
8 43 70
8 43 73
8 43 74
8 43 75
8 43 76
8 43 81
8 43 86
8 43 90
8 43 93
8 43 94
8 43 95
8 43 96
8 43 97
8 43 98
9 43 2
9 43 4
9 43 6
9 43 8
9 43 10
9 43 13
9 43 17
9 43 20
9 43 21
9 43 22
9 43 23
9 43 24
9 43 25
9 43 27
9 43 28
9 43 33
9 43 36
9 43 37
9 43 40
9 43 41
9 43 43
9 43 44
9 43 45
9 43 47
9 43 48
9 43 50
9 43 52
9 43 53
9 43 54
9 43 55
9 43 56
9 43 57
9 43 59
9 43 62
9 43 65
9 43 66
9 43 68
9 43 70
9 43 75
9 43 76
9 43 78
9 43 79
9 43 81
9 43 83
9 43 89
9 43 91
9 43 94
9 43 96
9 43 97
--- Done ---
