0 2 -1
0 52 72
0 52 73
0 52 82
0 52 83
0 52 93
1 2 0
1 2 1
1 2 2
1 2 3
1 2 10
1 2 12
1 2 35
1 2 36
1 2 38
1 2 58
1 2 66
1 2 83
1 2 89
1 2 93
1 2 95
1 2 98
1 2 99
1 52 23
1 52 34
1 52 50
1 52 61
1 52 62
1 52 63
1 52 64
1 52 65
1 52 70
1 52 72
1 52 73
1 52 75
1 52 77
1 52 82
1 52 84
2 2 0
2 2 1
2 2 11
2 2 12
2 2 14
2 2 16
2 2 17
2 2 18
2 2 19
2 2 20
2 2 27
2 2 28
2 2 38
2 2 39
2 2 79
2 2 82
2 52 6
2 52 7
2 52 24
2 52 30
2 52 34
2 52 41
2 52 43
2 52 45
2 52 47
2 52 54
2 52 55
2 52 57
2 52 62
2 52 68
2 52 69
2 52 71
2 52 72
2 52 73
2 52 75
2 52 76
2 52 77
2 52 81
2 52 84
3 2 2
3 2 5
3 2 8
3 2 9
3 2 10
3 2 11
3 2 12
3 2 13
3 2 14
3 2 17
3 2 20
3 2 21
3 2 22
3 2 25
3 2 27
3 2 28
3 2 37
3 2 39
3 2 58
3 2 66
3 2 72
3 2 77
3 2 78
3 2 79
3 2 81
3 52 23
3 52 24
3 52 26
3 52 30
3 52 32
3 52 33
3 52 34
3 52 42
3 52 43
3 52 44
3 52 46
3 52 47
3 52 48
3 52 49
3 52 50
3 52 52
3 52 54
3 52 59
3 52 60
3 52 62
3 52 63
3 52 65
3 52 70
3 52 75
3 52 76
4 2 1
4 2 2
4 2 3
4 2 4
4 2 5
4 2 8
4 2 10
4 2 11
4 2 13
4 2 14
4 2 15
4 2 17
4 2 19
4 2 20
4 2 21
4 2 22
4 2 25
4 2 27
4 2 36
4 52 6
4 52 7
4 52 23
4 52 26
4 52 28
4 52 29
4 52 31
4 52 33
4 52 38
4 52 39
4 52 40
4 52 42
4 52 44
4 52 45
4 52 46
4 52 47
4 52 48
4 52 50
4 52 51
4 52 52
4 52 53
4 52 54
4 52 55
4 52 56
4 52 57
4 52 59
4 52 60
4 52 61
5 2 0
5 2 1
5 2 2
5 2 3
5 2 4
5 2 5
5 2 8
5 2 9
5 2 11
5 2 12
5 2 14
5 2 15
5 2 16
5 2 17
5 2 19
5 2 20
5 2 21
5 2 22
5 2 25
5 2 28
5 2 36
5 2 38
5 2 39
5 52 6
5 52 23
5 52 24
5 52 26
5 52 29
5 52 30
5 52 32
5 52 34
5 52 40
5 52 41
5 52 43
5 52 44
5 52 45
5 52 46
5 52 47
5 52 48
5 52 49
5 52 50
5 52 52
6 2 0
6 2 1
6 2 2
6 2 3
6 2 4
6 2 8
6 2 10
6 2 11
6 2 13
6 2 14
6 2 15
6 2 16
6 2 17
6 2 18
6 2 19
6 2 20
6 2 22
6 2 25
6 2 27
6 2 28
6 2 37
6 2 38
6 2 68
6 52 7
6 52 23
6 52 24
6 52 26
6 52 29
6 52 30
6 52 32
6 52 33
6 52 34
6 52 40
6 52 41
6 52 42
6 52 43
6 52 44
6 52 46
6 52 47
6 52 49
6 52 50
6 52 51
6 52 52
6 52 54
6 52 55
6 52 56
7 2 0
7 2 1
7 2 2
7 2 3
7 2 4
7 2 8
7 2 10
7 2 11
7 2 14
7 2 15
7 2 16
7 2 17
7 2 18
7 2 20
7 2 21
7 2 22
7 2 25
7 2 27
7 2 28
7 2 35
7 2 36
7 2 37
7 52 6
7 52 24
7 52 26
7 52 29
7 52 30
7 52 33
7 52 34
7 52 38
7 52 39
7 52 41
7 52 42
7 52 43
7 52 45
7 52 46
7 52 47
7 52 49
7 52 52
7 52 53
7 52 55
7 52 56
7 52 57
7 52 58
7 52 59
8 2 0
8 2 1
8 2 3
8 2 4
8 2 5
8 2 8
8 2 9
8 2 10
8 2 11
8 2 12
8 2 13
8 2 14
8 2 16
8 2 18
8 2 19
8 2 20
8 2 22
8 2 25
8 2 28
8 2 37
8 2 58
8 2 66
8 2 69
8 2 71
8 2 72
8 52 6
8 52 23
8 52 24
8 52 29
8 52 32
8 52 33
8 52 34
8 52 40
8 52 41
8 52 43
8 52 45
8 52 46
8 52 47
8 52 50
8 52 51
8 52 52
8 52 53
8 52 54
8 52 56
8 52 57
8 52 61
8 52 63
8 52 64
8 52 65
8 52 68
9 2 1
9 2 2
9 2 3
9 2 5
9 2 10
9 2 12
9 2 13
9 2 14
9 2 15
9 2 16
9 2 19
9 2 20
9 2 21
9 2 25
9 2 27
9 2 28
9 2 36
9 2 37
9 2 58
9 2 66
9 2 73
9 2 75
9 2 76
9 2 77
9 2 79
9 2 80
9 2 82
9 2 91
9 2 92
9 52 6
9 52 7
9 52 23
9 52 24
9 52 26
9 52 30
9 52 31
9 52 32
9 52 33
9 52 34
9 52 42
9 52 44
9 52 47
9 52 48
9 52 49
9 52 50
9 52 51
9 52 53
9 52 55
9 52 57
9 52 59
9 52 61
9 52 62
9 52 67
9 52 71
10 2 1
10 2 2
10 2 4
10 2 5
10 2 9
10 2 10
10 2 11
10 2 12
10 2 14
10 2 16
10 2 17
10 2 22
10 2 25
10 2 27
10 2 28
10 2 38
10 2 79
10 52 23
10 52 24
10 52 31
10 52 32
10 52 44
10 52 45
10 52 47
10 52 48
10 52 49
10 52 51
10 52 52
10 52 57
10 52 59
10 52 60
10 52 61
10 52 67
10 52 68
10 52 70
10 52 71
10 52 72
10 52 73
10 52 74
10 52 87
10 52 89
10 52 96
10 52 99
11 2 2
11 2 3
11 2 8
11 2 17
11 2 27
11 2 28
11 2 36
11 2 79
11 2 98
11 52 24
11 52 41
11 52 46
11 52 52
11 52 68
11 52 69
11 52 70
11 52 72
11 52 73
11 52 85
11 52 88
11 52 92
11 52 93
11 52 94
11 52 95
11 52 97
11 52 99
--- Done ---
