0 72 72
0 72 82
0 72 83
0 72 92
0 72 93
1 2 0
1 2 11
1 6 5
1 6 25
1 30 10
1 30 20
1 30 21
1 30 30
1 30 40
1 30 41
1 30 50
1 32 22
1 32 24
1 32 32
1 32 33
1 32 34
1 32 43
1 32 44
1 32 52
1 32 53
1 37 26
1 37 35
1 37 36
1 37 37
1 37 47
1 37 55
1 37 56
1 37 57
1 72 60
1 72 61
1 72 63
1 72 65
1 72 70
1 72 72
1 72 73
1 72 81
1 72 92
1 72 94
1 72 95
1 78 59
1 78 76
1 78 79
1 78 87
1 78 96
1 78 97
2 2 4
2 2 11
2 2 13
2 2 14
2 6 6
2 6 8
2 6 15
2 6 18
2 6 25
2 30 20
2 30 21
2 30 40
2 30 41
2 30 50
2 30 51
2 32 22
2 32 23
2 32 33
2 32 34
2 32 52
2 37 19
2 37 27
2 37 29
2 37 35
2 37 36
2 37 38
2 37 39
2 37 46
2 37 47
2 37 49
2 37 55
2 72 63
2 72 72
2 72 74
2 72 83
2 72 84
2 72 85
2 78 58
2 78 59
2 78 76
2 78 79
2 78 88
3 6 7
3 6 8
3 6 15
3 6 16
3 30 30
3 30 31
3 30 41
3 32 22
3 32 24
3 32 33
3 32 42
3 32 43
3 32 53
3 32 54
3 37 26
3 37 36
3 37 39
3 37 46
3 37 47
3 37 55
3 37 56
3 37 57
3 72 60
3 72 61
3 72 62
3 72 63
3 72 64
3 72 72
3 72 73
3 72 74
3 72 80
3 72 83
3 72 85
3 72 91
3 72 93
3 78 66
3 78 67
3 78 69
3 78 77
3 78 78
3 78 79
3 78 97
3 78 98
4 2 2
4 2 4
4 2 11
4 6 5
4 6 7
4 6 16
4 30 21
4 30 31
4 30 41
4 30 51
4 32 23
4 32 43
4 32 44
4 32 53
4 37 19
4 37 26
4 37 28
4 37 29
4 37 35
4 37 37
4 37 38
4 37 45
4 37 48
4 37 55
4 37 57
4 72 60
4 72 63
4 72 64
4 72 65
4 72 71
4 72 74
4 72 80
4 72 82
4 72 84
4 72 92
4 72 93
4 78 66
4 78 67
4 78 69
4 78 76
4 78 86
4 78 87
4 78 89
4 78 96
4 78 98
5 2 1
5 2 3
5 2 4
5 2 11
5 2 13
5 6 5
5 6 6
5 6 8
5 6 18
5 6 25
5 30 31
5 30 41
5 30 51
5 32 23
5 32 32
5 32 34
5 32 42
5 37 26
5 37 29
5 37 35
5 37 36
5 37 39
5 37 45
5 37 47
5 37 48
5 37 49
5 37 55
5 37 56
5 37 57
5 72 60
5 72 61
5 72 62
5 72 65
5 72 73
5 72 74
5 72 75
5 72 83
5 72 92
5 78 58
5 78 59
5 78 67
5 78 68
5 78 69
5 78 76
5 78 79
5 78 88
5 78 96
5 78 97
5 78 98
6 2 2
6 2 12
6 2 13
6 6 6
6 6 8
6 6 9
6 6 15
6 6 25
6 30 10
6 30 20
6 30 21
6 30 30
6 30 40
6 30 41
6 32 22
6 32 32
6 32 34
6 32 42
6 32 44
6 32 54
6 37 19
6 37 26
6 37 27
6 37 28
6 37 35
6 37 37
6 37 38
6 37 39
6 37 45
6 37 46
6 37 48
6 37 55
6 37 56
6 72 63
6 72 65
6 72 73
6 72 74
6 72 94
6 72 95
6 78 58
6 78 67
6 78 68
6 78 69
6 78 78
6 78 86
6 78 87
6 78 89
6 78 97
6 78 98
7 2 4
7 6 5
7 6 9
7 6 15
7 6 16
7 6 17
7 6 18
7 30 21
7 30 30
7 30 40
7 30 41
7 30 51
7 32 44
7 32 53
7 32 54
7 37 19
7 37 27
7 37 28
7 37 36
7 37 39
7 37 46
7 37 47
7 37 48
7 37 55
7 37 56
7 72 60
7 72 62
7 72 63
7 72 70
7 72 74
7 72 75
7 72 83
7 72 84
7 72 85
7 72 94
7 72 95
7 78 58
7 78 66
7 78 69
7 78 79
7 78 87
7 78 89
7 78 96
7 78 99
8 2 0
8 2 1
8 2 2
8 2 12
8 2 14
8 6 9
8 6 18
8 6 25
8 30 20
8 30 21
8 30 41
8 32 24
8 32 32
8 32 33
8 32 42
8 32 43
8 32 52
8 32 53
8 37 27
8 37 28
8 37 36
8 37 37
8 37 45
8 37 46
8 37 49
8 37 55
8 72 62
8 72 63
8 72 64
8 72 65
8 72 71
8 72 74
8 72 75
8 72 82
8 72 84
8 72 91
8 72 93
8 72 95
8 78 58
8 78 66
8 78 67
8 78 68
8 78 76
8 78 79
8 78 96
8 78 99
9 2 0
9 2 1
9 2 2
9 2 3
9 2 4
9 6 7
9 6 8
9 6 16
9 6 17
9 30 20
9 30 30
9 30 31
9 30 50
9 32 32
9 32 33
9 32 34
9 32 42
9 32 43
9 32 52
9 32 53
9 32 54
9 37 35
9 37 47
9 37 57
9 72 61
9 72 62
9 72 65
9 72 71
9 72 72
9 72 74
9 72 75
9 72 84
9 72 91
9 72 92
9 72 93
9 78 58
9 78 68
9 78 77
9 78 87
9 78 88
9 78 96
9 78 99
--- Done ---
