0 52 72
0 52 82
0 52 83
0 52 92
0 52 93
1 2 0
1 2 5
1 2 10
1 2 11
1 2 20
1 2 21
1 2 22
1 2 24
1 2 25
1 2 30
1 2 32
1 2 33
1 2 36
1 2 41
1 2 43
1 2 44
1 52 26
1 52 34
1 52 40
1 52 50
1 52 52
1 52 53
1 52 55
1 52 60
1 52 61
1 52 65
1 52 70
1 52 72
1 52 73
1 52 81
1 52 92
1 52 94
1 52 96
1 76 35
1 76 37
1 76 47
1 76 56
1 76 57
1 76 59
1 76 63
1 76 76
1 76 79
1 76 87
1 76 95
1 76 97
2 2 4
2 2 11
2 2 13
2 2 14
2 2 15
2 2 19
2 2 20
2 2 21
2 2 22
2 2 23
2 2 25
2 2 33
2 2 36
2 2 40
2 2 41
2 2 52
2 37 6
2 37 8
2 37 27
2 37 29
2 37 38
2 37 39
2 37 47
2 37 55
2 37 59
2 37 79
2 63 18
2 63 34
2 63 35
2 63 46
2 63 50
2 63 51
2 63 63
2 63 72
2 63 74
2 63 83
2 63 84
2 63 85
2 76 49
2 76 58
2 76 76
2 76 88
3 2 15
3 2 16
3 2 22
3 2 24
3 2 30
3 2 31
3 2 33
3 2 36
3 2 42
3 37 7
3 37 26
3 37 39
3 37 47
3 37 55
3 37 64
3 37 67
3 37 69
3 37 74
3 37 78
3 37 79
3 37 98
3 63 8
3 63 41
3 63 43
3 63 46
3 63 53
3 63 54
3 63 56
3 63 57
3 63 60
3 63 61
3 63 62
3 63 63
3 63 66
3 63 72
3 63 73
3 63 77
3 63 80
3 63 83
3 63 85
3 63 91
3 63 93
3 63 97
4 2 2
4 2 4
4 2 5
4 2 11
4 2 16
4 2 19
4 2 21
4 2 23
4 2 31
4 2 43
4 2 44
4 37 7
4 37 26
4 37 28
4 37 29
4 37 37
4 37 38
4 37 48
4 37 65
4 37 67
4 37 69
4 37 86
4 37 89
4 37 98
4 63 35
4 63 41
4 63 45
4 63 51
4 63 53
4 63 55
4 63 57
4 63 60
4 63 63
4 63 64
4 63 66
4 63 71
4 63 74
4 63 76
4 63 80
4 63 82
4 63 84
4 63 87
4 63 92
4 63 93
4 63 96
5 2 1
5 2 3
5 2 4
5 2 5
5 2 11
5 2 13
5 2 23
5 2 25
5 2 32
5 2 36
5 2 41
5 2 42
5 37 6
5 37 8
5 37 18
5 37 34
5 37 35
5 37 39
5 37 45
5 37 49
5 37 55
5 37 56
5 37 58
5 37 65
5 37 67
5 63 31
5 63 51
5 63 92
5 63 96
5 76 26
5 76 29
5 76 47
5 76 48
5 76 57
5 76 59
5 76 60
5 76 61
5 76 62
5 76 68
5 76 69
5 76 73
5 76 74
5 76 75
5 76 76
5 76 79
5 76 83
5 76 88
5 76 97
5 76 98
6 2 2
6 2 9
6 2 10
6 2 12
6 2 13
6 2 15
6 2 19
6 2 20
6 2 21
6 2 22
6 2 25
6 2 30
6 2 32
6 2 40
6 2 41
6 2 42
6 2 44
6 37 6
6 37 8
6 37 26
6 37 27
6 37 28
6 37 34
6 37 35
6 37 37
6 37 38
6 37 39
6 37 45
6 37 46
6 37 48
6 37 54
6 37 56
6 37 58
6 37 65
6 37 67
6 37 78
6 76 55
6 76 63
6 76 68
6 76 69
6 76 73
6 76 74
6 76 86
6 76 87
6 76 89
6 76 94
6 76 95
6 76 97
6 76 98
7 2 4
7 2 5
7 2 9
7 2 15
7 2 16
7 2 17
7 2 19
7 2 21
7 2 30
7 2 40
7 2 41
7 2 44
7 54 36
7 54 46
7 54 51
7 54 53
7 54 54
7 54 55
7 54 60
7 54 63
7 54 66
7 54 70
7 54 75
7 54 83
7 54 85
7 54 89
7 54 95
7 54 96
7 67 18
7 67 27
7 67 28
7 67 39
7 67 47
7 67 48
7 67 56
7 67 58
7 67 62
7 67 69
7 67 74
7 67 79
7 67 84
7 67 87
7 67 94
7 67 99
8 2 0
8 2 1
8 2 2
8 2 9
8 2 12
8 2 14
8 2 20
8 2 21
8 2 24
8 2 25
8 2 32
8 2 33
8 2 41
8 2 42
8 2 43
8 2 52
8 2 62
8 54 36
8 54 46
8 54 49
8 54 53
8 54 55
8 54 58
8 54 64
8 54 65
8 54 68
8 54 71
8 54 74
8 54 76
8 54 82
8 54 91
8 54 95
8 54 96
8 67 18
8 67 27
8 67 28
8 67 37
8 67 45
8 67 63
8 67 66
8 67 67
8 67 75
8 67 79
8 67 84
8 67 93
8 67 99
9 2 0
9 2 1
9 2 2
9 2 3
9 2 4
9 2 16
9 2 17
9 2 20
9 2 30
9 2 31
9 2 32
9 2 33
9 2 43
9 2 52
9 2 62
9 36 7
9 36 8
9 36 34
9 36 35
9 36 42
9 36 47
9 36 53
9 36 57
9 36 58
9 36 65
9 36 71
9 36 74
9 36 75
9 86 50
9 86 54
9 86 61
9 86 68
9 86 72
9 86 77
9 86 84
9 86 87
9 86 88
9 86 91
9 86 92
9 86 93
9 86 96
9 86 99
--- Done ---
