0 2 -1
0 46 -1
0 72 72
0 72 73
0 72 82
0 72 83
0 72 93
1 2 0
1 2 1
1 2 2
1 2 3
1 2 10
1 2 12
1 2 23
1 2 36
1 46 34
1 46 35
1 46 38
1 46 58
1 46 64
1 46 66
1 46 75
1 46 77
1 72 50
1 72 61
1 72 62
1 72 63
1 72 65
1 72 70
1 72 72
1 72 73
1 72 82
1 72 83
1 72 93
1 87 84
1 87 89
1 87 95
1 87 98
1 87 99
2 2 0
2 2 1
2 2 11
2 2 12
2 2 20
2 16 6
2 16 7
2 16 16
2 16 18
2 16 19
2 16 24
2 16 27
2 16 28
2 16 30
2 16 38
2 46 14
2 46 17
2 46 34
2 46 39
2 46 41
2 46 43
2 46 45
2 46 47
2 46 55
2 46 68
2 46 69
2 46 77
2 72 62
2 72 71
2 72 72
2 72 73
2 72 75
2 72 81
2 72 83
2 72 84
2 72 90
2 72 92
2 72 93
2 87 54
2 87 57
2 87 76
2 87 79
2 87 82
2 87 85
2 87 88
2 87 89
2 87 95
2 87 98
3 2 2
3 2 10
3 2 11
3 2 12
3 2 13
3 2 14
3 2 20
3 2 21
3 2 22
3 2 23
3 2 25
3 2 32
3 2 33
3 16 5
3 16 8
3 16 17
3 16 24
3 16 26
3 16 27
3 16 30
3 16 34
3 16 37
3 16 44
3 46 9
3 46 28
3 46 39
3 46 42
3 46 43
3 46 46
3 46 48
3 46 58
3 46 66
3 46 77
3 65 59
3 65 63
3 65 65
3 65 73
3 65 83
3 65 91
3 72 50
3 72 52
3 72 60
3 72 62
3 72 70
3 72 72
3 72 81
3 72 82
3 72 90
3 72 92
3 72 93
3 87 47
3 87 49
3 87 54
3 87 75
3 87 76
3 87 78
3 87 79
3 87 84
3 87 87
3 87 89
3 87 94
3 87 96
3 87 97
3 87 99
4 2 1
4 2 2
4 2 3
4 2 4
4 2 10
4 2 11
4 2 13
4 2 14
4 2 15
4 2 20
4 2 21
4 2 22
4 2 23
4 2 25
4 2 31
4 2 33
4 2 36
4 16 5
4 16 6
4 16 7
4 16 8
4 16 17
4 16 19
4 16 26
4 16 27
4 16 28
4 16 38
4 16 47
4 16 56
4 46 29
4 46 39
4 46 42
4 46 44
4 46 46
4 46 74
4 65 48
4 65 52
4 65 53
4 65 59
4 65 63
4 65 73
4 65 75
4 65 76
4 65 77
4 65 79
4 65 83
4 65 86
4 65 91
4 65 95
4 72 40
4 72 50
4 72 51
4 72 60
4 72 61
4 72 70
4 72 71
4 72 72
4 72 80
4 72 81
4 72 82
4 72 92
4 72 93
4 87 45
4 87 54
4 87 55
4 87 57
4 87 66
4 87 67
4 87 68
4 87 69
4 87 78
4 87 84
4 87 89
4 87 97
4 87 99
5 2 0
5 2 1
5 2 2
5 2 3
5 2 4
5 2 11
5 2 12
5 2 14
5 2 15
5 2 20
5 2 21
5 2 22
5 2 23
5 2 25
5 2 32
5 2 36
5 16 5
5 16 6
5 16 8
5 16 16
5 16 17
5 16 19
5 16 24
5 16 26
5 16 28
5 16 30
5 16 34
5 16 38
5 16 44
5 16 47
5 16 56
5 46 9
5 46 29
5 46 39
5 46 41
5 46 43
5 46 46
5 46 67
5 46 68
5 46 69
5 65 45
5 65 48
5 65 52
5 65 53
5 65 54
5 65 55
5 65 62
5 65 63
5 65 65
5 65 75
5 65 76
5 65 77
5 65 79
5 65 84
5 65 85
5 65 86
5 65 91
5 65 92
5 72 40
5 72 50
5 72 51
5 72 70
5 72 71
5 72 72
5 72 81
5 72 83
5 72 90
5 72 93
5 87 49
5 87 57
5 87 78
5 87 82
5 87 87
5 87 88
5 87 89
5 87 98
6 2 0
6 2 1
6 2 2
6 2 3
6 2 10
6 2 11
6 2 13
6 2 14
6 2 15
6 2 20
6 2 22
6 2 32
6 2 33
6 16 4
6 16 7
6 16 8
6 16 16
6 16 17
6 16 18
6 16 19
6 16 23
6 16 24
6 16 25
6 16 26
6 16 27
6 16 28
6 16 30
6 16 34
6 16 37
6 16 38
6 16 44
6 16 47
6 16 56
6 46 29
6 46 41
6 46 42
6 46 43
6 46 46
6 46 57
6 46 58
6 46 64
6 46 67
6 46 68
6 46 69
6 65 53
6 65 62
6 65 65
6 65 91
6 72 40
6 72 50
6 72 51
6 72 52
6 72 60
6 72 61
6 72 63
6 72 73
6 72 74
6 72 80
6 72 82
6 72 83
6 72 92
6 72 93
6 72 94
6 87 49
6 87 54
6 87 55
6 87 75
6 87 77
6 87 84
6 87 85
6 87 86
6 87 87
6 87 88
6 87 89
6 87 95
6 87 96
6 87 97
6 87 98
6 87 99
7 2 0
7 2 1
7 2 2
7 2 3
7 2 4
7 2 10
7 2 11
7 2 14
7 2 15
7 2 20
7 2 21
7 2 25
7 16 6
7 16 8
7 16 16
7 16 17
7 16 18
7 16 24
7 16 26
7 16 27
7 16 28
7 16 30
7 16 33
7 16 34
7 16 35
7 16 36
7 16 37
7 16 38
7 16 47
7 16 56
7 46 29
7 46 39
7 46 41
7 46 42
7 46 46
7 46 58
7 65 22
7 65 43
7 65 59
7 65 62
7 65 65
7 72 52
7 72 53
7 72 60
7 72 61
7 72 63
7 72 64
7 72 70
7 72 71
7 72 72
7 72 74
7 72 75
7 72 80
7 72 81
7 72 82
7 72 83
7 72 84
7 72 90
7 72 91
7 72 92
7 72 93
7 87 45
7 87 49
7 87 55
7 87 57
7 87 68
7 87 76
7 87 78
7 87 85
7 87 86
7 87 87
7 87 88
7 87 95
7 87 96
7 87 99
8 2 0
8 2 1
8 2 3
8 2 4
8 2 10
8 2 11
8 2 12
8 2 13
8 2 14
8 2 20
8 2 22
8 2 23
8 2 25
8 2 32
8 2 33
8 16 5
8 16 6
8 16 8
8 16 16
8 16 18
8 16 19
8 16 24
8 16 28
8 16 34
8 16 37
8 16 47
8 16 56
8 46 9
8 46 29
8 46 41
8 46 43
8 46 46
8 46 57
8 46 58
8 46 64
8 46 68
8 65 65
8 65 91
8 65 92
8 72 40
8 72 50
8 72 51
8 72 52
8 72 53
8 72 61
8 72 63
8 72 66
8 72 71
8 72 72
8 72 74
8 72 75
8 72 80
8 72 82
8 72 93
8 87 45
8 87 54
8 87 69
8 87 77
8 87 79
8 87 84
8 87 85
8 87 86
8 87 95
8 87 96
8 87 97
9 2 1
9 2 2
9 2 3
9 2 10
9 2 12
9 2 13
9 2 14
9 2 15
9 2 20
9 2 21
9 2 23
9 2 25
9 2 31
9 2 32
9 2 33
9 2 36
9 16 5
9 16 6
9 16 7
9 16 16
9 16 19
9 16 24
9 16 27
9 16 28
9 16 30
9 16 34
9 16 37
9 16 44
9 16 47
9 46 26
9 46 42
9 46 48
9 46 57
9 46 58
9 46 75
9 65 59
9 65 79
9 65 96
9 72 50
9 72 51
9 72 53
9 72 61
9 72 62
9 72 66
9 72 71
9 72 73
9 72 80
9 72 91
9 72 92
9 72 93
9 87 49
9 87 55
9 87 67
9 87 76
9 87 77
9 87 82
9 87 95
9 87 97
9 87 98
9 87 99
10 2 1
10 2 2
10 2 4
10 2 10
10 2 11
10 2 12
10 2 14
10 2 22
10 2 23
10 2 25
10 2 31
10 2 32
10 16 5
10 16 16
10 16 17
10 16 24
10 16 27
10 16 38
10 46 9
10 46 28
10 46 44
10 46 48
10 46 57
10 65 47
10 65 59
10 65 79
10 65 96
10 72 51
10 72 52
10 72 60
10 72 61
10 72 70
10 72 71
10 72 72
10 72 73
10 72 74
10 87 45
10 87 49
10 87 67
10 87 68
10 87 87
10 87 89
10 87 99
11 2 2
11 2 3
11 16 8
11 16 17
11 16 24
11 16 27
11 16 28
11 46 41
11 46 46
11 65 36
11 72 52
11 72 70
11 72 72
11 72 73
11 72 92
11 72 93
11 87 68
11 87 69
11 87 79
11 87 85
11 87 88
11 87 94
11 87 95
11 87 97
11 87 98
11 87 99
--- Done ---
