0 2 -1
0 82 72
0 82 82
0 93 73
0 93 83
0 93 93
1 2 0
1 2 1
1 2 2
1 2 3
1 2 10
1 2 12
1 2 23
1 2 36
1 2 38
1 82 34
1 82 50
1 82 58
1 82 61
1 82 62
1 82 63
1 82 64
1 82 66
1 82 70
1 82 72
1 82 73
1 82 82
1 82 89
1 93 35
1 93 65
1 93 75
1 93 77
1 93 83
1 93 84
1 93 93
1 93 95
1 93 98
1 93 99
2 2 0
2 2 1
2 2 6
2 2 7
2 2 11
2 2 12
2 2 14
2 2 16
2 2 17
2 2 18
2 2 19
2 2 20
2 2 24
2 2 27
2 2 30
2 2 38
2 2 41
2 82 28
2 82 34
2 82 39
2 82 54
2 82 57
2 82 62
2 82 71
2 82 72
2 82 73
2 82 81
2 82 82
2 82 89
2 93 43
2 93 45
2 93 47
2 93 55
2 93 68
2 93 69
2 93 75
2 93 76
2 93 77
2 93 79
2 93 83
2 93 84
2 93 85
2 93 88
2 93 90
2 93 92
2 93 93
2 93 95
2 93 98
3 2 2
3 2 5
3 2 8
3 2 9
3 2 10
3 2 11
3 2 12
3 2 13
3 2 14
3 2 17
3 2 20
3 2 21
3 2 22
3 2 23
3 2 24
3 2 25
3 2 27
3 2 30
3 2 32
3 2 33
3 2 37
3 2 48
3 2 91
3 2 92
3 2 93
3 2 94
3 82 28
3 82 34
3 82 39
3 82 42
3 82 49
3 82 50
3 82 52
3 82 54
3 82 58
3 82 62
3 82 63
3 82 66
3 82 70
3 82 72
3 82 73
3 82 81
3 82 83
3 82 84
3 82 87
3 82 89
3 93 26
3 93 43
3 93 44
3 93 46
3 93 47
3 93 59
3 93 60
3 93 65
3 93 75
3 93 76
3 93 77
3 93 78
3 93 79
3 93 82
3 93 90
4 2 1
4 2 2
4 2 3
4 2 4
4 2 5
4 2 6
4 2 7
4 2 8
4 2 10
4 2 11
4 2 13
4 2 14
4 2 15
4 2 17
4 2 19
4 2 20
4 2 21
4 2 22
4 2 23
4 82 28
4 82 31
4 82 33
4 82 36
4 82 38
4 82 39
4 82 40
4 82 42
4 82 50
4 82 51
4 82 52
4 82 53
4 82 54
4 82 57
4 82 61
4 82 63
4 82 66
4 82 70
4 82 71
4 82 72
4 82 73
4 82 80
4 82 86
4 93 25
4 93 26
4 93 27
4 93 29
4 93 44
4 93 45
4 93 46
4 93 47
4 93 48
4 93 55
4 93 56
4 93 59
4 93 60
4 93 67
4 93 68
4 93 69
4 93 74
4 93 75
4 93 76
4 93 77
4 93 78
4 93 79
4 93 81
4 93 89
5 2 0
5 2 1
5 2 2
5 2 3
5 2 4
5 2 5
5 2 6
5 2 8
5 2 9
5 2 11
5 2 12
5 2 14
5 2 15
5 2 16
5 2 17
5 2 19
5 2 20
5 2 21
5 2 22
5 2 23
5 2 24
5 82 28
5 82 30
5 82 34
5 82 36
5 82 38
5 82 39
5 82 40
5 82 41
5 82 49
5 82 50
5 82 51
5 82 52
5 82 53
5 82 54
5 82 57
5 82 62
5 82 63
5 93 25
5 93 26
5 93 29
5 93 32
5 93 43
5 93 44
5 93 45
5 93 46
5 93 47
5 93 48
5 93 55
5 93 56
5 93 65
5 93 67
5 93 68
5 93 69
5 93 70
5 93 71
5 93 76
5 93 77
6 2 0
6 2 1
6 2 2
6 2 3
6 2 4
6 2 7
6 2 8
6 2 10
6 2 11
6 2 13
6 2 14
6 2 15
6 2 16
6 2 17
6 2 18
6 2 19
6 2 20
6 2 22
6 2 23
6 2 24
6 2 25
6 2 27
6 2 30
6 2 32
6 82 28
6 82 33
6 82 34
6 82 38
6 82 40
6 82 41
6 82 42
6 82 49
6 82 50
6 82 51
6 82 52
6 82 53
6 82 54
6 82 57
6 82 58
6 82 61
6 82 62
6 82 73
6 93 26
6 93 29
6 93 37
6 93 43
6 93 44
6 93 46
6 93 47
6 93 55
6 93 56
6 93 60
6 93 63
6 93 64
6 93 65
6 93 67
6 93 68
6 93 69
7 2 0
7 2 1
7 2 2
7 2 3
7 2 4
7 2 6
7 2 8
7 2 10
7 2 11
7 2 14
7 2 15
7 2 16
7 2 17
7 2 18
7 2 20
7 2 21
7 2 22
7 2 24
7 2 25
7 2 27
7 2 33
7 82 28
7 82 30
7 82 34
7 82 36
7 82 38
7 82 39
7 82 41
7 82 42
7 82 49
7 82 52
7 82 53
7 82 57
7 82 58
7 82 61
7 82 62
7 82 63
7 82 64
7 82 70
7 82 71
7 82 72
7 82 80
7 82 81
7 82 82
7 93 26
7 93 29
7 93 35
7 93 37
7 93 43
7 93 45
7 93 46
7 93 47
7 93 55
7 93 56
7 93 59
7 93 60
7 93 65
7 93 68
7 93 74
7 93 75
7 93 76
7 93 78
7 93 83
7 93 84
7 93 85
7 93 86
7 93 87
7 93 88
7 93 90
8 2 0
8 2 1
8 2 3
8 2 4
8 2 5
8 2 6
8 2 8
8 2 9
8 2 10
8 2 11
8 2 12
8 2 13
8 2 14
8 2 16
8 2 18
8 2 19
8 2 20
8 2 22
8 2 23
8 2 24
8 2 25
8 2 32
8 2 33
8 2 37
8 82 28
8 82 34
8 82 40
8 82 41
8 82 50
8 82 51
8 82 52
8 82 53
8 82 54
8 82 57
8 82 58
8 82 61
8 82 63
8 82 64
8 82 66
8 82 71
8 82 72
8 82 80
8 82 82
8 82 86
8 82 91
8 82 92
8 82 97
8 93 29
8 93 43
8 93 45
8 93 46
8 93 47
8 93 56
8 93 65
8 93 68
8 93 69
8 93 74
8 93 75
8 93 77
8 93 79
8 93 84
8 93 85
8 93 93
8 93 95
8 93 96
9 2 1
9 2 2
9 2 3
9 2 5
9 2 6
9 2 7
9 2 10
9 2 12
9 2 13
9 2 14
9 2 15
9 2 16
9 2 19
9 2 20
9 2 21
9 2 23
9 2 24
9 2 25
9 2 27
9 2 30
9 2 31
9 2 32
9 2 33
9 2 36
9 2 37
9 2 48
9 82 28
9 82 34
9 82 42
9 82 49
9 82 50
9 82 51
9 82 53
9 82 57
9 82 58
9 82 61
9 82 62
9 82 66
9 82 71
9 82 73
9 82 80
9 82 82
9 82 91
9 82 92
9 82 97
9 93 26
9 93 44
9 93 47
9 93 55
9 93 59
9 93 67
9 93 75
9 93 76
9 93 77
9 93 79
9 93 93
9 93 95
9 93 96
9 93 98
9 93 99
10 2 1
10 2 2
10 2 4
10 2 5
10 2 9
10 2 10
10 2 11
10 2 12
10 2 14
10 2 16
10 2 17
10 2 22
10 2 23
10 2 24
10 2 25
10 2 27
10 2 31
10 2 32
10 2 38
10 2 48
10 82 28
10 82 49
10 82 51
10 82 52
10 82 57
10 82 61
10 82 70
10 82 71
10 82 72
10 82 73
10 82 87
10 82 89
10 93 44
10 93 45
10 93 47
10 93 59
10 93 60
10 93 67
10 93 68
10 93 74
10 93 79
10 93 96
10 93 99
11 2 2
11 2 3
11 2 8
11 2 17
11 2 24
11 2 27
11 2 36
11 2 41
11 82 28
11 82 52
11 82 70
11 82 72
11 82 73
11 82 92
11 82 97
11 93 46
11 93 68
11 93 69
11 93 79
11 93 85
11 93 88
11 93 93
11 93 94
11 93 95
11 93 98
11 93 99
--- Done ---
