0 2 -1
0 43 72
0 43 73
0 43 82
0 43 83
0 43 93
1 2 0
1 2 2
1 2 3
1 2 10
1 2 12
1 43 34
1 43 50
1 43 70
1 43 82
1 43 1
1 43 23
1 43 35
1 43 61
1 43 63
1 43 64
1 43 65
1 43 66
1 43 72
1 43 73
1 43 75
1 43 83
1 76 38
1 76 58
1 76 77
1 76 89
1 76 95
1 76 98
1 76 99
1 76 84
1 76 93
1 76 36
1 76 62
2 2 0
2 2 14
2 2 19
2 2 12
2 2 16
2 43 6
2 43 7
2 43 27
2 43 82
2 43 1
2 43 17
2 43 34
2 43 84
2 43 92
2 43 20
2 43 24
2 43 30
2 43 41
2 43 43
2 43 45
2 53 18
2 53 28
2 53 39
2 53 81
2 53 90
2 76 38
2 76 69
2 76 77
2 76 79
2 76 88
2 76 89
2 76 98
2 76 68
2 76 71
2 76 76
2 76 85
2 76 95
2 76 47
2 76 54
2 76 55
2 76 57
2 76 72
2 76 73
2 76 75
2 76 83
2 76 93
2 76 11
2 76 62
3 2 9
3 2 10
3 2 14
3 2 2
3 36 8
3 43 82
3 43 27
3 43 50
3 43 70
3 43 78
3 43 84
3 43 92
3 43 94
3 43 13
3 43 17
3 43 20
3 43 21
3 43 30
3 43 34
3 53 90
3 53 91
3 53 12
3 53 28
3 53 39
3 53 81
3 53 22
3 53 23
3 53 24
3 53 32
3 53 42
3 53 43
3 53 44
3 53 52
3 53 65
3 53 73
3 53 75
3 53 76
3 53 25
3 53 33
3 76 77
3 76 79
3 76 89
3 76 97
3 76 99
3 76 49
3 76 58
3 76 59
3 76 87
3 76 96
3 76 5
3 76 26
3 76 60
3 76 72
3 76 83
3 76 93
3 76 11
3 76 37
3 76 46
3 76 47
3 76 48
3 76 54
3 76 62
3 76 63
3 76 66
4 2 3
4 2 10
4 2 19
4 2 4
4 2 14
4 2 2
4 2 21
4 2 31
4 2 11
4 2 22
4 2 23
4 2 25
4 2 33
4 2 40
4 2 42
4 2 44
4 2 52
4 36 8
4 36 36
4 43 82
4 43 1
4 43 6
4 43 7
4 43 27
4 43 50
4 43 51
4 43 70
4 43 78
4 43 84
4 43 92
4 43 13
4 43 17
4 43 20
4 53 80
4 53 91
4 53 28
4 53 39
4 53 81
4 53 53
4 53 45
4 53 46
4 53 47
4 53 48
4 53 54
4 53 55
4 53 56
4 53 57
4 53 63
4 53 66
4 53 68
4 53 71
4 53 73
4 53 74
4 53 75
4 53 76
4 53 95
4 76 77
4 76 79
4 76 89
4 76 97
4 76 99
4 76 29
4 76 38
4 76 59
4 76 67
4 76 69
4 76 5
4 76 60
4 76 61
4 76 72
4 76 83
4 76 86
4 76 93
4 76 15
4 76 26
5 2 0
5 2 3
5 2 9
5 2 19
5 2 4
5 2 12
5 2 14
5 2 2
5 2 16
5 2 17
5 2 21
5 2 30
5 2 11
5 2 15
5 2 62
5 2 23
5 2 24
5 2 25
5 2 32
5 2 36
5 36 8
5 36 78
5 36 81
5 36 34
5 36 26
5 36 45
5 36 46
5 36 47
5 36 48
5 36 54
5 36 55
5 36 56
5 36 57
5 36 63
5 36 65
5 36 68
5 36 22
5 43 82
5 43 1
5 43 6
5 43 50
5 43 51
5 43 70
5 43 92
5 43 20
5 53 90
5 53 91
5 53 28
5 53 39
5 53 53
5 53 86
5 53 93
5 53 71
5 53 75
5 53 76
5 53 40
5 53 41
5 53 43
5 53 44
5 53 52
5 76 77
5 76 79
5 76 88
5 76 89
5 76 98
5 76 29
5 76 38
5 76 49
5 76 67
5 76 69
5 76 84
5 76 85
5 76 87
5 76 5
5 76 72
5 76 83
6 2 0
6 2 3
6 2 10
6 2 19
6 2 1
6 2 4
6 2 14
6 2 2
6 2 13
6 2 16
6 2 17
6 2 20
6 2 30
6 2 62
6 2 22
6 2 23
6 2 24
6 2 25
6 2 32
6 2 33
6 2 41
6 2 42
6 36 8
6 43 82
6 43 7
6 43 27
6 43 50
6 43 51
6 43 92
6 43 34
6 43 60
6 43 83
6 43 86
6 43 93
6 43 11
6 43 15
6 43 46
6 43 47
6 43 54
6 43 55
6 43 56
6 43 57
6 43 73
6 53 80
6 53 91
6 53 18
6 53 28
6 53 53
6 53 68
6 53 95
6 53 63
6 53 64
6 53 65
6 53 74
6 53 75
6 53 40
6 53 43
6 53 44
6 53 52
6 76 77
6 76 88
6 76 89
6 76 97
6 76 98
6 76 99
6 76 29
6 76 38
6 76 49
6 76 58
6 76 67
6 76 69
6 76 84
6 76 85
6 76 87
6 76 94
6 76 96
6 76 26
6 76 37
6 76 61
7 2 0
7 2 3
7 2 10
7 2 1
7 2 4
7 2 14
7 2 2
7 2 17
7 2 22
7 2 24
7 2 41
7 2 42
7 2 52
7 2 15
7 2 25
7 2 33
7 36 8
7 36 36
7 43 82
7 43 6
7 43 27
7 43 78
7 43 43
7 43 64
7 43 75
7 53 80
7 53 90
7 53 91
7 53 18
7 53 28
7 53 39
7 53 70
7 53 81
7 53 92
7 53 16
7 53 20
7 53 21
7 53 26
7 53 30
7 53 34
7 53 37
7 53 53
7 53 60
7 53 61
7 53 68
7 53 71
7 53 72
7 53 83
7 53 86
7 53 93
7 76 88
7 76 99
7 76 29
7 76 38
7 76 49
7 76 58
7 76 59
7 76 84
7 76 85
7 76 87
7 76 96
7 76 76
7 76 95
7 76 11
7 76 35
7 76 45
7 76 46
7 76 47
7 76 55
7 76 56
7 76 57
7 76 62
7 76 63
7 76 65
7 76 74
8 2 0
8 2 3
8 2 9
8 2 10
8 2 19
8 2 1
8 2 4
8 2 12
8 2 14
8 2 13
8 2 16
8 2 20
8 2 22
8 2 23
8 2 24
8 2 32
8 2 40
8 2 41
8 2 52
8 2 25
8 2 33
8 36 8
8 36 6
8 36 18
8 36 28
8 36 29
8 36 58
8 36 69
8 36 34
8 36 63
8 36 64
8 36 65
8 36 66
8 36 74
8 36 75
8 43 82
8 43 43
8 53 80
8 53 91
8 53 50
8 53 51
8 53 92
8 53 53
8 76 77
8 76 79
8 76 97
8 76 84
8 76 85
8 76 96
8 76 5
8 76 37
8 76 61
8 76 68
8 76 71
8 76 72
8 76 86
8 76 93
8 76 95
8 76 11
8 76 45
8 76 46
8 76 47
8 76 54
8 76 56
8 76 57
9 2 3
9 2 10
9 2 19
9 2 1
9 2 12
9 2 14
9 2 2
9 2 13
9 2 16
9 2 20
9 2 21
9 2 30
9 2 31
9 2 23
9 2 24
9 2 32
9 2 42
9 2 44
9 2 25
9 2 33
9 36 36
9 43 82
9 43 6
9 43 7
9 43 27
9 43 50
9 43 51
9 43 92
9 43 34
9 43 75
9 53 80
9 53 91
9 53 28
9 53 53
9 76 77
9 76 79
9 76 97
9 76 98
9 76 99
9 76 49
9 76 58
9 76 59
9 76 67
9 76 96
9 76 5
9 76 26
9 76 37
9 76 48
9 76 61
9 76 71
9 76 76
9 76 93
9 76 95
9 76 15
9 76 47
9 76 55
9 76 57
9 76 62
9 76 66
9 76 73
10 2 9
10 2 10
10 2 1
10 2 4
10 2 12
10 2 14
10 2 2
10 2 5
10 2 16
10 2 17
10 2 31
10 2 22
10 2 23
10 2 24
10 2 32
10 2 44
10 2 52
10 36 27
10 36 28
10 43 51
10 43 70
10 53 -1
10 76 79
10 76 89
10 76 99
10 76 38
10 76 49
10 76 59
10 76 67
10 76 87
10 76 96
10 76 48
10 76 60
10 76 61
10 76 68
10 76 71
10 76 72
10 76 11
10 76 45
10 76 47
10 76 57
10 76 73
10 76 74
10 76 25
11 2 3
11 2 2
11 36 8
11 36 27
11 36 28
11 36 17
11 36 24
11 36 41
11 36 52
11 36 36
11 43 -1
11 53 70
11 53 92
11 76 79
11 76 88
11 76 97
11 76 98
11 76 99
11 76 69
11 76 85
11 76 94
11 76 68
11 76 72
11 76 93
11 76 95
11 76 46
11 76 73
--- Done ---
