0 73 72
0 73 82
0 73 83
0 73 92
0 73 93
1 2 0
1 2 10
1 2 11
1 2 20
1 2 21
1 2 22
1 2 25
1 2 32
1 2 33
1 2 36
1 37 5
1 37 26
1 37 34
1 37 37
1 37 47
1 37 55
1 37 57
1 37 59
1 37 65
1 37 79
1 50 24
1 50 40
1 50 41
1 50 43
1 50 50
1 50 60
1 50 70
1 66 35
1 66 44
1 66 53
1 66 56
1 66 63
1 66 76
1 66 87
1 66 94
1 66 95
1 66 97
1 73 30
1 73 52
1 73 61
1 73 72
1 73 73
1 73 81
1 73 92
1 73 96
2 2 4
2 2 11
2 2 13
2 2 14
2 2 15
2 2 20
2 2 21
2 2 22
2 2 23
2 2 25
2 2 33
2 2 36
2 37 6
2 37 8
2 37 18
2 37 27
2 37 29
2 37 34
2 37 35
2 37 38
2 37 39
2 37 46
2 37 47
2 37 49
2 37 55
2 37 58
2 37 59
2 50 40
2 50 41
2 50 50
2 50 51
2 50 72
2 66 19
2 66 52
2 66 63
2 66 76
2 66 79
2 66 84
2 66 85
2 66 88
2 81 74
2 81 83
3 2 15
3 2 22
3 2 31
3 2 33
3 2 36
3 37 8
3 37 16
3 37 26
3 37 39
3 37 67
3 37 79
3 43 7
3 43 24
3 43 30
3 43 41
3 43 42
3 43 43
3 43 46
3 43 54
3 43 56
3 43 62
3 43 63
3 43 64
3 43 74
3 66 47
3 66 53
3 66 55
3 66 57
3 66 66
3 66 69
3 66 77
3 66 78
3 66 85
3 66 97
3 66 98
3 81 60
3 81 61
3 81 72
3 81 73
3 81 80
3 81 83
3 81 91
3 81 93
4 2 2
4 2 4
4 2 11
4 2 21
4 2 23
4 2 31
4 37 5
4 37 16
4 37 19
4 37 26
4 37 28
4 37 29
4 37 37
4 37 38
4 37 48
4 37 57
4 43 7
4 43 41
4 43 43
4 43 44
4 43 51
4 43 53
4 43 55
4 76 35
4 76 45
4 76 64
4 76 65
4 76 66
4 76 67
4 76 69
4 76 71
4 76 74
4 76 76
4 76 84
4 76 86
4 76 87
4 76 89
4 76 93
4 76 96
4 76 98
4 81 60
4 81 63
4 81 80
4 81 82
4 81 92
5 2 1
5 2 3
5 2 4
5 2 11
5 2 13
5 2 23
5 2 25
5 2 31
5 2 32
5 2 36
5 37 5
5 37 6
5 37 8
5 37 18
5 37 26
5 37 29
5 37 34
5 37 35
5 37 39
5 37 45
5 37 48
5 37 49
5 37 57
5 37 59
5 37 65
5 52 41
5 52 42
5 52 51
5 52 60
5 52 61
5 52 62
5 52 74
5 52 92
5 76 47
5 76 55
5 76 56
5 76 58
5 76 67
5 76 68
5 76 69
5 76 73
5 76 75
5 76 76
5 76 79
5 76 83
5 76 88
5 76 96
5 76 97
5 76 98
6 2 2
6 2 10
6 2 12
6 2 13
6 2 15
6 2 20
6 2 21
6 2 22
6 2 25
6 2 32
6 16 6
6 16 8
6 16 19
6 16 27
6 16 28
6 16 30
6 16 35
6 16 37
6 46 9
6 46 26
6 46 34
6 46 38
6 46 39
6 46 41
6 46 44
6 46 45
6 46 46
6 46 48
6 46 58
6 46 74
6 52 40
6 52 42
6 52 63
6 52 65
6 52 73
6 87 54
6 87 55
6 87 56
6 87 67
6 87 68
6 87 69
6 87 78
6 87 86
6 87 87
6 87 89
6 87 94
6 87 95
6 87 97
6 87 98
7 2 4
7 2 15
7 2 21
7 2 36
7 16 5
7 16 16
7 16 19
7 16 28
7 16 30
7 16 44
7 46 9
7 46 17
7 46 18
7 46 27
7 46 39
7 46 41
7 46 46
7 46 47
7 46 48
7 46 55
7 46 58
7 46 66
7 46 69
7 46 74
7 46 75
7 72 40
7 72 51
7 72 53
7 72 60
7 72 62
7 72 63
7 72 70
7 72 83
7 72 84
7 87 54
7 87 56
7 87 79
7 87 85
7 87 87
7 87 89
7 87 94
7 87 95
7 87 96
7 87 99
8 2 0
8 2 1
8 2 2
8 2 12
8 2 14
8 2 20
8 2 21
8 2 25
8 2 32
8 2 33
8 2 36
8 16 24
8 46 9
8 46 18
8 46 27
8 46 28
8 46 37
8 46 41
8 46 42
8 46 43
8 46 46
8 46 55
8 46 58
8 46 64
8 46 67
8 46 68
8 72 52
8 72 53
8 72 62
8 72 63
8 72 65
8 72 71
8 72 74
8 72 82
8 72 84
8 72 91
8 72 93
8 87 45
8 87 49
8 87 66
8 87 75
8 87 76
8 87 79
8 87 95
8 87 96
8 87 99
9 2 0
9 2 1
9 2 2
9 2 3
9 2 4
9 2 20
9 2 31
9 2 32
9 2 33
9 36 7
9 36 8
9 36 16
9 36 17
9 36 34
9 36 35
9 36 42
9 36 47
9 36 53
9 36 57
9 36 58
9 36 74
9 73 30
9 73 50
9 73 52
9 73 54
9 73 61
9 73 62
9 73 65
9 73 71
9 73 72
9 73 75
9 73 84
9 73 91
9 73 92
9 73 93
9 79 43
9 79 68
9 79 77
9 79 87
9 79 88
9 79 96
9 79 99
--- Done ---
