0 2 -1
0 75 83
0 81 72
0 81 73
0 81 82
0 81 93
1 2 0
1 2 1
1 2 2
1 2 3
1 2 10
1 2 12
1 2 23
1 2 36
1 37 38
1 37 65
1 41 34
1 41 50
1 75 35
1 75 58
1 75 63
1 75 64
1 75 66
1 75 75
1 75 83
1 75 84
1 75 95
1 81 61
1 81 62
1 81 70
1 81 72
1 81 73
1 81 82
1 81 93
1 88 77
1 88 89
1 88 98
1 88 99
2 2 0
2 2 1
2 2 11
2 2 12
2 2 14
2 6 6
2 6 7
2 6 16
2 6 17
2 6 24
2 37 18
2 37 19
2 37 27
2 37 28
2 37 38
2 37 39
2 37 45
2 37 47
2 37 55
2 37 57
2 41 20
2 41 30
2 41 34
2 41 41
2 41 43
2 75 54
2 75 68
2 75 75
2 75 76
2 75 83
2 75 84
2 75 85
2 75 95
2 81 62
2 81 71
2 81 72
2 81 73
2 81 81
2 81 82
2 81 90
2 81 92
2 81 93
2 88 69
2 88 77
2 88 79
2 88 88
2 88 89
2 88 98
3 2 2
3 2 10
3 2 11
3 2 12
3 2 13
3 2 14
3 2 21
3 2 22
3 2 23
3 2 32
3 6 5
3 6 8
3 6 9
3 6 24
3 6 26
3 37 17
3 37 25
3 37 27
3 37 28
3 37 37
3 37 39
3 37 46
3 37 47
3 37 48
3 37 49
3 37 59
3 37 65
3 41 20
3 41 30
3 41 33
3 41 34
3 41 42
3 41 43
3 41 44
3 41 50
3 41 52
3 75 54
3 75 58
3 75 63
3 75 75
3 75 76
3 75 83
3 81 60
3 81 62
3 81 70
3 81 72
3 81 73
3 81 81
3 81 82
3 81 90
3 81 91
3 81 92
3 85 66
3 85 77
3 85 84
3 85 87
3 85 93
3 85 94
3 85 96
3 88 78
3 88 79
3 88 89
3 88 97
3 88 99
4 2 1
4 2 2
4 2 3
4 2 4
4 2 10
4 2 11
4 2 13
4 2 14
4 2 21
4 2 22
4 2 23
4 2 36
4 6 5
4 6 6
4 6 7
4 6 8
4 6 15
4 6 17
4 6 26
4 37 19
4 37 25
4 37 27
4 37 28
4 37 29
4 37 38
4 37 39
4 37 45
4 37 46
4 37 47
4 37 48
4 37 55
4 37 56
4 37 57
4 37 59
4 41 20
4 41 31
4 41 33
4 41 40
4 41 42
4 41 44
4 41 50
4 41 51
4 41 52
4 41 53
4 75 63
4 75 73
4 75 75
4 75 76
4 75 86
4 75 95
4 81 60
4 81 61
4 81 70
4 81 71
4 81 72
4 81 80
4 81 81
4 81 82
4 81 91
4 81 92
4 85 54
4 85 66
4 85 67
4 85 74
4 85 77
4 85 83
4 85 84
4 85 93
4 88 68
4 88 69
4 88 78
4 88 79
4 88 89
4 88 97
4 88 99
5 2 0
5 2 1
5 2 2
5 2 3
5 2 4
5 2 11
5 2 12
5 2 14
5 2 21
5 2 22
5 2 23
5 2 32
5 2 36
5 6 5
5 6 6
5 6 8
5 6 9
5 6 15
5 6 16
5 6 17
5 6 24
5 6 26
5 6 34
5 37 19
5 37 25
5 37 28
5 37 29
5 37 38
5 37 39
5 37 45
5 37 46
5 37 47
5 37 48
5 37 49
5 37 55
5 37 56
5 37 57
5 41 20
5 41 30
5 41 40
5 41 41
5 41 43
5 41 44
5 41 50
5 41 51
5 41 52
5 41 53
5 41 72
5 75 63
5 75 65
5 75 68
5 75 75
5 75 83
5 75 86
5 81 62
5 81 70
5 81 71
5 81 81
5 81 82
5 81 90
5 81 91
5 81 92
5 85 54
5 85 67
5 85 76
5 85 77
5 85 84
5 85 85
5 85 87
5 85 93
5 88 69
5 88 78
5 88 79
5 88 88
5 88 89
5 88 98
6 2 0
6 2 1
6 2 2
6 2 3
6 2 4
6 2 10
6 2 11
6 2 13
6 2 14
6 2 22
6 2 23
6 2 32
6 6 7
6 6 8
6 6 15
6 6 16
6 6 26
6 6 27
6 6 34
6 37 17
6 37 18
6 37 19
6 37 25
6 37 28
6 37 29
6 37 37
6 37 38
6 37 46
6 37 47
6 37 49
6 37 55
6 37 57
6 41 20
6 41 24
6 41 30
6 41 33
6 41 40
6 41 41
6 41 42
6 41 43
6 41 44
6 41 50
6 41 51
6 41 52
6 41 53
6 75 54
6 75 56
6 75 58
6 75 74
6 75 75
6 75 83
6 75 84
6 75 86
6 75 87
6 81 60
6 81 61
6 81 62
6 81 63
6 81 73
6 81 80
6 81 82
6 81 91
6 81 92
6 81 93
6 85 64
6 85 65
6 85 67
6 85 77
6 85 85
6 85 94
6 85 95
6 85 96
6 88 68
6 88 69
6 88 88
6 88 89
6 88 97
6 88 98
6 88 99
7 2 0
7 2 1
7 2 2
7 2 3
7 2 4
7 2 10
7 2 11
7 2 14
7 2 21
7 2 22
7 2 36
7 6 6
7 6 8
7 6 15
7 6 16
7 6 18
7 6 26
7 6 35
7 37 17
7 37 25
7 37 27
7 37 28
7 37 29
7 37 37
7 37 38
7 37 39
7 37 45
7 37 46
7 37 47
7 37 49
7 37 57
7 37 59
7 41 20
7 41 24
7 41 30
7 41 33
7 41 34
7 41 41
7 41 42
7 41 43
7 41 52
7 41 53
7 75 55
7 75 56
7 75 58
7 75 65
7 75 74
7 75 75
7 75 84
7 75 86
7 75 96
7 81 60
7 81 61
7 81 62
7 81 63
7 81 70
7 81 71
7 81 72
7 81 80
7 81 81
7 81 82
7 81 90
7 81 91
7 81 92
7 85 64
7 85 76
7 85 83
7 85 85
7 85 87
7 85 93
7 85 95
7 88 68
7 88 78
7 88 88
7 88 99
8 2 0
8 2 1
8 2 3
8 2 4
8 2 10
8 2 11
8 2 12
8 2 13
8 2 14
8 2 22
8 2 23
8 2 32
8 6 5
8 6 6
8 6 8
8 6 9
8 6 16
8 6 18
8 37 19
8 37 25
8 37 28
8 37 29
8 37 37
8 37 45
8 37 46
8 37 47
8 37 56
8 37 57
8 37 65
8 41 20
8 41 24
8 41 33
8 41 34
8 41 40
8 41 41
8 41 43
8 41 50
8 41 51
8 41 52
8 41 53
8 41 72
8 75 58
8 75 63
8 75 66
8 75 75
8 75 84
8 75 86
8 75 95
8 81 61
8 81 71
8 81 80
8 81 82
8 81 91
8 81 92
8 81 93
8 85 54
8 85 64
8 85 74
8 85 77
8 85 85
8 85 96
8 88 68
8 88 69
8 88 79
8 88 97
9 2 1
9 2 2
9 2 3
9 2 10
9 2 12
9 2 13
9 2 14
9 2 21
9 2 23
9 2 32
9 2 36
9 6 5
9 6 6
9 6 7
9 6 15
9 6 16
9 6 24
9 6 26
9 37 19
9 37 25
9 37 27
9 37 28
9 37 37
9 37 47
9 37 48
9 37 49
9 37 55
9 37 57
9 37 59
9 41 20
9 41 30
9 41 31
9 41 33
9 41 34
9 41 42
9 41 44
9 41 50
9 41 53
9 75 58
9 75 66
9 75 75
9 75 95
9 75 96
9 81 51
9 81 61
9 81 62
9 81 71
9 81 73
9 81 80
9 81 82
9 81 91
9 81 92
9 81 93
9 85 67
9 85 76
9 85 77
9 88 79
9 88 97
9 88 98
9 88 99
10 2 1
10 2 2
10 2 4
10 2 10
10 2 11
10 2 12
10 2 14
10 2 22
10 2 23
10 2 32
10 6 5
10 6 9
10 6 16
10 6 17
10 6 24
10 37 25
10 37 27
10 37 28
10 37 38
10 37 45
10 37 47
10 37 48
10 37 49
10 37 57
10 37 59
10 41 31
10 41 44
10 41 51
10 41 52
10 75 73
10 75 74
10 81 60
10 81 61
10 81 70
10 81 71
10 81 72
10 85 67
10 85 96
10 88 68
10 88 79
10 88 87
10 88 89
10 88 99
11 2 2
11 2 3
11 2 36
11 6 8
11 6 17
11 6 24
11 37 27
11 37 28
11 37 46
11 41 41
11 41 52
11 75 68
11 75 95
11 81 70
11 81 72
11 81 73
11 81 92
11 81 93
11 85 85
11 85 94
11 88 69
11 88 79
11 88 88
11 88 97
11 88 98
11 88 99
--- Done ---
