0 7 -1
0 44 87
0 48 78
0 48 79
0 48 88
0 48 89
0 48 98
1 7 -1
1 33 30
1 33 2
1 44 87
1 44 8
1 44 20
1 44 50
1 44 13
1 44 31
1 44 40
1 44 42
1 44 94
1 44 24
1 44 25
1 44 35
1 44 44
1 48 88
1 48 18
1 48 78
1 48 79
1 48 89
1 48 39
1 48 76
1 48 5
1 48 6
1 48 26
1 48 27
1 48 67
1 48 74
1 54 85
1 54 90
1 54 97
1 54 99
1 54 62
1 54 72
2 7 9
2 7 7
2 33 30
2 33 70
2 33 20
2 33 93
2 33 3
2 33 11
2 33 13
2 33 16
2 33 5
2 33 15
2 33 17
2 33 32
2 33 36
2 33 40
2 33 42
2 33 45
2 33 51
2 33 65
2 33 24
2 33 35
2 33 43
2 44 81
2 44 87
2 44 8
2 44 60
2 44 71
2 44 83
2 44 68
2 44 76
2 44 6
2 44 47
2 44 48
2 48 59
2 48 88
2 48 98
2 48 18
2 48 19
2 48 29
2 48 49
2 48 78
2 48 79
2 48 89
2 48 28
2 54 85
2 54 90
2 54 92
2 54 99
2 54 54
3 7 9
3 7 2
3 7 7
3 33 70
3 33 91
3 44 1
3 44 81
3 44 87
3 44 8
3 44 20
3 44 50
3 44 60
3 44 63
3 44 71
3 44 75
3 44 77
3 44 16
3 44 28
3 44 32
3 44 54
3 44 57
3 44 64
3 44 94
3 44 4
3 44 6
3 44 24
3 44 36
3 44 37
3 44 45
3 44 46
3 44 47
3 44 56
3 48 59
3 48 88
3 48 96
3 48 98
3 48 19
3 48 79
3 48 5
3 48 26
3 48 38
3 48 52
3 48 66
3 48 67
3 48 73
3 48 15
3 48 17
3 48 25
3 48 27
3 48 43
3 48 44
3 48 55
3 54 82
3 54 86
3 54 90
3 54 97
3 54 99
3 54 62
3 54 69
3 54 78
3 54 80
3 54 83
3 54 89
3 54 3
3 54 13
3 54 22
3 54 31
4 7 9
4 7 19
4 7 29
4 7 7
4 7 18
4 7 49
4 33 30
4 33 91
4 33 0
4 33 12
4 33 21
4 33 70
4 33 93
4 33 13
4 33 31
4 33 32
4 33 41
4 33 61
4 33 62
4 33 72
4 33 4
4 33 16
4 33 33
4 33 42
4 33 51
4 33 53
4 33 64
4 33 94
4 33 5
4 33 14
4 33 17
4 33 26
4 33 27
4 44 1
4 44 81
4 44 87
4 44 77
4 44 28
4 44 37
4 44 39
4 44 68
4 44 15
4 44 36
4 44 45
4 44 46
4 44 52
4 44 65
4 44 66
4 44 67
4 44 73
4 44 74
4 44 34
4 48 59
4 48 88
4 48 48
4 54 90
4 54 92
4 54 99
4 54 86
4 54 89
4 54 63
4 54 69
4 54 71
4 54 83
4 54 84
4 54 54
4 54 38
4 54 25
4 54 35
4 54 43
4 54 44
4 54 55
4 55 78
4 55 23
5 7 9
5 7 7
5 33 30
5 33 91
5 33 2
5 33 72
5 33 33
5 33 74
5 33 17
5 33 25
5 33 27
5 33 35
5 33 43
5 33 44
5 33 55
5 44 1
5 44 10
5 44 81
5 44 0
5 44 8
5 44 12
5 44 20
5 44 21
5 44 87
5 44 61
5 44 4
5 44 94
5 44 24
5 44 39
5 44 45
5 44 46
5 44 47
5 44 48
5 44 52
5 44 65
5 44 66
5 44 68
5 44 73
5 44 15
5 48 59
5 48 98
5 48 19
5 48 29
5 48 79
5 48 88
5 48 89
5 48 96
5 48 18
5 48 38
5 48 5
5 48 26
5 48 28
5 48 37
5 54 90
5 54 92
5 54 99
5 54 82
5 54 85
5 54 86
5 54 93
5 54 97
5 54 11
5 54 13
5 54 31
5 54 32
5 54 41
5 54 60
5 54 62
5 54 63
5 54 75
5 54 80
5 55 78
5 55 84
5 55 3
5 55 40
5 55 51
5 55 53
5 55 54
5 55 58
5 55 64
5 55 76
6 7 9
6 33 30
6 33 91
6 33 2
6 33 70
6 33 93
6 33 16
6 33 33
6 33 94
6 33 3
6 33 24
6 33 73
6 33 5
6 33 15
6 33 26
6 33 27
6 33 44
6 44 1
6 44 10
6 44 81
6 44 0
6 44 8
6 44 12
6 44 20
6 44 21
6 44 50
6 44 13
6 44 22
6 44 31
6 44 32
6 44 41
6 44 60
6 44 61
6 44 77
6 44 83
6 48 59
6 48 98
6 48 19
6 48 29
6 48 79
6 48 88
6 48 49
6 48 69
6 48 78
6 48 6
6 48 37
6 48 38
6 48 46
6 48 47
6 48 52
6 48 56
6 48 66
6 48 67
6 48 68
6 48 74
6 54 90
6 54 92
6 54 86
6 54 95
6 54 97
6 54 62
6 54 72
6 54 4
6 54 23
6 54 40
6 54 42
6 54 51
6 54 54
6 54 57
6 54 58
6 54 64
6 55 55
7 7 19
7 7 29
7 7 18
7 7 49
7 7 28
7 7 37
7 7 39
7 7 38
7 33 30
7 33 91
7 33 2
7 33 79
7 33 62
7 33 72
7 33 4
7 33 16
7 33 23
7 33 33
7 33 51
7 33 53
7 33 64
7 33 94
7 33 14
7 33 15
7 33 17
7 33 24
7 33 36
7 44 1
7 44 10
7 44 81
7 44 0
7 44 8
7 44 20
7 44 21
7 44 50
7 44 11
7 44 13
7 44 22
7 44 31
7 44 41
7 44 60
7 44 61
7 44 63
7 44 71
7 44 77
7 44 83
7 44 84
7 44 6
7 48 88
7 48 48
7 54 90
7 54 92
7 54 85
7 54 89
7 54 97
7 54 78
7 54 54
7 54 58
7 54 45
7 54 46
7 54 52
7 54 56
7 54 65
7 54 66
7 54 67
7 54 73
7 54 74
7 54 35
7 54 44
7 55 55
8 7 8
8 7 7
8 33 91
8 33 0
8 33 12
8 33 21
8 33 50
8 33 70
8 33 79
8 33 93
8 33 13
8 33 32
8 33 61
8 33 62
8 33 72
8 33 3
8 33 4
8 33 23
8 33 40
8 33 42
8 33 51
8 33 53
8 33 64
8 33 94
8 33 5
8 33 17
8 44 87
8 44 44
8 48 59
8 48 98
8 48 19
8 48 29
8 48 96
8 48 18
8 48 49
8 48 28
8 48 39
8 48 27
8 54 90
8 54 92
8 54 99
8 54 82
8 54 85
8 54 89
8 54 60
8 54 63
8 54 75
8 54 78
8 54 57
8 54 76
8 54 45
8 54 56
8 54 73
8 54 74
8 54 25
8 54 34
8 54 47
8 55 55
9 7 9
9 7 7
9 33 30
9 44 10
9 44 81
9 44 8
9 44 12
9 44 21
9 44 87
9 44 11
9 44 31
9 44 41
9 44 71
9 44 83
9 44 84
9 44 4
9 44 37
9 44 39
9 44 42
9 44 53
9 44 57
9 44 58
9 44 94
9 44 14
9 44 46
9 44 47
9 44 52
9 48 59
9 48 98
9 48 19
9 48 29
9 48 79
9 48 88
9 48 89
9 48 18
9 48 49
9 48 69
9 48 5
9 48 48
9 48 56
9 48 67
9 48 74
9 48 25
9 48 43
9 54 90
9 54 92
9 54 99
9 54 85
9 54 86
9 54 72
9 54 3
9 55 55
10 7 9
10 33 -1
10 44 81
10 44 87
10 44 61
10 44 16
10 48 59
10 48 98
10 48 19
10 48 79
10 48 96
10 48 49
10 48 69
10 48 77
10 48 78
10 48 57
10 48 58
10 48 15
10 48 26
10 48 36
10 48 65
10 48 66
10 48 74
10 48 34
10 48 43
10 54 90
10 54 82
10 54 86
10 54 97
10 54 32
10 54 60
10 54 63
10 54 84
10 54 23
10 54 24
10 55 -1
11 7 -1
11 33 13
11 33 3
11 33 42
11 33 53
11 33 17
11 33 65
11 44 84
11 44 58
11 48 -1
11 54 -1
11 55 -1
--- Done ---
