0 7 78
0 7 79
0 7 87
0 7 88
0 7 89
0 7 98
0 54 -1
0 76 -1
1 7 2
1 7 5
1 7 6
1 7 8
1 7 18
1 7 24
1 7 26
1 7 27
1 7 35
1 7 39
1 7 50
1 33 -1
1 54 13
1 54 20
1 54 25
1 54 30
1 54 31
1 54 40
1 54 42
1 54 44
1 54 62
1 54 72
1 54 74
1 54 89
1 54 90
1 54 99
1 72 -1
1 76 67
1 76 76
1 76 78
1 76 79
1 76 85
1 76 87
1 76 88
1 76 94
1 76 97
1 78 -1
2 0 -1
2 7 3
2 7 5
2 7 6
2 7 7
2 7 8
2 7 9
2 7 16
2 7 17
2 7 18
2 7 19
2 7 28
2 7 29
2 7 49
2 33 13
2 33 15
2 33 20
2 33 24
2 33 30
2 33 32
2 33 35
2 33 40
2 33 42
2 54 11
2 54 43
2 54 54
2 54 65
2 72 51
2 72 60
2 72 70
2 72 71
2 72 81
2 72 83
2 72 90
2 72 92
2 72 93
2 76 36
2 76 47
2 76 48
2 76 59
2 76 76
2 76 85
2 76 87
2 78 45
2 78 68
2 78 78
2 78 79
2 78 88
2 78 89
2 78 98
2 78 99
3 0 1
3 0 20
3 7 3
3 7 5
3 7 6
3 7 7
3 7 8
3 7 9
3 7 16
3 7 17
3 7 19
3 7 26
3 7 27
3 7 28
3 7 37
3 33 2
3 33 13
3 33 15
3 33 22
3 33 24
3 33 25
3 33 31
3 33 32
3 33 38
3 33 52
3 54 4
3 54 43
3 54 44
3 54 46
3 54 54
3 54 55
3 54 64
3 72 50
3 72 60
3 72 62
3 72 63
3 72 70
3 72 71
3 72 73
3 72 80
3 72 81
3 72 82
3 72 83
3 72 90
3 72 91
3 72 94
3 76 36
3 76 47
3 76 56
3 76 59
3 76 66
3 76 75
3 76 77
3 76 86
3 76 87
3 76 96
3 76 97
3 78 45
3 78 57
3 78 67
3 78 69
3 78 78
3 78 79
3 78 88
3 78 89
3 78 98
3 78 99
4 0 0
4 0 1
4 0 12
4 0 30
4 4 -1
4 7 5
4 7 7
4 7 9
4 7 16
4 7 17
4 7 18
4 7 19
4 7 26
4 7 27
4 7 28
4 7 29
4 7 37
4 7 39
4 7 49
4 15 -1
4 19 -1
4 33 13
4 33 14
4 33 15
4 33 21
4 33 23
4 33 25
4 33 31
4 33 32
4 33 33
4 33 34
4 33 35
4 33 38
4 33 41
4 33 42
4 33 52
4 39 -1
4 41 -1
4 45 -1
4 50 -1
4 54 4
4 54 43
4 54 44
4 54 46
4 54 53
4 54 54
4 54 55
4 54 64
4 54 65
4 54 74
4 72 51
4 72 61
4 72 62
4 72 63
4 72 70
4 72 71
4 72 72
4 72 73
4 72 81
4 72 83
4 72 84
4 72 90
4 72 91
4 72 92
4 72 93
4 72 94
4 76 36
4 76 48
4 76 59
4 76 66
4 76 77
4 76 86
4 76 87
4 77 -1
4 78 45
4 78 67
4 78 68
4 78 69
4 78 78
4 78 88
4 78 89
4 78 99
4 79 -1
4 81 -1
4 88 -1
4 89 -1
5 0 0
5 0 1
5 0 10
5 0 11
5 0 12
5 4 2
5 4 3
5 4 4
5 4 13
5 4 37
5 7 7
5 7 17
5 7 27
5 15 5
5 15 15
5 15 25
5 19 8
5 19 9
5 19 18
5 19 19
5 33 21
5 33 24
5 33 32
5 33 33
5 39 28
5 39 29
5 39 38
5 39 39
5 39 48
5 39 58
5 39 59
5 41 20
5 41 30
5 41 31
5 41 40
5 41 41
5 41 52
5 45 26
5 45 35
5 45 44
5 45 45
5 45 46
5 45 74
5 50 51
5 50 60
5 54 43
5 54 53
5 54 54
5 54 55
5 54 64
5 54 65
5 72 61
5 72 62
5 72 63
5 72 72
5 72 73
5 72 82
5 72 93
5 72 94
5 76 66
5 76 75
5 76 76
5 76 85
5 76 96
5 77 47
5 77 84
5 77 86
5 77 97
5 78 68
5 78 78
5 79 79
5 81 80
5 81 81
5 81 90
5 81 91
5 81 92
5 88 87
5 88 88
5 88 99
5 89 89
5 89 98
6 0 0
6 0 1
6 0 10
6 0 12
6 4 2
6 4 3
6 4 4
6 4 13
6 4 37
6 7 6
6 7 16
6 7 27
6 15 5
6 15 15
6 19 8
6 19 9
6 19 19
6 33 21
6 33 22
6 33 23
6 33 24
6 33 32
6 33 33
6 39 29
6 39 38
6 39 49
6 39 58
6 39 59
6 41 20
6 41 30
6 41 31
6 41 40
6 41 41
6 41 42
6 41 52
6 45 26
6 45 44
6 45 46
6 45 57
6 45 74
6 50 50
6 50 51
6 50 60
6 50 70
6 54 54
6 54 55
6 54 64
6 72 61
6 72 62
6 72 72
6 72 73
6 72 83
6 72 93
6 72 94
6 76 66
6 76 95
6 77 47
6 77 56
6 77 67
6 77 77
6 77 86
6 77 97
6 78 68
6 78 78
6 79 69
6 79 79
6 81 81
6 81 90
6 81 91
6 81 92
6 88 88
6 89 98
7 0 0
7 0 1
7 0 10
7 0 11
7 4 2
7 4 4
7 4 13
7 4 14
7 4 37
7 7 6
7 7 16
7 7 17
7 15 15
7 19 8
7 19 18
7 19 19
7 33 21
7 33 22
7 33 23
7 33 24
7 33 33
7 39 28
7 39 29
7 39 38
7 39 39
7 39 48
7 39 49
7 39 58
7 41 20
7 41 30
7 41 31
7 41 41
7 41 52
7 45 35
7 45 36
7 45 44
7 45 45
7 45 46
7 45 74
7 50 50
7 50 51
7 50 60
7 54 53
7 54 54
7 54 55
7 54 64
7 54 65
7 72 61
7 72 62
7 72 63
7 72 71
7 72 72
7 72 73
7 72 83
7 72 94
7 76 66
7 76 85
7 77 56
7 77 67
7 77 77
7 77 84
7 77 97
7 78 78
7 79 79
7 81 81
7 81 90
7 81 91
7 81 92
7 88 88
7 89 89
8 0 0
8 0 12
8 4 3
8 4 4
8 4 13
8 7 7
8 7 17
8 7 27
8 15 5
8 15 25
8 19 8
8 19 18
8 19 19
8 33 21
8 33 23
8 33 32
8 39 28
8 39 29
8 39 39
8 39 49
8 39 59
8 41 40
8 41 42
8 45 34
8 45 44
8 45 45
8 45 57
8 45 74
8 50 50
8 50 51
8 50 60
8 50 70
8 54 53
8 54 55
8 54 64
8 72 61
8 72 62
8 72 63
8 72 72
8 72 73
8 72 82
8 72 93
8 72 94
8 76 75
8 76 76
8 76 85
8 76 96
8 77 47
8 77 56
8 78 78
8 79 79
8 81 90
8 81 91
8 81 92
8 88 87
8 88 99
8 89 89
8 89 98
9 0 10
9 0 11
9 0 12
9 4 3
9 4 4
9 4 14
9 4 37
9 7 7
9 15 5
9 15 25
9 19 8
9 19 9
9 19 18
9 19 19
9 33 21
9 39 29
9 39 39
9 39 48
9 39 49
9 39 58
9 39 59
9 41 30
9 41 31
9 41 41
9 41 42
9 41 52
9 45 46
9 45 57
9 45 74
9 50 -1
9 54 43
9 54 53
9 54 55
9 72 71
9 72 72
9 72 83
9 72 94
9 76 85
9 77 47
9 77 56
9 77 67
9 77 84
9 77 86
9 78 -1
9 79 69
9 79 79
9 81 81
9 81 90
9 81 92
9 88 87
9 88 88
9 88 99
9 89 89
9 89 98
10 0 -1
10 4 -1
10 7 16
10 15 15
10 19 9
10 19 19
10 33 23
10 33 24
10 33 32
10 39 49
10 39 58
10 39 59
10 41 -1
10 45 26
10 45 34
10 45 36
10 45 57
10 45 74
10 50 60
10 54 43
10 54 65
10 72 61
10 72 63
10 72 82
10 76 66
10 76 96
10 77 77
10 77 84
10 77 86
10 77 97
10 78 78
10 79 69
10 79 79
10 81 81
10 81 90
10 88 87
10 89 98
11 0 -1
11 4 3
11 4 13
11 7 17
11 15 -1
11 19 -1
11 33 -1
11 39 58
11 41 42
11 45 -1
11 50 -1
11 54 53
11 54 65
11 72 -1
11 76 -1
11 77 84
11 78 -1
11 79 -1
11 81 -1
11 88 -1
11 89 -1
--- Done ---
