0 7 -1
0 44 87
0 48 78
0 48 79
0 48 88
0 48 89
0 48 98
1 7 2
1 44 20
1 44 94
1 44 8
1 44 13
1 44 31
1 44 50
1 44 87
1 44 24
1 44 40
1 44 42
1 44 39
1 44 44
1 44 74
1 48 79
1 48 88
1 48 5
1 48 18
1 48 78
1 48 89
1 48 6
1 48 25
1 48 26
1 48 67
1 48 76
1 48 27
1 48 35
1 66 85
1 66 97
1 66 99
1 66 62
1 66 72
1 70 30
1 70 90
2 7 9
2 7 7
2 7 8
2 7 16
2 44 11
2 44 20
2 48 79
2 48 88
2 48 5
2 48 18
2 48 19
2 48 59
2 48 78
2 48 89
2 48 98
2 48 6
2 48 28
2 48 29
2 66 85
2 66 99
2 66 3
2 66 54
2 66 87
2 66 24
2 66 36
2 66 45
2 66 49
2 66 65
2 66 76
2 66 15
2 66 17
2 66 32
2 66 35
2 66 40
2 66 42
2 66 47
2 66 48
2 66 81
2 66 83
2 66 68
2 70 30
2 70 70
2 70 90
2 70 13
2 70 51
2 70 60
2 70 71
2 70 92
2 70 93
2 70 43
3 7 2
3 7 9
3 7 4
3 7 5
3 7 7
3 7 8
3 7 16
3 7 19
3 7 26
3 7 38
3 7 15
3 7 27
3 7 28
3 7 37
3 7 44
3 7 47
3 7 55
3 7 43
3 44 1
3 44 20
3 44 94
3 44 13
3 44 31
3 44 50
3 44 54
3 44 60
3 44 71
3 44 80
3 44 87
3 44 6
3 44 24
3 44 32
3 44 36
3 44 45
3 44 46
3 44 57
3 44 63
3 44 66
3 44 67
3 44 77
3 44 81
3 44 83
3 44 17
3 44 25
3 48 79
3 48 88
3 48 98
3 48 52
3 48 56
3 48 73
3 66 86
3 66 97
3 66 99
3 66 3
3 66 59
3 66 62
3 66 64
3 66 69
3 66 75
3 66 78
3 66 82
3 66 89
3 66 96
3 66 22
3 70 70
3 70 90
3 70 91
4 7 9
4 7 5
4 7 7
4 7 18
4 7 19
4 7 43
4 44 0
4 44 1
4 44 12
4 44 4
4 44 13
4 44 14
4 44 16
4 44 21
4 44 23
4 44 31
4 44 33
4 44 87
4 44 25
4 44 28
4 44 36
4 44 45
4 44 46
4 44 67
4 44 77
4 48 78
4 48 89
4 66 99
4 66 59
4 66 62
4 66 69
4 66 86
4 66 26
4 66 29
4 66 38
4 66 49
4 66 15
4 66 17
4 66 27
4 66 32
4 66 34
4 66 35
4 66 37
4 66 39
4 66 42
4 66 44
4 66 48
4 66 53
4 66 54
4 66 55
4 66 64
4 66 65
4 70 30
4 70 70
4 70 41
4 70 51
4 70 61
4 70 52
4 70 63
4 70 68
4 70 71
4 70 72
4 70 73
4 70 74
4 70 81
4 70 83
4 70 90
4 70 91
4 70 93
4 92 88
4 92 94
4 92 66
4 92 84
4 92 92
5 7 2
5 7 9
5 7 7
5 7 37
5 7 39
5 7 43
5 7 48
5 7 55
5 7 68
5 44 0
5 44 1
5 44 11
5 44 12
5 44 20
5 44 4
5 44 8
5 44 10
5 44 13
5 44 21
5 44 31
5 44 33
5 44 87
5 44 94
5 44 24
5 44 28
5 44 45
5 44 46
5 44 58
5 44 76
5 44 15
5 44 17
5 44 27
5 44 40
5 48 79
5 48 5
5 48 18
5 48 19
5 48 59
5 48 78
5 48 88
5 48 89
5 48 25
5 66 97
5 66 99
5 66 3
5 66 62
5 66 85
5 66 86
5 66 98
5 66 26
5 66 29
5 66 38
5 66 96
5 66 32
5 66 35
5 66 44
5 66 47
5 70 30
5 70 90
5 70 91
5 70 41
5 70 80
5 70 81
5 70 82
5 70 92
5 70 93
5 92 53
5 92 54
5 92 64
5 92 65
5 92 66
5 92 75
5 92 84
5 92 51
5 92 52
5 92 60
5 92 61
5 92 63
5 92 72
5 92 73
5 92 74
6 7 2
6 7 9
6 7 3
6 7 5
6 7 19
6 7 15
6 7 27
6 7 29
6 7 37
6 7 38
6 7 44
6 7 47
6 7 49
6 7 55
6 7 68
6 44 0
6 44 1
6 44 12
6 44 20
6 44 4
6 44 8
6 44 10
6 44 13
6 44 16
6 44 21
6 44 23
6 44 31
6 44 33
6 44 50
6 44 94
6 44 6
6 44 24
6 48 79
6 48 59
6 48 69
6 48 78
6 48 88
6 48 98
6 48 66
6 66 97
6 66 62
6 66 86
6 66 95
6 66 22
6 66 32
6 66 40
6 66 42
6 66 46
6 66 54
6 66 57
6 66 58
6 66 64
6 66 67
6 66 77
6 66 26
6 70 30
6 70 70
6 70 90
6 70 91
6 70 41
6 70 51
6 70 60
6 70 61
6 70 56
6 70 72
6 70 81
6 70 83
6 70 93
6 70 52
6 70 73
6 70 74
6 92 92
7 7 2
7 7 18
7 7 19
7 44 0
7 44 1
7 44 11
7 44 20
7 44 4
7 44 8
7 44 10
7 44 13
7 44 14
7 44 16
7 44 21
7 44 23
7 44 31
7 44 33
7 44 50
7 44 94
7 44 6
7 44 22
7 44 24
7 48 79
7 48 78
7 48 88
7 48 89
7 48 28
7 48 36
7 48 45
7 48 46
7 48 58
7 48 67
7 48 77
7 48 15
7 48 17
7 48 29
7 48 35
7 48 37
7 48 38
7 48 39
7 48 44
7 48 48
7 48 49
7 48 55
7 48 65
7 66 97
7 66 85
7 66 53
7 66 54
7 66 64
7 66 84
7 66 66
7 70 30
7 70 62
7 70 90
7 70 91
7 70 41
7 70 51
7 70 60
7 70 61
7 70 71
7 70 56
7 70 63
7 70 52
7 70 72
7 70 73
7 70 74
7 70 81
7 70 83
7 92 92
8 7 7
8 7 18
8 7 19
8 44 0
8 44 12
8 44 4
8 44 8
8 44 13
8 44 21
8 44 23
8 44 50
8 44 94
8 44 25
8 44 28
8 44 51
8 44 60
8 44 61
8 44 76
8 44 17
8 44 27
8 44 34
8 44 39
8 44 44
8 44 47
8 44 55
8 48 79
8 48 5
8 66 99
8 66 3
8 66 59
8 66 62
8 66 78
8 66 85
8 66 87
8 66 89
8 66 98
8 66 29
8 66 32
8 66 40
8 66 42
8 66 45
8 66 49
8 66 53
8 66 57
8 66 64
8 66 72
8 66 75
8 66 82
8 70 70
8 70 90
8 70 91
8 70 93
8 70 56
8 70 63
8 70 73
8 70 74
8 92 92
8 92 96
9 7 9
9 7 7
9 7 18
9 7 19
9 44 11
9 44 12
9 44 4
9 44 8
9 44 10
9 44 14
9 44 21
9 44 31
9 44 87
9 44 94
9 44 25
9 44 41
9 44 42
9 44 46
9 44 53
9 44 57
9 44 58
9 44 67
9 44 71
9 44 84
9 44 37
9 44 39
9 44 43
9 48 79
9 48 5
9 48 59
9 48 69
9 48 88
9 48 89
9 48 98
9 48 29
9 48 49
9 48 47
9 48 48
9 48 55
9 48 56
9 48 52
9 48 74
9 66 99
9 66 3
9 66 85
9 66 86
9 66 72
9 66 81
9 66 83
9 70 30
9 70 90
9 92 92
10 7 9
10 7 16
10 7 19
10 44 -1
10 48 79
10 66 97
10 66 23
10 66 59
10 66 69
10 66 78
10 66 86
10 66 87
10 66 98
10 66 24
10 66 26
10 66 32
10 66 36
10 66 49
10 66 57
10 66 58
10 66 77
10 66 82
10 66 84
10 66 96
10 66 15
10 66 34
10 66 63
10 66 65
10 66 66
10 66 81
10 66 74
10 70 90
10 70 60
10 70 61
10 70 43
10 92 -1
11 7 3
11 44 13
11 44 42
11 44 53
11 44 58
11 44 84
11 44 17
11 44 65
11 48 -1
11 66 -1
11 70 -1
11 92 -1
--- Done ---
