0 7 -1
0 54 89
0 76 78
0 76 79
0 76 87
0 76 88
0 76 98
1 7 5
1 7 6
1 7 8
1 7 18
1 7 27
1 7 39
1 7 2
1 7 24
1 7 26
1 7 35
1 7 44
1 7 25
1 33 20
1 33 30
1 33 31
1 33 13
1 33 40
1 33 42
1 33 62
1 54 89
1 54 72
1 76 76
1 77 99
1 77 67
1 77 78
1 77 79
1 77 85
1 77 87
1 77 88
1 77 97
1 77 74
1 81 50
1 81 90
1 81 94
2 7 3
2 7 5
2 7 7
2 7 8
2 7 9
2 7 18
2 7 19
2 7 28
2 7 29
2 7 49
2 7 6
2 7 16
2 7 17
2 7 15
2 7 24
2 7 48
2 7 35
2 33 20
2 33 30
2 33 40
2 33 70
2 33 13
2 33 32
2 33 42
2 33 43
2 33 45
2 33 51
2 33 65
2 44 11
2 54 89
2 54 76
2 54 54
2 76 59
2 76 68
2 76 78
2 76 79
2 76 83
2 76 85
2 76 87
2 76 88
2 76 98
2 76 36
2 76 47
2 77 99
2 81 81
2 81 90
2 81 92
2 81 93
2 81 60
2 81 71
3 7 5
3 7 7
3 7 8
3 7 9
3 7 19
3 7 28
3 7 3
3 7 16
3 7 17
3 7 26
3 7 27
3 7 37
3 7 2
3 7 6
3 7 15
3 7 24
3 11 1
3 11 4
3 11 20
3 11 31
3 11 22
3 11 13
3 11 32
3 33 38
3 33 43
3 44 44
3 54 89
3 54 54
3 76 59
3 76 67
3 76 83
3 76 47
3 76 86
3 76 36
3 76 56
3 76 57
3 76 66
3 76 71
3 76 75
3 76 94
3 76 45
3 76 63
3 76 73
3 76 46
3 76 55
3 76 64
3 76 25
3 77 99
3 77 69
3 77 77
3 77 78
3 77 79
3 77 87
3 77 88
3 77 96
3 77 97
3 77 98
3 81 81
3 81 90
3 81 91
3 81 60
3 81 70
3 81 80
3 81 82
3 81 50
3 81 62
3 81 52
4 7 5
4 7 7
4 7 9
4 7 18
4 7 19
4 7 28
4 7 29
4 7 39
4 7 49
4 7 16
4 7 17
4 7 26
4 7 27
4 7 37
4 7 15
4 7 48
4 7 35
4 7 14
4 7 25
4 11 1
4 11 4
4 11 12
4 11 21
4 11 30
4 11 31
4 11 0
4 11 13
4 11 23
4 11 32
4 11 34
4 11 42
4 11 46
4 33 38
4 33 41
4 33 33
4 44 44
4 54 89
4 54 83
4 54 36
4 54 43
4 54 45
4 54 51
4 54 53
4 54 54
4 76 59
4 76 78
4 77 99
4 77 67
4 77 68
4 77 69
4 77 77
4 77 87
4 77 88
4 77 86
4 77 66
4 81 61
4 81 81
4 81 90
4 81 91
4 81 92
4 81 93
4 81 70
4 81 72
4 81 71
4 81 94
4 81 62
4 81 63
4 81 64
4 81 73
4 81 74
4 81 84
4 81 52
4 81 55
4 81 65
5 7 5
5 7 7
5 7 8
5 7 9
5 7 18
5 7 19
5 7 28
5 7 29
5 7 39
5 7 3
5 7 17
5 7 26
5 7 27
5 7 37
5 7 2
5 7 15
5 7 24
5 7 48
5 7 35
5 11 1
5 11 10
5 11 4
5 11 11
5 11 12
5 11 20
5 11 21
5 11 30
5 11 31
5 11 0
5 11 40
5 33 38
5 33 41
5 33 33
5 33 43
5 33 51
5 33 53
5 33 45
5 33 13
5 33 32
5 33 52
5 33 55
5 33 65
5 33 25
5 33 46
5 44 44
5 54 89
5 54 54
5 76 59
5 76 58
5 76 68
5 76 78
5 76 79
5 76 85
5 76 87
5 76 88
5 76 96
5 76 47
5 76 76
5 77 99
5 77 97
5 77 98
5 77 86
5 77 66
5 77 75
5 81 61
5 81 81
5 81 90
5 81 91
5 81 92
5 81 93
5 81 60
5 81 72
5 81 80
5 81 82
5 81 62
5 81 94
5 81 63
5 81 64
5 81 73
5 81 74
5 81 84
6 7 5
6 7 8
6 7 9
6 7 19
6 7 29
6 7 49
6 7 3
6 7 16
6 7 26
6 7 27
6 7 37
6 7 2
6 7 6
6 7 15
6 7 24
6 11 1
6 11 10
6 11 4
6 11 12
6 11 20
6 11 21
6 11 30
6 11 31
6 11 0
6 11 22
6 11 40
6 11 50
6 11 13
6 11 23
6 11 32
6 11 42
6 11 52
6 33 38
6 33 41
6 33 33
6 33 51
6 44 44
6 54 69
6 54 66
6 54 54
6 76 59
6 76 58
6 76 67
6 76 68
6 76 78
6 76 79
6 76 83
6 76 88
6 76 97
6 76 98
6 76 47
6 76 86
6 76 94
6 76 95
6 76 56
6 76 57
6 76 46
6 77 77
6 81 61
6 81 81
6 81 90
6 81 91
6 81 92
6 81 93
6 81 60
6 81 70
6 81 72
6 81 62
6 81 74
6 81 64
6 81 73
6 81 55
7 7 8
7 7 18
7 7 19
7 7 28
7 7 29
7 7 39
7 7 49
7 7 16
7 7 17
7 7 37
7 7 15
7 7 24
7 7 35
7 7 48
7 11 1
7 11 10
7 11 4
7 11 11
7 11 20
7 11 21
7 11 30
7 11 31
7 11 0
7 11 2
7 11 6
7 11 22
7 11 50
7 11 13
7 11 23
7 11 14
7 11 52
7 11 46
7 33 38
7 33 41
7 33 33
7 33 51
7 33 53
7 44 44
7 54 89
7 54 54
7 76 58
7 76 67
7 76 78
7 76 79
7 76 83
7 76 85
7 76 88
7 76 97
7 76 36
7 76 45
7 76 56
7 76 66
7 77 77
7 81 61
7 81 81
7 81 90
7 81 91
7 81 92
7 81 60
7 81 72
7 81 62
7 81 71
7 81 94
7 81 74
7 81 84
7 81 63
7 81 64
7 81 73
7 81 55
7 81 65
8 7 5
8 7 7
8 7 8
8 7 18
8 7 19
8 7 28
8 7 29
8 7 39
8 7 49
8 7 3
8 7 17
8 7 27
8 7 25
8 11 12
8 11 21
8 11 0
8 11 40
8 11 13
8 11 23
8 11 32
8 11 34
8 11 42
8 33 -1
8 44 44
8 54 89
8 54 4
8 54 51
8 54 53
8 54 45
8 76 59
8 76 76
8 77 99
8 77 78
8 77 79
8 77 85
8 77 87
8 77 96
8 77 98
8 77 47
8 77 56
8 77 57
8 77 75
8 81 61
8 81 90
8 81 91
8 81 92
8 81 93
8 81 60
8 81 70
8 81 72
8 81 82
8 81 50
8 81 62
8 81 94
8 81 74
8 81 63
8 81 64
8 81 73
8 81 55
9 7 5
9 7 7
9 7 8
9 7 9
9 7 18
9 7 19
9 7 29
9 7 39
9 7 49
9 7 3
9 7 37
9 7 48
9 7 14
9 7 25
9 11 10
9 11 4
9 11 11
9 11 12
9 11 21
9 11 30
9 11 31
9 33 41
9 44 -1
9 54 89
9 54 83
9 54 43
9 54 53
9 54 42
9 54 52
9 76 59
9 77 99
9 77 58
9 77 67
9 77 69
9 77 79
9 77 85
9 77 87
9 77 88
9 77 98
9 77 47
9 77 86
9 77 56
9 77 57
9 77 74
9 77 84
9 77 46
9 77 55
9 81 81
9 81 90
9 81 92
9 81 72
9 81 71
9 81 94
10 7 9
10 7 19
10 7 49
10 7 16
10 7 26
10 7 15
10 7 24
10 11 -1
10 33 -1
10 44 -1
10 54 69
10 54 43
10 54 23
10 54 32
10 54 34
10 76 59
10 76 58
10 76 78
10 76 79
10 76 87
10 76 96
10 76 97
10 76 98
10 76 36
10 76 86
10 76 57
10 76 66
10 76 63
10 76 65
10 77 77
10 81 61
10 81 81
10 81 90
10 81 60
10 81 82
10 81 74
10 81 84
11 7 3
11 7 17
11 11 -1
11 33 53
11 33 13
11 33 42
11 33 65
11 44 84
11 54 -1
11 76 58
11 77 -1
11 81 -1
--- Done ---
