0 7 78
0 7 79
0 7 87
0 7 88
0 7 89
0 7 98
0 63 -1
0 87 -1
1 7 2
1 7 5
1 7 6
1 7 8
1 7 13
1 7 18
1 7 24
1 7 25
1 7 26
1 7 27
1 7 35
1 7 39
1 22 -1
1 27 -1
1 41 -1
1 63 20
1 63 30
1 63 31
1 63 40
1 63 42
1 63 44
1 63 50
1 63 62
1 63 72
1 63 74
1 63 90
1 63 94
1 87 67
1 87 76
1 87 78
1 87 79
1 87 85
1 87 87
1 87 88
1 87 89
1 87 97
1 87 99
1 91 -1
2 7 5
2 7 6
2 7 7
2 7 8
2 7 9
2 7 15
2 7 19
2 7 24
2 7 35
2 7 48
2 17 -1
2 22 11
2 22 13
2 22 32
2 27 16
2 27 17
2 27 18
2 27 28
2 27 29
2 27 36
2 27 47
2 27 49
2 27 68
2 36 -1
2 41 3
2 41 20
2 41 30
2 41 40
2 41 42
2 41 45
2 41 51
2 41 60
2 59 -1
2 63 43
2 63 54
2 63 65
2 69 -1
2 87 59
2 87 76
2 87 78
2 87 79
2 87 85
2 87 87
2 87 88
2 87 89
2 87 98
2 87 99
2 89 -1
2 91 70
2 91 71
2 91 81
2 91 83
2 91 90
2 91 92
2 91 93
3 3 -1
3 7 6
3 7 7
3 7 9
3 9 -1
3 14 -1
3 17 5
3 17 8
3 17 15
3 17 16
3 17 17
3 17 19
3 22 1
3 22 2
3 22 4
3 22 13
3 22 22
3 22 32
3 27 26
3 27 27
3 27 28
3 27 37
3 27 38
3 27 55
3 30 -1
3 32 -1
3 36 24
3 36 25
3 36 36
3 36 45
3 36 46
3 41 3
3 41 20
3 41 31
3 41 50
3 41 52
3 41 60
3 49 -1
3 59 47
3 59 59
3 63 43
3 63 44
3 63 54
3 63 62
3 63 63
3 63 64
3 63 73
3 63 75
3 63 94
3 67 -1
3 69 56
3 69 57
3 69 69
3 85 -1
3 87 66
3 87 67
3 87 77
3 87 78
3 87 86
3 87 87
3 87 96
3 87 97
3 89 79
3 89 88
3 89 89
3 89 98
3 89 99
3 91 70
3 91 71
3 91 80
3 91 81
3 91 82
3 91 83
3 91 90
3 91 91
3 92 -1
3 97 -1
4 3 4
4 3 13
4 7 7
4 9 9
4 9 18
4 14 5
4 14 14
4 14 15
4 14 25
4 14 34
4 17 16
4 17 17
4 17 19
4 17 29
4 22 1
4 22 12
4 22 23
4 22 33
4 27 26
4 27 27
4 27 28
4 27 37
4 30 21
4 30 30
4 30 31
4 32 0
4 32 32
4 32 42
4 32 43
4 36 35
4 36 36
4 36 45
4 36 46
4 41 41
4 41 51
4 41 52
4 49 38
4 49 39
4 49 48
4 49 49
4 59 59
4 63 44
4 63 53
4 63 54
4 63 62
4 63 63
4 63 64
4 63 72
4 63 73
4 67 55
4 67 66
4 67 67
4 69 68
4 69 69
4 85 65
4 85 74
4 85 84
4 85 86
4 85 94
4 87 77
4 87 78
4 87 87
4 89 88
4 89 89
4 89 99
4 91 61
4 91 70
4 91 71
4 91 81
4 91 90
4 91 91
4 92 83
4 92 92
4 92 93
4 97 -1
5 3 2
5 3 3
5 3 4
5 3 13
5 3 24
5 7 7
5 9 8
5 9 9
5 9 18
5 14 5
5 14 15
5 14 25
5 17 17
5 17 19
5 17 29
5 22 1
5 22 12
5 22 33
5 27 26
5 27 27
5 27 28
5 27 37
5 30 10
5 30 20
5 30 21
5 30 30
5 30 31
5 30 40
5 32 0
5 32 11
5 32 32
5 32 43
5 36 35
5 36 45
5 36 46
5 41 41
5 41 51
5 41 52
5 41 60
5 49 38
5 49 39
5 49 47
5 49 48
5 59 59
5 63 44
5 63 53
5 63 54
5 63 62
5 63 63
5 63 64
5 63 72
5 63 73
5 67 55
5 67 66
5 67 76
5 69 58
5 69 68
5 85 65
5 85 74
5 85 75
5 85 84
5 85 85
5 85 86
5 85 94
5 87 78
5 87 87
5 89 79
5 89 88
5 89 89
5 89 99
5 91 61
5 91 80
5 91 81
5 91 90
5 91 91
5 92 82
5 92 92
5 92 93
5 97 96
5 97 97
5 97 98
6 3 2
6 3 3
6 3 4
6 3 13
6 3 24
6 7 6
6 9 8
6 9 9
6 14 5
6 14 15
6 17 16
6 17 19
6 17 29
6 22 1
6 22 12
6 22 22
6 22 23
6 22 33
6 27 26
6 27 27
6 27 37
6 30 10
6 30 20
6 30 21
6 30 30
6 30 31
6 30 40
6 32 0
6 32 32
6 32 42
6 36 46
6 41 41
6 41 50
6 41 51
6 41 52
6 41 60
6 49 38
6 49 47
6 49 49
6 59 59
6 63 44
6 63 54
6 63 62
6 63 64
6 63 72
6 63 73
6 67 55
6 67 57
6 67 66
6 67 67
6 69 56
6 69 58
6 69 68
6 69 69
6 85 74
6 85 86
6 85 94
6 85 95
6 87 77
6 87 78
6 89 79
6 89 88
6 91 61
6 91 70
6 91 81
6 91 90
6 91 91
6 92 83
6 92 92
6 92 93
6 97 97
6 97 98
7 3 2
7 3 4
7 3 13
7 3 24
7 7 6
7 9 8
7 9 18
7 14 14
7 14 15
7 17 16
7 17 17
7 17 19
7 17 29
7 22 1
7 22 22
7 22 23
7 22 33
7 27 28
7 27 37
7 30 10
7 30 20
7 30 21
7 30 30
7 30 31
7 32 0
7 32 11
7 36 35
7 36 36
7 36 45
7 36 46
7 41 41
7 41 50
7 41 51
7 41 52
7 41 60
7 49 38
7 49 39
7 49 48
7 49 49
7 59 -1
7 63 44
7 63 53
7 63 54
7 63 62
7 63 63
7 63 64
7 63 72
7 63 73
7 67 55
7 67 66
7 67 67
7 69 56
7 69 58
7 85 65
7 85 74
7 85 84
7 85 85
7 85 94
7 87 77
7 87 78
7 89 79
7 89 88
7 89 89
7 91 61
7 91 71
7 91 81
7 91 90
7 91 91
7 92 83
7 92 92
7 97 97
8 3 3
8 3 4
8 3 13
8 7 7
8 9 8
8 9 18
8 14 5
8 14 25
8 14 34
8 17 17
8 17 19
8 17 29
8 22 12
8 22 23
8 27 27
8 27 28
8 30 21
8 30 40
8 32 0
8 32 32
8 32 42
8 36 45
8 41 50
8 41 51
8 41 60
8 49 39
8 49 47
8 49 49
8 59 59
8 63 44
8 63 53
8 63 62
8 63 63
8 63 64
8 63 72
8 63 73
8 67 55
8 67 57
8 67 76
8 69 56
8 85 74
8 85 75
8 85 85
8 85 94
8 87 78
8 87 87
8 89 79
8 89 89
8 89 99
8 91 61
8 91 70
8 91 90
8 91 91
8 92 82
8 92 92
8 92 93
8 97 96
8 97 98
9 3 3
9 3 4
9 7 7
9 9 8
9 9 9
9 9 18
9 14 5
9 14 14
9 14 25
9 17 19
9 17 29
9 22 12
9 27 37
9 30 10
9 30 21
9 30 30
9 30 31
9 32 11
9 32 42
9 32 43
9 36 46
9 41 41
9 41 52
9 49 39
9 49 47
9 49 48
9 49 49
9 59 59
9 63 53
9 63 72
9 67 55
9 67 57
9 67 67
9 69 56
9 69 58
9 69 69
9 85 74
9 85 84
9 85 85
9 85 86
9 85 94
9 87 87
9 89 79
9 89 88
9 89 89
9 89 99
9 91 71
9 91 81
9 91 90
9 92 83
9 92 92
9 97 98
10 3 24
10 7 -1
10 9 9
10 14 15
10 14 34
10 17 16
10 17 19
10 22 23
10 27 26
10 30 -1
10 32 32
10 32 43
10 36 36
10 41 60
10 49 49
10 59 59
10 63 63
10 67 57
10 67 66
10 69 58
10 69 69
10 85 65
10 85 74
10 85 84
10 85 86
10 87 77
10 87 78
10 87 87
10 89 79
10 91 61
10 91 81
10 91 90
10 92 82
10 97 96
10 97 97
10 97 98
11 3 3
11 3 13
11 7 -1
11 9 -1
11 14 -1
11 17 17
11 22 -1
11 27 -1
11 30 -1
11 32 42
11 36 -1
11 41 -1
11 49 -1
11 59 -1
11 63 53
11 67 -1
11 69 58
11 85 65
11 85 84
11 87 -1
11 89 -1
11 91 -1
11 92 -1
11 97 -1
--- Done ---
