0 4 -1
0 34 -1
0 58 78
0 58 79
0 58 87
0 58 88
0 58 89
0 58 98
1 4 2
1 4 5
1 4 6
1 4 13
1 4 18
1 4 24
1 4 25
1 4 26
1 4 30
1 4 31
1 4 35
1 34 20
1 34 27
1 34 50
1 34 62
1 34 76
1 34 78
1 58 8
1 58 39
1 58 67
1 58 79
1 58 85
1 58 89
1 84 40
1 84 42
1 84 44
1 84 72
1 84 74
1 84 87
1 84 88
1 84 90
1 84 94
1 84 97
1 84 99
2 4 3
2 4 5
2 4 6
2 4 7
2 4 9
2 4 11
2 4 13
2 4 15
2 4 17
2 4 18
2 4 24
2 4 30
2 4 32
2 4 35
2 4 36
2 4 48
2 4 71
2 34 20
2 34 29
2 34 42
2 34 43
2 34 51
2 34 54
2 34 59
2 58 8
2 58 16
2 58 19
2 58 28
2 58 45
2 58 47
2 58 49
2 58 68
2 58 76
2 58 79
2 58 85
2 58 87
2 58 88
2 58 89
2 58 98
2 58 99
2 84 40
2 84 60
2 84 65
2 84 70
2 84 78
2 84 81
2 84 83
2 84 90
2 84 92
2 84 93
3 4 1
3 4 2
3 4 3
3 4 4
3 4 5
3 4 6
3 4 7
3 4 9
3 4 13
3 4 15
3 4 16
3 4 17
3 4 22
3 4 24
3 4 25
3 4 26
3 4 31
3 4 32
3 4 36
3 4 44
3 4 52
3 4 71
3 34 20
3 34 27
3 34 37
3 34 43
3 34 45
3 34 46
3 34 50
3 34 54
3 34 55
3 34 63
3 34 64
3 34 66
3 34 75
3 34 79
3 34 86
3 34 99
3 58 8
3 58 19
3 58 28
3 58 38
3 58 47
3 58 56
3 58 67
3 58 78
3 58 88
3 58 89
3 58 96
3 58 98
3 84 57
3 84 59
3 84 60
3 84 62
3 84 69
3 84 70
3 84 73
3 84 77
3 84 80
3 84 81
3 84 82
3 84 83
3 84 87
3 84 90
3 84 91
3 84 94
3 84 97
4 4 0
4 4 1
4 4 4
4 4 5
4 4 7
4 4 9
4 4 12
4 4 13
4 4 14
4 4 15
4 4 16
4 4 17
4 4 18
4 4 21
4 4 23
4 4 26
4 4 32
4 4 33
4 4 35
4 4 37
4 4 48
4 4 52
4 4 71
4 27 19
4 27 27
4 27 28
4 27 36
4 27 38
4 27 39
4 27 45
4 27 46
4 27 49
4 27 68
4 34 25
4 34 29
4 34 30
4 34 31
4 34 34
4 34 41
4 34 42
4 34 44
4 34 51
4 34 54
4 34 55
4 34 61
4 34 64
4 34 65
4 34 66
4 34 72
4 34 86
4 34 99
4 58 78
4 58 89
4 84 43
4 84 53
4 84 59
4 84 62
4 84 63
4 84 67
4 84 69
4 84 70
4 84 73
4 84 74
4 84 77
4 84 81
4 84 83
4 84 84
4 84 87
4 84 88
4 84 90
4 84 91
4 84 92
4 84 93
4 84 94
5 4 0
5 4 1
5 4 2
5 4 3
5 4 4
5 4 5
5 4 7
5 4 9
5 4 11
5 4 12
5 4 13
5 4 15
5 4 17
5 4 21
5 4 24
5 4 25
5 4 30
5 4 31
5 4 32
5 4 33
5 4 37
5 4 44
5 4 52
5 27 8
5 27 18
5 27 19
5 27 20
5 27 26
5 27 27
5 27 28
5 27 29
5 27 35
5 27 38
5 27 45
5 27 46
5 27 59
5 27 74
5 27 79
5 34 10
5 34 39
5 34 41
5 34 51
5 34 53
5 34 54
5 34 55
5 34 61
5 34 63
5 34 64
5 34 65
5 34 66
5 34 68
5 34 72
5 34 75
5 34 86
5 58 47
5 58 58
5 58 78
5 58 89
5 58 92
5 58 96
5 58 97
5 58 98
5 58 99
5 84 40
5 84 43
5 84 48
5 84 60
5 84 62
5 84 73
5 84 76
5 84 80
5 84 81
5 84 82
5 84 84
5 84 85
5 84 87
5 84 88
5 84 90
5 84 91
5 84 93
5 84 94
6 4 0
6 4 1
6 4 2
6 4 3
6 4 4
6 4 5
6 4 6
6 4 9
6 4 12
6 4 13
6 4 15
6 4 24
6 4 31
6 4 32
6 4 37
6 4 52
6 27 21
6 27 27
6 34 10
6 34 20
6 34 22
6 34 23
6 34 29
6 34 30
6 34 33
6 34 41
6 34 46
6 34 49
6 34 50
6 34 51
6 34 56
6 34 57
6 34 61
6 34 62
6 34 66
6 34 68
6 34 79
6 58 8
6 58 16
6 58 19
6 58 26
6 58 38
6 58 47
6 58 54
6 58 55
6 58 58
6 58 59
6 58 64
6 58 69
6 58 77
6 58 78
6 58 86
6 58 98
6 84 40
6 84 42
6 84 44
6 84 60
6 84 67
6 84 70
6 84 72
6 84 73
6 84 74
6 84 81
6 84 83
6 84 88
6 84 90
6 84 91
6 84 92
6 84 93
6 84 94
6 84 95
6 84 97
7 4 0
7 4 1
7 4 2
7 4 4
7 4 6
7 4 11
7 4 13
7 4 14
7 4 15
7 4 17
7 4 18
7 4 21
7 4 22
7 4 23
7 4 24
7 4 30
7 4 31
7 4 35
7 4 36
7 4 48
7 4 71
7 27 19
7 27 20
7 27 29
7 27 38
7 27 41
7 27 53
7 27 74
7 34 10
7 34 45
7 34 50
7 34 51
7 34 52
7 34 56
7 34 72
7 58 8
7 58 16
7 58 28
7 58 37
7 58 39
7 58 46
7 58 49
7 58 55
7 58 58
7 58 64
7 58 65
7 58 66
7 58 67
7 58 77
7 58 78
7 58 79
7 58 85
7 58 89
7 58 92
7 58 97
7 84 33
7 84 44
7 84 54
7 84 60
7 84 61
7 84 62
7 84 63
7 84 73
7 84 81
7 84 83
7 84 84
7 84 88
7 84 90
7 84 91
7 84 94
8 4 3
8 4 4
8 4 5
8 4 7
8 4 12
8 4 13
8 4 17
8 4 18
8 4 21
8 4 23
8 4 25
8 4 32
8 4 44
8 27 27
8 27 28
8 27 53
8 34 0
8 34 34
8 34 42
8 34 50
8 34 51
8 34 62
8 34 75
8 58 8
8 58 19
8 58 29
8 58 39
8 58 45
8 58 47
8 58 49
8 58 55
8 58 56
8 58 57
8 58 63
8 58 64
8 58 74
8 58 78
8 58 79
8 58 85
8 58 89
8 58 96
8 58 99
8 84 40
8 84 59
8 84 60
8 84 61
8 84 70
8 84 72
8 84 73
8 84 76
8 84 82
8 84 87
8 84 90
8 84 91
8 84 92
8 84 93
8 84 94
8 84 98
9 4 3
9 4 4
9 4 11
9 4 12
9 4 14
9 4 30
9 4 31
9 4 37
9 4 48
9 4 52
9 4 71
9 27 5
9 27 7
9 27 9
9 27 18
9 27 21
9 27 25
9 27 43
9 34 10
9 34 39
9 34 41
9 34 42
9 34 46
9 34 53
9 34 55
9 34 56
9 34 57
9 34 59
9 34 72
9 34 79
9 34 86
9 34 99
9 58 8
9 58 19
9 58 29
9 58 47
9 58 49
9 58 58
9 58 67
9 58 74
9 58 88
9 58 89
9 58 92
9 58 98
9 84 69
9 84 81
9 84 83
9 84 84
9 84 85
9 84 87
9 84 90
9 84 94
10 4 15
10 4 16
10 4 23
10 4 26
10 4 32
10 4 36
10 27 9
10 27 24
10 27 57
10 27 79
10 34 34
10 34 59
10 34 63
10 34 86
10 58 19
10 58 49
10 58 58
10 58 66
10 58 69
10 58 74
10 58 87
10 58 97
10 84 43
10 84 60
10 84 61
10 84 65
10 84 77
10 84 78
10 84 81
10 84 82
10 84 84
10 84 90
10 84 96
10 84 98
11 4 13
11 4 17
11 27 3
11 27 53
11 34 42
11 58 58
11 84 65
11 84 84
--- Done ---
