0 1 21
0 1 22
0 1 23
0 1 31
0 54 32
0 54 33
1 1 0
1 1 1
1 1 3
1 1 5
1 1 10
1 1 12
1 1 13
1 1 14
1 1 15
1 1 22
1 1 23
1 1 30
1 54 24
1 54 41
1 54 45
1 54 50
1 54 51
1 54 53
1 54 55
1 54 60
1 54 61
1 54 62
1 54 63
1 54 70
1 54 74
1 54 75
1 54 80
1 54 81
1 54 83
1 54 92
1 54 93
1 54 95
1 57 7
1 57 16
1 57 17
1 57 26
1 57 36
1 57 56
1 57 57
1 57 66
1 57 77
1 57 87
1 57 97
1 58 28
1 58 39
1 58 58
1 58 59
1 58 68
2 1 1
2 1 5
2 1 11
2 1 13
2 54 24
2 54 25
2 54 32
2 54 35
2 54 43
2 54 50
2 54 51
2 54 54
2 54 55
2 54 61
2 54 63
2 54 65
2 54 71
2 54 74
2 54 80
2 54 81
2 54 82
2 54 84
2 54 93
2 54 94
2 54 95
2 57 7
2 57 16
2 57 17
2 57 26
2 57 36
2 57 46
2 57 56
2 57 67
2 57 76
2 57 77
2 57 86
2 57 87
2 57 97
2 58 9
2 58 18
2 58 19
2 58 39
2 58 49
2 58 58
2 58 78
2 58 79
3 1 0
3 1 2
3 1 13
3 1 14
3 1 15
3 1 21
3 1 22
3 1 30
3 1 31
3 1 40
3 54 24
3 54 32
3 54 33
3 54 35
3 54 42
3 54 45
3 54 53
3 54 54
3 54 55
3 54 61
3 54 63
3 54 65
3 54 70
3 54 74
3 54 80
3 54 83
3 54 84
3 54 85
3 54 92
3 54 93
3 54 95
3 57 16
3 57 46
3 57 57
3 57 66
3 57 67
3 57 76
3 57 96
3 58 18
3 58 38
3 58 39
3 58 58
3 58 68
4 1 0
4 1 1
4 1 3
4 1 4
4 1 5
4 1 6
4 1 12
4 1 15
4 1 21
4 1 31
4 54 24
4 54 34
4 54 41
4 54 43
4 54 45
4 54 50
4 54 60
4 54 61
4 54 65
4 54 70
4 54 71
4 54 73
4 54 75
4 54 80
4 54 82
4 54 93
4 54 94
4 54 95
4 57 7
4 57 16
4 57 17
4 57 46
4 57 47
4 57 77
4 57 86
4 57 96
4 57 97
4 58 8
4 58 19
4 58 38
4 58 39
4 58 58
4 58 69
4 58 88
4 58 89
4 58 98
4 58 99
5 1 2
5 1 3
5 1 5
5 1 10
5 1 14
5 1 15
5 1 21
5 1 22
5 1 30
5 1 31
5 1 40
5 54 25
5 54 34
5 54 35
5 54 41
5 54 43
5 54 44
5 54 45
5 54 53
5 54 60
5 54 61
5 54 63
5 54 70
5 54 72
5 54 80
5 54 84
5 54 85
5 57 46
5 57 47
5 57 56
5 57 57
5 57 67
5 57 76
5 57 96
5 57 97
5 58 18
5 58 28
5 58 39
5 58 48
5 58 49
5 58 58
5 58 59
5 58 69
5 58 78
5 58 88
6 1 2
6 1 6
6 1 10
6 1 22
6 1 23
6 1 40
6 54 24
6 54 33
6 54 35
6 54 42
6 54 43
6 54 45
6 54 51
6 54 52
6 54 55
6 54 61
6 54 62
6 54 63
6 54 64
6 54 65
6 54 73
6 54 74
6 54 75
6 54 80
6 54 81
6 54 83
6 54 84
6 54 90
6 54 94
6 57 7
6 57 16
6 57 17
6 57 27
6 57 36
6 57 46
6 57 47
6 57 56
6 57 66
6 58 9
6 58 28
6 58 29
6 58 38
6 58 39
6 58 48
6 58 78
6 58 88
6 58 89
7 1 3
7 1 4
7 1 11
7 1 13
7 1 14
7 1 15
7 1 21
7 54 25
7 54 32
7 54 33
7 54 41
7 54 42
7 54 51
7 54 52
7 54 54
7 54 60
7 54 62
7 54 63
7 54 64
7 54 72
7 54 73
7 54 75
7 54 83
7 54 93
7 54 94
7 54 95
7 57 16
7 57 17
7 57 26
7 57 36
7 57 37
7 57 56
7 57 67
7 57 76
7 57 86
7 57 96
7 57 97
7 58 8
7 58 19
7 58 29
7 58 39
7 58 48
7 58 49
7 58 69
7 58 78
7 58 79
7 58 99
8 1 5
8 1 10
8 1 11
8 1 12
8 1 13
8 1 14
8 1 15
8 1 20
8 1 21
8 1 22
8 1 31
8 54 25
8 54 32
8 54 33
8 54 34
8 54 35
8 54 41
8 54 42
8 54 43
8 54 44
8 54 51
8 54 53
8 54 54
8 54 55
8 54 61
8 54 63
8 54 72
8 54 73
8 54 74
8 54 80
8 54 83
8 54 84
8 57 7
8 57 17
8 57 36
8 57 37
8 57 67
8 57 77
8 58 9
8 58 18
8 58 29
8 58 38
8 58 39
8 58 49
9 1 0
9 1 1
9 1 3
9 1 11
9 1 12
9 1 14
9 1 15
9 1 23
9 1 31
9 1 40
9 54 24
9 54 33
9 54 41
9 54 42
9 54 50
9 54 51
9 54 52
9 54 54
9 54 55
9 54 64
9 54 71
9 54 72
9 54 73
9 54 75
9 54 81
9 54 82
9 54 91
9 54 92
9 54 93
9 54 95
9 57 16
9 57 26
9 57 27
9 57 36
9 57 37
9 57 57
9 57 67
9 57 76
9 57 77
9 58 8
9 58 28
9 58 29
9 58 38
9 58 58
9 58 78
9 58 79
9 58 99
--- Done ---
