0 1 22
0 31 21
0 31 23
0 31 31
0 31 32
0 31 33
1 1 0
1 1 1
1 1 3
1 1 10
1 1 12
1 1 22
1 16 5
1 16 7
1 16 13
1 16 14
1 16 15
1 16 16
1 16 24
1 16 26
1 16 36
1 28 17
1 28 28
1 28 39
1 28 59
1 31 23
1 31 30
1 31 41
1 31 50
1 31 51
1 31 62
1 54 45
1 54 53
1 54 55
1 54 56
1 54 57
1 54 63
1 54 66
1 54 74
1 78 58
1 78 68
1 81 60
1 81 61
1 81 70
1 81 80
1 81 81
1 81 92
1 85 75
1 85 77
1 85 83
1 85 87
1 85 93
1 85 95
1 85 97
2 1 1
2 1 11
2 16 5
2 16 7
2 16 13
2 16 16
2 16 24
2 16 25
2 16 26
2 28 9
2 28 17
2 28 18
2 28 19
2 28 36
2 28 39
2 31 32
2 31 43
2 31 50
2 31 51
2 54 35
2 54 46
2 54 54
2 54 55
2 54 56
2 54 63
2 54 74
2 78 49
2 78 58
2 78 67
2 78 76
2 78 78
2 78 79
2 78 86
2 78 87
2 81 61
2 81 71
2 81 80
2 81 81
2 81 93
2 85 65
2 85 77
2 85 82
2 85 84
2 85 94
2 85 95
2 85 97
3 1 0
3 1 2
3 1 22
3 16 13
3 16 14
3 16 15
3 16 16
3 16 24
3 16 45
3 28 18
3 28 38
3 28 39
3 31 21
3 31 30
3 31 31
3 31 32
3 31 33
3 31 40
3 54 35
3 54 42
3 54 46
3 54 53
3 54 54
3 54 55
3 54 63
3 54 74
3 54 96
3 78 57
3 78 58
3 78 66
3 78 67
3 78 68
3 78 76
3 81 61
3 81 70
3 81 80
3 81 92
3 81 93
3 85 65
3 85 83
3 85 84
3 85 85
3 85 95
4 1 0
4 1 1
4 1 3
4 1 4
4 1 12
4 16 5
4 16 6
4 16 7
4 16 8
4 16 15
4 16 16
4 16 24
4 16 34
4 16 45
4 16 47
4 28 17
4 28 19
4 28 38
4 28 39
4 31 21
4 31 31
4 31 41
4 31 43
4 31 50
4 54 46
4 54 65
4 54 96
4 78 58
4 78 69
4 78 88
4 78 89
4 78 98
4 78 99
4 81 60
4 81 61
4 81 70
4 81 71
4 81 73
4 81 80
4 81 93
4 85 75
4 85 77
4 85 82
4 85 86
4 85 94
4 85 95
4 85 97
5 1 2
5 1 3
5 1 10
5 1 22
5 16 5
5 16 14
5 16 15
5 16 25
5 16 34
5 16 45
5 28 18
5 28 28
5 28 39
5 28 47
5 28 48
5 28 59
5 31 21
5 31 30
5 31 31
5 31 40
5 31 41
5 31 43
5 54 35
5 54 44
5 54 46
5 54 53
5 54 56
5 54 57
5 54 63
5 78 49
5 78 58
5 78 67
5 78 69
5 78 78
5 78 88
5 81 60
5 81 61
5 81 70
5 81 72
5 81 80
5 85 76
5 85 84
5 85 85
5 85 96
5 85 97
6 1 2
6 1 10
6 1 22
6 16 7
6 16 16
6 16 17
6 16 24
6 16 45
6 28 6
6 28 9
6 28 27
6 28 28
6 28 29
6 28 38
6 28 39
6 28 47
6 28 48
6 31 23
6 31 33
6 31 40
6 31 51
6 31 62
6 54 35
6 54 36
6 54 42
6 54 43
6 54 46
6 54 55
6 54 56
6 54 63
6 54 64
6 54 65
6 78 78
6 78 88
6 78 89
6 81 52
6 81 61
6 81 73
6 81 80
6 81 81
6 81 83
6 81 90
6 85 66
6 85 74
6 85 75
6 85 84
6 85 94
7 1 3
7 1 4
7 1 11
7 16 13
7 16 14
7 16 15
7 16 16
7 16 36
7 28 8
7 28 17
7 28 19
7 28 26
7 28 29
7 28 37
7 28 39
7 28 48
7 31 21
7 31 32
7 31 41
7 31 51
7 54 25
7 54 33
7 54 42
7 54 54
7 54 56
7 54 62
7 54 63
7 54 64
7 54 96
7 78 49
7 78 67
7 78 69
7 78 76
7 78 78
7 78 79
7 78 99
7 81 52
7 81 60
7 81 72
7 81 73
7 81 83
7 85 75
7 85 86
7 85 93
7 85 94
7 85 95
7 85 97
8 1 10
8 1 11
8 1 12
8 1 20
8 1 22
8 16 5
8 16 7
8 16 13
8 16 14
8 16 15
8 16 17
8 16 25
8 16 34
8 16 38
8 28 9
8 28 18
8 28 29
8 28 37
8 28 39
8 31 21
8 31 31
8 31 32
8 31 33
8 31 41
8 31 42
8 31 43
8 31 51
8 54 35
8 54 36
8 54 44
8 54 53
8 54 54
8 54 55
8 54 63
8 78 49
8 78 67
8 81 61
8 81 72
8 81 73
8 81 80
8 85 74
8 85 77
8 85 83
8 85 84
9 1 0
9 1 1
9 1 3
9 1 11
9 1 12
9 16 14
9 16 15
9 16 16
9 16 24
9 16 27
9 28 8
9 28 26
9 28 28
9 28 29
9 28 36
9 28 37
9 28 38
9 31 23
9 31 31
9 31 40
9 31 41
9 31 42
9 31 50
9 31 51
9 54 33
9 54 54
9 54 55
9 54 57
9 54 64
9 78 58
9 78 67
9 78 76
9 78 77
9 78 78
9 78 79
9 78 99
9 81 52
9 81 71
9 81 72
9 81 73
9 81 81
9 81 82
9 81 91
9 81 92
9 81 93
9 85 75
9 85 95
--- Done ---
