0 32 21
0 32 22
0 32 23
0 32 31
0 32 32
0 32 33
1 1 0
1 1 1
1 1 3
1 1 10
1 1 12
1 1 13
1 17 5
1 17 7
1 17 15
1 17 16
1 17 17
1 17 26
1 17 28
1 32 14
1 32 22
1 32 23
1 32 24
1 32 30
1 32 41
1 32 53
1 37 36
1 37 39
1 37 45
1 37 55
1 37 56
1 37 57
1 61 50
1 61 51
1 61 60
1 61 61
1 61 62
1 61 63
1 61 70
1 61 80
1 61 81
1 61 83
1 61 92
1 78 58
1 78 59
1 78 68
1 78 77
1 86 66
1 86 74
1 86 75
1 86 87
1 86 93
1 86 95
1 86 97
2 1 1
2 1 11
2 1 13
2 17 5
2 17 7
2 17 9
2 17 16
2 17 17
2 17 18
2 17 19
2 17 25
2 17 26
2 32 24
2 32 32
2 32 43
2 32 54
2 37 35
2 37 36
2 37 39
2 37 46
2 37 49
2 37 55
2 37 56
2 61 50
2 61 51
2 61 61
2 61 63
2 61 71
2 61 80
2 61 81
2 61 82
2 78 58
2 78 67
2 78 77
2 78 78
2 78 79
2 86 65
2 86 74
2 86 76
2 86 84
2 86 86
2 86 87
2 86 93
2 86 94
2 86 95
2 86 97
3 1 0
3 1 2
3 1 13
3 17 15
3 17 16
3 17 18
3 32 14
3 32 21
3 32 22
3 32 24
3 32 30
3 32 31
3 32 32
3 32 33
3 32 40
3 32 42
3 32 53
3 32 54
3 37 35
3 37 38
3 37 39
3 37 45
3 37 46
3 37 55
3 37 57
3 61 61
3 61 63
3 61 70
3 61 80
3 61 83
3 61 92
3 78 58
3 78 67
3 78 68
3 86 65
3 86 66
3 86 74
3 86 76
3 86 84
3 86 85
3 86 93
3 86 95
3 86 96
4 1 0
4 1 1
4 1 3
4 1 4
4 1 12
4 17 5
4 17 6
4 17 7
4 17 8
4 17 15
4 17 16
4 17 17
4 17 19
4 32 21
4 32 24
4 32 31
4 32 34
4 32 41
4 32 43
4 37 38
4 37 39
4 37 45
4 37 46
4 37 47
4 61 50
4 61 60
4 61 61
4 61 70
4 61 71
4 61 73
4 61 80
4 61 82
4 78 58
4 78 69
4 78 77
4 78 88
4 78 89
4 78 98
4 78 99
4 86 65
4 86 75
4 86 86
4 86 93
4 86 94
4 86 95
4 86 96
4 86 97
5 1 2
5 1 3
5 1 10
5 17 5
5 17 15
5 17 18
5 17 25
5 17 28
5 32 14
5 32 21
5 32 22
5 32 30
5 32 31
5 32 34
5 32 40
5 32 41
5 32 43
5 32 44
5 32 53
5 37 35
5 37 39
5 37 45
5 37 46
5 37 47
5 37 48
5 37 49
5 37 56
5 37 57
5 61 60
5 61 61
5 61 63
5 61 70
5 61 72
5 61 80
5 78 58
5 78 59
5 78 67
5 78 69
5 78 78
5 78 88
5 86 76
5 86 84
5 86 85
5 86 96
5 86 97
6 1 2
6 1 10
6 17 6
6 17 7
6 17 9
6 17 16
6 17 17
6 17 27
6 17 28
6 17 29
6 32 22
6 32 23
6 32 24
6 32 33
6 32 40
6 32 42
6 32 43
6 37 35
6 37 36
6 37 38
6 37 39
6 37 45
6 37 46
6 37 47
6 37 48
6 37 55
6 37 56
6 61 51
6 61 52
6 61 61
6 61 62
6 61 63
6 61 73
6 61 80
6 61 81
6 61 83
6 61 90
6 78 78
6 78 88
6 78 89
6 86 64
6 86 65
6 86 66
6 86 74
6 86 75
6 86 84
6 86 94
7 1 3
7 1 4
7 1 11
7 1 13
7 17 8
7 17 15
7 17 16
7 17 17
7 17 19
7 17 25
7 17 26
7 17 29
7 32 14
7 32 21
7 32 32
7 32 33
7 32 41
7 32 42
7 32 54
7 37 36
7 37 37
7 37 39
7 37 48
7 37 49
7 37 56
7 61 51
7 61 52
7 61 60
7 61 62
7 61 63
7 61 72
7 61 73
7 61 83
7 78 67
7 78 69
7 78 78
7 78 79
7 78 99
7 86 64
7 86 75
7 86 76
7 86 86
7 86 93
7 86 94
7 86 95
7 86 96
7 86 97
8 1 10
8 1 11
8 1 12
8 1 13
8 1 20
8 17 5
8 17 7
8 17 9
8 17 15
8 17 17
8 17 18
8 17 25
8 17 29
8 32 14
8 32 21
8 32 22
8 32 31
8 32 32
8 32 33
8 32 34
8 32 41
8 32 42
8 32 43
8 32 44
8 32 53
8 32 54
8 37 35
8 37 36
8 37 37
8 37 38
8 37 39
8 37 49
8 37 55
8 61 51
8 61 61
8 61 63
8 61 72
8 61 73
8 61 80
8 61 83
8 78 67
8 78 77
8 86 74
8 86 84
9 1 0
9 1 1
9 1 3
9 1 11
9 1 12
9 17 8
9 17 15
9 17 16
9 17 26
9 17 27
9 17 28
9 17 29
9 32 14
9 32 23
9 32 24
9 32 31
9 32 33
9 32 40
9 32 41
9 32 42
9 32 54
9 37 36
9 37 37
9 37 38
9 37 55
9 37 57
9 61 50
9 61 51
9 61 52
9 61 71
9 61 72
9 61 73
9 61 81
9 61 82
9 61 91
9 61 92
9 78 58
9 78 67
9 78 77
9 78 78
9 78 79
9 78 99
9 86 64
9 86 75
9 86 76
9 86 93
9 86 95
--- Done ---
