0 1 21
0 1 22
0 1 23
0 1 31
0 54 32
0 54 33
1 1 0
1 1 1
1 1 3
1 1 10
1 1 12
1 1 13
1 1 22
1 1 23
1 1 30
1 17 5
1 17 7
1 17 14
1 17 15
1 17 16
1 17 17
1 17 26
1 17 28
1 17 36
1 17 39
1 54 24
1 54 41
1 54 45
1 54 53
1 54 55
1 54 56
1 54 63
1 54 74
1 72 50
1 72 51
1 72 60
1 72 61
1 72 62
1 72 70
1 72 80
1 72 81
1 72 83
1 72 92
1 72 93
1 77 57
1 77 58
1 77 59
1 77 66
1 77 68
1 77 75
1 77 77
1 77 87
1 77 95
1 77 97
2 1 1
2 1 11
2 1 13
2 17 5
2 17 7
2 17 9
2 17 16
2 17 17
2 17 18
2 17 19
2 17 25
2 17 26
2 17 36
2 17 39
2 17 49
2 54 24
2 54 32
2 54 35
2 54 43
2 54 46
2 54 54
2 54 55
2 54 56
2 54 63
2 54 65
2 54 74
2 72 50
2 72 51
2 72 61
2 72 71
2 72 80
2 72 81
2 72 82
2 72 84
2 72 93
2 72 94
2 77 58
2 77 67
2 77 76
2 77 77
2 77 78
2 77 79
2 77 86
2 77 87
2 77 95
2 77 97
3 1 0
3 1 2
3 1 13
3 1 21
3 1 22
3 1 30
3 1 31
3 17 14
3 17 15
3 17 16
3 17 18
3 17 38
3 17 39
3 54 24
3 54 32
3 54 33
3 54 35
3 54 42
3 54 45
3 54 46
3 54 53
3 54 54
3 54 55
3 54 63
3 54 65
3 54 74
3 72 40
3 72 61
3 72 70
3 72 80
3 72 83
3 72 84
3 72 92
3 72 93
3 77 57
3 77 58
3 77 66
3 77 67
3 77 68
3 77 76
3 77 85
3 77 95
3 77 96
4 1 0
4 1 1
4 1 3
4 1 4
4 1 12
4 1 21
4 1 31
4 17 5
4 17 6
4 17 7
4 17 8
4 17 15
4 17 16
4 17 17
4 17 19
4 17 38
4 17 39
4 17 47
4 54 24
4 54 34
4 54 41
4 54 43
4 54 45
4 54 46
4 54 65
4 72 50
4 72 60
4 72 61
4 72 70
4 72 71
4 72 73
4 72 80
4 72 82
4 72 93
4 72 94
4 77 58
4 77 69
4 77 75
4 77 77
4 77 86
4 77 88
4 77 89
4 77 95
4 77 96
4 77 97
4 77 98
4 77 99
5 1 2
5 1 3
5 1 10
5 1 21
5 1 22
5 1 30
5 1 31
5 17 5
5 17 14
5 17 15
5 17 18
5 17 25
5 17 28
5 17 39
5 17 47
5 17 48
5 17 49
5 54 34
5 54 35
5 54 41
5 54 43
5 54 44
5 54 45
5 54 46
5 54 53
5 54 56
5 54 63
5 72 40
5 72 60
5 72 61
5 72 70
5 72 72
5 72 80
5 72 84
5 77 57
5 77 58
5 77 59
5 77 67
5 77 69
5 77 76
5 77 78
5 77 85
5 77 88
5 77 96
5 77 97
6 1 2
6 1 10
6 1 22
6 1 23
6 17 6
6 17 7
6 17 9
6 17 16
6 17 17
6 17 27
6 17 28
6 17 29
6 17 36
6 17 38
6 17 39
6 17 47
6 17 48
6 54 24
6 54 33
6 54 35
6 54 42
6 54 43
6 54 45
6 54 46
6 54 52
6 54 55
6 54 56
6 54 63
6 54 64
6 54 65
6 54 74
6 72 40
6 72 51
6 72 61
6 72 62
6 72 73
6 72 80
6 72 81
6 72 83
6 72 84
6 72 90
6 72 94
6 77 66
6 77 75
6 77 78
6 77 88
6 77 89
7 1 3
7 1 4
7 1 11
7 1 13
7 1 21
7 17 8
7 17 14
7 17 15
7 17 16
7 17 17
7 17 19
7 17 25
7 17 26
7 17 29
7 17 36
7 17 37
7 17 39
7 17 48
7 17 49
7 54 32
7 54 33
7 54 41
7 54 42
7 54 52
7 54 54
7 54 56
7 54 63
7 54 64
7 72 51
7 72 60
7 72 62
7 72 72
7 72 73
7 72 83
7 72 93
7 72 94
7 77 67
7 77 69
7 77 75
7 77 76
7 77 78
7 77 79
7 77 86
7 77 95
7 77 96
7 77 97
7 77 99
8 1 10
8 1 11
8 1 12
8 1 13
8 1 20
8 1 21
8 1 22
8 1 31
8 17 5
8 17 7
8 17 9
8 17 14
8 17 15
8 17 17
8 17 18
8 17 25
8 17 29
8 17 36
8 17 37
8 17 38
8 17 39
8 17 49
8 54 32
8 54 33
8 54 34
8 54 35
8 54 41
8 54 42
8 54 43
8 54 44
8 54 53
8 54 54
8 54 55
8 54 63
8 54 74
8 72 51
8 72 61
8 72 72
8 72 73
8 72 80
8 72 83
8 72 84
8 77 67
8 77 77
9 1 0
9 1 1
9 1 3
9 1 11
9 1 12
9 1 23
9 1 31
9 17 8
9 17 14
9 17 15
9 17 16
9 17 26
9 17 27
9 17 28
9 17 29
9 17 36
9 17 37
9 17 38
9 54 24
9 54 33
9 54 41
9 54 42
9 54 52
9 54 54
9 54 55
9 54 64
9 72 40
9 72 50
9 72 51
9 72 71
9 72 72
9 72 73
9 72 81
9 72 82
9 72 91
9 72 92
9 72 93
9 77 57
9 77 58
9 77 67
9 77 75
9 77 76
9 77 77
9 77 78
9 77 79
9 77 95
9 77 99
--- Done ---
