0 1 21
0 1 22
0 1 23
0 1 31
0 5 32
0 5 33
1 1 0
1 1 1
1 1 3
1 1 10
1 1 12
1 1 13
1 1 14
1 1 15
1 1 22
1 1 23
1 1 41
1 1 50
1 1 51
1 5 5
1 5 24
1 5 30
1 5 39
1 56 7
1 56 16
1 56 17
1 56 26
1 56 28
1 56 36
1 56 45
1 56 53
1 56 55
1 56 56
1 56 57
1 56 58
1 56 59
1 56 66
1 56 68
1 56 75
1 56 77
1 56 80
1 56 87
1 56 93
1 56 95
1 74 60
1 74 61
1 74 62
1 74 63
1 74 70
1 74 74
1 74 81
1 74 83
1 74 92
1 74 97
2 1 1
2 1 11
2 1 13
2 1 32
2 1 35
2 1 50
2 1 51
2 1 61
2 5 5
2 5 9
2 5 16
2 5 17
2 5 18
2 5 19
2 5 24
2 5 25
2 5 26
2 5 36
2 5 39
2 5 43
2 5 46
2 5 49
2 5 54
2 56 7
2 56 56
2 56 58
2 56 63
2 56 65
2 56 67
2 56 76
2 56 78
2 56 79
2 56 80
2 56 84
2 56 87
2 56 93
2 56 95
2 74 55
2 74 71
2 74 74
2 74 77
2 74 81
2 74 82
2 74 86
2 74 94
2 74 97
3 1 0
3 1 2
3 1 13
3 1 14
3 1 15
3 1 21
3 1 22
3 1 24
3 1 31
3 1 35
3 1 40
3 5 30
3 5 32
3 5 33
3 56 16
3 56 18
3 56 38
3 56 39
3 56 58
3 56 80
3 74 42
3 74 45
3 74 46
3 74 53
3 74 54
3 74 55
3 74 57
3 74 61
3 74 63
3 74 65
3 74 66
3 74 67
3 74 68
3 74 70
3 74 74
3 74 76
3 74 83
3 74 84
3 74 85
3 74 92
3 74 93
3 74 95
3 74 96
4 1 0
4 1 1
4 1 3
4 1 4
4 1 12
4 1 15
4 1 21
4 1 24
4 1 31
4 1 50
4 5 5
4 5 8
4 5 39
4 5 47
4 56 6
4 56 7
4 56 16
4 56 17
4 56 19
4 56 34
4 56 38
4 56 41
4 56 43
4 56 45
4 56 58
4 56 61
4 56 65
4 56 75
4 56 77
4 56 80
4 56 86
4 56 88
4 56 93
4 56 94
4 56 95
4 56 96
4 74 46
4 74 60
4 74 69
4 74 70
4 74 71
4 74 73
4 74 82
4 74 89
4 74 97
4 74 98
4 74 99
5 1 2
5 1 3
5 1 10
5 1 14
5 1 15
5 1 21
5 1 22
5 1 30
5 1 31
5 1 35
5 1 40
5 1 41
5 5 5
5 5 18
5 5 25
5 5 28
5 5 34
5 5 39
5 5 44
5 5 49
5 56 45
5 56 46
5 56 48
5 56 56
5 56 58
5 56 59
5 56 61
5 56 63
5 56 80
5 56 88
5 74 43
5 74 47
5 74 53
5 74 57
5 74 60
5 74 67
5 74 69
5 74 70
5 74 72
5 74 76
5 74 78
5 74 84
5 74 85
5 74 96
5 74 97
6 1 2
6 1 10
6 1 22
6 1 23
6 1 24
6 1 35
6 1 51
6 5 9
6 5 33
6 5 45
6 56 6
6 56 7
6 56 16
6 56 17
6 56 27
6 56 28
6 56 29
6 56 39
6 56 40
6 56 43
6 56 47
6 56 52
6 56 55
6 56 56
6 56 61
6 56 63
6 56 66
6 56 80
6 56 88
6 74 36
6 74 38
6 74 42
6 74 46
6 74 48
6 74 62
6 74 64
6 74 65
6 74 73
6 74 74
6 74 75
6 74 78
6 74 81
6 74 83
6 74 84
6 74 89
6 74 90
6 74 94
7 1 3
7 1 4
7 1 11
7 1 13
7 1 14
7 1 15
7 1 21
7 1 32
7 1 51
7 5 8
7 5 16
7 5 17
7 5 19
7 5 25
7 5 26
7 5 33
7 5 36
7 5 37
7 5 39
7 5 49
7 5 54
7 56 29
7 56 41
7 56 56
7 56 64
7 56 79
7 56 93
7 74 42
7 74 48
7 74 52
7 74 60
7 74 62
7 74 63
7 74 67
7 74 69
7 74 72
7 74 73
7 74 75
7 74 76
7 74 78
7 74 83
7 74 86
7 74 94
7 74 95
7 74 96
7 74 97
7 74 99
8 1 10
8 1 11
8 1 12
8 1 13
8 1 14
8 1 15
8 1 20
8 1 21
8 1 22
8 1 31
8 1 32
8 1 35
8 1 39
8 1 41
8 1 43
8 1 44
8 1 51
8 5 5
8 5 9
8 5 18
8 5 25
8 5 33
8 5 34
8 5 36
8 5 37
8 5 38
8 5 49
8 5 54
8 56 7
8 56 17
8 56 29
8 56 42
8 56 53
8 56 55
8 56 61
8 56 63
8 56 67
8 56 72
8 56 77
8 56 80
8 56 84
8 74 73
8 74 74
8 74 83
9 1 0
9 1 1
9 1 3
9 1 11
9 1 12
9 1 14
9 1 15
9 1 23
9 1 24
9 1 31
9 1 41
9 1 50
9 5 8
9 5 16
9 5 27
9 5 33
9 5 36
9 5 37
9 5 54
9 56 28
9 56 29
9 56 40
9 56 58
9 56 79
9 74 26
9 74 38
9 74 42
9 74 51
9 74 52
9 74 55
9 74 57
9 74 64
9 74 67
9 74 71
9 74 72
9 74 73
9 74 75
9 74 76
9 74 77
9 74 78
9 74 81
9 74 82
9 74 91
9 74 92
9 74 93
9 74 95
9 74 99
--- Done ---
