0 1 21
0 1 22
0 1 31
0 1 32
0 24 23
0 24 33
1 1 0
1 1 1
1 1 3
1 1 10
1 1 12
1 1 13
1 1 22
1 1 41
1 1 50
1 1 51
1 24 5
1 24 7
1 24 14
1 24 15
1 24 16
1 24 17
1 24 23
1 24 24
1 24 26
1 24 30
1 24 36
1 24 45
1 24 53
1 24 55
1 24 57
1 29 28
1 29 39
1 29 59
1 82 60
1 82 61
1 82 62
1 82 63
1 82 70
1 82 74
1 82 80
1 82 81
1 82 83
1 82 92
1 82 93
1 87 56
1 87 58
1 87 66
1 87 68
1 87 75
1 87 77
1 87 87
1 87 95
1 87 97
2 1 1
2 1 11
2 1 13
2 1 32
2 1 50
2 1 51
2 24 5
2 24 7
2 24 16
2 24 17
2 24 24
2 24 25
2 24 36
2 24 43
2 29 9
2 29 18
2 29 19
2 29 26
2 29 35
2 29 39
2 29 46
2 29 49
2 29 55
2 29 58
2 82 54
2 82 61
2 82 65
2 82 71
2 82 74
2 82 80
2 82 81
2 82 82
2 82 84
2 82 93
2 82 94
2 87 56
2 87 63
2 87 67
2 87 76
2 87 77
2 87 78
2 87 79
2 87 86
2 87 87
2 87 95
2 87 97
3 1 0
3 1 2
3 1 13
3 1 21
3 1 22
3 1 31
3 1 32
3 24 14
3 24 15
3 24 16
3 24 24
3 24 30
3 24 33
3 24 42
3 24 45
3 24 53
3 24 57
3 29 18
3 29 35
3 29 38
3 29 39
3 29 46
3 29 55
3 82 40
3 82 54
3 82 61
3 82 65
3 82 70
3 82 74
3 82 80
3 82 83
3 82 85
3 82 92
3 82 93
3 87 58
3 87 63
3 87 66
3 87 67
3 87 68
3 87 76
3 87 84
3 87 95
3 87 96
4 1 0
4 1 1
4 1 3
4 1 4
4 1 12
4 1 21
4 1 31
4 1 41
4 1 50
4 24 5
4 24 7
4 24 15
4 24 16
4 24 17
4 24 24
4 24 34
4 24 43
4 24 45
4 24 47
4 29 6
4 29 8
4 29 19
4 29 38
4 29 39
4 29 46
4 82 60
4 82 61
4 82 65
4 82 70
4 82 71
4 82 75
4 82 80
4 82 82
4 82 93
4 82 94
4 87 58
4 87 69
4 87 73
4 87 77
4 87 86
4 87 88
4 87 89
4 87 95
4 87 96
4 87 97
4 87 98
4 87 99
5 1 2
5 1 3
5 1 10
5 1 21
5 1 22
5 1 31
5 1 41
5 24 5
5 24 14
5 24 15
5 24 25
5 24 30
5 24 34
5 24 43
5 24 44
5 24 45
5 24 53
5 24 57
5 24 72
5 29 18
5 29 28
5 29 35
5 29 39
5 29 46
5 29 47
5 29 48
5 29 49
5 29 58
5 29 59
5 82 40
5 82 60
5 82 61
5 82 70
5 82 80
5 87 56
5 87 63
5 87 67
5 87 69
5 87 76
5 87 78
5 87 84
5 87 85
5 87 88
5 87 96
5 87 97
6 1 2
6 1 10
6 1 22
6 1 51
6 24 7
6 24 16
6 24 17
6 24 23
6 24 24
6 24 33
6 24 36
6 24 42
6 24 43
6 24 45
6 24 64
6 29 6
6 29 9
6 29 27
6 29 28
6 29 29
6 29 35
6 29 38
6 29 39
6 29 46
6 29 47
6 29 48
6 29 52
6 82 40
6 82 56
6 82 61
6 82 62
6 82 63
6 82 65
6 82 73
6 82 74
6 82 80
6 82 81
6 82 83
6 82 90
6 82 94
6 87 55
6 87 66
6 87 75
6 87 78
6 87 84
6 87 88
6 87 89
7 1 3
7 1 4
7 1 11
7 1 13
7 1 21
7 1 32
7 1 41
7 1 51
7 24 14
7 24 15
7 24 16
7 24 25
7 24 26
7 24 33
7 24 42
7 24 64
7 29 8
7 29 17
7 29 19
7 29 29
7 29 36
7 29 37
7 29 39
7 29 48
7 29 49
7 29 52
7 82 54
7 82 60
7 82 62
7 82 72
7 82 73
7 82 76
7 82 83
7 82 93
7 82 94
7 87 56
7 87 63
7 87 67
7 87 69
7 87 75
7 87 78
7 87 79
7 87 86
7 87 95
7 87 96
7 87 97
7 87 99
8 1 10
8 1 11
8 1 12
8 1 13
8 1 20
8 1 21
8 1 22
8 1 31
8 1 32
8 1 41
8 1 51
8 24 5
8 24 7
8 24 14
8 24 15
8 24 25
8 24 33
8 24 34
8 24 42
8 24 43
8 24 44
8 24 53
8 29 9
8 29 17
8 29 18
8 29 29
8 29 35
8 29 36
8 29 37
8 29 38
8 29 39
8 29 49
8 29 55
8 82 54
8 82 61
8 82 63
8 82 72
8 82 73
8 82 74
8 82 80
8 82 83
8 87 67
8 87 77
8 87 84
9 1 0
9 1 1
9 1 3
9 1 11
9 1 12
9 1 31
9 1 41
9 1 50
9 1 51
9 24 14
9 24 15
9 24 16
9 24 23
9 24 24
9 24 26
9 24 33
9 24 42
9 24 57
9 24 64
9 29 8
9 29 27
9 29 28
9 29 29
9 29 36
9 29 37
9 29 38
9 29 52
9 82 40
9 82 54
9 82 71
9 82 72
9 82 73
9 82 76
9 82 81
9 82 82
9 82 91
9 82 92
9 82 93
9 87 55
9 87 58
9 87 67
9 87 75
9 87 77
9 87 78
9 87 79
9 87 95
9 87 99
--- Done ---
