0 3 -1
0 27 8
0 27 17
0 27 18
0 27 19
0 27 27
0 27 28
0 27 29
1 3 0
1 3 2
1 3 4
1 3 10
1 3 13
1 3 22
1 3 30
1 3 31
1 3 33
1 3 34
1 3 41
1 3 85
1 3 88
1 3 94
1 27 6
1 27 8
1 27 16
1 27 17
1 27 18
1 27 19
1 27 25
1 27 27
1 27 28
1 27 29
1 27 47
1 27 56
1 27 58
1 27 65
1 27 66
1 27 69
1 27 70
1 27 71
1 27 89
1 27 97
2 3 0
2 3 2
2 3 4
2 3 5
2 3 11
2 3 14
2 3 15
2 3 21
2 3 22
2 3 32
2 3 33
2 3 34
2 3 42
2 3 43
2 3 53
2 3 60
2 3 62
2 3 68
2 3 72
2 3 78
2 3 79
2 3 83
2 3 85
2 3 86
2 3 89
2 3 90
2 3 94
2 3 98
2 27 8
2 27 9
2 27 17
2 27 18
2 27 19
2 27 26
2 27 28
2 27 29
2 27 35
2 27 36
2 27 48
2 27 55
2 27 56
2 27 63
3 3 0
3 3 2
3 3 3
3 3 4
3 3 10
3 3 11
3 3 12
3 3 13
3 3 14
3 3 15
3 3 23
3 3 24
3 3 30
3 3 32
3 3 33
3 3 47
3 3 48
3 3 49
3 3 50
3 3 52
3 3 58
3 3 59
3 3 60
3 3 62
3 3 66
3 3 67
3 3 68
3 27 6
3 27 8
3 27 9
3 27 16
3 27 17
3 27 18
3 27 19
3 27 28
3 27 29
3 27 36
3 27 39
3 27 45
4 3 1
4 3 4
4 3 5
4 3 13
4 3 20
4 3 21
4 3 22
4 3 23
4 3 29
4 3 31
4 3 32
4 3 33
4 3 34
4 3 40
4 3 41
4 3 42
4 3 44
4 3 45
4 3 46
4 27 6
4 27 7
4 27 8
4 27 9
4 27 16
4 27 17
4 27 18
4 27 19
4 27 25
4 27 26
4 27 27
4 27 28
4 27 35
4 27 36
4 27 37
4 27 39
5 3 0
5 3 2
5 3 3
5 3 4
5 3 5
5 3 10
5 3 11
5 3 12
5 3 13
5 3 14
5 3 15
5 3 21
5 3 22
5 3 28
5 3 39
5 27 6
5 27 7
5 27 8
5 27 9
5 27 16
5 27 17
5 27 18
5 27 19
5 27 25
5 27 26
5 27 31
5 27 36
5 27 37
6 3 0
6 3 1
6 3 3
6 3 5
6 3 11
6 3 13
6 3 15
6 3 20
6 3 21
6 3 22
6 3 23
6 3 24
6 3 30
6 3 32
6 3 33
6 3 34
6 3 40
6 3 43
6 27 6
6 27 7
6 27 9
6 27 16
6 27 17
6 27 18
6 27 19
6 27 25
6 27 26
6 27 27
6 27 29
6 27 35
6 27 36
6 27 37
6 27 38
6 27 39
6 27 42
6 27 44
6 27 47
6 27 48
6 27 49
6 27 50
6 27 52
6 27 53
7 3 0
7 3 1
7 3 3
7 3 4
7 3 5
7 3 10
7 3 11
7 3 12
7 3 13
7 3 14
7 3 15
7 3 20
7 3 21
7 3 22
7 3 23
7 3 30
7 3 31
7 3 32
7 3 33
7 3 34
7 3 40
7 3 41
7 3 43
7 3 50
7 3 51
7 3 70
7 27 7
7 27 9
7 27 17
7 27 18
7 27 25
7 27 28
7 27 29
7 27 35
7 27 36
7 27 37
7 27 38
7 27 39
7 27 44
7 27 45
7 27 46
7 27 48
7 27 49
7 27 53
7 27 59
7 27 62
7 27 63
7 27 65
7 27 66
7 27 67
7 27 68
8 3 0
8 3 2
8 3 3
8 3 4
8 3 10
8 3 13
8 3 14
8 3 21
8 3 23
8 3 24
8 3 30
8 3 32
8 3 41
8 3 42
8 3 43
8 3 50
8 3 61
8 3 77
8 3 81
8 3 83
8 3 84
8 3 85
8 3 86
8 3 89
8 3 90
8 27 7
8 27 16
8 27 17
8 27 18
8 27 26
8 27 29
8 27 35
8 27 37
8 27 44
8 27 45
8 27 47
8 27 49
8 27 55
8 27 57
8 27 58
8 27 59
8 27 64
8 27 66
8 27 67
8 27 69
8 27 71
8 27 75
8 27 79
9 3 2
9 3 3
9 3 5
9 3 10
9 3 11
9 3 14
9 3 22
9 3 24
9 3 31
9 3 33
9 3 34
9 3 40
9 3 43
9 3 51
9 3 61
9 3 62
9 3 72
9 3 74
9 3 85
9 3 94
9 3 95
9 27 6
9 27 8
9 27 9
9 27 19
9 27 25
9 27 26
9 27 27
9 27 36
9 27 38
9 27 45
9 27 46
9 27 48
9 27 68
9 27 69
9 27 70
9 27 75
9 27 76
9 27 77
9 27 86
9 27 93
9 27 96
9 27 97
9 27 99
10 3 1
10 3 4
10 3 5
10 3 15
10 3 24
10 3 43
10 3 50
10 3 60
10 3 73
10 3 80
10 3 84
10 3 88
10 3 94
10 27 9
10 27 16
10 27 35
10 27 49
10 27 55
10 27 64
10 27 68
10 27 76
10 27 78
10 27 81
10 27 96
10 27 98
10 27 99
11 3 12
11 3 32
11 3 41
11 27 6
11 27 25
11 27 57
11 27 65
11 27 83
--- Done ---
