0 25 29
0 25 8
0 25 17
0 25 19
0 25 27
0 25 28
0 26 18
1 21 0
1 21 41
1 21 70
1 21 10
1 21 30
1 25 29
1 25 6
1 25 8
1 25 17
1 25 19
1 25 27
1 25 28
1 25 31
1 25 94
1 25 2
1 25 4
1 25 13
1 25 33
1 25 34
1 25 47
1 25 56
1 25 58
1 25 65
1 25 66
1 25 71
1 25 16
1 25 22
1 25 25
1 26 18
1 76 69
1 76 85
1 76 88
1 76 89
1 76 97
2 21 0
2 21 90
2 21 60
2 21 21
2 25 9
2 25 29
2 25 5
2 25 8
2 25 11
2 25 17
2 25 19
2 25 28
2 25 2
2 25 4
2 25 14
2 25 36
2 25 78
2 25 94
2 25 15
2 25 32
2 25 34
2 25 62
2 26 18
2 26 26
2 26 33
2 26 43
2 54 72
2 76 79
2 76 89
2 76 92
2 76 98
2 76 85
2 76 86
2 76 53
2 76 63
2 76 68
2 76 83
2 76 48
2 76 55
2 76 56
2 76 22
2 76 35
2 76 42
3 21 0
3 25 9
3 25 29
3 25 6
3 25 8
3 25 11
3 25 12
3 25 17
3 25 19
3 25 28
3 25 39
3 25 3
3 25 4
3 25 13
3 25 14
3 26 18
3 26 36
3 54 -1
3 63 80
3 63 50
3 63 72
3 63 81
3 63 10
3 63 2
3 63 30
3 63 52
3 63 60
3 63 24
3 63 32
3 63 33
3 63 45
3 63 66
3 63 77
3 63 91
3 63 62
3 63 75
3 76 79
3 76 88
3 76 89
3 76 98
3 76 99
3 76 59
3 76 69
3 76 92
3 76 95
3 76 96
3 76 49
3 76 67
3 76 15
3 76 58
3 76 68
3 76 74
3 76 76
3 76 82
3 76 84
3 76 85
3 76 87
3 76 93
3 76 16
3 76 23
3 76 47
3 76 48
4 21 20
4 21 21
4 21 31
4 21 40
4 21 41
4 21 51
4 21 52
4 21 60
4 21 32
4 21 33
4 21 34
4 21 45
4 21 71
4 21 91
4 21 22
4 21 35
4 21 42
4 21 44
4 21 55
4 21 64
4 21 75
4 25 9
4 25 29
4 25 5
4 25 6
4 25 7
4 25 8
4 25 17
4 25 19
4 25 27
4 25 28
4 25 39
4 25 1
4 25 4
4 26 18
4 26 13
4 26 36
4 26 26
4 26 37
4 26 65
4 26 66
4 26 77
4 26 83
4 54 54
4 63 80
4 63 50
4 76 89
4 76 97
4 76 98
4 76 59
4 76 69
4 76 92
4 76 95
4 76 49
4 76 67
4 76 58
4 76 68
4 76 76
4 76 82
4 76 87
4 76 94
4 76 16
4 76 23
4 76 25
4 76 46
4 76 53
5 21 0
5 21 21
5 21 64
5 21 71
5 21 75
5 25 9
5 25 29
5 25 5
5 25 6
5 25 7
5 25 8
5 25 11
5 25 12
5 25 17
5 25 19
5 25 39
5 25 3
5 25 4
5 25 14
5 25 36
5 26 18
5 26 28
5 26 10
5 26 13
5 26 67
5 26 78
5 26 2
5 26 15
5 26 26
5 26 37
5 26 16
5 54 -1
5 63 80
5 63 50
5 63 61
5 63 70
5 63 72
5 63 81
5 63 31
5 63 40
5 63 41
5 63 51
5 63 52
5 63 34
5 63 45
5 63 57
5 63 65
5 63 77
5 63 83
5 63 22
5 63 42
5 63 55
5 63 62
5 76 79
5 76 89
5 76 98
5 76 99
5 76 69
5 76 95
5 76 96
5 76 58
5 76 68
5 76 73
5 76 76
5 76 85
5 76 86
5 76 87
5 76 93
5 76 94
5 76 25
5 76 46
5 76 56
6 21 0
6 21 20
6 21 70
6 21 21
6 21 68
6 25 9
6 25 29
6 25 5
6 25 6
6 25 7
6 25 11
6 25 17
6 25 19
6 25 27
6 25 39
6 25 1
6 25 3
6 25 13
6 25 36
6 25 49
6 25 67
6 25 78
6 25 15
6 25 37
6 25 38
6 25 58
6 26 18
6 26 26
6 54 -1
6 63 80
6 63 50
6 63 72
6 63 81
6 63 90
6 63 92
6 63 30
6 63 40
6 63 60
6 63 73
6 63 82
6 63 85
6 63 52
6 63 53
6 63 94
6 63 24
6 63 32
6 63 33
6 63 34
6 63 43
6 76 88
6 76 89
6 76 98
6 76 59
6 76 69
6 76 96
6 76 76
6 76 16
6 76 23
6 76 25
6 76 47
6 76 48
6 76 57
6 76 63
6 76 66
6 76 77
6 76 83
6 76 91
6 76 22
6 76 35
6 76 42
6 76 44
6 76 55
6 76 64
6 76 75
7 21 0
7 21 20
7 21 70
7 21 21
7 25 9
7 25 29
7 25 5
7 25 7
7 25 11
7 25 12
7 25 17
7 25 28
7 25 39
7 25 1
7 25 3
7 25 4
7 25 13
7 25 14
7 25 36
7 25 49
7 25 67
7 25 15
7 25 31
7 25 37
7 25 38
7 25 74
7 25 94
7 25 23
7 25 25
7 25 32
7 25 34
7 26 18
7 54 -1
7 63 80
7 63 50
7 63 72
7 63 81
7 63 90
7 63 10
7 63 30
7 63 40
7 63 41
7 63 51
7 63 82
7 63 84
7 63 85
7 63 93
7 63 53
7 63 63
7 63 83
7 63 91
7 63 33
7 63 43
7 63 45
7 63 46
7 63 48
7 63 62
7 63 65
7 63 66
7 76 79
7 76 88
7 76 89
7 76 97
7 76 98
7 76 59
7 76 69
7 76 95
7 76 96
7 76 68
7 76 71
7 76 22
7 76 35
7 76 44
7 76 75
8 21 0
8 21 90
8 21 10
8 21 21
8 21 30
8 21 2
8 25 29
8 25 7
8 25 17
8 25 4
8 25 13
8 25 14
8 26 18
8 26 26
8 54 50
8 54 61
8 54 81
8 54 3
8 54 41
8 54 37
8 54 24
8 54 32
8 54 43
8 54 45
8 54 47
8 54 57
8 54 66
8 54 71
8 54 75
8 54 35
8 54 42
8 54 44
8 54 64
8 63 -1
8 76 79
8 76 88
8 76 89
8 76 97
8 76 99
8 76 59
8 76 69
8 76 95
8 76 96
8 76 49
8 76 67
8 76 84
8 76 85
8 76 86
8 76 93
8 76 58
8 76 77
8 76 83
8 76 94
8 76 16
8 76 23
8 76 55
9 21 70
9 21 10
9 25 9
9 25 5
9 25 6
9 25 8
9 25 11
9 25 19
9 25 27
9 25 3
9 25 14
9 25 36
9 25 2
9 25 31
9 25 38
9 25 74
9 25 94
9 25 24
9 25 25
9 25 33
9 25 34
9 25 43
9 25 45
9 25 46
9 25 48
9 25 62
9 25 22
9 26 26
9 54 61
9 54 69
9 54 72
9 54 96
9 54 40
9 54 51
9 54 68
9 54 85
9 54 86
9 54 93
9 54 77
9 54 75
9 63 -1
9 76 97
9 76 99
9 76 95
9 76 76
10 21 -1
10 25 9
10 25 5
10 25 1
10 25 4
10 25 49
10 25 78
10 25 15
10 25 94
10 25 16
10 25 24
10 25 43
10 25 35
10 25 64
10 26 -1
10 54 -1
10 63 80
10 63 50
10 63 81
10 63 60
10 76 88
10 76 98
10 76 99
10 76 96
10 76 68
10 76 73
10 76 84
10 76 76
10 76 55
11 21 41
11 25 6
11 25 12
11 25 25
11 25 32
11 25 57
11 25 65
11 26 83
11 54 -1
11 63 -1
11 76 -1
--- Done ---
