0 26 8
0 26 17
0 39 29
0 39 18
0 39 19
0 39 27
0 39 28
1 5 6
1 5 4
1 5 13
1 5 16
1 5 17
1 5 25
1 5 2
1 5 33
1 5 34
1 11 0
1 11 10
1 11 22
1 11 30
1 11 31
1 11 41
1 21 -1
1 26 8
1 26 47
1 39 29
1 39 18
1 39 19
1 39 27
1 39 28
1 39 58
1 57 56
1 57 69
1 57 66
1 57 88
1 60 70
1 60 71
1 64 65
1 64 85
1 64 94
1 72 -1
1 98 89
1 98 97
2 5 14
2 5 4
2 5 5
2 7 9
2 7 8
2 7 29
2 11 0
2 11 11
2 11 22
2 11 32
2 11 43
2 11 2
2 21 21
2 26 35
2 26 28
2 26 15
2 26 17
2 26 18
2 26 19
2 26 26
2 26 33
2 26 34
2 26 36
2 39 -1
2 57 56
2 57 48
2 57 55
2 57 68
2 57 86
2 60 60
2 64 -1
2 72 92
2 72 42
2 72 53
2 72 63
2 72 72
2 72 90
2 72 62
2 94 83
2 94 85
2 94 94
2 98 78
2 98 79
2 98 89
2 98 98
3 5 14
3 5 4
3 5 6
3 5 24
3 5 15
3 5 16
3 5 17
3 5 23
3 5 33
3 7 9
3 7 8
3 11 0
3 11 3
3 11 10
3 11 11
3 11 12
3 11 13
3 11 30
3 11 32
3 11 2
3 21 -1
3 26 -1
3 39 39
3 39 28
3 39 29
3 39 48
3 39 49
3 39 58
3 39 18
3 39 19
3 39 36
3 57 67
3 57 69
3 57 77
3 57 45
3 57 47
3 57 59
3 57 66
3 57 68
3 57 76
3 57 87
3 57 88
3 57 84
3 60 60
3 64 -1
3 71 80
3 71 52
3 71 81
3 71 82
3 71 92
3 71 50
3 71 62
3 72 72
3 94 91
3 94 95
3 94 96
3 94 75
3 94 85
3 94 74
3 94 93
3 98 79
3 98 89
3 98 98
3 98 99
4 5 5
4 5 13
4 7 9
4 7 6
4 7 8
4 7 29
4 7 7
4 11 1
4 11 20
4 11 22
4 11 32
4 11 23
4 11 31
4 11 41
4 21 21
4 26 35
4 26 4
4 26 25
4 26 27
4 26 28
4 26 37
4 26 45
4 26 16
4 26 17
4 26 18
4 26 19
4 26 26
4 26 33
4 26 34
4 26 36
4 26 44
4 39 39
4 57 67
4 57 69
4 57 77
4 57 46
4 57 49
4 57 55
4 57 58
4 57 59
4 57 66
4 57 68
4 57 76
4 57 87
4 60 42
4 60 52
4 60 40
4 60 50
4 60 51
4 60 60
4 64 65
4 64 53
4 64 54
4 64 64
4 64 75
4 71 80
4 71 82
4 71 92
4 71 71
4 72 -1
4 94 83
4 94 91
4 94 95
4 94 94
4 98 89
4 98 97
4 98 98
5 5 14
5 5 4
5 5 5
5 5 6
5 5 13
5 5 25
5 5 2
5 5 15
5 5 16
5 5 17
5 5 34
5 7 9
5 7 8
5 7 7
5 7 19
5 11 0
5 11 3
5 11 10
5 11 11
5 11 12
5 11 22
5 11 31
5 11 41
5 21 21
5 26 26
5 39 39
5 39 28
5 39 29
5 39 46
5 39 58
5 39 18
5 39 36
5 57 56
5 57 57
5 57 67
5 57 69
5 57 77
5 57 37
5 57 45
5 57 55
5 57 68
5 57 76
5 57 86
5 57 87
5 60 42
5 60 52
5 60 70
5 60 40
5 60 50
5 60 51
5 60 61
5 64 65
5 64 64
5 71 80
5 71 81
5 71 71
5 71 73
5 72 72
5 94 83
5 94 95
5 94 96
5 94 75
5 94 85
5 94 93
5 94 94
5 94 62
5 98 78
5 98 79
5 98 89
5 98 98
5 98 99
6 5 5
6 5 6
6 5 24
6 5 25
6 5 15
6 5 16
6 5 17
6 5 23
6 5 33
6 5 34
6 7 9
6 7 7
6 11 0
6 11 1
6 11 3
6 11 11
6 11 13
6 11 20
6 11 22
6 11 30
6 11 32
6 11 43
6 21 21
6 26 35
6 26 26
6 39 39
6 39 27
6 39 29
6 39 18
6 39 19
6 57 57
6 57 67
6 57 69
6 57 77
6 57 37
6 57 38
6 57 47
6 57 48
6 57 49
6 57 55
6 57 58
6 57 59
6 57 66
6 57 68
6 57 76
6 57 88
6 57 36
6 57 44
6 60 42
6 60 52
6 60 70
6 60 60
6 64 53
6 64 64
6 71 80
6 71 81
6 71 82
6 71 92
6 71 40
6 71 50
6 71 63
6 71 73
6 71 90
6 72 72
6 94 83
6 94 91
6 94 96
6 94 75
6 94 85
6 94 94
6 98 78
6 98 89
6 98 98
7 5 14
7 5 4
7 5 5
7 5 25
7 5 15
7 5 17
7 5 33
7 5 34
7 7 9
7 7 29
7 7 7
7 7 18
7 11 0
7 11 1
7 11 3
7 11 10
7 11 11
7 11 12
7 11 13
7 11 20
7 11 22
7 11 30
7 11 32
7 11 43
7 11 23
7 11 31
7 11 41
7 21 21
7 26 35
7 26 28
7 39 39
7 57 67
7 57 69
7 57 37
7 57 38
7 57 45
7 57 46
7 57 48
7 57 49
7 57 59
7 57 66
7 57 68
7 57 88
7 57 36
7 57 44
7 57 84
7 60 -1
7 64 65
7 64 53
7 71 80
7 71 70
7 71 81
7 71 82
7 71 40
7 71 50
7 71 51
7 71 63
7 71 71
7 71 90
7 71 62
7 72 72
7 94 83
7 94 91
7 94 95
7 94 96
7 94 75
7 94 85
7 94 74
7 94 93
7 94 94
7 98 79
7 98 89
7 98 97
7 98 98
8 5 14
8 5 4
8 5 24
8 5 16
8 5 17
8 7 29
8 7 7
8 7 18
8 11 0
8 11 3
8 11 10
8 11 13
8 11 30
8 11 32
8 11 43
8 11 2
8 11 23
8 11 41
8 21 21
8 26 35
8 26 26
8 39 -1
8 57 57
8 57 67
8 57 69
8 57 77
8 57 37
8 57 45
8 57 47
8 57 49
8 57 55
8 57 58
8 57 59
8 57 66
8 57 86
8 57 88
8 57 44
8 57 84
8 60 42
8 64 64
8 71 81
8 71 50
8 71 71
8 71 90
8 71 61
8 72 -1
8 94 83
8 94 95
8 94 96
8 94 75
8 94 85
8 94 93
8 94 94
8 98 79
8 98 89
8 98 97
8 98 99
9 5 14
9 5 5
9 5 6
9 5 24
9 5 25
9 5 2
9 5 33
9 5 34
9 7 9
9 7 8
9 7 19
9 11 3
9 11 10
9 11 11
9 11 22
9 11 43
9 11 31
9 21 -1
9 26 27
9 26 26
9 39 -1
9 57 69
9 57 77
9 57 38
9 57 45
9 57 46
9 57 48
9 57 68
9 57 76
9 57 86
9 57 36
9 60 70
9 60 40
9 60 51
9 60 61
9 64 -1
9 71 -1
9 72 72
9 94 95
9 94 96
9 94 75
9 94 85
9 94 74
9 94 93
9 94 94
9 94 62
9 98 97
9 98 99
10 5 5
10 7 9
10 11 1
10 11 43
10 21 -1
10 26 35
10 26 4
10 26 24
10 26 15
10 26 16
10 39 49
10 57 55
10 57 76
10 57 84
10 60 60
10 64 64
10 71 80
10 71 81
10 71 50
10 71 73
10 72 -1
10 94 96
10 94 94
10 98 78
10 98 98
10 98 99
10 98 68
10 98 88
11 5 6
11 5 25
11 7 -1
11 11 12
11 11 32
11 11 41
11 21 -1
11 26 -1
11 39 -1
11 57 57
11 60 -1
11 64 65
11 71 -1
11 72 -1
11 94 83
11 98 -1
--- Done ---
