0 26 8
0 26 18
0 47 29
0 47 17
0 47 19
0 47 27
0 47 28
1 11 0
1 11 13
1 11 30
1 11 31
1 11 2
1 11 22
1 11 41
1 26 6
1 26 8
1 26 18
1 26 25
1 26 4
1 26 10
1 26 16
1 26 17
1 26 19
1 26 27
1 26 28
1 26 33
1 26 34
1 26 56
1 26 58
1 47 29
1 47 47
1 47 85
1 47 65
1 47 66
1 53 70
1 53 71
1 54 -1
1 76 88
1 76 89
1 76 94
1 76 97
1 76 69
2 11 0
2 11 21
2 11 2
2 11 11
2 11 32
2 16 9
2 16 5
2 16 8
2 16 15
2 16 18
2 16 29
2 16 4
2 16 14
2 16 17
2 16 19
2 16 22
2 16 28
2 16 33
2 16 35
2 26 26
2 47 -1
2 53 60
2 53 72
2 53 34
2 53 62
2 53 53
2 53 63
2 53 36
2 53 43
2 54 -1
2 75 90
2 75 98
2 76 78
2 76 79
2 76 86
2 76 89
2 76 94
2 76 68
2 76 92
2 76 42
2 76 48
2 76 56
2 76 83
2 76 85
2 76 55
3 11 0
3 11 3
3 11 13
3 11 30
3 11 2
3 11 10
3 11 12
3 11 50
3 11 11
3 11 23
3 11 32
3 16 9
3 16 6
3 16 8
3 16 15
3 16 18
3 16 29
3 16 4
3 16 14
3 16 16
3 16 17
3 16 19
3 16 24
3 16 33
3 16 36
3 16 45
3 26 -1
3 47 49
3 47 28
3 47 68
3 47 47
3 53 60
3 54 -1
3 73 80
3 73 81
3 73 72
3 73 82
3 73 52
3 73 62
3 75 98
3 75 39
3 75 75
3 76 79
3 76 99
3 76 59
3 76 69
3 76 88
3 76 89
3 76 93
3 76 95
3 76 77
3 76 87
3 76 96
3 76 48
3 76 58
3 76 67
3 76 84
3 76 91
3 76 92
3 76 74
3 76 76
3 76 85
3 76 66
4 11 1
4 11 13
4 11 20
4 11 21
4 11 31
4 11 41
4 11 50
4 11 23
4 11 32
4 16 9
4 16 5
4 16 6
4 16 8
4 16 18
4 16 25
4 16 29
4 16 4
4 16 7
4 16 16
4 16 17
4 16 19
4 16 22
4 16 27
4 16 33
4 16 35
4 16 37
4 26 26
4 47 49
4 47 59
4 47 28
4 47 68
4 47 58
4 47 67
4 47 46
4 47 36
4 47 45
4 47 65
4 47 66
4 47 55
4 53 40
4 53 60
4 53 71
4 53 34
4 53 51
4 53 42
4 53 44
4 53 53
4 54 69
4 54 54
4 73 80
4 75 98
4 75 39
4 75 89
4 75 95
4 75 77
4 75 82
4 75 87
4 75 94
4 75 97
4 75 52
4 75 91
4 75 92
4 75 83
4 75 64
4 75 75
4 76 76
5 11 0
5 11 3
5 11 13
5 11 21
5 11 2
5 11 10
5 11 12
5 11 31
5 11 41
5 11 50
5 11 11
5 16 9
5 16 5
5 16 6
5 16 8
5 16 15
5 16 18
5 16 25
5 16 29
5 16 4
5 16 7
5 16 14
5 16 16
5 16 17
5 16 22
5 26 19
5 26 28
5 26 26
5 26 34
5 26 37
5 26 42
5 26 46
5 26 57
5 26 58
5 26 36
5 26 56
5 47 -1
5 53 40
5 54 -1
5 73 80
5 73 81
5 73 70
5 73 71
5 73 51
5 73 72
5 73 52
5 73 61
5 73 62
5 73 45
5 73 73
5 75 98
5 75 39
5 75 75
5 76 78
5 76 79
5 76 99
5 76 69
5 76 89
5 76 93
5 76 95
5 76 68
5 76 77
5 76 86
5 76 87
5 76 94
5 76 96
5 76 67
5 76 64
5 76 76
5 76 83
5 76 85
5 76 55
5 76 65
6 11 0
6 11 1
6 11 3
6 11 13
6 11 20
6 11 21
6 11 30
6 11 50
6 11 11
6 11 22
6 11 23
6 11 32
6 16 9
6 16 5
6 16 6
6 16 15
6 16 18
6 16 25
6 16 29
6 16 7
6 16 16
6 16 17
6 16 19
6 16 24
6 16 27
6 16 38
6 16 33
6 16 35
6 16 37
6 16 36
6 16 43
6 26 26
6 47 49
6 47 39
6 47 59
6 47 47
6 53 40
6 53 60
6 53 70
6 53 34
6 53 72
6 53 82
6 53 52
6 53 53
6 53 63
6 54 -1
6 73 80
6 73 81
6 73 90
6 73 73
6 75 98
6 75 75
6 76 78
6 76 69
6 76 88
6 76 89
6 76 68
6 76 77
6 76 94
6 76 96
6 76 42
6 76 44
6 76 48
6 76 57
6 76 58
6 76 67
6 76 91
6 76 92
6 76 76
6 76 83
6 76 85
6 76 64
6 76 66
6 76 55
7 11 0
7 11 1
7 11 3
7 11 13
7 11 20
7 11 21
7 11 30
7 11 10
7 11 12
7 11 31
7 11 41
7 11 50
7 11 11
7 11 22
7 11 23
7 11 32
7 16 9
7 16 5
7 16 15
7 16 18
7 16 25
7 16 29
7 16 4
7 16 7
7 16 14
7 16 17
7 16 28
7 16 38
7 16 33
7 16 35
7 16 37
7 16 46
7 16 36
7 16 43
7 16 45
7 26 -1
7 47 49
7 47 39
7 47 59
7 53 40
7 53 70
7 53 71
7 53 34
7 53 51
7 53 72
7 53 82
7 53 62
7 53 53
7 53 63
7 54 -1
7 73 80
7 73 81
7 73 90
7 75 98
7 75 75
7 76 79
7 76 69
7 76 88
7 76 89
7 76 93
7 76 95
7 76 68
7 76 94
7 76 96
7 76 97
7 76 44
7 76 48
7 76 67
7 76 84
7 76 91
7 76 74
7 76 83
7 76 85
7 76 65
7 76 66
8 11 0
8 11 3
8 11 13
8 11 21
8 11 30
8 11 2
8 11 10
8 11 41
8 11 50
8 11 23
8 11 32
8 11 43
8 16 18
8 16 4
8 16 16
8 16 24
8 26 26
8 47 49
8 47 29
8 47 59
8 47 7
8 47 14
8 47 17
8 47 35
8 47 37
8 47 47
8 47 55
8 47 45
8 53 -1
8 54 -1
8 73 81
8 73 71
8 73 90
8 73 61
8 73 64
8 75 75
8 76 79
8 76 99
8 76 69
8 76 88
8 76 89
8 76 93
8 76 95
8 76 77
8 76 86
8 76 94
8 76 96
8 76 97
8 76 42
8 76 44
8 76 57
8 76 58
8 76 67
8 76 84
8 76 83
8 76 85
8 76 66
9 11 3
9 11 2
9 11 10
9 11 31
9 11 11
9 16 9
9 16 5
9 16 6
9 16 8
9 16 25
9 16 14
9 16 19
9 16 22
9 16 24
9 16 27
9 16 38
9 16 33
9 16 46
9 16 36
9 16 43
9 16 45
9 26 26
9 47 -1
9 53 40
9 53 70
9 53 34
9 53 51
9 53 72
9 53 61
9 53 62
9 54 -1
9 73 -1
9 75 75
9 76 99
9 76 69
9 76 93
9 76 95
9 76 68
9 76 77
9 76 86
9 76 94
9 76 96
9 76 97
9 76 48
9 76 74
9 76 76
9 76 85
10 11 1
10 11 50
10 16 9
10 16 5
10 16 15
10 16 4
10 16 16
10 16 24
10 16 35
10 16 43
10 26 -1
10 47 49
10 53 60
10 54 -1
10 73 80
10 73 81
10 73 73
10 75 98
10 76 78
10 76 99
10 76 88
10 76 68
10 76 94
10 76 96
10 76 84
10 76 76
10 76 64
10 76 55
11 11 12
11 11 41
11 11 32
11 16 6
11 16 25
11 26 57
11 47 -1
11 53 83
11 53 65
11 54 -1
11 73 -1
11 75 -1
11 76 -1
--- Done ---
