0 5 29
0 5 8
0 5 17
0 5 18
0 5 19
0 5 27
0 5 28
0 26 -1
1 5 29
1 5 6
1 5 8
1 5 10
1 5 18
1 5 19
1 5 27
1 5 28
1 5 69
1 5 2
1 5 4
1 5 13
1 5 16
1 5 17
1 5 22
1 5 25
1 5 31
1 5 33
1 5 34
1 5 47
1 26 -1
1 43 0
1 43 41
1 43 70
1 43 71
1 43 30
1 77 88
1 77 89
1 77 94
1 77 97
1 77 58
1 77 66
1 77 85
1 77 56
1 77 65
2 5 9
2 5 29
2 5 8
2 5 11
2 5 18
2 5 19
2 5 28
2 5 2
2 5 4
2 5 5
2 5 14
2 5 15
2 5 17
2 5 22
2 5 32
2 26 26
2 26 33
2 43 0
2 43 43
2 77 68
2 77 79
2 77 86
2 77 89
2 77 98
2 77 48
2 77 55
2 77 56
2 77 78
2 77 34
2 77 36
2 81 60
2 81 90
2 81 92
2 81 53
2 81 72
2 81 94
2 81 21
2 81 42
2 81 62
2 81 63
2 81 85
2 81 35
2 81 83
3 5 9
3 5 29
3 5 3
3 5 6
3 5 8
3 5 10
3 5 11
3 5 18
3 5 19
3 5 28
3 5 69
3 5 2
3 5 4
3 5 13
3 26 -1
3 43 0
3 43 12
3 43 14
3 43 15
3 43 16
3 43 17
3 43 24
3 43 33
3 43 23
3 43 30
3 43 62
3 77 68
3 77 79
3 77 88
3 77 89
3 77 96
3 77 99
3 77 39
3 77 49
3 77 58
3 77 59
3 77 66
3 77 76
3 77 77
3 77 87
3 77 91
3 77 98
3 77 32
3 77 36
3 77 45
3 77 47
3 77 48
3 77 67
3 77 74
3 77 75
3 77 84
3 77 85
3 77 93
3 77 95
3 81 60
3 81 80
3 81 81
3 81 92
3 81 50
3 81 52
3 81 72
3 81 82
4 5 1
4 5 9
4 5 20
4 5 29
4 5 6
4 5 7
4 5 8
4 5 18
4 5 19
4 5 27
4 5 28
4 5 69
4 26 4
4 26 5
4 26 13
4 26 16
4 26 17
4 26 22
4 26 25
4 26 26
4 26 33
4 26 21
4 26 23
4 26 42
4 26 46
4 26 55
4 26 67
4 26 75
4 26 35
4 26 54
4 26 64
4 26 83
4 43 -1
4 77 68
4 77 89
4 77 97
4 77 39
4 77 49
4 77 58
4 77 59
4 77 66
4 77 31
4 77 76
4 77 77
4 77 87
4 77 91
4 77 94
4 77 98
4 77 32
4 77 34
4 77 36
4 77 37
4 77 44
4 77 45
4 77 65
4 81 60
4 81 80
4 81 92
4 81 40
4 81 41
4 81 50
4 81 51
4 81 52
4 81 53
4 81 71
4 81 82
4 81 95
5 5 9
5 5 29
5 5 3
5 5 6
5 5 7
5 5 8
5 5 10
5 5 11
5 5 18
5 5 19
5 5 5
5 26 28
5 26 58
5 26 25
5 26 21
5 26 26
5 26 42
5 26 62
5 26 75
5 26 78
5 26 46
5 26 64
5 26 83
5 43 0
5 43 12
5 43 40
5 43 41
5 43 50
5 43 51
5 43 52
5 43 61
5 43 70
5 43 71
5 43 72
5 43 73
5 43 76
5 43 98
5 43 2
5 43 4
5 43 13
5 43 14
5 43 15
5 43 16
5 43 17
5 43 22
5 77 68
5 77 79
5 77 86
5 77 89
5 77 96
5 77 99
5 77 39
5 77 69
5 77 77
5 77 87
5 77 94
5 77 31
5 77 34
5 77 36
5 77 37
5 77 45
5 77 55
5 77 56
5 77 57
5 77 65
5 77 67
5 81 80
5 81 81
5 81 85
5 81 93
5 81 95
6 5 1
6 5 9
6 5 20
6 5 29
6 5 3
6 5 6
6 5 7
6 5 11
6 5 18
6 5 19
6 5 27
6 5 69
6 5 5
6 5 13
6 5 15
6 5 16
6 5 17
6 5 22
6 5 24
6 5 25
6 5 33
6 5 23
6 26 26
6 43 0
6 43 43
6 43 47
6 43 75
6 43 64
6 43 83
6 77 68
6 77 88
6 77 89
6 77 96
6 77 39
6 77 49
6 77 58
6 77 59
6 77 66
6 77 76
6 77 77
6 77 98
6 77 38
6 77 48
6 77 55
6 77 57
6 77 67
6 77 78
6 77 32
6 77 34
6 77 36
6 77 37
6 77 44
6 81 60
6 81 80
6 81 81
6 81 90
6 81 92
6 81 40
6 81 50
6 81 52
6 81 53
6 81 70
6 81 72
6 81 73
6 81 82
6 81 91
6 81 94
6 81 21
6 81 30
6 81 42
6 81 63
6 81 85
6 81 35
7 5 1
7 5 9
7 5 20
7 5 29
7 5 3
7 5 7
7 5 10
7 5 11
7 5 18
7 5 28
7 5 69
7 5 4
7 5 5
7 5 13
7 5 14
7 5 15
7 5 17
7 5 22
7 5 25
7 5 31
7 5 33
7 5 23
7 5 32
7 5 34
7 5 36
7 5 37
7 26 -1
7 43 0
7 43 12
7 43 43
7 77 68
7 77 79
7 77 88
7 77 89
7 77 96
7 77 97
7 77 39
7 77 49
7 77 59
7 77 66
7 77 98
7 77 38
7 77 48
7 77 65
7 77 67
7 77 44
7 77 45
7 77 75
7 77 83
7 81 80
7 81 81
7 81 90
7 81 40
7 81 41
7 81 50
7 81 51
7 81 53
7 81 70
7 81 71
7 81 72
7 81 82
7 81 91
7 81 94
7 81 21
7 81 30
7 81 62
7 81 63
7 81 74
7 81 84
7 81 85
7 81 93
7 81 95
7 81 46
7 81 35
8 5 29
8 5 3
8 5 7
8 5 10
8 5 18
8 5 2
8 5 4
8 5 13
8 5 14
8 5 16
8 5 17
8 5 24
8 5 37
8 5 44
8 5 45
8 5 47
8 5 75
8 5 35
8 26 26
8 43 0
8 43 43
8 77 79
8 77 86
8 77 88
8 77 89
8 77 96
8 77 97
8 77 99
8 77 49
8 77 58
8 77 59
8 77 66
8 77 69
8 77 77
8 77 94
8 77 55
8 77 57
8 77 67
8 77 84
8 77 85
8 77 93
8 77 95
8 77 32
8 81 81
8 81 90
8 81 41
8 81 50
8 81 61
8 81 71
8 81 21
8 81 30
8 81 42
8 81 23
8 81 64
8 81 83
9 5 9
9 5 3
9 5 6
9 5 8
9 5 10
9 5 11
9 5 19
9 5 27
9 5 69
9 5 2
9 5 5
9 5 14
9 5 22
9 5 24
9 5 25
9 5 31
9 5 33
9 5 34
9 5 36
9 5 45
9 5 46
9 5 75
9 26 26
9 43 40
9 43 51
9 43 61
9 43 70
9 43 72
9 43 76
9 43 43
9 43 62
9 43 74
9 43 85
9 43 93
9 43 95
9 77 68
9 77 86
9 77 96
9 77 97
9 77 99
9 77 77
9 77 94
9 77 38
9 77 48
9 81 -1
10 5 1
10 5 9
10 5 4
10 5 5
10 5 15
10 5 16
10 5 24
10 26 -1
10 43 43
10 77 68
10 77 88
10 77 96
10 77 99
10 77 49
10 77 76
10 77 94
10 77 98
10 77 55
10 77 78
10 77 84
10 77 64
10 77 35
10 81 60
10 81 80
10 81 81
10 81 50
10 81 73
11 5 6
11 26 -1
11 43 12
11 43 41
11 43 25
11 43 57
11 43 65
11 43 32
11 43 83
11 77 -1
11 81 -1
--- Done ---
