0 3 -1
0 36 8
0 36 17
0 36 19
0 36 27
0 36 28
0 36 29
0 36 18
1 3 2
1 3 10
1 3 31
1 36 8
1 36 17
1 36 19
1 36 27
1 36 28
1 36 29
1 36 4
1 36 6
1 36 13
1 36 16
1 36 18
1 36 34
1 36 47
1 36 58
1 36 69
1 36 89
1 36 22
1 36 25
1 36 33
1 36 66
1 36 56
1 71 0
1 71 41
1 71 70
1 71 30
1 71 71
1 71 88
1 71 94
1 71 97
1 76 65
1 76 85
2 3 2
2 36 8
2 36 17
2 36 19
2 36 28
2 36 29
2 36 32
2 36 36
2 36 4
2 36 5
2 36 9
2 36 11
2 36 14
2 36 18
2 36 34
2 36 35
2 36 48
2 71 0
2 71 60
2 71 72
2 71 90
2 71 21
2 71 33
2 71 43
2 71 53
2 71 62
2 71 63
2 71 83
2 71 86
2 71 92
2 71 94
2 71 42
2 71 56
2 76 68
2 76 79
2 76 85
2 76 98
2 76 78
2 76 89
2 76 15
2 76 22
2 76 26
2 76 55
3 3 2
3 3 3
3 3 10
3 3 14
3 3 18
3 36 8
3 36 17
3 36 19
3 36 28
3 36 29
3 36 32
3 36 36
3 36 39
3 36 4
3 36 6
3 36 9
3 36 11
3 36 12
3 36 13
3 36 24
3 71 0
3 71 50
3 71 52
3 71 60
3 71 72
3 71 80
3 71 81
3 71 45
3 71 30
3 71 33
3 71 62
3 71 87
3 71 88
3 71 91
3 71 92
3 71 93
3 76 68
3 76 79
3 76 85
3 76 96
3 76 98
3 76 99
3 76 16
3 76 23
3 76 47
3 76 48
3 76 49
3 76 58
3 76 59
3 76 67
3 76 69
3 76 75
3 76 76
3 76 77
3 76 89
3 76 95
3 76 15
3 76 66
3 76 74
3 76 82
3 76 84
4 3 31
4 3 7
4 3 9
4 3 18
4 3 34
4 3 37
4 3 20
4 3 21
4 3 33
4 3 51
4 36 8
4 36 17
4 36 19
4 36 27
4 36 28
4 36 29
4 36 32
4 36 36
4 36 39
4 36 1
4 36 4
4 36 5
4 36 6
4 36 13
4 71 40
4 71 41
4 71 50
4 71 52
4 71 60
4 71 80
4 71 45
4 71 64
4 71 66
4 71 71
4 71 82
4 71 83
4 71 87
4 71 91
4 71 92
4 71 94
4 71 97
4 71 42
4 71 46
4 76 65
4 76 68
4 76 98
4 76 16
4 76 35
4 76 49
4 76 58
4 76 59
4 76 67
4 76 69
4 76 75
4 76 76
4 76 77
4 76 89
4 76 95
4 76 22
4 76 23
4 76 25
4 76 26
4 76 44
4 76 53
4 76 54
4 76 55
5 3 2
5 3 3
5 3 10
5 3 31
5 3 13
5 3 18
5 3 34
5 3 37
5 3 6
5 3 15
5 3 21
5 3 22
5 3 25
5 3 26
5 3 51
5 3 55
5 3 42
5 3 56
5 36 8
5 36 17
5 36 19
5 36 28
5 36 4
5 36 5
5 36 7
5 36 9
5 36 11
5 36 12
5 36 14
5 36 36
5 71 0
5 71 40
5 71 41
5 71 50
5 71 52
5 71 61
5 71 70
5 71 72
5 71 80
5 71 81
5 71 45
5 71 62
5 71 71
5 71 83
5 71 93
5 71 64
5 71 73
5 71 86
5 71 87
5 71 94
5 71 46
5 76 16
5 76 76
5 76 96
5 76 98
5 76 99
5 78 29
5 78 39
5 78 57
5 78 58
5 78 65
5 78 67
5 78 68
5 78 69
5 78 75
5 78 77
5 78 78
5 78 79
5 78 85
5 78 89
5 78 95
6 3 3
6 3 23
6 3 22
6 3 25
6 3 26
6 3 33
6 3 42
6 3 43
6 3 55
6 36 17
6 36 19
6 36 27
6 36 32
6 36 1
6 36 5
6 36 7
6 36 9
6 36 11
6 36 13
6 36 16
6 36 18
6 36 24
6 36 29
6 36 34
6 36 36
6 36 37
6 36 38
6 36 39
6 36 6
6 36 15
6 71 0
6 71 40
6 71 50
6 71 52
6 71 60
6 71 70
6 71 72
6 71 80
6 71 81
6 71 90
6 71 30
6 71 63
6 71 83
6 71 91
6 71 92
6 71 20
6 71 21
6 71 44
6 76 76
6 78 68
6 78 85
6 78 96
6 78 98
6 78 35
6 78 47
6 78 48
6 78 49
6 78 53
6 78 57
6 78 58
6 78 59
6 78 64
6 78 66
6 78 67
6 78 69
6 78 73
6 78 75
6 78 77
6 78 78
6 78 82
6 78 88
6 78 89
6 78 94
7 3 3
7 3 10
7 3 31
7 3 23
7 36 17
7 36 28
7 36 32
7 36 1
7 36 4
7 36 5
7 36 7
7 36 9
7 36 11
7 36 12
7 36 13
7 36 14
7 36 18
7 36 29
7 36 34
7 36 36
7 36 37
7 36 38
7 36 39
7 36 15
7 36 20
7 36 21
7 36 22
7 36 25
7 36 33
7 36 45
7 71 0
7 71 40
7 71 41
7 71 50
7 71 70
7 71 72
7 71 80
7 71 81
7 71 90
7 71 30
7 71 51
7 71 62
7 71 63
7 71 71
7 71 83
7 71 91
7 71 93
7 71 44
7 71 74
7 71 43
7 71 53
7 71 66
7 71 82
7 71 84
7 71 88
7 71 94
7 71 97
7 76 65
7 76 68
7 76 79
7 76 85
7 76 96
7 76 98
7 76 35
7 76 48
7 76 49
7 76 59
7 76 67
7 76 69
7 76 75
7 76 89
7 76 95
7 76 46
7 78 -1
8 3 2
8 3 3
8 3 10
8 3 4
8 3 7
8 3 13
8 3 14
8 3 18
8 3 23
8 3 24
8 3 37
8 3 26
8 36 17
8 36 32
8 36 16
8 36 29
8 36 35
8 36 47
8 36 49
8 36 57
8 36 58
8 36 59
8 36 67
8 36 69
8 36 75
8 36 77
8 36 89
8 36 95
8 36 64
8 36 66
8 36 55
8 71 0
8 71 41
8 71 50
8 71 61
8 71 81
8 71 90
8 71 30
8 71 71
8 71 83
8 71 93
8 71 21
8 71 44
8 71 45
8 71 84
8 71 86
8 71 88
8 71 94
8 71 97
8 71 42
8 71 43
8 76 -1
8 78 79
8 78 85
8 78 96
8 78 99
9 3 2
9 3 3
9 3 10
9 3 31
9 3 5
9 3 9
9 3 11
9 3 14
9 3 24
9 3 34
9 3 51
9 3 62
9 3 6
9 3 22
9 3 25
9 3 26
9 3 33
9 3 43
9 3 46
9 36 8
9 36 19
9 36 27
9 36 36
9 36 38
9 36 45
9 36 48
9 36 69
9 36 74
9 36 75
9 36 77
9 36 95
9 71 40
9 71 61
9 71 70
9 71 72
9 71 93
9 71 86
9 71 94
9 71 97
9 76 76
9 78 68
9 78 85
9 78 96
9 78 99
10 3 1
10 3 4
10 3 5
10 3 9
10 3 24
10 3 15
10 36 16
10 71 50
10 71 60
10 71 80
10 71 81
10 76 76
10 78 68
10 78 96
10 78 98
10 78 99
10 78 35
10 78 49
10 78 73
10 78 78
10 78 84
10 78 88
10 78 94
10 78 43
10 78 55
10 78 64
11 3 -1
11 36 32
11 36 12
11 36 6
11 36 25
11 36 57
11 71 41
11 71 83
11 76 65
11 78 -1
--- Done ---
