0 26 8
0 26 17
0 39 29
0 39 18
0 39 19
0 39 27
0 39 28
1 5 6
1 5 4
1 5 13
1 5 16
1 5 17
1 5 25
1 5 2
1 5 33
1 5 34
1 11 0
1 11 10
1 11 22
1 11 30
1 11 31
1 11 41
1 21 -1
1 26 8
1 26 47
1 39 29
1 39 18
1 39 19
1 39 27
1 39 28
1 39 58
1 57 56
1 57 69
1 57 66
1 57 88
1 60 70
1 60 71
1 64 65
1 64 85
1 64 94
1 72 -1
1 98 89
1 98 97
2 5 5
2 5 14
2 5 4
2 5 15
2 5 17
2 5 2
2 5 33
2 5 34
2 11 0
2 11 11
2 11 22
2 11 32
2 11 43
2 21 21
2 26 8
2 26 26
2 26 35
2 39 29
2 39 18
2 39 19
2 39 28
2 39 48
2 39 36
2 46 9
2 46 56
2 55 83
2 55 55
2 57 -1
2 60 60
2 64 85
2 72 92
2 72 63
2 72 72
2 72 90
2 72 94
2 72 42
2 72 53
2 72 62
2 98 79
2 98 89
2 98 98
2 98 68
2 98 86
2 98 78
3 5 6
3 5 14
3 5 4
3 5 15
3 5 16
3 5 17
3 5 24
3 5 2
3 5 23
3 5 33
3 11 0
3 11 3
3 11 10
3 11 11
3 11 12
3 11 13
3 11 30
3 11 32
3 21 -1
3 26 8
3 26 47
3 26 45
3 39 29
3 39 18
3 39 19
3 39 28
3 39 39
3 39 49
3 39 48
3 39 58
3 39 36
3 46 9
3 55 -1
3 57 -1
3 60 60
3 62 80
3 62 91
3 62 52
3 62 82
3 62 92
3 62 50
3 62 85
3 62 62
3 64 -1
3 72 81
3 72 74
3 72 84
3 72 93
3 72 72
3 76 95
3 76 96
3 76 69
3 76 75
3 76 77
3 76 67
3 76 76
3 76 66
3 98 79
3 98 89
3 98 98
3 98 87
3 98 99
3 98 59
3 98 68
3 98 88
4 5 5
4 5 6
4 5 13
4 11 1
4 11 20
4 11 22
4 11 23
4 11 31
4 21 21
4 21 40
4 26 8
4 26 4
4 26 7
4 26 16
4 26 17
4 26 18
4 26 19
4 26 28
4 26 25
4 26 26
4 26 27
4 26 35
4 26 37
4 26 33
4 26 34
4 26 36
4 39 29
4 39 39
4 39 49
4 39 58
4 46 9
4 46 45
4 46 46
4 46 65
4 46 67
4 46 66
4 55 55
4 57 -1
4 60 60
4 62 80
4 62 91
4 62 52
4 62 82
4 62 83
4 62 92
4 62 50
4 62 51
4 62 71
4 62 32
4 62 41
4 62 42
4 62 53
4 62 54
4 62 44
4 64 94
4 64 64
4 72 -1
4 76 95
4 76 69
4 76 75
4 76 77
4 76 76
4 98 89
4 98 98
4 98 87
4 98 97
4 98 59
4 98 68
5 5 5
5 5 6
5 5 14
5 5 4
5 5 7
5 5 13
5 5 15
5 5 16
5 5 17
5 5 2
5 5 25
5 5 34
5 11 0
5 11 3
5 11 10
5 11 11
5 11 12
5 11 22
5 11 31
5 11 41
5 21 21
5 21 40
5 26 8
5 26 26
5 26 37
5 26 36
5 26 45
5 39 29
5 39 18
5 39 19
5 39 28
5 39 39
5 46 9
5 46 46
5 46 56
5 55 55
5 57 57
5 60 -1
5 62 80
5 62 52
5 62 70
5 62 83
5 62 50
5 62 51
5 62 71
5 62 73
5 62 42
5 62 61
5 62 62
5 64 64
5 72 81
5 72 93
5 72 94
5 72 72
5 76 95
5 76 96
5 76 69
5 76 75
5 76 99
5 76 58
5 76 68
5 76 77
5 76 85
5 76 86
5 76 65
5 76 67
5 76 76
5 76 78
5 98 79
5 98 89
5 98 98
5 98 87
6 5 5
6 5 6
6 5 7
6 5 15
6 5 16
6 5 17
6 5 24
6 5 23
6 5 25
6 5 33
6 5 34
6 11 0
6 11 1
6 11 3
6 11 11
6 11 13
6 11 20
6 11 22
6 11 30
6 21 21
6 21 40
6 26 26
6 26 35
6 26 37
6 26 47
6 39 29
6 39 18
6 39 19
6 39 38
6 39 39
6 39 49
6 39 27
6 39 48
6 39 36
6 46 9
6 55 55
6 57 57
6 60 60
6 62 80
6 62 91
6 62 52
6 62 70
6 62 82
6 62 83
6 62 92
6 62 50
6 62 63
6 62 73
6 62 85
6 62 32
6 62 42
6 62 43
6 62 53
6 62 44
6 64 64
6 72 81
6 72 90
6 72 94
6 72 72
6 76 96
6 76 69
6 76 75
6 76 59
6 76 68
6 76 77
6 76 88
6 76 58
6 76 67
6 76 76
6 76 78
6 76 66
6 98 89
6 98 98
7 5 5
7 5 14
7 5 4
7 5 7
7 5 13
7 5 15
7 5 17
7 5 25
7 5 33
7 5 34
7 11 0
7 11 1
7 11 3
7 11 10
7 11 11
7 11 12
7 11 20
7 11 22
7 11 30
7 11 23
7 11 31
7 11 32
7 11 41
7 11 43
7 21 21
7 21 40
7 26 -1
7 39 29
7 39 18
7 39 28
7 39 38
7 39 39
7 39 49
7 39 48
7 39 36
7 46 9
7 46 35
7 46 37
7 46 45
7 46 46
7 55 -1
7 57 -1
7 60 -1
7 62 80
7 62 91
7 62 70
7 62 82
7 62 83
7 62 62
7 64 -1
7 72 81
7 72 74
7 72 84
7 72 90
7 72 93
7 72 94
7 72 50
7 72 51
7 72 63
7 72 71
7 72 72
7 72 53
7 76 95
7 76 96
7 76 69
7 76 75
7 76 97
7 76 59
7 76 68
7 76 85
7 76 88
7 76 65
7 76 67
7 76 66
7 76 44
7 98 79
7 98 89
7 98 98
8 5 14
8 5 4
8 5 7
8 5 16
8 5 17
8 5 24
8 5 2
8 5 23
8 11 0
8 11 3
8 11 10
8 11 13
8 11 30
8 11 32
8 11 41
8 11 43
8 21 21
8 26 26
8 26 35
8 26 37
8 26 47
8 26 45
8 39 29
8 39 18
8 39 49
8 46 -1
8 55 83
8 55 55
8 57 57
8 60 -1
8 62 -1
8 64 64
8 72 81
8 72 84
8 72 90
8 72 93
8 72 94
8 72 50
8 72 71
8 72 42
8 72 61
8 76 95
8 76 96
8 76 69
8 76 75
8 76 97
8 76 99
8 76 59
8 76 77
8 76 85
8 76 86
8 76 88
8 76 58
8 76 67
8 76 66
8 76 44
8 98 79
8 98 89
9 5 5
9 5 6
9 5 14
9 5 24
9 5 2
9 5 25
9 5 33
9 5 34
9 11 3
9 11 10
9 11 11
9 11 22
9 11 31
9 11 43
9 21 40
9 26 8
9 26 19
9 26 26
9 26 27
9 26 45
9 26 36
9 39 38
9 46 9
9 46 48
9 46 46
9 55 -1
9 57 -1
9 60 70
9 60 51
9 62 62
9 64 74
9 64 93
9 64 94
9 64 61
9 72 72
9 76 95
9 76 96
9 76 69
9 76 75
9 76 97
9 76 99
9 76 68
9 76 77
9 76 85
9 76 86
9 76 76
9 98 -1
10 5 5
10 5 4
10 5 15
10 5 16
10 5 24
10 11 1
10 11 43
10 21 -1
10 26 -1
10 39 49
10 46 9
10 46 35
10 55 55
10 57 -1
10 60 60
10 62 80
10 64 64
10 72 81
10 72 84
10 72 94
10 72 50
10 72 73
10 76 96
10 76 99
10 76 68
10 76 88
10 76 76
10 76 78
10 98 98
11 5 6
11 5 25
11 11 12
11 11 32
11 11 41
11 21 -1
11 26 -1
11 39 -1
11 46 -1
11 55 83
11 55 65
11 57 57
11 60 -1
11 62 -1
11 64 -1
11 72 -1
11 76 -1
11 98 -1
--- Done ---
