0 3 -1
0 8 8
0 8 17
0 8 18
0 8 19
0 29 27
0 29 28
0 29 29
1 3 0
1 3 2
1 3 4
1 3 10
1 3 13
1 3 22
1 3 25
1 3 30
1 3 31
1 3 33
1 3 34
1 3 41
1 3 66
1 3 71
1 3 94
1 8 6
1 8 8
1 8 16
1 8 17
1 8 18
1 8 97
1 29 19
1 29 27
1 29 28
1 29 29
1 29 47
1 29 56
1 29 58
1 29 65
1 29 69
1 29 70
1 29 85
1 29 88
1 29 89
2 3 0
2 3 2
2 3 4
2 3 5
2 3 11
2 3 14
2 3 15
2 3 21
2 3 22
2 3 26
2 3 32
2 3 33
2 3 34
2 3 42
2 3 43
2 3 60
2 3 62
2 3 83
2 3 92
2 3 94
2 8 8
2 8 9
2 8 17
2 8 18
2 8 53
2 8 55
2 8 78
2 8 90
2 29 19
2 29 28
2 29 29
2 29 35
2 29 36
2 29 48
2 29 56
2 29 63
2 29 68
2 29 72
2 29 79
2 29 85
2 29 86
2 29 89
2 29 98
3 3 0
3 3 2
3 3 3
3 3 4
3 3 10
3 3 11
3 3 12
3 3 13
3 3 14
3 3 15
3 3 23
3 3 24
3 3 30
3 3 32
3 3 33
3 3 50
3 3 52
3 3 60
3 3 62
3 3 66
3 3 77
3 3 79
3 3 80
3 3 84
3 3 85
3 3 87
3 3 89
3 8 6
3 8 8
3 8 9
3 8 16
3 8 17
3 8 18
3 8 59
3 8 74
3 8 82
3 8 88
3 8 91
3 8 92
3 8 93
3 8 95
3 8 96
3 8 98
3 8 99
3 29 19
3 29 28
3 29 29
3 29 36
3 29 39
3 29 45
3 29 47
3 29 48
3 29 49
3 29 58
3 29 67
3 29 68
3 29 69
3 29 72
3 29 75
3 29 76
3 29 81
4 3 1
4 3 4
4 3 5
4 3 13
4 3 20
4 3 21
4 3 22
4 3 23
4 3 25
4 3 26
4 3 31
4 3 32
4 3 33
4 3 34
4 3 40
4 3 41
4 3 42
4 3 46
4 3 50
4 3 51
4 3 52
4 3 54
4 3 60
4 8 6
4 8 7
4 8 8
4 8 9
4 8 16
4 8 17
4 8 18
4 8 44
4 8 53
4 8 55
4 8 59
4 8 64
4 8 67
4 8 68
4 8 69
4 8 71
4 8 75
4 8 76
4 8 77
4 8 80
4 8 82
4 8 83
4 8 89
4 8 92
4 29 19
4 29 27
4 29 28
4 29 29
4 29 35
4 29 36
4 29 37
4 29 39
4 29 45
4 29 49
4 29 58
4 29 65
4 29 66
5 3 0
5 3 2
5 3 3
5 3 4
5 3 5
5 3 10
5 3 11
5 3 12
5 3 13
5 3 14
5 3 15
5 3 21
5 3 22
5 3 25
5 3 26
5 3 31
5 3 34
5 3 40
5 3 41
5 3 42
5 8 6
5 8 7
5 8 8
5 8 9
5 8 16
5 8 17
5 8 18
5 8 50
5 8 51
5 8 52
5 8 55
5 8 56
5 8 57
5 8 58
5 8 61
5 8 64
5 8 65
5 8 70
5 29 19
5 29 28
5 29 29
5 29 36
5 29 37
5 29 39
5 29 45
5 29 46
6 3 0
6 3 1
6 3 3
6 3 5
6 3 11
6 3 13
6 3 15
6 3 20
6 3 21
6 3 22
6 3 23
6 3 24
6 3 25
6 3 26
6 3 30
6 3 32
6 3 33
6 3 34
6 3 43
6 8 6
6 8 7
6 8 9
6 8 16
6 8 17
6 8 18
6 8 40
6 8 42
6 8 44
6 8 53
6 8 55
6 8 59
6 8 60
6 8 64
6 8 75
6 8 76
6 8 77
6 8 78
6 8 80
6 8 81
6 8 82
6 8 85
6 29 19
6 29 27
6 29 29
6 29 35
6 29 36
6 29 37
6 29 38
6 29 39
6 29 47
6 29 48
6 29 49
6 29 50
6 29 52
6 29 57
6 29 58
6 29 63
6 29 66
6 29 67
6 29 68
6 29 69
6 29 70
6 29 72
6 29 73
7 3 0
7 3 1
7 3 3
7 3 4
7 3 5
7 3 10
7 3 11
7 3 12
7 3 13
7 3 14
7 3 15
7 3 20
7 3 21
7 3 22
7 3 23
7 3 25
7 3 30
7 3 31
7 3 32
7 3 33
7 3 34
7 3 40
7 3 41
7 3 43
7 3 46
7 8 7
7 8 9
7 8 17
7 8 18
7 8 44
7 8 53
7 8 59
7 8 62
7 8 74
7 8 82
7 8 83
7 8 84
7 8 89
7 8 90
7 8 91
7 8 93
7 8 94
7 8 95
7 8 96
7 8 97
7 8 98
7 29 28
7 29 29
7 29 35
7 29 36
7 29 37
7 29 38
7 29 39
7 29 45
7 29 48
7 29 49
7 29 50
7 29 51
7 29 63
7 29 65
7 29 66
7 29 67
7 29 68
7 29 69
7 29 70
7 29 71
7 29 72
7 29 75
7 29 79
7 29 80
7 29 81
7 29 85
7 29 88
8 3 0
8 3 2
8 3 3
8 3 4
8 3 10
8 3 13
8 3 14
8 3 21
8 3 23
8 3 24
8 3 26
8 3 30
8 3 32
8 3 41
8 3 42
8 3 43
8 3 50
8 3 61
8 3 64
8 3 66
8 3 71
8 3 83
8 3 84
8 8 7
8 8 16
8 8 17
8 8 18
8 8 44
8 8 55
8 8 59
8 8 90
8 8 94
8 8 95
8 8 96
8 8 97
8 29 29
8 29 35
8 29 37
8 29 45
8 29 47
8 29 49
8 29 57
8 29 58
8 29 67
8 29 69
8 29 75
8 29 77
8 29 79
8 29 81
8 29 85
8 29 86
8 29 88
8 29 89
8 29 93
8 29 99
9 3 2
9 3 3
9 3 5
9 3 10
9 3 11
9 3 14
9 3 22
9 3 24
9 3 25
9 3 26
9 3 31
9 3 33
9 3 34
9 3 40
9 3 43
9 3 46
9 3 51
9 3 61
9 3 62
9 3 94
9 8 6
9 8 8
9 8 9
9 8 74
9 8 95
9 8 96
9 8 97
9 29 19
9 29 27
9 29 36
9 29 38
9 29 45
9 29 48
9 29 68
9 29 69
9 29 70
9 29 72
9 29 75
9 29 76
9 29 77
9 29 85
9 29 86
9 29 93
9 29 99
10 3 1
10 3 4
10 3 5
10 3 15
10 3 24
10 3 43
10 3 50
10 3 60
10 3 64
10 3 73
10 3 80
10 3 84
10 3 94
10 8 9
10 8 16
10 8 55
10 8 78
10 8 96
10 29 35
10 29 49
10 29 68
10 29 76
10 29 81
10 29 88
10 29 98
10 29 99
11 3 12
11 3 25
11 3 32
11 3 41
11 3 83
11 8 6
11 29 57
11 29 65
--- Done ---
