0 26 8
0 26 18
0 47 29
0 47 17
0 47 19
0 47 27
0 47 28
1 1 0
1 1 2
1 1 13
1 1 22
1 1 31
1 26 6
1 26 8
1 26 16
1 26 18
1 26 25
1 26 4
1 26 10
1 26 17
1 26 19
1 26 27
1 26 34
1 26 28
1 26 33
1 26 56
1 26 58
1 47 29
1 47 65
1 47 47
1 47 66
1 47 85
1 51 30
1 51 71
1 51 41
1 74 70
1 78 69
1 78 88
1 78 89
1 78 97
1 78 94
2 1 0
2 1 2
2 1 11
2 1 22
2 1 21
2 26 5
2 26 8
2 26 15
2 26 18
2 26 4
2 26 17
2 26 19
2 26 26
2 26 34
2 26 36
2 26 14
2 26 28
2 26 32
2 26 33
2 26 42
2 47 29
2 51 60
2 59 9
2 59 79
2 59 89
2 59 48
2 59 68
2 74 90
2 74 92
2 74 62
2 74 72
2 74 83
2 74 86
2 74 94
2 74 43
2 74 53
2 74 55
2 74 56
2 74 63
2 74 85
2 74 35
2 78 98
2 78 78
3 1 0
3 1 2
3 1 11
3 1 12
3 1 13
3 1 3
3 1 33
3 26 6
3 26 8
3 26 15
3 26 16
3 26 18
3 26 4
3 26 10
3 26 17
3 26 19
3 26 23
3 26 24
3 26 36
3 26 14
3 26 28
3 26 32
3 47 29
3 47 39
3 47 48
3 47 47
3 51 30
3 51 52
3 51 60
3 51 80
3 59 9
3 59 59
3 74 81
3 74 84
3 74 91
3 74 92
3 74 93
3 74 95
3 74 96
3 74 50
3 74 62
3 74 72
3 74 74
3 74 82
3 74 45
3 78 88
3 78 98
3 78 69
3 78 77
3 78 79
3 78 89
3 78 99
3 78 49
3 78 66
3 78 67
3 78 68
3 78 75
3 78 85
3 78 87
3 78 58
3 78 76
4 1 1
4 1 13
4 1 20
4 1 22
4 26 5
4 26 6
4 26 8
4 26 16
4 26 18
4 26 25
4 26 4
4 26 7
4 26 17
4 26 19
4 26 23
4 26 26
4 26 34
4 26 36
4 26 37
4 26 46
4 26 27
4 26 32
4 26 33
4 26 42
4 26 44
4 26 45
4 47 29
4 47 39
4 47 65
4 47 28
4 47 49
4 47 53
4 47 55
4 47 66
4 47 67
4 47 68
4 47 75
4 47 35
4 47 76
4 51 40
4 51 51
4 51 52
4 51 60
4 51 71
4 51 80
4 51 21
4 51 31
4 51 41
4 51 50
4 51 82
4 51 83
4 51 54
4 59 9
4 59 59
4 74 91
4 74 92
4 74 95
4 78 97
4 78 98
4 78 69
4 78 77
4 78 89
4 78 94
4 78 64
4 78 87
4 78 58
5 1 0
5 1 2
5 1 11
5 1 12
5 1 13
5 1 22
5 1 3
5 1 21
5 1 31
5 1 14
5 26 5
5 26 6
5 26 8
5 26 15
5 26 16
5 26 18
5 26 25
5 26 4
5 26 7
5 26 10
5 26 17
5 26 19
5 26 26
5 26 36
5 26 37
5 47 29
5 47 46
5 47 28
5 47 39
5 47 45
5 47 65
5 47 55
5 47 56
5 47 57
5 47 67
5 47 68
5 51 40
5 51 51
5 51 52
5 51 71
5 51 80
5 51 34
5 51 41
5 51 42
5 51 50
5 51 61
5 51 62
5 51 72
5 51 73
5 51 83
5 59 9
5 59 69
5 59 77
5 59 79
5 59 89
5 59 99
5 74 70
5 74 81
5 74 93
5 74 95
5 74 96
5 74 64
5 74 86
5 74 94
5 74 75
5 74 85
5 74 87
5 74 58
5 74 76
5 78 98
5 78 78
6 1 0
6 1 1
6 1 11
6 1 13
6 1 20
6 1 22
6 1 3
6 1 21
6 26 5
6 26 6
6 26 15
6 26 16
6 26 18
6 26 25
6 26 7
6 26 17
6 26 19
6 26 23
6 26 24
6 26 26
6 26 34
6 26 36
6 26 37
6 26 27
6 26 32
6 26 33
6 26 38
6 26 42
6 26 43
6 26 44
6 47 29
6 47 39
6 47 48
6 47 47
6 51 30
6 51 40
6 51 52
6 51 60
6 51 80
6 59 9
6 59 59
6 74 70
6 74 81
6 74 90
6 74 91
6 74 92
6 74 96
6 74 50
6 74 72
6 74 73
6 74 82
6 74 83
6 74 94
6 74 64
6 74 53
6 74 55
6 74 63
6 74 66
6 74 75
6 74 85
6 74 35
6 74 58
6 74 76
6 78 88
6 78 98
6 78 69
6 78 77
6 78 78
6 78 89
6 78 49
6 78 57
6 78 67
6 78 68
7 1 0
7 1 1
7 1 11
7 1 12
7 1 13
7 1 20
7 1 22
7 1 3
7 1 4
7 1 10
7 1 21
7 1 31
7 1 14
7 1 33
7 1 44
7 26 5
7 26 15
7 26 18
7 26 25
7 26 7
7 26 17
7 26 36
7 26 37
7 26 46
7 26 38
7 26 48
7 47 29
7 47 39
7 51 30
7 51 40
7 51 51
7 51 71
7 51 80
7 51 23
7 51 34
7 51 41
7 51 50
7 51 62
7 51 72
7 51 82
7 51 83
7 51 32
7 51 43
7 51 53
7 51 63
7 51 35
7 59 9
7 59 59
7 74 70
7 74 81
7 74 84
7 74 90
7 74 91
7 74 93
7 74 95
7 74 96
7 74 65
7 74 74
7 74 94
7 74 28
7 74 45
7 74 66
7 74 85
7 74 75
7 78 88
7 78 97
7 78 98
7 78 69
7 78 79
7 78 89
7 78 49
7 78 67
7 78 68
8 1 0
8 1 2
8 1 13
8 1 3
8 1 4
8 1 10
8 1 21
8 1 24
8 26 16
8 26 18
8 26 7
8 26 17
8 26 23
8 26 26
8 26 37
8 26 14
8 47 29
8 47 47
8 51 30
8 51 71
8 59 59
8 74 81
8 74 84
8 74 90
8 74 93
8 74 95
8 74 96
8 74 41
8 74 50
8 74 61
8 74 83
8 74 86
8 74 94
8 74 32
8 74 42
8 74 43
8 74 44
8 74 45
8 74 64
8 74 66
8 74 85
8 74 55
8 78 88
8 78 97
8 78 69
8 78 77
8 78 79
8 78 89
8 78 99
8 78 49
8 78 67
8 78 75
8 78 35
8 78 57
8 78 58
9 1 2
9 1 11
9 1 22
9 1 3
9 1 31
9 26 5
9 26 6
9 26 8
9 26 25
9 26 10
9 26 19
9 26 24
9 26 26
9 26 34
9 26 36
9 26 46
9 26 14
9 26 27
9 26 33
9 26 38
9 26 43
9 26 45
9 26 48
9 26 75
9 47 -1
9 51 40
9 51 51
9 59 9
9 59 69
9 59 77
9 59 99
9 59 68
9 74 70
9 74 93
9 74 95
9 74 96
9 74 61
9 74 62
9 74 72
9 74 74
9 74 86
9 74 94
9 74 85
9 74 76
9 78 97
10 1 1
10 26 5
10 26 15
10 26 16
10 26 4
10 26 24
10 26 43
10 26 64
10 26 55
10 26 35
10 47 -1
10 51 60
10 51 80
10 59 9
10 74 81
10 74 84
10 74 96
10 74 50
10 74 73
10 74 94
10 74 76
10 78 88
10 78 98
10 78 78
10 78 99
10 78 49
10 78 68
11 1 12
11 26 6
11 26 25
11 26 32
11 26 57
11 47 65
11 51 41
11 51 83
11 59 -1
11 74 -1
11 78 -1
--- Done ---
