0 3 -1
0 28 8
0 28 17
0 28 18
0 28 19
0 28 27
0 28 28
0 28 29
0 44 -1
1 3 4
1 11 0
1 11 10
1 11 30
1 11 41
1 11 2
1 11 13
1 11 22
1 11 31
1 28 8
1 28 16
1 28 17
1 28 18
1 28 19
1 28 27
1 28 28
1 28 29
1 28 47
1 28 58
1 28 6
1 44 25
1 44 33
1 44 34
1 44 56
1 44 66
1 71 70
1 71 71
1 84 65
1 84 85
1 84 94
1 88 69
1 88 88
1 88 89
1 88 97
2 3 4
2 3 5
2 3 14
2 3 15
2 3 2
2 3 22
2 11 0
2 11 11
2 11 21
2 11 32
2 28 8
2 28 9
2 28 17
2 28 18
2 28 19
2 28 28
2 28 29
2 28 36
2 28 48
2 28 26
2 44 33
2 44 34
2 44 35
2 44 42
2 44 55
2 44 56
2 44 43
2 44 53
2 44 78
2 44 63
2 71 60
2 71 62
2 71 90
2 71 92
2 71 72
2 84 83
2 84 85
2 84 94
2 88 68
2 88 79
2 88 89
2 88 98
2 88 86
3 3 4
3 3 14
3 3 15
3 3 3
3 11 0
3 11 10
3 11 11
3 11 23
3 11 30
3 11 32
3 11 2
3 11 12
3 11 13
3 28 8
3 28 9
3 28 16
3 28 18
3 28 36
3 28 6
3 28 17
3 28 19
3 28 28
3 28 29
3 28 39
3 28 47
3 44 24
3 44 33
3 44 45
3 49 59
3 49 48
3 49 49
3 49 58
3 49 66
3 49 67
3 70 91
3 71 52
3 71 82
3 71 92
3 71 50
3 71 60
3 71 62
3 71 80
3 71 81
3 71 72
3 84 74
3 84 76
3 84 84
3 84 85
3 84 93
3 84 95
3 84 75
3 88 77
3 88 79
3 88 88
3 88 89
3 88 98
3 88 99
3 88 68
3 88 69
3 88 87
3 88 96
4 3 4
4 3 5
4 11 1
4 11 21
4 11 23
4 11 32
4 11 41
4 11 13
4 11 22
4 28 7
4 28 8
4 28 9
4 28 16
4 28 18
4 28 27
4 28 36
4 28 37
4 28 6
4 28 17
4 28 19
4 28 28
4 28 39
4 28 58
4 44 25
4 44 33
4 44 34
4 44 35
4 44 42
4 44 44
4 44 45
4 44 46
4 44 54
4 44 55
4 44 64
4 44 20
4 44 26
4 44 31
4 44 53
4 44 66
4 44 75
4 49 59
4 49 29
4 49 49
4 49 67
4 49 68
4 49 69
4 70 91
4 71 40
4 71 52
4 71 82
4 71 92
4 71 50
4 71 51
4 71 60
4 71 71
4 71 80
4 84 65
4 84 76
4 84 83
4 84 94
4 84 95
4 84 87
4 88 77
4 88 89
4 88 97
4 88 98
5 3 14
5 3 3
5 3 4
5 3 5
5 3 15
5 6 6
5 11 0
5 11 10
5 11 11
5 11 21
5 11 41
5 11 2
5 11 12
5 11 13
5 11 22
5 11 31
5 28 8
5 28 9
5 28 18
5 28 36
5 28 37
5 28 7
5 28 16
5 28 28
5 28 39
5 28 58
5 28 17
5 44 25
5 44 34
5 44 42
5 44 45
5 44 46
5 44 55
5 44 56
5 44 64
5 44 26
5 49 29
5 49 19
5 70 70
5 71 40
5 71 52
5 71 50
5 71 51
5 71 61
5 71 62
5 71 71
5 71 80
5 71 81
5 84 65
5 84 76
5 84 83
5 84 85
5 84 93
5 84 94
5 84 95
5 84 67
5 84 73
5 84 75
5 84 86
5 84 87
5 84 96
5 84 72
5 88 77
5 88 79
5 88 89
5 88 98
5 88 99
5 88 57
5 88 68
5 88 69
5 88 78
6 3 3
6 3 5
6 3 15
6 6 6
6 11 0
6 11 1
6 11 11
6 11 21
6 11 23
6 11 30
6 11 32
6 11 13
6 11 20
6 11 22
6 11 43
6 28 9
6 28 18
6 28 36
6 28 37
6 28 7
6 28 16
6 28 27
6 28 29
6 28 38
6 28 39
6 28 47
6 28 48
6 28 58
6 28 17
6 28 19
6 44 25
6 44 33
6 44 34
6 44 35
6 44 42
6 44 44
6 44 55
6 44 64
6 44 24
6 44 53
6 44 66
6 44 75
6 44 78
6 44 26
6 44 63
6 49 59
6 49 49
6 70 91
6 70 70
6 71 40
6 71 52
6 71 82
6 71 92
6 71 50
6 71 60
6 71 73
6 71 80
6 71 81
6 71 90
6 71 72
6 84 76
6 84 83
6 84 85
6 84 94
6 84 67
6 88 77
6 88 88
6 88 89
6 88 98
6 88 57
6 88 68
6 88 69
6 88 96
7 3 14
7 3 3
7 3 4
7 3 5
7 3 15
7 6 -1
7 11 0
7 11 1
7 11 10
7 11 11
7 11 21
7 11 23
7 11 30
7 11 32
7 11 41
7 11 12
7 11 13
7 11 20
7 11 22
7 11 31
7 11 43
7 28 9
7 28 18
7 28 36
7 28 37
7 28 7
7 28 28
7 28 29
7 28 38
7 28 39
7 28 48
7 28 17
7 44 25
7 44 33
7 44 34
7 44 35
7 44 44
7 44 45
7 44 46
7 44 53
7 44 66
7 44 75
7 44 63
7 49 59
7 49 49
7 70 91
7 70 70
7 71 40
7 71 82
7 71 50
7 71 51
7 71 62
7 71 71
7 71 80
7 71 81
7 71 90
7 84 65
7 84 74
7 84 83
7 84 84
7 84 85
7 84 93
7 84 94
7 84 95
7 84 67
7 84 96
7 84 72
7 88 79
7 88 88
7 88 89
7 88 97
7 88 98
7 88 68
7 88 69
8 3 14
8 3 3
8 3 4
8 6 -1
8 11 0
8 11 10
8 11 21
8 11 23
8 11 30
8 11 32
8 11 41
8 11 2
8 11 13
8 28 18
8 28 37
8 28 7
8 28 16
8 28 29
8 28 47
8 28 58
8 28 17
8 44 35
8 44 42
8 44 44
8 44 45
8 44 55
8 44 64
8 44 24
8 44 43
8 44 66
8 44 75
8 44 26
8 49 59
8 49 49
8 70 -1
8 71 50
8 71 61
8 71 71
8 71 81
8 71 90
8 84 83
8 84 84
8 84 85
8 84 93
8 84 94
8 84 95
8 84 67
8 88 77
8 88 79
8 88 88
8 88 89
8 88 97
8 88 99
8 88 57
8 88 69
8 88 86
8 88 96
9 3 14
9 3 2
9 3 3
9 3 5
9 3 22
9 6 6
9 11 10
9 11 11
9 28 8
9 28 9
9 28 36
9 28 27
9 28 38
9 28 48
9 28 19
9 44 25
9 44 33
9 44 34
9 44 45
9 44 46
9 44 24
9 44 31
9 44 43
9 44 75
9 44 26
9 49 -1
9 70 70
9 71 40
9 71 51
9 71 61
9 71 62
9 84 74
9 84 76
9 84 85
9 84 93
9 84 94
9 84 95
9 84 86
9 84 96
9 84 72
9 88 77
9 88 97
9 88 99
9 88 68
9 88 69
10 3 4
10 3 5
10 3 15
10 6 -1
10 11 1
10 28 9
10 28 16
10 44 35
10 44 55
10 44 64
10 44 24
10 44 43
10 44 78
10 49 49
10 70 -1
10 71 50
10 71 60
10 71 80
10 71 81
10 84 76
10 84 84
10 84 94
10 84 73
10 84 96
10 88 88
10 88 98
10 88 99
10 88 68
11 3 -1
11 6 6
11 11 32
11 11 41
11 11 12
11 28 -1
11 44 25
11 49 -1
11 70 -1
11 71 -1
11 84 65
11 84 83
11 88 57
--- Done ---
