0 22 13
0 22 22
0 22 23
0 22 24
0 22 32
0 22 33
1 22 0
1 22 10
1 22 14
1 22 15
1 22 20
1 22 21
1 22 22
1 22 23
1 22 25
1 22 32
1 22 33
1 38 8
1 38 9
1 38 16
1 38 18
1 38 26
1 38 27
1 38 28
1 38 35
1 38 37
1 38 38
1 38 39
1 38 47
1 38 48
1 38 57
1 38 59
1 52 62
1 52 71
1 52 72
1 52 73
1 52 80
1 52 81
1 76 65
1 76 68
1 76 74
1 76 75
1 76 76
1 76 77
1 76 84
1 76 85
1 76 89
1 76 93
1 76 99
2 22 2
2 22 4
2 22 14
2 22 20
2 22 21
2 22 22
2 22 25
2 22 31
2 22 33
2 38 6
2 38 16
2 38 17
2 38 19
2 38 26
2 38 28
2 38 29
2 38 35
2 38 36
2 38 37
2 38 39
2 38 47
2 38 57
2 38 69
2 52 40
2 52 42
2 52 43
2 52 50
2 52 52
2 52 53
2 52 63
2 52 64
2 52 70
2 52 71
2 52 72
2 52 73
2 52 81
2 52 82
2 52 90
2 76 67
2 76 75
2 76 86
2 76 87
2 76 88
2 76 94
3 22 0
3 22 1
3 22 2
3 22 4
3 22 12
3 22 13
3 22 14
3 22 15
3 22 21
3 22 24
3 22 25
3 22 30
3 22 32
3 22 34
3 38 7
3 38 16
3 38 17
3 38 27
3 38 36
3 38 38
3 38 45
3 38 46
3 38 47
3 52 41
3 52 43
3 52 44
3 52 51
3 52 60
3 52 61
3 52 64
3 52 70
3 52 72
3 52 73
3 52 82
3 52 92
3 76 55
3 76 56
3 76 66
3 76 75
3 76 76
3 76 84
3 76 95
3 76 96
3 76 98
4 22 2
4 22 12
4 22 20
4 22 21
4 22 31
4 22 33
4 38 7
4 38 8
4 38 16
4 38 28
4 38 29
4 38 35
4 38 37
4 38 39
4 38 45
4 38 48
4 38 57
4 38 58
4 38 59
4 38 69
4 52 43
4 52 50
4 52 52
4 52 62
4 52 64
4 52 72
4 52 81
4 52 82
4 76 56
4 76 65
4 76 66
4 76 76
4 76 78
4 76 88
4 76 89
4 76 96
4 76 97
4 76 99
5 22 0
5 22 4
5 22 5
5 22 12
5 22 20
5 22 22
5 22 25
5 22 30
5 22 31
5 22 32
5 22 33
5 22 34
5 38 6
5 38 7
5 38 8
5 38 16
5 38 17
5 38 19
5 38 26
5 38 28
5 38 29
5 38 35
5 38 37
5 38 39
5 38 46
5 38 57
5 38 59
5 52 41
5 52 44
5 52 52
5 52 54
5 52 62
5 52 63
5 52 64
5 52 72
5 52 73
5 52 81
5 52 82
5 52 90
5 52 91
5 76 55
5 76 56
5 76 65
5 76 68
5 76 75
5 76 79
5 76 93
6 22 0
6 22 1
6 22 2
6 22 3
6 22 10
6 22 12
6 22 13
6 22 14
6 22 15
6 22 20
6 22 21
6 22 22
6 22 25
6 22 31
6 22 32
6 22 33
6 38 7
6 38 17
6 38 28
6 38 36
6 38 45
6 38 57
6 52 41
6 52 42
6 52 44
6 52 50
6 52 60
6 52 62
6 52 64
6 52 71
6 52 72
6 52 80
6 76 56
6 76 65
6 76 67
6 76 68
6 76 75
6 76 77
6 76 87
6 76 89
6 76 93
6 76 95
6 76 96
6 76 97
7 22 0
7 22 10
7 22 12
7 22 13
7 22 14
7 22 21
7 22 32
7 22 33
7 38 16
7 38 17
7 38 18
7 38 26
7 38 28
7 38 29
7 38 35
7 38 36
7 38 38
7 38 39
7 38 45
7 38 46
7 38 47
7 38 49
7 38 59
7 38 69
7 52 42
7 52 43
7 52 50
7 52 53
7 52 60
7 52 61
7 52 71
7 52 82
7 76 56
7 76 65
7 76 67
7 76 68
7 76 75
7 76 78
7 76 85
7 76 86
7 76 87
7 76 88
7 76 97
8 22 1
8 22 3
8 22 5
8 22 10
8 22 14
8 22 15
8 22 20
8 22 21
8 22 22
8 22 24
8 22 25
8 22 31
8 22 32
8 38 18
8 38 19
8 38 26
8 38 28
8 38 29
8 38 35
8 38 37
8 38 38
8 38 39
8 38 47
8 38 48
8 38 49
8 52 40
8 52 41
8 52 43
8 52 44
8 52 51
8 52 54
8 52 61
8 52 63
8 52 64
8 52 71
8 52 81
8 52 83
8 52 91
8 52 92
8 76 56
8 76 66
8 76 67
8 76 68
8 76 74
8 76 76
8 76 78
8 76 85
8 76 86
8 76 95
9 22 1
9 22 3
9 22 5
9 22 11
9 22 12
9 22 15
9 22 23
9 22 24
9 22 34
9 38 6
9 38 18
9 38 19
9 38 27
9 38 36
9 38 37
9 38 38
9 38 39
9 38 45
9 38 46
9 38 49
9 38 58
9 52 42
9 52 43
9 52 50
9 52 53
9 52 64
9 52 70
9 52 71
9 52 72
9 52 82
9 52 90
9 76 56
9 76 66
9 76 67
9 76 75
9 76 76
9 76 79
9 76 84
9 76 85
9 76 89
9 76 96
9 76 98
--- Done ---
