0 22 13
0 22 22
0 22 23
0 22 24
0 32 32
0 32 33
1 16 8
1 16 9
1 16 14
1 16 15
1 16 16
1 16 18
1 16 25
1 16 26
1 16 27
1 16 28
1 16 35
1 22 0
1 22 10
1 22 20
1 22 21
1 22 22
1 22 23
1 32 32
1 32 33
1 47 37
1 47 38
1 47 39
1 47 47
1 47 48
1 47 57
1 47 59
1 71 62
1 71 71
1 71 72
1 71 80
1 71 81
1 74 65
1 74 73
1 74 74
1 74 75
1 74 76
1 74 84
1 74 85
1 74 93
1 78 68
1 78 77
1 78 89
1 78 99
2 16 4
2 16 6
2 16 14
2 16 16
2 16 17
2 16 19
2 16 25
2 16 26
2 16 28
2 16 35
2 22 2
2 22 20
2 22 21
2 22 22
2 32 31
2 32 33
2 32 40
2 32 42
2 32 43
2 32 52
2 32 53
2 47 29
2 47 36
2 47 37
2 47 39
2 47 47
2 47 57
2 71 50
2 71 70
2 71 71
2 71 72
2 71 81
2 71 82
2 71 90
2 74 63
2 74 64
2 74 73
2 74 75
2 74 86
2 74 94
2 78 67
2 78 69
2 78 87
2 78 88
3 16 4
3 16 7
3 16 14
3 16 15
3 16 16
3 16 17
3 16 25
3 16 27
3 22 0
3 22 1
3 22 2
3 22 12
3 22 13
3 22 21
3 22 24
3 32 30
3 32 32
3 32 34
3 32 41
3 32 43
3 32 44
3 47 36
3 47 38
3 47 45
3 47 46
3 47 47
3 47 55
3 47 56
3 47 66
3 71 51
3 71 60
3 71 61
3 71 70
3 71 72
3 71 82
3 71 92
3 74 64
3 74 73
3 74 75
3 74 76
3 74 84
3 74 95
3 74 96
3 78 98
4 16 7
4 16 8
4 16 16
4 16 28
4 16 35
4 22 2
4 22 12
4 22 20
4 22 21
4 32 31
4 32 33
4 32 43
4 32 52
4 47 29
4 47 37
4 47 39
4 47 45
4 47 48
4 47 56
4 47 57
4 47 58
4 47 59
4 47 66
4 71 50
4 71 62
4 71 72
4 71 81
4 71 82
4 74 64
4 74 65
4 74 76
4 74 96
4 78 69
4 78 78
4 78 88
4 78 89
4 78 97
4 78 99
5 16 4
5 16 5
5 16 6
5 16 7
5 16 8
5 16 16
5 16 17
5 16 19
5 16 25
5 16 26
5 16 28
5 16 35
5 22 0
5 22 12
5 22 20
5 22 22
5 32 30
5 32 31
5 32 32
5 32 33
5 32 34
5 32 41
5 32 44
5 32 52
5 47 29
5 47 37
5 47 39
5 47 46
5 47 55
5 47 56
5 47 57
5 47 59
5 71 62
5 71 72
5 71 81
5 71 82
5 71 90
5 71 91
5 74 54
5 74 63
5 74 64
5 74 65
5 74 73
5 74 75
5 74 93
5 78 68
5 78 79
6 16 7
6 16 14
6 16 15
6 16 17
6 16 25
6 16 28
6 22 0
6 22 1
6 22 2
6 22 3
6 22 10
6 22 12
6 22 13
6 22 20
6 22 21
6 22 22
6 32 31
6 32 32
6 32 33
6 32 41
6 32 42
6 32 44
6 47 36
6 47 45
6 47 56
6 47 57
6 71 50
6 71 60
6 71 62
6 71 71
6 71 72
6 71 80
6 74 64
6 74 65
6 74 75
6 74 93
6 74 95
6 74 96
6 78 67
6 78 68
6 78 77
6 78 87
6 78 89
6 78 97
7 16 14
7 16 16
7 16 17
7 16 18
7 16 26
7 16 28
7 16 35
7 22 0
7 22 10
7 22 12
7 22 13
7 22 21
7 32 32
7 32 33
7 32 42
7 32 43
7 32 53
7 47 29
7 47 36
7 47 38
7 47 39
7 47 45
7 47 46
7 47 47
7 47 49
7 47 56
7 47 59
7 71 50
7 71 60
7 71 61
7 71 71
7 71 82
7 74 65
7 74 75
7 74 85
7 74 86
7 78 67
7 78 68
7 78 69
7 78 78
7 78 87
7 78 88
7 78 97
8 16 5
8 16 14
8 16 15
8 16 18
8 16 19
8 16 25
8 16 26
8 16 28
8 16 35
8 22 1
8 22 3
8 22 10
8 22 20
8 22 21
8 22 22
8 22 24
8 32 31
8 32 32
8 32 40
8 32 41
8 32 43
8 32 44
8 47 29
8 47 37
8 47 38
8 47 39
8 47 47
8 47 48
8 47 49
8 47 56
8 47 66
8 71 51
8 71 61
8 71 71
8 71 81
8 71 91
8 71 92
8 74 54
8 74 63
8 74 64
8 74 74
8 74 76
8 74 83
8 74 85
8 74 86
8 74 95
8 78 67
8 78 68
8 78 78
9 16 5
9 16 6
9 16 15
9 16 18
9 16 19
9 16 27
9 22 1
9 22 3
9 22 11
9 22 12
9 22 23
9 22 24
9 32 34
9 32 42
9 32 43
9 32 53
9 47 36
9 47 37
9 47 38
9 47 39
9 47 45
9 47 46
9 47 49
9 47 56
9 47 58
9 47 66
9 71 50
9 71 70
9 71 71
9 71 72
9 71 82
9 71 90
9 74 64
9 74 75
9 74 76
9 74 84
9 74 85
9 74 96
9 78 67
9 78 79
9 78 89
9 78 98
--- Done ---
