0 22 13
0 22 22
0 22 23
0 22 24
0 22 32
0 22 33
1 22 0
1 22 10
1 22 14
1 22 15
1 22 20
1 22 21
1 22 22
1 22 23
1 22 32
1 22 33
1 47 8
1 47 9
1 47 16
1 47 18
1 47 25
1 47 26
1 47 27
1 47 28
1 47 35
1 47 37
1 47 38
1 47 39
1 47 47
1 47 48
1 47 57
1 47 59
1 47 68
1 47 77
1 47 89
1 47 99
1 74 62
1 74 65
1 74 71
1 74 72
1 74 73
1 74 74
1 74 75
1 74 76
1 74 80
1 74 81
1 74 84
1 74 85
1 74 93
2 22 2
2 22 4
2 22 14
2 22 20
2 22 21
2 22 22
2 22 31
2 22 33
2 22 40
2 22 42
2 22 43
2 22 50
2 47 6
2 47 16
2 47 17
2 47 19
2 47 25
2 47 26
2 47 28
2 47 29
2 47 35
2 47 36
2 47 37
2 47 39
2 47 47
2 47 57
2 47 67
2 47 69
2 47 88
2 74 52
2 74 53
2 74 63
2 74 64
2 74 70
2 74 71
2 74 72
2 74 73
2 74 75
2 74 81
2 74 82
2 74 86
2 74 87
2 74 90
2 74 94
3 22 0
3 22 1
3 22 2
3 22 4
3 22 12
3 22 13
3 22 14
3 22 15
3 22 21
3 22 24
3 22 30
3 22 32
3 22 34
3 22 41
3 22 43
3 22 44
3 22 51
3 47 7
3 47 16
3 47 17
3 47 25
3 47 27
3 47 36
3 47 38
3 47 45
3 47 46
3 47 47
3 47 55
3 47 56
3 47 66
3 74 60
3 74 61
3 74 64
3 74 70
3 74 72
3 74 73
3 74 75
3 74 76
3 74 82
3 74 84
3 74 92
3 74 95
3 74 96
3 74 98
4 22 2
4 22 12
4 22 20
4 22 21
4 22 31
4 22 33
4 22 43
4 22 50
4 47 7
4 47 8
4 47 16
4 47 28
4 47 29
4 47 35
4 47 37
4 47 39
4 47 45
4 47 48
4 47 56
4 47 57
4 47 58
4 47 59
4 47 66
4 47 69
4 47 78
4 47 88
4 47 89
4 47 99
4 74 52
4 74 62
4 74 64
4 74 65
4 74 72
4 74 76
4 74 81
4 74 82
4 74 96
4 74 97
5 22 0
5 22 4
5 22 5
5 22 12
5 22 20
5 22 22
5 22 30
5 22 31
5 22 32
5 22 33
5 22 34
5 22 41
5 22 44
5 47 6
5 47 7
5 47 8
5 47 16
5 47 17
5 47 19
5 47 25
5 47 26
5 47 28
5 47 29
5 47 35
5 47 37
5 47 39
5 47 46
5 47 55
5 47 56
5 47 57
5 47 59
5 47 68
5 47 79
5 74 52
5 74 54
5 74 62
5 74 63
5 74 64
5 74 65
5 74 72
5 74 73
5 74 75
5 74 81
5 74 82
5 74 90
5 74 91
5 74 93
6 22 0
6 22 1
6 22 2
6 22 3
6 22 10
6 22 12
6 22 13
6 22 14
6 22 15
6 22 20
6 22 21
6 22 22
6 22 31
6 22 32
6 22 33
6 22 41
6 22 42
6 22 44
6 22 50
6 47 7
6 47 17
6 47 25
6 47 28
6 47 36
6 47 45
6 47 56
6 47 57
6 47 67
6 47 68
6 47 77
6 47 89
6 74 60
6 74 62
6 74 64
6 74 65
6 74 71
6 74 72
6 74 75
6 74 80
6 74 87
6 74 93
6 74 95
6 74 96
6 74 97
7 22 0
7 22 10
7 22 12
7 22 13
7 22 14
7 22 21
7 22 32
7 22 33
7 22 42
7 22 43
7 22 50
7 47 16
7 47 17
7 47 18
7 47 26
7 47 28
7 47 29
7 47 35
7 47 36
7 47 38
7 47 39
7 47 45
7 47 46
7 47 47
7 47 49
7 47 56
7 47 59
7 47 67
7 47 68
7 47 69
7 47 78
7 47 88
7 74 53
7 74 60
7 74 61
7 74 65
7 74 71
7 74 75
7 74 82
7 74 85
7 74 86
7 74 87
7 74 97
8 22 1
8 22 3
8 22 5
8 22 10
8 22 14
8 22 15
8 22 20
8 22 21
8 22 22
8 22 24
8 22 31
8 22 32
8 22 40
8 22 41
8 22 43
8 22 44
8 22 51
8 47 18
8 47 19
8 47 25
8 47 26
8 47 28
8 47 29
8 47 35
8 47 37
8 47 38
8 47 39
8 47 47
8 47 48
8 47 49
8 47 56
8 47 66
8 47 67
8 47 68
8 47 78
8 74 54
8 74 61
8 74 63
8 74 64
8 74 71
8 74 74
8 74 76
8 74 81
8 74 83
8 74 85
8 74 86
8 74 91
8 74 92
8 74 95
9 22 1
9 22 3
9 22 5
9 22 11
9 22 12
9 22 15
9 22 23
9 22 24
9 22 34
9 22 42
9 22 43
9 22 50
9 47 6
9 47 18
9 47 19
9 47 27
9 47 36
9 47 37
9 47 38
9 47 39
9 47 45
9 47 46
9 47 49
9 47 56
9 47 58
9 47 66
9 47 67
9 47 79
9 47 89
9 74 53
9 74 64
9 74 70
9 74 71
9 74 72
9 74 75
9 74 76
9 74 82
9 74 84
9 74 85
9 74 90
9 74 96
9 74 98
--- Done ---
