0 1 12
0 1 13
0 1 22
0 1 24
0 14 14
0 14 23
0 14 33
1 1 1
1 1 2
1 1 10
1 1 12
1 1 24
1 14 4
1 14 5
1 14 6
1 14 14
1 14 15
1 14 34
1 14 35
1 14 36
1 28 7
1 28 17
1 28 19
1 28 26
1 28 37
1 28 49
1 28 58
1 41 30
1 41 41
1 41 42
1 41 44
1 41 51
1 41 52
1 41 61
1 67 47
1 67 59
1 67 64
1 67 67
1 67 86
1 67 95
1 71 60
1 71 70
1 71 92
1 75 54
1 75 55
1 75 57
1 75 63
1 75 74
1 75 75
1 75 83
1 75 94
1 78 76
1 78 89
2 1 2
2 1 12
2 14 5
2 14 6
2 14 14
2 14 15
2 14 16
2 14 32
2 14 34
2 14 35
2 14 36
2 28 7
2 28 9
2 28 26
2 28 38
2 28 48
2 28 49
2 28 58
2 41 31
2 41 41
2 41 43
2 41 44
2 41 50
2 41 53
2 41 61
2 67 46
2 67 67
2 71 72
2 71 80
2 71 83
2 71 90
2 75 55
2 75 57
2 75 65
2 75 66
2 75 75
2 75 76
2 78 68
2 78 78
2 78 87
2 78 88
2 78 89
2 78 97
2 78 98
3 1 1
3 1 2
3 1 10
3 1 12
3 14 5
3 14 15
3 14 23
3 14 24
3 14 25
3 14 33
3 14 36
3 28 7
3 28 8
3 28 18
3 28 26
3 28 29
3 28 37
3 28 46
3 28 49
3 41 21
3 41 32
3 41 41
3 41 43
3 41 50
3 41 53
3 41 61
3 67 47
3 67 56
3 67 59
3 67 64
3 67 77
3 67 86
3 71 70
3 71 72
3 71 73
3 71 81
3 71 82
3 71 91
3 75 45
3 75 54
3 75 83
3 75 87
3 75 96
3 78 78
3 78 89
4 1 0
4 1 1
4 1 2
4 14 4
4 14 16
4 14 25
4 14 32
4 14 36
4 14 43
4 28 8
4 28 26
4 28 39
4 28 46
4 41 31
4 41 40
4 41 42
4 41 44
4 41 50
4 41 51
4 67 57
4 67 58
4 67 59
4 67 66
4 67 67
4 67 88
4 71 52
4 71 61
4 71 63
4 71 70
4 71 72
4 71 80
4 71 92
4 75 45
4 75 54
4 75 55
4 75 64
4 75 73
4 75 74
4 75 83
4 75 84
4 75 86
4 75 87
4 75 94
4 78 68
4 78 77
4 78 98
4 78 99
5 1 1
5 1 13
5 1 24
5 14 6
5 14 15
5 14 25
5 14 33
5 14 34
5 14 35
5 14 36
5 28 7
5 28 18
5 28 29
5 28 48
5 28 49
5 41 20
5 41 30
5 41 31
5 41 40
5 41 41
5 41 42
5 67 46
5 67 47
5 67 65
5 67 67
5 67 68
5 71 51
5 71 72
5 71 80
5 71 81
5 71 82
5 71 91
5 75 44
5 75 54
5 75 63
5 75 76
5 75 87
5 75 94
5 75 95
5 78 57
5 78 77
5 78 79
5 78 89
5 78 97
6 1 0
6 1 13
6 1 22
6 1 24
6 14 6
6 14 34
6 14 35
6 14 43
6 28 8
6 28 17
6 28 18
6 28 19
6 28 26
6 28 28
6 28 37
6 28 46
6 28 48
6 41 20
6 41 21
6 41 31
6 41 41
6 41 44
6 41 53
6 41 62
6 41 70
6 67 45
6 67 64
6 71 72
6 71 81
6 71 82
6 75 54
6 75 63
6 75 73
6 75 74
6 75 76
6 75 83
6 75 85
6 75 87
6 75 93
6 75 94
6 78 69
6 78 78
6 78 97
6 78 98
6 78 99
7 1 2
7 1 3
7 1 11
7 1 22
7 1 24
7 14 14
7 14 25
7 14 34
7 14 35
7 14 36
7 28 18
7 28 26
7 28 27
7 28 28
7 28 29
7 41 30
7 41 33
7 41 42
7 41 43
7 41 53
7 67 47
7 67 58
7 67 67
7 67 68
7 67 77
7 71 50
7 71 60
7 71 63
7 71 70
7 71 72
7 71 81
7 75 45
7 75 55
7 75 56
7 75 66
7 75 73
7 75 74
7 75 75
7 75 83
7 75 85
7 75 94
7 75 95
7 78 69
7 78 78
7 78 79
7 78 88
7 78 89
7 78 97
7 78 98
7 78 99
8 1 0
8 1 1
8 1 3
8 1 22
8 14 5
8 14 35
8 14 36
8 14 43
8 28 9
8 28 18
8 28 19
8 28 27
8 28 38
8 28 49
8 41 30
8 41 31
8 41 41
8 41 42
8 41 44
8 41 53
8 41 62
8 67 37
8 67 47
8 67 64
8 67 86
8 71 72
8 71 81
8 71 82
8 71 91
8 75 45
8 75 55
8 75 65
8 75 66
8 75 85
8 75 87
8 75 93
8 75 95
8 75 96
8 78 88
8 78 97
8 78 99
9 1 2
9 1 3
9 1 12
9 1 13
9 1 22
9 1 24
9 14 5
9 14 14
9 14 15
9 14 32
9 14 33
9 14 35
9 14 36
9 14 43
9 28 7
9 28 37
9 28 48
9 28 49
9 41 20
9 41 30
9 41 41
9 41 50
9 41 52
9 41 53
9 41 62
9 67 47
9 67 59
9 71 42
9 71 70
9 71 73
9 71 82
9 71 91
9 75 55
9 75 57
9 75 64
9 75 65
9 75 74
9 75 84
9 75 85
9 75 86
9 75 87
9 75 95
9 75 96
9 78 69
9 78 76
9 78 78
9 78 79
--- Done ---
