0 1 12
0 1 13
0 1 14
0 1 22
0 1 24
0 25 23
0 25 33
1 1 1
1 1 2
1 1 4
1 1 10
1 1 12
1 1 14
1 1 24
1 1 30
1 1 41
1 25 5
1 25 6
1 25 15
1 25 26
1 25 34
1 25 35
1 25 36
1 25 37
1 25 44
1 25 47
1 25 55
1 25 64
1 49 7
1 49 17
1 49 19
1 49 49
1 49 57
1 49 58
1 49 59
1 49 67
1 61 42
1 61 51
1 61 52
1 61 54
1 61 60
1 61 61
1 61 63
1 61 70
1 61 74
1 61 83
1 61 92
1 95 75
1 95 76
1 95 86
1 95 89
1 95 94
1 95 95
2 1 2
2 1 12
2 1 14
2 1 16
2 1 32
2 1 41
2 1 43
2 25 5
2 25 6
2 25 15
2 25 26
2 25 34
2 25 35
2 25 36
2 25 44
2 25 46
2 25 65
2 25 66
2 49 7
2 49 9
2 49 38
2 49 48
2 49 49
2 49 57
2 49 58
2 49 67
2 49 68
2 49 78
2 61 31
2 61 50
2 61 53
2 61 55
2 61 61
2 61 72
2 61 80
2 61 83
2 61 90
2 95 75
2 95 76
2 95 87
2 95 88
2 95 89
2 95 97
2 95 98
3 1 1
3 1 2
3 1 10
3 1 12
3 1 21
3 1 24
3 1 32
3 1 41
3 1 43
3 25 5
3 25 8
3 25 15
3 25 18
3 25 25
3 25 26
3 25 36
3 25 37
3 25 45
3 25 46
3 25 47
3 25 53
3 25 64
3 49 7
3 49 29
3 49 49
3 49 56
3 49 59
3 49 78
3 61 23
3 61 33
3 61 50
3 61 54
3 61 61
3 61 70
3 61 72
3 61 73
3 61 81
3 61 82
3 61 83
3 61 86
3 61 91
3 95 77
3 95 87
3 95 89
3 95 96
4 1 0
4 1 1
4 1 2
4 1 4
4 1 16
4 1 32
4 1 43
4 25 8
4 25 25
4 25 26
4 25 36
4 25 44
4 25 45
4 25 46
4 49 39
4 49 57
4 49 58
4 49 59
4 49 67
4 49 68
4 61 31
4 61 40
4 61 42
4 61 50
4 61 51
4 61 52
4 61 54
4 61 55
4 61 61
4 61 63
4 61 70
4 61 72
4 61 73
4 61 74
4 61 80
4 61 83
4 61 92
4 95 64
4 95 66
4 95 77
4 95 84
4 95 86
4 95 87
4 95 88
4 95 94
4 95 98
4 95 99
5 1 1
5 1 13
5 1 20
5 1 24
5 1 30
5 1 41
5 25 6
5 25 15
5 25 25
5 25 33
5 25 34
5 25 35
5 25 36
5 25 44
5 25 65
5 49 7
5 49 18
5 49 29
5 49 46
5 49 47
5 49 48
5 49 49
5 49 57
5 61 31
5 61 40
5 61 42
5 61 51
5 61 54
5 61 63
5 61 72
5 61 80
5 61 81
5 61 82
5 61 91
5 75 67
5 75 68
5 75 77
5 75 79
5 75 87
5 95 76
5 95 89
5 95 94
5 95 95
5 95 97
6 1 0
6 1 13
6 1 20
6 1 21
6 1 22
6 1 24
6 1 41
6 1 43
6 25 6
6 25 8
6 25 18
6 25 26
6 25 34
6 25 35
6 25 37
6 25 44
6 25 45
6 25 53
6 49 17
6 49 19
6 49 28
6 49 46
6 49 48
6 49 69
6 49 78
6 61 31
6 61 54
6 61 63
6 61 70
6 61 72
6 61 73
6 61 74
6 61 81
6 61 82
6 61 83
6 75 62
6 75 64
6 75 76
6 75 93
6 75 94
6 75 97
6 95 85
6 95 87
6 95 98
6 95 99
7 1 2
7 1 3
7 1 11
7 1 14
7 1 22
7 1 24
7 1 30
7 1 43
7 25 18
7 25 25
7 25 26
7 25 27
7 25 28
7 25 33
7 25 34
7 25 35
7 25 36
7 25 42
7 25 45
7 25 47
7 25 56
7 49 29
7 49 58
7 49 78
7 61 50
7 61 53
7 61 55
7 61 60
7 61 63
7 61 70
7 61 72
7 61 73
7 61 74
7 61 81
7 61 83
7 75 66
7 75 67
7 75 68
7 75 69
7 75 75
7 75 79
7 75 85
7 75 97
7 95 77
7 95 88
7 95 89
7 95 94
7 95 95
7 95 98
7 95 99
8 1 0
8 1 1
8 1 3
8 1 22
8 1 30
8 1 41
8 1 43
8 25 5
8 25 18
8 25 27
8 25 35
8 25 36
8 25 42
8 25 45
8 25 47
8 25 53
8 25 66
8 49 9
8 49 19
8 49 37
8 49 38
8 49 49
8 49 99
8 61 31
8 61 55
8 61 62
8 61 72
8 61 81
8 61 82
8 61 86
8 61 91
8 61 93
8 75 44
8 75 64
8 75 65
8 75 85
8 75 87
8 75 96
8 95 88
8 95 95
8 95 97
9 1 2
9 1 3
9 1 12
9 1 13
9 1 14
9 1 20
9 1 22
9 1 24
9 1 30
9 1 32
9 1 41
9 1 43
9 25 5
9 25 15
9 25 33
9 25 35
9 25 36
9 25 37
9 25 47
9 25 53
9 25 57
9 49 7
9 49 48
9 49 49
9 49 59
9 61 42
9 61 50
9 61 52
9 61 55
9 61 62
9 61 70
9 61 73
9 61 74
9 61 82
9 61 84
9 61 86
9 61 91
9 75 64
9 75 65
9 75 69
9 75 78
9 75 79
9 75 85
9 75 96
9 95 76
9 95 87
9 95 95
--- Done ---
