0 1 12
0 1 13
0 1 22
0 35 14
0 35 23
0 35 24
0 35 33
1 1 1
1 1 2
1 1 4
1 1 10
1 1 12
1 1 30
1 1 41
1 35 5
1 35 6
1 35 7
1 35 14
1 35 15
1 35 17
1 35 19
1 35 24
1 35 26
1 35 34
1 35 35
1 35 36
1 35 37
1 35 42
1 35 44
1 35 47
1 35 49
1 35 51
1 35 52
1 35 54
1 35 55
1 35 57
1 35 58
1 35 59
1 75 60
1 75 61
1 75 63
1 75 64
1 75 67
1 75 70
1 75 74
1 75 75
1 75 76
1 75 83
1 75 86
1 75 89
1 75 92
1 75 94
1 75 95
2 1 2
2 1 12
2 1 31
2 1 41
2 1 50
2 35 5
2 35 6
2 35 7
2 35 9
2 35 14
2 35 15
2 35 16
2 35 26
2 35 32
2 35 34
2 35 35
2 35 36
2 35 38
2 35 43
2 35 44
2 35 46
2 35 48
2 35 49
2 35 53
2 35 55
2 35 57
2 35 58
2 75 61
2 75 65
2 75 66
2 75 67
2 75 68
2 75 72
2 75 75
2 75 76
2 75 78
2 75 80
2 75 83
2 75 87
2 75 88
2 75 89
2 75 90
2 75 97
2 75 98
3 1 1
3 1 2
3 1 10
3 1 12
3 1 21
3 1 41
3 1 50
3 35 5
3 35 7
3 35 8
3 35 15
3 35 18
3 35 23
3 35 24
3 35 25
3 35 26
3 35 29
3 35 32
3 35 33
3 35 36
3 35 37
3 35 43
3 35 45
3 35 46
3 35 47
3 35 49
3 35 53
3 35 54
3 35 56
3 35 59
3 75 61
3 75 64
3 75 70
3 75 72
3 75 73
3 75 77
3 75 78
3 75 81
3 75 82
3 75 83
3 75 86
3 75 87
3 75 89
3 75 91
3 75 96
4 1 0
4 1 1
4 1 2
4 1 4
4 1 31
4 1 40
4 1 50
4 35 8
4 35 16
4 35 25
4 35 26
4 35 32
4 35 36
4 35 39
4 35 42
4 35 43
4 35 44
4 35 45
4 35 46
4 35 51
4 35 52
4 35 54
4 35 55
4 35 57
4 35 58
4 35 59
4 75 61
4 75 63
4 75 64
4 75 66
4 75 67
4 75 68
4 75 70
4 75 72
4 75 73
4 75 74
4 75 77
4 75 80
4 75 83
4 75 84
4 75 86
4 75 87
4 75 88
4 75 92
4 75 94
4 75 98
4 75 99
5 1 1
5 1 13
5 1 20
5 1 30
5 1 31
5 1 40
5 1 41
5 35 6
5 35 7
5 35 15
5 35 18
5 35 24
5 35 25
5 35 29
5 35 33
5 35 34
5 35 35
5 35 36
5 35 42
5 35 44
5 35 46
5 35 47
5 35 48
5 35 49
5 35 51
5 35 54
5 35 57
5 75 63
5 75 65
5 75 67
5 75 68
5 75 72
5 75 76
5 75 77
5 75 79
5 75 80
5 75 81
5 75 82
5 75 87
5 75 89
5 75 91
5 75 94
5 75 95
5 75 97
6 1 0
6 1 13
6 1 20
6 1 21
6 1 22
6 1 31
6 1 41
6 35 6
6 35 8
6 35 17
6 35 18
6 35 19
6 35 24
6 35 26
6 35 28
6 35 34
6 35 35
6 35 37
6 35 43
6 35 44
6 35 45
6 35 46
6 35 48
6 35 53
6 35 54
6 75 62
6 75 63
6 75 64
6 75 69
6 75 70
6 75 72
6 75 73
6 75 74
6 75 76
6 75 78
6 75 81
6 75 82
6 75 83
6 75 85
6 75 87
6 75 93
6 75 94
6 75 97
6 75 98
6 75 99
7 1 2
7 1 3
7 1 11
7 1 22
7 1 30
7 1 50
7 35 14
7 35 18
7 35 24
7 35 25
7 35 26
7 35 27
7 35 28
7 35 29
7 35 33
7 35 34
7 35 35
7 35 36
7 35 42
7 35 43
7 35 45
7 35 47
7 35 53
7 35 55
7 35 56
7 35 58
7 75 60
7 75 63
7 75 66
7 75 67
7 75 68
7 75 69
7 75 70
7 75 72
7 75 73
7 75 74
7 75 75
7 75 77
7 75 78
7 75 79
7 75 81
7 75 83
7 75 85
7 75 88
7 75 89
7 75 94
7 75 95
7 75 97
7 75 98
7 75 99
8 1 0
8 1 1
8 1 3
8 1 22
8 1 30
8 1 31
8 1 41
8 35 5
8 35 9
8 35 18
8 35 19
8 35 27
8 35 35
8 35 36
8 35 37
8 35 38
8 35 42
8 35 43
8 35 44
8 35 45
8 35 47
8 35 49
8 35 53
8 35 55
8 75 62
8 75 64
8 75 65
8 75 66
8 75 72
8 75 81
8 75 82
8 75 85
8 75 86
8 75 87
8 75 88
8 75 91
8 75 93
8 75 95
8 75 96
8 75 97
8 75 99
9 1 2
9 1 3
9 1 12
9 1 13
9 1 20
9 1 22
9 1 30
9 1 41
9 1 50
9 35 5
9 35 7
9 35 14
9 35 15
9 35 24
9 35 32
9 35 33
9 35 35
9 35 36
9 35 37
9 35 42
9 35 43
9 35 47
9 35 48
9 35 49
9 35 52
9 35 53
9 35 55
9 35 57
9 35 59
9 75 62
9 75 64
9 75 65
9 75 69
9 75 70
9 75 73
9 75 74
9 75 76
9 75 78
9 75 79
9 75 82
9 75 84
9 75 85
9 75 86
9 75 87
9 75 91
9 75 95
9 75 96
--- Done ---
