0 1 12
0 24 13
0 24 14
0 24 22
0 24 23
0 24 24
0 24 33
1 1 1
1 1 2
1 1 10
1 1 12
1 1 30
1 18 6
1 18 7
1 18 17
1 18 19
1 24 4
1 24 5
1 24 14
1 24 15
1 24 24
1 24 34
1 24 35
1 24 44
1 27 26
1 27 36
1 27 37
1 27 47
1 27 49
1 61 41
1 61 42
1 61 51
1 61 52
1 61 60
1 61 61
1 61 63
1 61 70
1 61 92
1 75 54
1 75 55
1 75 64
1 75 74
1 75 75
1 75 76
1 75 83
1 75 86
1 75 94
1 75 95
1 78 57
1 78 58
1 78 59
1 78 67
1 78 89
2 1 2
2 1 12
2 1 31
2 18 6
2 18 7
2 18 9
2 24 5
2 24 14
2 24 15
2 24 32
2 24 34
2 24 35
2 24 43
2 24 44
2 27 16
2 27 26
2 27 36
2 27 38
2 27 46
2 27 48
2 27 49
2 61 41
2 61 50
2 61 53
2 61 61
2 61 72
2 61 80
2 61 90
2 75 55
2 75 65
2 75 66
2 75 75
2 75 76
2 75 83
2 78 57
2 78 58
2 78 67
2 78 68
2 78 78
2 78 87
2 78 88
2 78 89
2 78 97
2 78 98
3 1 1
3 1 2
3 1 10
3 1 12
3 1 21
3 18 7
3 18 8
3 18 18
3 18 29
3 24 5
3 24 15
3 24 23
3 24 24
3 24 25
3 24 32
3 24 33
3 24 43
3 24 45
3 27 26
3 27 36
3 27 37
3 27 46
3 27 47
3 27 49
3 61 41
3 61 50
3 61 53
3 61 61
3 61 70
3 61 72
3 61 81
3 61 82
3 61 91
3 75 54
3 75 56
3 75 64
3 75 73
3 75 83
3 75 86
3 75 96
3 78 59
3 78 77
3 78 78
3 78 87
3 78 89
4 1 0
4 1 1
4 1 2
4 1 31
4 18 8
4 18 39
4 24 4
4 24 25
4 24 32
4 24 43
4 24 44
4 24 45
4 27 16
4 27 26
4 27 36
4 27 46
4 61 40
4 61 42
4 61 50
4 61 51
4 61 52
4 61 61
4 61 63
4 61 70
4 61 72
4 61 80
4 61 92
4 75 54
4 75 55
4 75 64
4 75 66
4 75 73
4 75 74
4 75 83
4 75 84
4 75 86
4 75 94
4 78 57
4 78 58
4 78 59
4 78 67
4 78 68
4 78 77
4 78 87
4 78 88
4 78 98
4 78 99
5 1 1
5 1 20
5 1 30
5 1 31
5 18 6
5 18 7
5 18 18
5 18 29
5 24 13
5 24 15
5 24 24
5 24 25
5 24 33
5 24 34
5 24 35
5 24 44
5 27 36
5 27 46
5 27 47
5 27 48
5 27 49
5 61 40
5 61 41
5 61 42
5 61 51
5 61 63
5 61 72
5 61 80
5 61 81
5 61 82
5 61 91
5 75 54
5 75 65
5 75 76
5 75 94
5 75 95
5 78 57
5 78 67
5 78 68
5 78 77
5 78 79
5 78 87
5 78 89
5 78 97
6 1 0
6 1 20
6 1 21
6 1 31
6 18 6
6 18 8
6 18 17
6 18 18
6 18 19
6 18 28
6 24 13
6 24 22
6 24 24
6 24 34
6 24 35
6 24 43
6 24 44
6 24 45
6 27 26
6 27 37
6 27 46
6 27 48
6 61 41
6 61 53
6 61 62
6 61 63
6 61 70
6 61 72
6 61 81
6 61 82
6 75 54
6 75 64
6 75 73
6 75 74
6 75 76
6 75 83
6 75 85
6 75 93
6 75 94
6 78 69
6 78 78
6 78 87
6 78 97
6 78 98
6 78 99
7 1 2
7 1 3
7 1 11
7 1 30
7 18 18
7 18 28
7 18 29
7 24 14
7 24 22
7 24 24
7 24 25
7 24 33
7 24 34
7 24 35
7 24 43
7 24 45
7 27 26
7 27 27
7 27 36
7 27 47
7 61 42
7 61 50
7 61 53
7 61 60
7 61 63
7 61 70
7 61 72
7 61 81
7 75 55
7 75 56
7 75 66
7 75 73
7 75 74
7 75 75
7 75 83
7 75 85
7 75 94
7 75 95
7 78 58
7 78 67
7 78 68
7 78 69
7 78 77
7 78 78
7 78 79
7 78 88
7 78 89
7 78 97
7 78 98
7 78 99
8 1 0
8 1 1
8 1 3
8 1 30
8 1 31
8 18 9
8 18 18
8 18 19
8 24 5
8 24 22
8 24 35
8 24 43
8 24 44
8 24 45
8 27 27
8 27 36
8 27 37
8 27 38
8 27 47
8 27 49
8 61 41
8 61 42
8 61 53
8 61 62
8 61 72
8 61 81
8 61 82
8 61 91
8 75 55
8 75 64
8 75 65
8 75 66
8 75 85
8 75 86
8 75 93
8 75 95
8 75 96
8 78 87
8 78 88
8 78 97
8 78 99
9 1 2
9 1 3
9 1 12
9 1 20
9 1 30
9 18 7
9 24 5
9 24 13
9 24 14
9 24 15
9 24 22
9 24 24
9 24 32
9 24 33
9 24 35
9 24 43
9 27 36
9 27 37
9 27 47
9 27 48
9 27 49
9 61 41
9 61 42
9 61 50
9 61 52
9 61 53
9 61 62
9 61 70
9 61 82
9 61 91
9 75 55
9 75 64
9 75 65
9 75 73
9 75 74
9 75 76
9 75 84
9 75 85
9 75 86
9 75 95
9 75 96
9 78 57
9 78 59
9 78 69
9 78 78
9 78 79
9 78 87
--- Done ---
