0 1 12
0 1 13
0 1 14
0 1 22
0 1 23
0 1 33
0 27 24
1 1 1
1 1 2
1 1 4
1 1 10
1 1 12
1 1 14
1 1 30
1 27 5
1 27 6
1 27 7
1 27 15
1 27 17
1 27 19
1 27 24
1 27 26
1 27 34
1 27 35
1 27 36
1 27 37
1 27 47
1 27 49
1 73 41
1 73 42
1 73 44
1 73 51
1 73 52
1 73 54
1 73 55
1 73 60
1 73 61
1 73 63
1 73 64
1 73 70
1 73 74
1 73 75
1 73 83
1 73 92
1 73 94
1 73 95
1 77 57
1 77 58
1 77 59
1 77 67
1 77 76
1 77 86
1 77 89
2 1 2
2 1 12
2 1 14
2 1 31
2 1 32
2 27 5
2 27 6
2 27 7
2 27 9
2 27 15
2 27 16
2 27 26
2 27 34
2 27 35
2 27 36
2 27 38
2 27 46
2 27 48
2 27 49
2 73 41
2 73 43
2 73 44
2 73 50
2 73 53
2 73 55
2 73 61
2 73 65
2 73 72
2 73 75
2 73 80
2 73 83
2 73 90
2 77 57
2 77 58
2 77 66
2 77 67
2 77 68
2 77 76
2 77 78
2 77 87
2 77 88
2 77 89
2 77 97
2 77 98
3 1 1
3 1 2
3 1 10
3 1 12
3 1 21
3 1 23
3 1 32
3 1 33
3 27 5
3 27 7
3 27 8
3 27 15
3 27 18
3 27 24
3 27 25
3 27 26
3 27 29
3 27 36
3 27 37
3 27 45
3 27 46
3 27 47
3 27 49
3 73 41
3 73 43
3 73 50
3 73 53
3 73 54
3 73 61
3 73 64
3 73 70
3 73 72
3 73 73
3 73 81
3 73 82
3 73 83
3 73 91
3 77 56
3 77 59
3 77 77
3 77 78
3 77 86
3 77 87
3 77 89
3 77 96
4 1 0
4 1 1
4 1 2
4 1 4
4 1 31
4 1 32
4 1 40
4 27 8
4 27 16
4 27 25
4 27 26
4 27 36
4 27 39
4 27 45
4 27 46
4 73 42
4 73 43
4 73 44
4 73 50
4 73 51
4 73 52
4 73 54
4 73 55
4 73 61
4 73 63
4 73 64
4 73 70
4 73 72
4 73 73
4 73 74
4 73 80
4 73 83
4 73 84
4 73 92
4 73 94
4 77 57
4 77 58
4 77 59
4 77 66
4 77 67
4 77 68
4 77 77
4 77 86
4 77 87
4 77 88
4 77 98
4 77 99
5 1 1
5 1 13
5 1 20
5 1 30
5 1 31
5 1 33
5 1 40
5 27 6
5 27 7
5 27 15
5 27 18
5 27 24
5 27 25
5 27 29
5 27 34
5 27 35
5 27 36
5 27 46
5 27 47
5 27 48
5 27 49
5 73 41
5 73 42
5 73 44
5 73 51
5 73 54
5 73 63
5 73 65
5 73 72
5 73 80
5 73 81
5 73 82
5 73 91
5 73 94
5 73 95
5 77 57
5 77 67
5 77 68
5 77 76
5 77 77
5 77 79
5 77 87
5 77 89
5 77 97
6 1 0
6 1 13
6 1 20
6 1 21
6 1 22
6 1 31
6 27 6
6 27 8
6 27 17
6 27 18
6 27 19
6 27 24
6 27 26
6 27 28
6 27 34
6 27 35
6 27 37
6 27 45
6 27 46
6 27 48
6 73 41
6 73 43
6 73 44
6 73 53
6 73 54
6 73 62
6 73 63
6 73 64
6 73 70
6 73 72
6 73 73
6 73 74
6 73 81
6 73 82
6 73 83
6 73 85
6 73 93
6 73 94
6 77 69
6 77 76
6 77 78
6 77 87
6 77 97
6 77 98
6 77 99
7 1 2
7 1 3
7 1 11
7 1 14
7 1 22
7 1 30
7 1 33
7 27 18
7 27 24
7 27 25
7 27 26
7 27 27
7 27 28
7 27 29
7 27 34
7 27 35
7 27 36
7 27 45
7 27 47
7 73 42
7 73 43
7 73 50
7 73 53
7 73 55
7 73 60
7 73 63
7 73 70
7 73 72
7 73 73
7 73 74
7 73 75
7 73 81
7 73 83
7 73 85
7 73 94
7 73 95
7 77 56
7 77 58
7 77 66
7 77 67
7 77 68
7 77 69
7 77 77
7 77 78
7 77 79
7 77 88
7 77 89
7 77 97
7 77 98
7 77 99
8 1 0
8 1 1
8 1 3
8 1 22
8 1 30
8 1 31
8 27 5
8 27 9
8 27 18
8 27 19
8 27 27
8 27 35
8 27 36
8 27 37
8 27 38
8 27 45
8 27 47
8 27 49
8 73 41
8 73 42
8 73 43
8 73 44
8 73 53
8 73 55
8 73 62
8 73 64
8 73 65
8 73 72
8 73 81
8 73 82
8 73 85
8 73 91
8 73 93
8 73 95
8 77 66
8 77 86
8 77 87
8 77 88
8 77 96
8 77 97
8 77 99
9 1 2
9 1 3
9 1 12
9 1 13
9 1 14
9 1 20
9 1 22
9 1 30
9 1 32
9 1 33
9 27 5
9 27 7
9 27 15
9 27 24
9 27 35
9 27 36
9 27 37
9 27 47
9 27 48
9 27 49
9 73 41
9 73 42
9 73 43
9 73 50
9 73 52
9 73 53
9 73 55
9 73 62
9 73 64
9 73 65
9 73 70
9 73 73
9 73 74
9 73 82
9 73 84
9 73 85
9 73 91
9 73 95
9 77 57
9 77 59
9 77 69
9 77 76
9 77 78
9 77 79
9 77 86
9 77 87
9 77 96
--- Done ---
