0 1 12
0 1 13
0 1 22
0 1 24
0 34 14
0 34 23
0 34 33
1 1 1
1 1 2
1 1 10
1 1 12
1 1 24
1 7 4
1 7 6
1 7 7
1 7 15
1 7 17
1 7 19
1 7 26
1 34 5
1 34 14
1 34 34
1 34 35
1 34 36
1 34 42
1 34 44
1 34 54
1 34 55
1 47 37
1 47 47
1 47 49
1 47 57
1 47 58
1 47 59
1 47 76
1 61 30
1 61 41
1 61 51
1 61 52
1 61 60
1 61 61
1 61 70
1 83 63
1 83 64
1 83 74
1 83 75
1 83 83
1 83 92
1 83 94
1 88 67
1 88 86
1 88 89
1 88 95
2 1 2
2 1 12
2 7 6
2 7 7
2 7 9
2 7 15
2 7 16
2 7 38
2 14 5
2 14 14
2 14 32
2 14 34
2 14 36
2 14 43
2 47 26
2 47 35
2 47 46
2 47 48
2 47 49
2 47 57
2 47 58
2 47 67
2 61 31
2 61 41
2 61 50
2 61 53
2 61 61
2 61 72
2 61 90
2 65 44
2 65 55
2 65 65
2 65 76
2 83 75
2 83 80
2 83 83
2 83 98
2 88 66
2 88 68
2 88 78
2 88 87
2 88 88
2 88 89
2 88 97
3 1 1
3 1 2
3 1 10
3 1 12
3 1 24
3 14 5
3 14 15
3 14 23
3 14 25
3 14 33
3 14 36
3 14 43
3 28 7
3 28 8
3 28 18
3 28 26
3 28 29
3 28 37
3 28 46
3 28 49
3 42 21
3 42 32
3 42 54
3 61 41
3 61 50
3 61 53
3 61 61
3 61 70
3 61 72
3 61 81
3 61 91
3 65 45
3 65 47
3 65 56
3 65 64
3 65 73
3 65 82
3 65 83
3 65 86
3 65 96
3 89 59
3 89 77
3 89 78
3 89 87
3 89 89
4 1 0
4 1 1
4 1 2
4 14 4
4 14 16
4 14 25
4 14 36
4 28 8
4 28 26
4 28 39
4 28 46
4 28 58
4 42 31
4 42 32
4 42 40
4 42 42
4 42 43
4 42 44
4 42 54
4 71 50
4 71 51
4 71 52
4 71 61
4 71 63
4 71 70
4 71 72
4 71 73
4 71 80
4 71 83
4 71 92
4 75 45
4 75 55
4 75 57
4 75 64
4 75 66
4 75 67
4 75 74
4 75 84
4 75 86
4 75 94
4 89 59
4 89 68
4 89 77
4 89 87
4 89 88
4 89 98
4 89 99
5 1 1
5 1 13
5 1 20
5 1 24
5 26 6
5 26 15
5 26 25
5 26 35
5 26 36
5 26 44
5 26 46
5 26 47
5 26 49
5 28 7
5 28 18
5 28 29
5 28 48
5 32 30
5 32 31
5 32 33
5 32 34
5 32 40
5 32 41
5 71 42
5 71 51
5 71 63
5 71 72
5 71 80
5 71 81
5 71 82
5 71 91
5 75 54
5 75 57
5 75 65
5 75 67
5 75 76
5 75 94
5 75 95
5 78 68
5 78 77
5 78 79
5 78 87
5 78 89
5 78 97
6 1 0
6 1 13
6 1 20
6 1 22
6 1 24
6 26 6
6 26 26
6 26 35
6 26 37
6 26 44
6 28 8
6 28 17
6 28 18
6 28 19
6 28 28
6 28 46
6 28 48
6 32 21
6 32 31
6 32 34
6 32 41
6 32 43
6 32 53
6 71 62
6 71 63
6 71 70
6 71 72
6 71 73
6 71 81
6 71 82
6 75 45
6 75 54
6 75 64
6 75 74
6 75 76
6 75 83
6 75 85
6 75 93
6 75 94
6 78 69
6 78 78
6 78 87
6 78 97
6 78 98
6 78 99
7 1 2
7 1 3
7 1 11
7 1 22
7 1 24
7 28 18
7 28 26
7 28 27
7 28 28
7 28 29
7 28 58
7 34 14
7 34 25
7 34 33
7 34 34
7 34 35
7 34 36
7 34 42
7 34 43
7 34 47
7 34 55
7 34 56
7 61 30
7 61 50
7 61 53
7 61 60
7 61 70
7 61 72
7 61 73
7 61 81
7 75 45
7 75 63
7 75 66
7 75 74
7 75 75
7 75 77
7 75 83
7 75 85
7 75 94
7 75 95
7 78 67
7 78 68
7 78 69
7 78 78
7 78 79
7 78 88
7 78 89
7 78 97
7 78 98
7 78 99
8 1 0
8 1 1
8 1 3
8 1 22
8 28 9
8 28 18
8 28 19
8 28 27
8 28 37
8 28 38
8 28 49
8 34 5
8 34 35
8 34 36
8 34 42
8 34 43
8 34 44
8 34 45
8 34 47
8 34 55
8 34 62
8 61 30
8 61 31
8 61 41
8 61 53
8 61 72
8 61 81
8 61 82
8 61 91
8 61 93
8 75 64
8 75 65
8 75 66
8 75 85
8 75 86
8 75 87
8 75 95
8 75 96
8 78 88
8 78 97
8 78 99
9 1 2
9 1 3
9 1 12
9 1 13
9 1 20
9 1 22
9 1 24
9 16 5
9 16 7
9 16 14
9 16 15
9 16 35
9 44 33
9 44 36
9 44 43
9 44 55
9 44 64
9 44 65
9 44 91
9 52 30
9 52 32
9 52 41
9 52 42
9 52 50
9 52 52
9 52 53
9 52 62
9 52 70
9 52 73
9 52 82
9 58 37
9 58 47
9 58 48
9 58 49
9 58 57
9 58 59
9 58 69
9 58 79
9 86 74
9 86 76
9 86 78
9 86 84
9 86 85
9 86 86
9 86 87
9 86 95
9 86 96
--- Done ---
