0 32 -1
0 82 42
0 82 43
0 82 52
0 82 53
1 32 2
1 32 4
1 32 6
1 32 7
1 32 8
1 32 10
1 32 13
1 32 14
1 32 21
1 32 24
1 32 25
1 32 26
1 32 42
1 32 43
1 32 44
1 32 46
1 32 49
1 32 52
1 32 53
1 32 60
1 32 65
1 32 66
1 32 67
1 32 98
1 37 -1
1 52 -1
1 77 -1
1 82 18
1 82 19
1 82 39
1 82 58
1 82 62
1 82 63
1 82 83
1 82 87
1 82 88
1 82 89
1 82 93
1 82 95
1 82 96
2 17 -1
2 32 10
2 32 11
2 32 12
2 32 20
2 32 21
2 32 22
2 32 32
2 32 42
2 32 43
2 37 3
2 37 4
2 37 5
2 37 7
2 37 8
2 37 9
2 37 18
2 37 26
2 37 28
2 37 29
2 37 34
2 37 36
2 37 37
2 37 38
2 37 45
2 37 46
2 37 47
2 37 48
2 37 57
2 37 69
2 52 13
2 52 50
2 52 51
2 52 52
2 52 53
2 52 60
2 52 61
2 52 63
2 52 64
2 52 73
2 77 55
2 77 66
2 77 74
2 77 75
2 77 76
2 77 77
2 77 87
2 77 88
2 77 89
2 77 96
2 77 97
2 77 99
2 82 54
2 82 71
2 82 93
3 11 -1
3 17 4
3 17 15
3 17 16
3 17 17
3 17 18
3 17 25
3 17 27
3 32 0
3 32 1
3 32 2
3 32 10
3 32 11
3 32 20
3 32 21
3 32 22
3 32 23
3 32 24
3 32 30
3 32 32
3 32 42
3 32 43
3 37 3
3 37 5
3 37 26
3 37 34
3 37 36
3 37 38
3 37 45
3 37 46
3 37 47
3 37 49
3 37 56
3 37 58
3 37 59
3 37 69
3 52 51
3 52 52
3 52 53
3 52 60
3 52 61
3 52 62
3 52 73
3 77 55
3 77 66
3 77 67
3 77 68
3 77 74
3 77 76
3 77 77
3 77 79
3 77 85
3 77 87
3 77 95
3 77 97
3 77 98
3 77 99
3 82 54
3 82 71
3 82 80
3 82 84
3 82 91
3 82 92
3 82 93
3 82 94
4 11 0
4 11 2
4 11 11
4 11 12
4 11 20
4 11 30
4 17 4
4 17 6
4 17 7
4 17 8
4 17 9
4 17 16
4 17 17
4 17 18
4 17 19
4 17 25
4 32 14
4 32 21
4 32 22
4 32 23
4 32 24
4 32 31
4 32 32
4 32 33
4 32 42
4 32 43
4 32 70
4 37 5
4 37 26
4 37 34
4 37 36
4 37 38
4 37 39
4 37 46
4 37 47
4 37 48
4 37 49
4 37 56
4 37 58
4 37 59
4 37 69
4 52 13
4 52 41
4 52 50
4 52 51
4 52 52
4 52 53
4 52 60
4 52 61
4 52 62
4 52 63
4 77 65
4 77 67
4 77 68
4 77 74
4 77 75
4 77 77
4 77 79
4 77 85
4 77 86
4 77 88
4 77 95
4 77 96
4 77 99
4 82 71
4 82 72
4 82 80
4 82 81
4 82 83
4 82 90
4 82 91
4 82 92
4 82 93
5 11 0
5 11 1
5 11 2
5 11 10
5 11 11
5 11 12
5 11 20
5 11 30
5 17 6
5 17 7
5 17 8
5 17 9
5 17 15
5 17 16
5 17 17
5 17 19
5 17 25
5 17 27
5 17 28
5 32 14
5 32 22
5 32 31
5 32 32
5 32 33
5 32 35
5 32 42
5 32 43
5 37 5
5 37 26
5 37 34
5 37 36
5 37 37
5 37 38
5 37 39
5 37 45
5 37 46
5 37 48
5 37 49
5 37 56
5 37 57
5 37 58
5 37 59
5 37 69
5 52 13
5 52 40
5 52 41
5 52 44
5 52 50
5 52 52
5 52 53
5 52 60
5 52 63
5 52 64
5 52 73
5 77 55
5 77 65
5 77 66
5 77 67
5 77 74
5 77 75
5 77 76
5 77 77
5 77 78
5 77 79
5 77 85
5 77 87
5 77 96
5 77 98
5 77 99
5 82 54
5 82 71
5 82 72
5 82 80
5 82 81
5 82 82
5 82 83
5 82 84
5 82 90
5 82 91
5 82 93
5 82 94
6 11 0
6 11 1
6 11 11
6 11 30
6 17 4
6 17 6
6 17 7
6 17 8
6 17 15
6 17 16
6 17 17
6 17 18
6 17 19
6 17 25
6 17 27
6 17 28
6 17 29
6 32 14
6 32 21
6 32 22
6 32 24
6 32 31
6 32 32
6 32 33
6 32 35
6 32 42
6 32 43
6 37 26
6 37 34
6 37 36
6 37 37
6 37 38
6 37 46
6 37 48
6 37 56
6 37 58
6 37 59
6 52 13
6 52 41
6 52 44
6 52 50
6 52 52
6 52 53
6 52 60
6 52 61
6 52 62
6 52 63
6 52 64
6 52 73
6 77 55
6 77 65
6 77 66
6 77 67
6 77 74
6 77 75
6 77 76
6 77 77
6 77 78
6 77 79
6 77 85
6 77 86
6 77 87
6 77 88
6 77 89
6 77 95
6 77 98
6 77 99
6 82 54
6 82 71
6 82 80
6 82 82
6 82 83
6 82 84
6 82 92
6 82 93
6 82 94
7 11 0
7 11 1
7 11 2
7 11 3
7 11 10
7 11 12
7 11 20
7 11 30
7 17 4
7 17 6
7 17 9
7 17 15
7 17 16
7 17 19
7 17 25
7 17 28
7 17 29
7 32 14
7 32 21
7 32 22
7 32 23
7 32 31
7 32 32
7 32 35
7 32 42
7 32 43
7 37 26
7 37 36
7 37 37
7 37 39
7 37 45
7 37 46
7 37 56
7 37 57
7 37 59
7 37 69
7 52 13
7 52 40
7 52 41
7 52 52
7 52 53
7 52 61
7 52 62
7 52 64
7 77 55
7 77 66
7 77 74
7 77 75
7 77 76
7 77 77
7 77 78
7 77 79
7 77 86
7 77 87
7 77 88
7 77 89
7 77 95
7 77 96
7 77 97
7 77 99
7 82 71
7 82 72
7 82 82
7 82 83
7 82 84
7 82 90
7 82 91
7 82 93
7 82 94
8 11 1
8 11 10
8 11 11
8 11 12
8 11 20
8 17 4
8 17 6
8 17 7
8 17 8
8 17 15
8 17 16
8 17 17
8 17 18
8 17 28
8 17 29
8 32 14
8 32 22
8 32 23
8 32 24
8 32 31
8 32 32
8 32 33
8 32 43
8 32 70
8 37 37
8 37 38
8 37 48
8 37 56
8 37 58
8 37 59
8 37 69
8 52 13
8 52 40
8 52 41
8 52 50
8 52 51
8 52 52
8 52 53
8 52 60
8 52 62
8 52 63
8 52 73
8 77 55
8 77 65
8 77 66
8 77 68
8 77 75
8 77 76
8 77 77
8 77 78
8 77 88
8 77 89
8 77 95
8 77 96
8 77 97
8 82 72
8 82 80
8 82 81
8 82 92
8 82 93
8 82 94
9 11 1
9 11 2
9 11 10
9 17 6
9 17 7
9 17 8
9 17 9
9 17 15
9 17 19
9 17 25
9 17 27
9 17 28
9 32 22
9 32 23
9 32 24
9 32 31
9 32 70
9 37 36
9 37 37
9 37 39
9 37 45
9 37 46
9 37 47
9 37 57
9 37 59
9 52 13
9 52 44
9 52 61
9 77 55
9 77 67
9 77 68
9 77 74
9 77 75
9 77 77
9 77 79
9 77 85
9 77 86
9 77 87
9 77 96
9 77 97
9 77 98
9 82 72
9 82 80
9 82 84
9 82 91
9 82 92
10 11 1
10 11 2
10 11 10
10 11 11
10 11 20
10 17 7
10 32 14
10 32 22
10 37 5
10 37 34
10 37 47
10 37 56
10 37 58
10 52 40
10 52 51
10 52 52
10 52 53
10 52 61
10 77 55
10 77 66
10 77 74
10 77 75
10 77 79
10 77 86
10 77 87
10 77 88
10 77 96
10 77 98
10 82 54
10 82 72
10 82 83
10 82 90
10 82 92
11 11 10
11 11 20
11 17 -1
11 32 14
11 32 31
11 37 49
11 37 69
11 52 51
11 77 65
11 82 90
--- Done ---
