0 52 42
0 52 43
0 52 52
0 52 53
0 82 -1
1 52 2
1 52 4
1 52 7
1 52 10
1 52 13
1 52 14
1 52 19
1 52 21
1 52 24
1 52 25
1 52 26
1 52 39
1 52 42
1 52 43
1 52 44
1 52 46
1 52 53
1 52 58
1 52 60
1 52 62
1 52 63
1 52 66
1 82 6
1 82 8
1 82 18
1 82 49
1 82 52
1 82 65
1 82 67
1 82 83
1 82 87
1 82 88
1 82 89
1 82 93
1 82 95
1 82 96
1 82 98
2 52 3
2 52 4
2 52 5
2 52 7
2 52 9
2 52 10
2 52 11
2 52 12
2 52 13
2 52 20
2 52 21
2 52 22
2 52 26
2 52 32
2 52 34
2 52 36
2 52 37
2 52 38
2 52 43
2 52 45
2 52 46
2 52 47
2 52 50
2 52 51
2 52 53
2 52 57
2 52 60
2 52 61
2 52 63
2 52 64
2 82 8
2 82 18
2 82 28
2 82 29
2 82 42
2 82 48
2 82 52
2 82 54
2 82 55
3 52 0
3 52 2
3 52 3
3 52 4
3 52 5
3 52 10
3 52 11
3 52 15
3 52 20
3 52 21
3 52 22
3 52 23
3 52 24
3 52 25
3 52 26
3 52 27
3 52 30
3 52 32
3 52 34
3 52 36
3 52 38
3 52 43
3 52 45
3 52 46
3 52 47
3 52 51
3 82 1
3 82 16
3 82 17
3 82 18
3 82 42
3 82 49
3 82 52
3 82 53
3 82 54
3 82 55
4 52 0
4 52 2
4 52 4
4 52 5
4 52 7
4 52 9
4 52 11
4 52 12
4 52 13
4 52 14
4 52 19
4 52 20
4 52 21
4 52 22
4 52 23
4 52 24
4 52 25
4 52 26
4 52 30
4 52 31
4 52 32
4 82 6
4 82 8
4 82 16
4 82 17
4 82 18
4 82 33
4 82 34
4 82 36
4 82 38
4 82 39
4 82 41
4 82 42
4 82 43
4 82 46
4 82 47
4 82 48
4 82 49
4 82 50
5 52 0
5 52 2
5 52 5
5 52 7
5 52 9
5 52 10
5 52 11
5 52 12
5 52 13
5 52 14
5 52 15
5 52 19
5 52 20
5 52 22
5 52 25
5 52 26
5 52 27
5 52 30
5 52 31
5 52 32
5 52 33
5 52 34
5 52 35
5 82 1
5 82 6
5 82 8
5 82 16
5 82 17
5 82 28
5 82 36
5 82 37
5 82 38
5 82 39
5 82 40
5 82 41
5 82 42
5 82 44
5 82 45
6 52 0
6 52 4
6 52 7
6 52 11
6 52 13
6 52 14
6 52 15
6 52 19
6 52 21
6 52 22
6 52 24
6 52 25
6 52 26
6 52 27
6 52 30
6 52 31
6 52 32
6 52 33
6 52 34
6 52 35
6 52 36
6 52 41
6 82 1
6 82 6
6 82 8
6 82 16
6 82 17
6 82 18
6 82 28
6 82 29
6 82 37
6 82 38
6 82 42
6 82 43
6 82 44
6 82 46
6 82 48
6 82 50
6 82 52
7 52 0
7 52 2
7 52 3
7 52 4
7 52 9
7 52 10
7 52 12
7 52 13
7 52 14
7 52 15
7 52 19
7 52 20
7 52 21
7 52 22
7 52 23
7 52 25
7 52 26
7 52 30
7 52 31
7 52 32
7 82 1
7 82 6
7 82 16
7 82 28
7 82 29
7 82 35
7 82 36
7 82 37
7 82 39
7 82 40
7 82 41
7 82 42
7 82 43
7 82 45
7 82 46
7 82 52
7 82 53
7 82 55
7 82 56
7 82 57
7 82 59
7 82 61
7 82 62
7 82 64
7 82 66
8 52 4
8 52 7
8 52 10
8 52 11
8 52 12
8 52 13
8 52 14
8 52 15
8 52 20
8 52 22
8 52 23
8 52 24
8 52 31
8 52 32
8 52 33
8 52 37
8 52 38
8 52 40
8 52 41
8 52 43
8 52 50
8 52 51
8 52 52
8 52 53
8 52 56
8 52 60
8 82 1
8 82 6
8 82 8
8 82 16
8 82 17
8 82 18
8 82 28
8 82 29
8 82 48
8 82 55
8 82 58
8 82 59
8 82 62
8 82 63
8 82 65
8 82 66
8 82 68
8 82 69
8 82 70
8 82 72
8 82 73
8 82 75
8 82 76
8 82 77
9 52 2
9 52 7
9 52 9
9 52 10
9 52 13
9 52 15
9 52 19
9 52 22
9 52 23
9 52 24
9 52 25
9 52 27
9 52 31
9 52 36
9 52 37
9 52 39
9 52 44
9 52 45
9 52 46
9 52 47
9 52 59
9 52 61
9 52 68
9 52 85
9 52 98
9 82 1
9 82 6
9 82 8
9 82 28
9 82 55
9 82 57
9 82 67
9 82 70
9 82 72
9 82 74
9 82 75
9 82 77
9 82 79
9 82 80
9 82 84
9 82 86
9 82 87
9 82 91
9 82 92
9 82 96
9 82 97
10 52 2
10 52 5
10 52 7
10 52 10
10 52 11
10 52 14
10 52 20
10 52 22
10 52 34
10 52 40
10 52 47
10 52 51
10 52 52
10 52 53
10 52 56
10 52 58
10 52 61
10 52 66
10 52 88
10 52 98
10 82 1
10 82 54
10 82 55
10 82 72
10 82 74
10 82 75
10 82 79
10 82 83
10 82 86
10 82 87
10 82 90
10 82 92
10 82 96
11 52 10
11 52 14
11 52 20
11 52 31
11 52 51
11 52 69
11 82 49
11 82 65
11 82 90
--- Done ---
