0 50 42
0 64 43
0 64 52
0 64 53
0 64 62
0 82 63
1 2 1
1 2 2
1 2 3
1 2 12
1 2 13
1 2 14
1 2 21
1 17 6
1 17 9
1 17 15
1 17 16
1 17 25
1 17 26
1 17 38
1 17 46
1 35 5
1 35 24
1 35 34
1 50 40
1 50 42
1 50 70
1 64 22
1 64 44
1 64 45
1 64 53
1 64 55
1 64 57
1 64 75
1 64 85
1 82 54
1 82 63
1 82 71
1 82 72
1 82 82
1 82 91
1 82 93
1 87 66
1 87 79
1 87 87
1 87 89
1 87 95
1 87 98
1 87 99
2 2 0
2 2 2
2 2 3
2 2 12
2 2 14
2 17 7
2 17 8
2 17 9
2 17 16
2 17 17
2 17 36
2 17 46
2 35 15
2 35 24
2 35 27
2 35 33
2 35 35
2 35 55
2 35 65
2 49 39
2 49 48
2 49 49
2 49 56
2 49 57
2 49 58
2 49 59
2 49 68
2 61 31
2 61 52
2 61 60
2 61 70
2 61 73
2 82 80
2 82 82
2 82 83
2 82 90
2 82 91
2 82 93
2 87 66
2 87 67
2 87 76
2 87 79
2 87 85
2 87 86
2 87 87
2 87 96
3 11 1
3 11 2
3 11 10
3 11 21
3 11 43
3 25 3
3 25 6
3 25 14
3 25 25
3 25 26
3 25 34
3 25 37
3 49 19
3 49 29
3 55 23
3 55 44
3 55 46
3 55 55
3 55 56
3 55 65
3 55 75
3 55 85
3 61 42
3 61 50
3 61 52
3 61 60
3 61 61
3 61 70
3 61 73
3 78 57
3 78 58
3 78 78
3 78 86
3 78 88
3 78 97
3 78 98
3 78 99
3 82 54
3 82 63
3 82 72
3 82 74
3 82 82
3 82 83
3 82 90
3 82 91
3 82 92
4 11 1
4 11 10
4 11 12
4 11 21
4 11 30
4 11 32
4 11 40
4 11 43
4 25 3
4 25 4
4 25 14
4 25 16
4 25 24
4 25 44
4 28 8
4 28 9
4 28 17
4 28 27
4 28 28
4 28 29
4 28 34
4 28 37
4 28 38
4 28 47
4 55 35
4 55 45
4 55 55
4 55 56
4 55 67
4 55 75
4 55 85
4 61 50
4 61 52
4 61 53
4 61 60
4 61 61
4 61 62
4 78 58
4 78 76
4 78 77
4 78 86
4 78 87
4 78 89
4 78 97
4 82 54
4 82 71
4 82 74
4 82 90
4 82 92
4 82 93
4 82 94
5 11 0
5 11 11
5 11 21
5 13 3
5 13 4
5 13 12
5 13 13
5 13 20
5 13 23
5 13 24
5 13 25
5 13 31
5 13 53
5 28 16
5 28 17
5 28 26
5 28 29
5 28 34
5 28 39
5 28 47
5 28 58
5 55 41
5 55 44
5 55 46
5 55 55
5 55 65
5 55 67
5 55 75
5 70 50
5 70 62
5 70 73
5 78 66
5 78 68
5 78 76
5 78 77
5 78 87
5 78 88
5 78 89
5 78 98
5 78 99
5 82 54
5 82 61
5 82 63
5 82 71
5 82 83
5 82 90
5 82 91
5 82 92
5 82 93
5 82 94
6 13 11
6 13 12
6 13 21
6 13 22
6 13 31
6 13 34
6 13 35
6 17 6
6 17 7
6 17 15
6 17 17
6 17 26
6 17 29
6 52 41
6 52 44
6 52 51
6 52 53
6 52 64
6 69 48
6 69 49
6 69 55
6 69 68
6 70 42
6 70 60
6 70 70
6 70 73
6 77 46
6 77 65
6 77 66
6 77 75
6 77 76
6 77 85
6 77 86
6 77 87
6 77 96
6 77 97
6 77 98
6 82 54
6 82 61
6 82 63
6 82 71
6 82 72
6 82 74
6 82 80
6 82 92
7 17 7
7 17 26
7 17 36
7 17 38
7 34 3
7 34 12
7 34 22
7 34 23
7 34 24
7 34 33
7 34 34
7 34 35
7 34 45
7 34 55
7 52 31
7 52 32
7 52 40
7 52 41
7 52 52
7 52 60
7 52 64
7 52 73
7 69 48
7 69 49
7 69 57
7 69 58
7 69 59
7 69 78
7 69 88
7 69 89
7 69 99
7 77 66
7 77 75
7 77 76
7 77 79
7 77 96
7 77 98
7 82 61
7 82 72
7 82 74
7 82 83
7 82 84
7 82 94
8 11 1
8 11 2
8 11 10
8 11 12
8 11 20
8 11 21
8 11 22
8 11 30
8 11 32
8 17 7
8 17 8
8 17 29
8 17 38
8 17 46
8 34 3
8 34 24
8 34 35
8 34 43
8 34 44
8 34 45
8 34 53
8 61 42
8 61 60
8 61 62
8 61 70
8 61 73
8 69 55
8 69 58
8 69 59
8 69 79
8 69 99
8 77 66
8 77 67
8 77 76
8 77 86
8 77 88
8 77 97
8 82 54
8 82 80
8 82 81
8 82 83
8 82 91
8 82 92
8 82 94
9 11 1
9 11 11
9 11 21
9 11 30
9 11 32
9 11 43
9 25 3
9 25 4
9 25 6
9 25 15
9 25 45
9 25 46
9 38 26
9 38 27
9 38 28
9 38 37
9 38 38
9 38 58
9 38 59
9 61 31
9 61 41
9 61 50
9 61 62
9 66 55
9 66 56
9 66 57
9 66 64
9 66 65
9 66 67
9 66 68
9 66 75
9 66 76
9 66 77
9 66 85
9 66 86
9 66 95
9 82 54
9 82 81
9 82 82
9 82 83
9 82 90
9 82 94
--- Done ---
