0 81 42
0 82 43
0 82 52
0 82 53
1 81 2
1 81 4
1 81 7
1 81 10
1 81 13
1 81 14
1 81 21
1 81 42
1 81 49
1 81 60
1 81 62
1 81 88
1 81 89
1 81 93
1 81 95
1 81 96
1 81 98
1 82 6
1 82 8
1 82 18
1 82 19
1 82 24
1 82 25
1 82 26
1 82 39
1 82 43
1 82 44
1 82 46
1 82 52
1 82 53
1 82 58
1 82 63
1 82 65
1 82 66
1 82 67
1 82 83
1 82 87
2 81 3
2 81 4
2 81 5
2 81 7
2 81 10
2 81 11
2 81 12
2 81 13
2 81 21
2 81 34
2 81 37
2 81 38
2 81 42
2 81 47
2 81 51
2 81 55
2 81 57
2 81 60
2 81 61
2 81 63
2 81 64
2 82 8
2 82 9
2 82 18
2 82 20
2 82 22
2 82 26
2 82 28
2 82 29
2 82 32
2 82 36
2 82 43
2 82 45
2 82 46
2 82 48
2 82 50
2 82 52
2 82 53
2 82 54
3 81 0
3 81 2
3 81 3
3 81 4
3 81 5
3 81 10
3 81 11
3 81 17
3 81 21
3 81 23
3 81 30
3 81 34
3 81 38
3 81 42
3 82 1
3 82 15
3 82 16
3 82 18
3 82 20
3 82 22
3 82 24
3 82 25
3 82 26
3 82 27
3 82 32
3 82 36
3 82 43
3 82 45
3 82 46
3 82 47
3 82 49
3 82 51
3 82 52
3 82 53
3 82 54
3 82 55
4 81 0
4 81 2
4 81 4
4 81 5
4 81 7
4 81 11
4 81 12
4 81 13
4 81 14
4 81 17
4 81 21
4 81 23
4 81 30
4 81 34
4 81 38
4 81 43
4 81 47
4 81 48
4 81 49
4 81 51
4 81 62
4 82 6
4 82 8
4 82 9
4 82 16
4 82 18
4 82 19
4 82 20
4 82 22
4 82 24
4 82 25
4 82 26
4 82 31
4 82 32
4 82 33
4 82 36
4 82 39
4 82 41
4 82 42
4 82 46
4 82 65
5 81 0
5 81 2
5 81 5
5 81 7
5 81 10
5 81 11
5 81 12
5 81 13
5 81 14
5 81 17
5 81 30
5 81 34
5 81 35
5 81 37
5 81 38
5 81 40
5 81 46
5 81 48
5 81 49
5 81 54
5 81 56
5 81 58
5 82 1
5 82 6
5 82 8
5 82 9
5 82 15
5 82 16
5 82 19
5 82 20
5 82 22
5 82 25
5 82 26
5 82 27
5 82 28
5 82 31
5 82 32
5 82 33
5 82 36
5 82 39
5 82 41
5 82 43
5 82 44
5 82 45
5 82 50
6 81 0
6 81 4
6 81 7
6 81 11
6 81 13
6 81 14
6 81 17
6 81 21
6 81 30
6 81 34
6 81 35
6 81 37
6 81 38
6 81 42
6 81 43
6 81 44
6 81 48
6 81 50
6 81 52
6 82 1
6 82 6
6 82 8
6 82 15
6 82 16
6 82 18
6 82 19
6 82 22
6 82 24
6 82 25
6 82 26
6 82 27
6 82 28
6 82 29
6 82 31
6 82 32
6 82 33
6 82 36
6 82 41
6 82 46
7 81 0
7 81 2
7 81 3
7 81 4
7 81 10
7 81 12
7 81 13
7 81 14
7 81 21
7 81 23
7 81 30
7 81 35
7 81 37
7 81 40
7 81 42
7 81 55
7 81 56
7 81 57
7 81 59
7 81 61
7 81 62
7 81 66
7 82 1
7 82 6
7 82 9
7 82 15
7 82 16
7 82 19
7 82 20
7 82 22
7 82 25
7 82 26
7 82 28
7 82 29
7 82 31
7 82 32
7 82 36
7 82 39
7 82 41
7 82 43
7 82 45
7 82 46
7 82 52
7 82 53
7 82 64
8 81 4
8 81 7
8 81 10
8 81 11
8 81 12
8 81 13
8 81 14
8 81 17
8 81 23
8 81 37
8 81 38
8 81 40
8 81 51
8 81 56
8 81 59
8 81 60
8 81 62
8 81 66
8 81 68
8 81 69
8 81 70
8 81 72
8 81 73
8 81 75
8 81 76
8 81 77
8 82 1
8 82 6
8 82 8
8 82 15
8 82 16
8 82 18
8 82 20
8 82 22
8 82 24
8 82 28
8 82 29
8 82 31
8 82 32
8 82 33
8 82 41
8 82 43
8 82 48
8 82 50
8 82 52
8 82 53
8 82 55
8 82 58
8 82 63
8 82 65
9 81 2
9 81 7
9 81 10
9 81 13
9 81 23
9 81 37
9 81 47
9 81 57
9 81 59
9 81 61
9 81 70
9 81 80
9 81 84
9 81 85
9 81 91
9 81 92
9 81 96
9 81 97
9 81 98
9 82 1
9 82 6
9 82 8
9 82 9
9 82 15
9 82 19
9 82 22
9 82 24
9 82 25
9 82 27
9 82 28
9 82 31
9 82 36
9 82 39
9 82 44
9 82 45
9 82 46
9 82 55
9 82 67
9 82 68
9 82 72
9 82 74
9 82 75
9 82 77
9 82 79
9 82 86
9 82 87
10 81 2
10 81 5
10 81 7
10 81 10
10 81 11
10 81 14
10 81 34
10 81 40
10 81 47
10 81 51
10 81 56
10 81 61
10 81 88
10 81 90
10 82 1
10 82 20
10 82 22
10 82 52
10 82 53
10 82 54
10 82 55
10 82 58
10 82 66
10 82 72
10 82 74
10 82 75
10 82 79
10 82 83
10 82 86
10 82 87
10 82 92
10 82 96
10 82 98
11 81 10
11 81 14
11 81 49
11 81 51
11 81 90
11 82 20
11 82 31
11 82 65
11 82 69
--- Done ---
