0 55 42
0 82 43
0 82 52
0 82 53
1 15 4
1 15 6
1 15 8
1 15 10
1 15 13
1 15 18
1 15 19
1 15 21
1 15 26
1 15 39
1 15 42
1 15 43
1 15 62
1 15 65
1 55 2
1 55 7
1 55 14
1 55 24
1 55 25
1 55 46
1 55 49
1 55 53
1 55 58
1 55 63
1 55 66
1 55 67
1 55 83
1 55 87
1 55 88
1 55 98
1 82 44
1 82 52
1 82 60
1 82 89
1 82 93
1 82 95
1 82 96
2 13 11
2 13 13
2 13 20
2 13 22
2 13 37
2 15 3
2 15 4
2 15 5
2 15 7
2 15 8
2 15 9
2 15 10
2 15 12
2 15 18
2 15 21
2 15 26
2 15 28
2 15 29
2 15 34
2 15 36
2 15 42
2 15 45
2 15 46
2 15 47
2 15 54
2 15 75
2 55 32
2 55 38
2 55 55
2 55 57
2 55 66
2 55 69
2 55 87
2 55 88
2 55 93
2 55 97
2 55 99
2 82 43
2 82 48
2 82 50
2 82 51
2 82 52
2 82 53
2 82 60
2 82 61
2 82 63
2 82 64
2 82 71
2 82 73
2 82 74
2 82 76
2 82 77
2 82 89
2 82 96
3 13 0
3 13 3
3 13 4
3 13 10
3 13 11
3 13 16
3 13 17
3 13 20
3 13 21
3 13 22
3 13 24
3 13 25
3 13 26
3 13 30
3 13 32
3 13 36
3 13 42
3 13 43
3 13 45
3 13 52
3 13 54
3 13 58
3 15 15
3 15 18
3 15 23
3 15 27
3 15 47
3 15 56
3 55 1
3 55 2
3 55 5
3 55 34
3 55 38
3 55 46
3 55 49
3 55 55
3 55 59
3 55 66
3 55 67
3 55 68
3 55 69
3 55 71
3 55 85
3 55 87
3 55 97
3 55 98
3 55 99
3 82 51
3 82 53
3 82 60
3 82 61
3 82 62
3 82 73
3 82 74
3 82 76
3 82 77
3 82 79
3 82 80
3 82 84
3 82 91
3 82 92
3 82 93
3 82 94
3 82 95
4 13 0
4 13 11
4 13 13
4 13 20
4 13 22
4 13 30
4 15 6
4 15 7
4 15 8
4 15 9
4 15 16
4 15 17
4 15 18
4 15 19
4 15 21
4 15 39
4 15 42
4 15 46
4 55 2
4 55 4
4 55 5
4 55 12
4 55 14
4 55 23
4 55 24
4 55 25
4 55 26
4 55 31
4 55 32
4 55 34
4 55 36
4 55 38
4 55 47
4 55 49
4 55 56
4 55 58
4 55 59
4 55 67
4 55 68
4 55 69
4 55 71
4 55 85
4 55 86
4 55 88
4 55 93
4 55 95
4 55 96
4 55 99
4 82 33
4 82 41
4 82 43
4 82 48
4 82 50
4 82 51
4 82 52
4 82 53
4 82 60
4 82 61
4 82 62
4 82 63
4 82 65
4 82 70
4 82 72
4 82 74
4 82 75
4 82 77
4 82 79
4 82 80
4 82 81
4 82 83
4 82 90
4 82 91
4 82 92
5 13 0
5 13 11
5 13 13
5 13 14
5 13 20
5 13 22
5 13 27
5 13 30
5 13 34
5 13 35
5 13 40
5 13 48
5 13 58
5 13 87
5 15 1
5 15 2
5 15 6
5 15 8
5 15 9
5 15 10
5 15 12
5 15 15
5 15 16
5 15 17
5 15 19
5 15 25
5 15 26
5 15 32
5 15 36
5 15 39
5 15 41
5 15 45
5 15 46
5 15 65
5 15 74
5 55 5
5 55 7
5 55 28
5 55 37
5 55 38
5 55 42
5 55 43
5 55 49
5 55 55
5 55 56
5 55 57
5 55 59
5 55 63
5 55 64
5 55 66
5 55 67
5 55 69
5 55 75
5 55 78
5 55 80
5 55 85
5 55 93
5 55 98
5 55 99
5 82 31
5 82 33
5 82 44
5 82 50
5 82 52
5 82 53
5 82 54
5 82 60
5 82 71
5 82 72
5 82 73
5 82 76
5 82 77
5 82 79
5 82 81
5 82 82
5 82 83
5 82 84
5 82 90
5 82 91
5 82 94
5 82 96
6 13 0
6 13 11
6 13 13
6 13 16
6 13 22
6 13 30
6 13 32
6 15 1
6 15 4
6 15 6
6 15 7
6 15 8
6 15 14
6 15 15
6 15 17
6 15 18
6 15 19
6 15 21
6 15 24
6 15 25
6 15 26
6 15 29
6 15 34
6 15 35
6 15 36
6 15 42
6 15 44
6 15 46
6 15 48
6 15 54
6 15 56
6 15 62
6 15 65
6 15 74
6 15 76
6 55 27
6 55 28
6 55 31
6 55 37
6 55 38
6 55 52
6 55 53
6 55 55
6 55 58
6 55 59
6 55 66
6 55 67
6 55 73
6 55 78
6 55 85
6 55 87
6 55 88
6 55 93
6 55 98
6 55 99
6 82 33
6 82 41
6 82 43
6 82 50
6 82 60
6 82 61
6 82 63
6 82 64
6 82 71
6 82 75
6 82 77
6 82 79
6 82 80
6 82 82
6 82 83
6 82 84
6 82 86
6 82 89
6 82 92
6 82 94
6 82 95
7 13 0
7 13 1
7 13 2
7 13 3
7 13 4
7 13 6
7 13 10
7 13 13
7 13 14
7 13 20
7 13 21
7 13 22
7 13 25
7 13 30
7 13 37
7 13 40
7 13 87
7 15 9
7 15 15
7 15 16
7 15 19
7 15 29
7 15 35
7 15 36
7 15 39
7 15 45
7 15 46
7 15 56
7 55 12
7 55 23
7 55 26
7 55 28
7 55 32
7 55 42
7 55 55
7 55 57
7 55 59
7 55 66
7 55 69
7 55 78
7 55 88
7 55 97
7 55 99
7 82 31
7 82 41
7 82 43
7 82 52
7 82 53
7 82 61
7 82 62
7 82 64
7 82 71
7 82 72
7 82 74
7 82 75
7 82 76
7 82 77
7 82 79
7 82 82
7 82 83
7 82 84
7 82 86
7 82 89
7 82 90
7 82 91
7 82 93
7 82 94
7 82 95
7 82 96
8 13 1
8 13 4
8 13 7
8 13 10
8 13 11
8 13 12
8 13 13
8 13 14
8 13 20
8 13 22
8 13 23
8 13 32
8 13 33
8 13 37
8 13 40
8 13 58
8 15 6
8 15 8
8 15 15
8 15 16
8 15 17
8 15 18
8 15 24
8 15 28
8 15 29
8 15 56
8 15 62
8 55 38
8 55 52
8 55 55
8 55 59
8 55 66
8 55 68
8 55 69
8 55 78
8 55 88
8 55 95
8 55 97
8 82 31
8 82 41
8 82 43
8 82 48
8 82 50
8 82 51
8 82 53
8 82 60
8 82 63
8 82 65
8 82 70
8 82 72
8 82 73
8 82 75
8 82 76
8 82 77
8 82 80
8 82 81
8 82 89
8 82 92
8 82 93
8 82 94
8 82 96
9 13 6
9 13 10
9 13 13
9 13 22
9 13 23
9 13 25
9 13 36
9 15 8
9 15 9
9 15 15
9 15 19
9 15 24
9 15 28
9 15 39
9 15 44
9 15 45
9 15 46
9 15 47
9 15 74
9 55 1
9 55 2
9 55 7
9 55 27
9 55 31
9 55 37
9 55 55
9 55 57
9 55 59
9 55 67
9 55 68
9 55 75
9 55 84
9 55 85
9 55 87
9 55 96
9 55 97
9 55 98
9 82 61
9 82 70
9 82 72
9 82 77
9 82 79
9 82 80
9 82 86
9 82 91
9 82 92
10 13 7
10 13 11
10 13 20
10 13 22
10 13 40
10 13 87
10 15 1
10 15 2
10 15 10
10 15 14
10 15 34
10 15 54
10 15 56
10 15 74
10 55 5
10 55 47
10 55 55
10 55 58
10 55 66
10 55 88
10 55 98
10 82 51
10 82 52
10 82 53
10 82 61
10 82 72
10 82 75
10 82 79
10 82 83
10 82 86
10 82 90
10 82 92
10 82 96
11 13 20
11 15 10
11 15 65
11 55 14
11 55 49
11 55 69
11 82 31
11 82 51
11 82 90
--- Done ---
