0 44 42
0 44 43
0 44 52
0 44 53
0 82 -1
1 6 6
1 6 7
1 6 8
1 6 18
1 6 26
1 6 4
1 6 13
1 6 25
1 12 2
1 12 10
1 12 14
1 12 24
1 41 21
1 41 60
1 41 62
1 41 42
1 41 52
1 41 53
1 44 43
1 44 44
1 44 46
1 44 66
1 44 63
1 49 19
1 49 39
1 49 49
1 49 58
1 65 65
1 82 83
1 82 93
1 88 88
1 88 89
1 88 95
1 88 96
1 88 98
1 88 67
1 88 87
2 6 5
2 6 7
2 6 26
2 6 4
2 6 8
2 6 18
2 9 9
2 12 3
2 12 10
2 12 12
2 12 20
2 12 11
2 12 13
2 41 21
2 41 50
2 41 60
2 41 42
2 41 51
2 41 52
2 41 53
2 41 22
2 44 34
2 44 36
2 44 73
2 44 43
2 44 46
2 44 55
2 44 61
2 44 64
2 44 66
2 44 32
2 44 45
2 44 54
2 44 63
2 49 37
2 49 38
2 49 47
2 49 48
2 49 28
2 49 29
2 65 75
2 82 71
2 82 93
2 88 77
2 88 88
2 88 89
2 88 96
2 88 97
2 88 99
2 88 57
2 88 69
2 88 76
2 88 87
2 88 74
3 6 5
3 6 15
3 6 16
3 6 26
3 6 17
3 6 18
3 6 25
3 9 -1
3 12 0
3 12 1
3 12 2
3 12 3
3 12 10
3 12 20
3 12 30
3 12 4
3 12 11
3 12 23
3 12 24
3 41 21
3 41 60
3 41 62
3 41 42
3 41 51
3 41 52
3 41 53
3 41 22
3 41 32
3 44 34
3 44 36
3 44 73
3 44 43
3 44 46
3 44 55
3 44 66
3 44 45
3 49 27
3 49 38
3 49 47
3 49 49
3 49 58
3 65 85
3 82 71
3 82 80
3 82 91
3 82 92
3 82 93
3 82 94
3 82 61
3 82 84
3 82 54
3 88 77
3 88 79
3 88 95
3 88 97
3 88 98
3 88 99
3 88 59
3 88 67
3 88 68
3 88 69
3 88 76
3 88 87
3 88 74
3 88 56
4 6 5
4 6 6
4 6 7
4 6 16
4 6 26
4 6 4
4 6 8
4 6 13
4 6 17
4 6 18
4 6 25
4 9 9
4 12 0
4 12 2
4 12 12
4 12 14
4 12 30
4 12 11
4 12 20
4 12 23
4 12 24
4 12 33
4 41 21
4 41 41
4 41 62
4 41 52
4 41 53
4 41 60
4 41 22
4 41 31
4 41 32
4 41 42
4 41 51
4 44 34
4 44 36
4 49 38
4 49 39
4 49 47
4 49 48
4 49 49
4 49 58
4 49 19
4 49 59
4 49 68
4 49 69
4 49 56
4 50 70
4 50 50
4 65 75
4 65 85
4 65 43
4 65 46
4 65 65
4 82 80
4 82 81
4 82 83
4 82 90
4 82 91
4 82 92
4 82 93
4 82 71
4 82 61
4 82 63
4 82 72
4 82 74
4 88 77
4 88 79
4 88 88
4 88 95
4 88 96
4 88 99
4 88 67
4 88 86
5 6 5
5 6 6
5 6 7
5 6 15
5 6 16
5 6 26
5 6 8
5 6 17
5 6 25
5 9 9
5 12 0
5 12 1
5 12 2
5 12 10
5 12 12
5 12 14
5 12 30
5 12 11
5 12 13
5 12 20
5 12 33
5 12 31
5 41 41
5 41 40
5 41 60
5 41 42
5 44 34
5 44 36
5 44 73
5 44 35
5 44 43
5 44 44
5 44 46
5 44 52
5 44 53
5 44 55
5 44 64
5 44 66
5 44 22
5 44 32
5 44 45
5 49 27
5 49 37
5 49 38
5 49 39
5 49 48
5 49 49
5 49 58
5 49 19
5 49 28
5 49 57
5 49 59
5 49 69
5 50 50
5 65 75
5 65 85
5 65 65
5 82 80
5 82 81
5 82 82
5 82 83
5 82 90
5 82 91
5 82 93
5 82 94
5 82 71
5 82 84
5 82 54
5 82 63
5 82 72
5 82 74
5 88 77
5 88 78
5 88 79
5 88 96
5 88 98
5 88 99
5 88 67
5 88 76
5 88 87
5 88 56
6 6 6
6 6 7
6 6 15
6 6 16
6 6 26
6 6 8
6 6 17
6 6 18
6 6 25
6 9 -1
6 12 0
6 12 1
6 12 14
6 12 30
6 12 4
6 12 11
6 12 13
6 12 24
6 12 33
6 12 22
6 12 31
6 12 32
6 41 21
6 41 41
6 41 62
6 44 34
6 44 36
6 44 73
6 44 44
6 44 52
6 44 53
6 49 27
6 49 37
6 49 38
6 49 48
6 49 58
6 49 19
6 49 28
6 49 29
6 49 59
6 50 50
6 50 60
6 50 42
6 65 75
6 65 85
6 65 35
6 65 43
6 65 46
6 65 55
6 65 64
6 65 66
6 65 65
6 82 80
6 82 82
6 82 83
6 82 92
6 82 93
6 82 94
6 82 71
6 82 84
6 82 54
6 82 61
6 82 63
6 88 77
6 88 78
6 88 79
6 88 88
6 88 89
6 88 95
6 88 98
6 88 99
6 88 67
6 88 76
6 88 86
6 88 87
6 88 74
6 88 56
7 6 6
7 6 15
7 6 16
7 6 26
7 6 25
7 9 9
7 12 0
7 12 1
7 12 2
7 12 3
7 12 10
7 12 12
7 12 14
7 12 30
7 12 4
7 12 13
7 12 20
7 12 23
7 12 22
7 12 31
7 12 32
7 41 21
7 41 41
7 41 62
7 41 40
7 44 36
7 44 35
7 44 43
7 44 46
7 44 52
7 44 53
7 44 55
7 44 64
7 44 66
7 44 42
7 44 45
7 44 61
7 49 37
7 49 39
7 49 19
7 49 28
7 49 29
7 50 -1
7 65 75
7 82 82
7 82 83
7 82 90
7 82 91
7 82 93
7 82 94
7 82 71
7 82 84
7 82 72
7 88 77
7 88 78
7 88 79
7 88 88
7 88 89
7 88 95
7 88 96
7 88 97
7 88 99
7 88 57
7 88 59
7 88 69
7 88 76
7 88 86
7 88 87
7 88 74
7 88 56
8 6 6
8 6 7
8 6 15
8 6 16
8 6 4
8 6 8
8 6 13
8 6 17
8 6 18
8 9 -1
8 12 1
8 12 10
8 12 12
8 12 14
8 12 11
8 12 20
8 12 23
8 12 24
8 12 33
8 12 22
8 12 31
8 12 32
8 41 41
8 41 62
8 41 40
8 41 52
8 41 53
8 41 60
8 41 51
8 41 72
8 44 73
8 44 43
8 44 55
8 44 66
8 49 37
8 49 38
8 49 48
8 49 58
8 49 28
8 49 29
8 49 59
8 49 68
8 49 69
8 49 56
8 50 70
8 50 50
8 65 75
8 65 65
8 82 80
8 82 81
8 82 92
8 82 93
8 82 94
8 82 63
8 88 77
8 88 78
8 88 88
8 88 89
8 88 95
8 88 96
8 88 97
8 88 76
9 6 6
9 6 7
9 6 15
9 6 8
9 6 13
9 6 25
9 9 9
9 9 19
9 9 28
9 12 1
9 12 2
9 12 10
9 12 23
9 12 24
9 12 22
9 12 31
9 41 -1
9 44 36
9 44 44
9 44 46
9 44 55
9 44 45
9 49 27
9 49 37
9 49 39
9 49 47
9 50 70
9 65 75
9 65 85
9 82 80
9 82 91
9 82 92
9 82 84
9 82 61
9 82 72
9 88 77
9 88 79
9 88 96
9 88 97
9 88 98
9 88 57
9 88 59
9 88 67
9 88 68
9 88 86
9 88 87
9 88 74
10 6 5
10 6 7
10 9 -1
10 12 1
10 12 2
10 12 10
10 12 14
10 12 11
10 12 20
10 12 22
10 41 40
10 41 52
10 41 53
10 41 51
10 41 72
10 44 34
10 49 47
10 49 58
10 50 -1
10 65 75
10 65 55
10 65 66
10 65 54
10 82 83
10 82 90
10 82 92
10 82 61
10 88 79
10 88 88
10 88 96
10 88 98
10 88 86
10 88 87
10 88 74
10 88 56
11 6 -1
11 9 -1
11 12 10
11 12 14
11 12 20
11 12 31
11 41 51
11 44 -1
11 49 49
11 49 69
11 50 -1
11 65 65
11 82 90
11 88 -1
--- Done ---
