0 55 -1
0 82 42
0 82 43
0 82 52
0 82 53
1 15 -1
1 55 2
1 55 4
1 55 6
1 55 7
1 55 8
1 55 10
1 55 13
1 55 14
1 55 18
1 55 21
1 55 24
1 55 25
1 55 26
1 55 39
1 55 42
1 55 43
1 55 44
1 55 46
1 55 49
1 55 52
1 55 58
1 55 65
1 55 66
1 55 67
1 55 87
1 55 88
1 55 89
1 55 98
1 82 19
1 82 53
1 82 60
1 82 62
1 82 63
1 82 83
1 82 93
1 82 95
1 82 96
2 15 3
2 15 4
2 15 5
2 15 7
2 15 8
2 15 9
2 15 10
2 15 11
2 15 13
2 15 18
2 15 20
2 15 21
2 15 22
2 15 26
2 15 28
2 15 29
2 15 34
2 15 36
2 15 48
2 15 60
2 23 -1
2 55 12
2 55 32
2 55 37
2 55 38
2 55 42
2 55 43
2 55 45
2 55 46
2 55 47
2 55 52
2 55 54
2 55 55
2 55 57
2 55 64
2 55 66
2 55 69
2 55 73
2 55 74
2 55 75
2 55 87
2 55 88
2 55 89
2 55 97
2 55 99
2 82 50
2 82 51
2 82 53
2 82 61
2 82 63
2 82 71
2 82 76
2 82 77
2 82 93
2 82 96
3 11 -1
3 15 3
3 15 4
3 15 5
3 15 15
3 15 16
3 15 17
3 15 18
3 15 25
3 15 26
3 15 27
3 15 34
3 15 60
3 23 0
3 23 2
3 23 10
3 23 11
3 23 20
3 23 21
3 23 22
3 23 23
3 23 24
3 23 30
3 23 32
3 23 36
3 23 42
3 23 43
3 23 53
3 23 87
3 55 1
3 55 38
3 55 45
3 55 46
3 55 47
3 55 49
3 55 52
3 55 54
3 55 55
3 55 56
3 55 58
3 55 59
3 55 66
3 55 67
3 55 68
3 55 69
3 55 73
3 55 74
3 55 85
3 55 97
3 55 98
3 55 99
3 82 51
3 82 61
3 82 62
3 82 71
3 82 76
3 82 77
3 82 79
3 82 80
3 82 84
3 82 91
3 82 92
3 82 93
3 82 94
3 82 95
4 11 0
4 11 2
4 11 11
4 11 12
4 11 20
4 11 21
4 11 30
4 11 31
4 11 32
4 11 43
4 11 51
4 11 60
4 15 4
4 15 5
4 15 6
4 15 7
4 15 8
4 15 9
4 15 14
4 15 16
4 15 17
4 15 18
4 15 19
4 15 25
4 15 26
4 15 34
4 15 39
4 15 48
4 23 13
4 23 22
4 23 23
4 23 24
4 23 33
4 23 36
4 23 42
4 23 53
4 23 70
4 34 -1
4 55 38
4 55 41
4 55 46
4 55 47
4 55 49
4 55 52
4 55 56
4 55 58
4 55 59
4 55 65
4 55 67
4 55 68
4 55 69
4 55 74
4 55 75
4 55 85
4 55 88
4 55 99
4 82 50
4 82 61
4 82 62
4 82 63
4 82 71
4 82 72
4 82 77
4 82 79
4 82 80
4 82 81
4 82 83
4 82 86
4 82 90
4 82 91
4 82 92
4 82 93
4 82 95
4 82 96
5 11 0
5 11 1
5 11 2
5 11 10
5 11 11
5 11 12
5 11 20
5 11 30
5 11 31
5 11 32
5 11 40
5 11 60
5 15 5
5 15 6
5 15 7
5 15 8
5 15 9
5 15 14
5 15 15
5 15 16
5 15 17
5 15 19
5 15 25
5 15 26
5 15 27
5 15 28
5 15 39
5 15 48
5 23 13
5 23 22
5 23 37
5 23 42
5 23 87
5 34 33
5 34 34
5 34 35
5 34 36
5 34 38
5 34 43
5 34 52
5 34 53
5 34 76
5 34 78
5 34 79
5 55 41
5 55 44
5 55 45
5 55 46
5 55 49
5 55 54
5 55 55
5 55 56
5 55 57
5 55 58
5 55 59
5 55 64
5 55 65
5 55 66
5 55 67
5 55 69
5 55 73
5 55 74
5 55 75
5 55 85
5 55 98
5 55 99
5 64 -1
5 82 50
5 82 63
5 82 71
5 82 72
5 82 77
5 82 80
5 82 81
5 82 82
5 82 83
5 82 84
5 82 90
5 82 91
5 82 93
5 82 94
5 82 96
6 11 0
6 11 1
6 11 11
6 11 21
6 11 30
6 11 31
6 11 32
6 11 60
6 15 4
6 15 6
6 15 7
6 15 8
6 15 14
6 15 15
6 15 16
6 15 17
6 15 19
6 15 25
6 15 26
6 15 27
6 15 28
6 15 48
6 23 13
6 23 22
6 23 29
6 23 42
6 34 18
6 34 24
6 34 33
6 34 34
6 34 35
6 34 36
6 34 38
6 34 78
6 34 79
6 55 41
6 55 44
6 55 46
6 55 54
6 55 55
6 55 56
6 55 58
6 55 59
6 55 65
6 55 66
6 55 67
6 55 85
6 55 89
6 55 98
6 64 37
6 64 43
6 64 52
6 64 53
6 64 62
6 64 63
6 64 64
6 64 73
6 64 74
6 64 75
6 64 76
6 64 77
6 64 86
6 64 87
6 64 88
6 64 95
6 64 99
6 82 50
6 82 61
6 82 71
6 82 80
6 82 82
6 82 83
6 82 84
6 82 92
6 82 93
6 82 94
7 11 0
7 11 1
7 11 2
7 11 10
7 11 12
7 11 20
7 11 21
7 11 30
7 11 31
7 11 32
7 11 40
7 15 4
7 15 6
7 15 9
7 15 14
7 15 15
7 15 16
7 15 19
7 15 25
7 15 26
7 15 28
7 15 39
7 23 13
7 23 22
7 23 23
7 23 29
7 23 42
7 34 3
7 34 35
7 34 36
7 34 78
7 34 79
7 55 41
7 55 46
7 55 55
7 55 56
7 55 57
7 55 59
7 55 66
7 55 69
7 55 89
7 64 37
7 64 43
7 64 45
7 64 52
7 64 53
7 64 62
7 64 64
7 64 74
7 64 75
7 64 76
7 64 77
7 64 86
7 64 87
7 64 88
7 64 95
7 64 97
7 64 99
7 82 61
7 82 71
7 82 72
7 82 82
7 82 83
7 82 84
7 82 90
7 82 91
7 82 93
7 82 94
7 82 96
8 11 1
8 11 10
8 11 11
8 11 12
8 11 20
8 11 31
8 11 32
8 11 40
8 11 51
8 11 60
8 15 4
8 15 6
8 15 7
8 15 8
8 15 14
8 15 15
8 15 16
8 15 17
8 15 28
8 15 48
8 23 13
8 23 22
8 23 23
8 23 29
8 34 18
8 34 24
8 34 33
8 34 38
8 34 78
8 55 41
8 55 55
8 55 56
8 55 58
8 55 59
8 55 65
8 55 66
8 55 69
8 55 89
8 64 37
8 64 43
8 64 52
8 64 53
8 64 62
8 64 63
8 64 68
8 64 70
8 64 73
8 64 75
8 64 76
8 64 77
8 64 88
8 64 95
8 64 97
8 82 50
8 82 72
8 82 80
8 82 81
8 82 92
8 82 93
8 82 94
8 82 96
9 11 1
9 11 2
9 11 10
9 11 31
9 15 6
9 15 7
9 15 8
9 15 9
9 15 15
9 15 19
9 15 25
9 15 27
9 15 28
9 15 39
9 23 13
9 23 22
9 23 23
9 34 24
9 34 36
9 34 79
9 55 44
9 55 46
9 55 47
9 55 55
9 55 57
9 55 59
9 55 67
9 55 85
9 55 98
9 64 37
9 64 45
9 64 68
9 64 70
9 64 74
9 64 75
9 64 77
9 64 86
9 64 87
9 64 97
9 82 61
9 82 72
9 82 80
9 82 84
9 82 91
9 82 92
9 82 96
10 11 1
10 11 2
10 11 10
10 11 11
10 11 20
10 11 40
10 11 51
10 15 5
10 15 7
10 15 14
10 23 22
10 34 34
10 34 79
10 55 47
10 55 54
10 55 55
10 55 56
10 55 58
10 55 66
10 55 98
10 64 52
10 64 53
10 64 74
10 64 75
10 64 86
10 64 87
10 64 88
10 82 61
10 82 72
10 82 83
10 82 90
10 82 92
10 82 96
11 11 10
11 11 20
11 11 31
11 11 51
11 15 14
11 23 -1
11 34 -1
11 55 49
11 55 65
11 55 69
11 64 -1
11 82 90
--- Done ---
