0 55 42
0 55 43
0 55 52
0 55 53
0 82 -1
1 15 6
1 15 8
1 15 10
1 15 13
1 15 18
1 15 19
1 15 21
1 15 39
1 15 2
1 15 4
1 15 7
1 15 14
1 15 24
1 15 25
1 15 26
1 15 42
1 15 46
1 15 60
1 15 43
1 15 44
1 15 62
1 15 63
1 15 65
1 55 49
1 55 58
1 55 66
1 55 67
1 55 87
1 55 88
1 55 98
1 55 52
1 55 53
1 55 83
1 55 89
1 55 93
1 55 95
1 55 96
1 82 -1
2 2 11
2 2 20
2 2 22
2 2 45
2 15 8
2 15 9
2 15 18
2 15 29
2 15 3
2 15 10
2 15 13
2 15 21
2 15 28
2 15 36
2 15 46
2 15 47
2 15 60
2 15 5
2 15 12
2 15 26
2 15 32
2 15 34
2 15 42
2 15 54
2 55 37
2 55 38
2 55 57
2 55 66
2 55 87
2 55 88
2 55 97
2 55 99
2 55 7
2 55 52
2 55 53
2 55 64
2 55 69
2 55 71
2 55 73
2 55 77
2 55 89
2 55 93
2 55 96
2 55 4
2 82 50
2 82 51
2 82 61
2 82 48
2 82 55
2 82 63
2 82 74
2 82 75
2 82 43
2 82 76
3 2 0
3 2 11
3 2 20
3 2 22
3 2 30
3 2 3
3 2 10
3 2 16
3 2 21
3 2 1
3 2 2
3 2 4
3 2 5
3 2 23
3 2 24
3 2 25
3 2 26
3 2 32
3 2 34
3 2 45
3 2 43
3 2 76
3 15 17
3 15 18
3 15 15
3 15 42
3 15 54
3 15 55
3 15 62
3 15 74
3 55 38
3 55 49
3 55 58
3 55 59
3 55 66
3 55 67
3 55 68
3 55 85
3 55 87
3 55 97
3 55 98
3 55 99
3 55 27
3 55 36
3 55 46
3 55 47
3 55 52
3 55 53
3 55 56
3 55 69
3 55 71
3 55 73
3 55 77
3 55 80
3 55 84
3 55 93
3 82 51
3 82 61
3 82 79
3 82 91
3 82 94
3 82 60
3 82 92
3 82 95
4 2 0
4 2 11
4 2 20
4 2 22
4 2 30
4 2 13
4 2 21
4 2 2
4 2 4
4 2 12
4 2 14
4 2 23
4 2 25
4 2 26
4 2 32
4 2 34
4 2 33
4 2 41
4 2 43
4 2 5
4 2 6
4 2 16
4 9 8
4 9 9
4 9 17
4 9 18
4 9 19
4 9 39
4 9 7
4 9 47
4 9 56
4 15 42
4 15 65
4 15 74
4 15 75
4 15 24
4 55 58
4 55 59
4 55 67
4 55 68
4 55 85
4 55 88
4 55 99
4 55 36
4 55 38
4 55 46
4 55 49
4 55 52
4 55 53
4 55 69
4 55 71
4 82 50
4 82 51
4 82 61
4 82 70
4 82 72
4 82 79
4 82 90
4 82 91
4 82 60
4 82 77
4 82 80
4 82 81
4 82 83
4 82 86
4 82 92
4 82 93
4 82 95
4 82 96
4 82 31
4 82 48
4 82 62
4 82 63
5 0 0
5 0 11
5 0 20
5 0 22
5 0 40
5 2 30
5 2 25
5 2 26
5 2 32
5 2 34
5 2 42
5 2 45
5 2 31
5 2 33
5 2 41
5 2 76
5 9 8
5 9 9
5 9 17
5 9 19
5 9 39
5 9 78
5 9 7
5 9 27
5 9 28
5 9 56
5 15 48
5 15 54
5 15 55
5 15 65
5 15 74
5 15 75
5 15 44
5 15 60
5 15 1
5 15 2
5 15 6
5 15 10
5 15 12
5 15 13
5 15 14
5 15 15
5 15 16
5 15 35
5 15 43
5 15 5
5 55 57
5 55 58
5 55 59
5 55 66
5 55 67
5 55 85
5 55 87
5 55 98
5 55 99
5 55 36
5 55 37
5 55 38
5 55 46
5 55 49
5 55 52
5 55 53
5 55 69
5 55 73
5 82 50
5 82 72
5 82 79
5 82 90
5 82 91
5 82 94
5 82 64
5 82 71
5 82 77
5 82 80
5 82 81
5 82 82
5 82 83
5 82 84
5 82 93
5 82 96
5 82 63
6 0 0
6 0 44
6 0 60
6 2 30
6 2 11
6 2 22
6 2 25
6 2 26
6 2 32
6 2 34
6 2 42
6 2 1
6 2 4
6 2 13
6 2 14
6 2 21
6 2 76
6 2 43
6 9 8
6 9 17
6 9 18
6 9 19
6 9 29
6 9 78
6 9 7
6 9 27
6 9 28
6 9 56
6 9 6
6 9 16
6 9 24
6 9 35
6 15 15
6 55 58
6 55 59
6 55 66
6 55 67
6 55 85
6 55 87
6 55 88
6 55 98
6 55 99
6 55 36
6 55 37
6 55 38
6 55 46
6 55 52
6 55 53
6 55 64
6 55 71
6 55 73
6 55 77
6 55 86
6 82 50
6 82 61
6 82 79
6 82 94
6 82 80
6 82 82
6 82 83
6 82 84
6 82 89
6 82 92
6 82 93
6 82 95
6 82 48
6 82 54
6 82 55
6 82 62
6 82 63
6 82 65
6 82 74
6 82 75
6 82 31
6 82 33
6 82 41
7 0 0
7 0 20
7 0 22
7 0 40
7 2 30
7 2 25
7 2 26
7 2 32
7 2 42
7 2 45
7 2 1
7 2 2
7 2 3
7 2 4
7 2 6
7 2 10
7 2 12
7 2 13
7 2 14
7 2 16
7 2 21
7 2 23
7 2 31
7 2 35
7 2 41
7 2 76
7 9 9
7 9 19
7 9 29
7 9 39
7 9 28
7 9 56
7 15 15
7 55 57
7 55 59
7 55 66
7 55 87
7 55 88
7 55 97
7 55 99
7 55 36
7 55 37
7 55 46
7 55 52
7 55 53
7 55 64
7 55 69
7 55 71
7 55 77
7 55 78
7 55 83
7 55 84
7 55 86
7 55 89
7 55 93
7 55 95
7 82 61
7 82 72
7 82 79
7 82 90
7 82 91
7 82 94
7 82 82
7 82 96
7 82 55
7 82 62
7 82 74
7 82 75
7 82 43
8 0 -1
8 2 11
8 2 20
8 2 22
8 2 40
8 2 10
8 2 13
8 2 1
8 2 4
8 2 12
8 2 14
8 2 23
8 2 24
8 2 31
8 2 33
8 2 41
8 2 76
8 2 43
8 9 8
8 9 17
8 9 18
8 9 29
8 9 6
8 9 16
8 15 15
8 55 58
8 55 59
8 55 66
8 55 68
8 55 88
8 55 97
8 55 37
8 55 38
8 55 52
8 55 53
8 55 69
8 55 73
8 55 77
8 55 78
8 55 80
8 55 81
8 55 89
8 55 92
8 55 93
8 55 95
8 55 96
8 55 7
8 55 28
8 55 32
8 55 48
8 55 55
8 55 56
8 82 50
8 82 51
8 82 70
8 82 72
8 82 94
8 82 62
8 82 63
8 82 65
8 82 75
8 82 60
9 0 -1
9 2 22
9 2 10
9 2 13
9 2 2
9 2 31
9 9 8
9 9 9
9 9 19
9 9 39
9 9 6
9 15 15
9 55 57
9 55 59
9 55 67
9 55 68
9 55 85
9 55 87
9 55 97
9 55 98
9 55 36
9 55 37
9 55 46
9 55 77
9 55 80
9 55 84
9 55 86
9 55 92
9 55 96
9 55 7
9 55 25
9 55 27
9 55 28
9 55 45
9 55 47
9 55 55
9 55 74
9 55 75
9 55 1
9 55 23
9 55 24
9 82 61
9 82 70
9 82 72
9 82 79
9 82 91
9 82 44
10 0 -1
10 2 11
10 2 20
10 2 22
10 2 40
10 2 10
10 2 2
10 9 -1
10 15 -1
10 55 58
10 55 66
10 55 87
10 55 88
10 55 98
10 55 52
10 55 53
10 55 83
10 55 86
10 55 92
10 55 96
10 55 7
10 55 34
10 55 47
10 55 54
10 55 55
10 55 56
10 55 74
10 55 75
10 55 1
10 55 14
10 55 5
10 82 51
10 82 61
10 82 72
10 82 79
10 82 90
11 0 20
11 0 10
11 2 -1
11 9 -1
11 15 -1
11 55 49
11 55 69
11 55 65
11 55 14
11 55 31
11 82 51
11 82 90
--- Done ---
