0 54 42
0 54 43
0 54 52
0 54 53
0 82 -1
1 14 13
1 14 14
1 14 24
1 17 4
1 17 6
1 17 7
1 17 8
1 17 18
1 17 19
1 17 25
1 17 26
1 17 46
1 21 2
1 21 10
1 21 21
1 49 39
1 49 49
1 49 58
1 54 42
1 54 43
1 54 44
1 54 52
1 54 53
1 54 65
1 61 60
1 61 62
1 82 63
1 82 83
1 82 93
1 87 66
1 87 67
1 87 87
1 87 88
1 87 89
1 87 95
1 87 96
1 87 98
2 14 3
2 14 5
2 14 11
2 14 13
2 14 26
2 14 34
2 17 4
2 17 7
2 17 8
2 17 9
2 17 18
2 17 28
2 17 29
2 17 36
2 17 37
2 17 38
2 17 46
2 21 10
2 21 12
2 21 20
2 21 21
2 21 22
2 21 32
2 21 45
2 49 47
2 49 48
2 49 57
2 49 69
2 54 43
2 54 54
2 54 55
2 54 64
2 54 75
2 61 42
2 61 50
2 61 51
2 61 52
2 61 53
2 61 60
2 61 61
2 61 73
2 82 63
2 82 71
2 82 74
2 82 93
2 87 66
2 87 76
2 87 77
2 87 87
2 87 88
2 87 89
2 87 96
2 87 97
2 87 99
3 14 1
3 14 3
3 14 4
3 14 5
3 14 15
3 14 24
3 14 26
3 14 34
3 17 16
3 17 17
3 17 18
3 17 25
3 17 36
3 17 38
3 17 46
3 21 0
3 21 2
3 21 10
3 21 11
3 21 20
3 21 21
3 21 22
3 21 23
3 21 30
3 21 32
3 21 45
3 49 27
3 49 47
3 49 49
3 49 56
3 49 58
3 49 59
3 49 68
3 49 69
3 54 43
3 54 53
3 54 54
3 54 55
3 54 66
3 54 73
3 61 42
3 61 51
3 61 52
3 61 60
3 61 61
3 61 62
3 82 71
3 82 74
3 82 80
3 82 84
3 82 91
3 82 92
3 82 93
3 82 94
3 87 67
3 87 76
3 87 77
3 87 79
3 87 85
3 87 87
3 87 95
3 87 97
3 87 98
3 87 99
4 14 5
4 14 11
4 14 13
4 14 14
4 14 23
4 14 24
4 14 33
4 14 34
4 17 4
4 17 6
4 17 7
4 17 8
4 17 9
4 17 16
4 17 17
4 17 18
4 17 19
4 17 25
4 17 26
4 17 36
4 17 38
4 17 46
4 21 0
4 21 2
4 21 12
4 21 20
4 21 21
4 21 22
4 21 30
4 21 31
4 21 32
4 21 41
4 49 39
4 49 47
4 49 48
4 49 49
4 49 56
4 49 58
4 49 59
4 49 68
4 49 69
4 54 42
4 54 43
4 54 53
4 54 65
4 54 75
4 61 50
4 61 51
4 61 52
4 61 60
4 61 61
4 61 62
4 61 70
4 61 81
4 82 63
4 82 71
4 82 72
4 82 74
4 82 80
4 82 83
4 82 90
4 82 91
4 82 92
4 82 93
4 87 67
4 87 77
4 87 79
4 87 85
4 87 86
4 87 88
4 87 95
4 87 96
4 87 99
5 14 1
5 14 5
5 14 13
5 14 14
5 14 15
5 14 26
5 14 34
5 14 35
5 17 6
5 17 7
5 17 8
5 17 9
5 17 16
5 17 17
5 17 25
5 17 36
5 17 46
5 21 0
5 21 2
5 21 10
5 21 11
5 21 12
5 21 20
5 21 22
5 21 30
5 21 31
5 21 32
5 21 33
5 21 40
5 21 41
5 21 45
5 49 19
5 49 27
5 49 28
5 49 37
5 49 38
5 49 39
5 49 48
5 49 49
5 49 56
5 49 57
5 49 58
5 49 59
5 49 69
5 54 43
5 54 44
5 54 54
5 54 55
5 54 64
5 54 65
5 54 75
5 61 42
5 61 50
5 61 52
5 61 53
5 61 60
5 61 71
5 61 72
5 61 73
5 82 63
5 82 74
5 82 80
5 82 81
5 82 82
5 82 83
5 82 84
5 82 90
5 82 91
5 82 93
5 82 94
5 87 66
5 87 67
5 87 76
5 87 77
5 87 78
5 87 79
5 87 85
5 87 87
5 87 96
5 87 98
5 87 99
6 14 1
6 14 4
6 14 11
6 14 13
6 14 14
6 14 24
6 14 26
6 14 34
6 14 35
6 17 6
6 17 7
6 17 8
6 17 15
6 17 16
6 17 17
6 17 18
6 17 25
6 17 27
6 17 29
6 21 0
6 21 21
6 21 30
6 21 41
6 49 19
6 49 28
6 49 38
6 49 48
6 49 58
6 49 59
6 54 22
6 54 32
6 54 33
6 54 36
6 54 37
6 54 42
6 54 43
6 54 44
6 54 46
6 54 52
6 54 53
6 54 54
6 54 55
6 54 56
6 54 64
6 54 65
6 54 66
6 54 73
6 54 75
6 61 31
6 61 50
6 61 60
6 61 61
6 61 62
6 61 71
6 82 63
6 82 74
6 82 80
6 82 82
6 82 83
6 82 84
6 82 92
6 82 93
6 82 94
6 87 67
6 87 76
6 87 77
6 87 78
6 87 79
6 87 85
6 87 86
6 87 87
6 87 88
6 87 89
6 87 95
6 87 98
6 87 99
7 14 1
7 14 3
7 14 13
7 14 14
7 14 35
7 17 4
7 17 6
7 17 9
7 17 15
7 17 16
7 17 25
7 17 26
7 17 28
7 17 29
7 17 36
7 17 46
7 21 0
7 21 2
7 21 10
7 21 12
7 21 20
7 21 21
7 21 23
7 21 30
7 21 40
7 21 41
7 21 45
7 49 19
7 49 37
7 49 39
7 49 57
7 49 59
7 49 69
7 54 22
7 54 32
7 54 42
7 54 43
7 54 52
7 54 55
7 54 56
7 54 64
7 54 66
7 54 75
7 61 31
7 61 53
7 61 61
7 61 62
7 82 71
7 82 72
7 82 74
7 82 82
7 82 83
7 82 84
7 82 90
7 82 91
7 82 93
7 82 94
7 87 76
7 87 77
7 87 78
7 87 79
7 87 86
7 87 87
7 87 88
7 87 89
7 87 95
7 87 96
7 87 97
7 87 99
8 14 1
8 14 4
8 14 13
8 14 14
8 14 15
8 14 24
8 14 33
8 17 6
8 17 7
8 17 8
8 17 16
8 17 17
8 17 18
8 17 28
8 21 10
8 21 11
8 21 12
8 21 20
8 21 23
8 21 31
8 21 32
8 21 40
8 21 41
8 49 29
8 49 38
8 49 48
8 49 56
8 49 58
8 49 59
8 49 68
8 49 69
8 54 22
8 54 37
8 54 43
8 54 52
8 54 53
8 54 55
8 54 65
8 54 66
8 54 73
8 54 75
8 61 50
8 61 51
8 61 60
8 61 62
8 61 70
8 82 63
8 82 72
8 82 80
8 82 81
8 82 92
8 82 93
8 82 94
8 87 76
8 87 77
8 87 78
8 87 88
8 87 89
8 87 95
8 87 96
8 87 97
9 14 1
9 14 13
9 14 24
9 17 6
9 17 7
9 17 8
9 17 9
9 17 15
9 17 19
9 17 25
9 17 27
9 17 28
9 17 36
9 17 37
9 17 46
9 21 2
9 21 10
9 21 22
9 21 23
9 21 31
9 21 45
9 49 39
9 49 47
9 49 57
9 49 59
9 49 68
9 54 44
9 54 55
9 54 75
9 61 61
9 61 70
9 82 72
9 82 74
9 82 80
9 82 84
9 82 91
9 82 92
9 87 67
9 87 77
9 87 79
9 87 85
9 87 86
9 87 87
9 87 96
9 87 97
9 87 98
10 14 1
10 14 5
10 14 11
10 14 14
10 14 34
10 17 7
10 21 2
10 21 10
10 21 20
10 21 40
10 49 47
10 49 58
10 54 22
10 54 52
10 54 53
10 54 54
10 54 55
10 54 56
10 54 66
10 54 75
10 61 51
10 61 61
10 82 72
10 82 74
10 82 83
10 82 90
10 82 92
10 87 79
10 87 86
10 87 87
10 87 88
10 87 96
10 87 98
11 14 14
11 17 -1
11 21 10
11 21 20
11 21 31
11 49 49
11 49 69
11 54 65
11 61 51
11 82 90
11 87 -1
--- Done ---
