0 44 42
0 44 43
0 44 52
0 44 53
0 82 -1
1 17 4
1 17 6
1 17 7
1 17 18
1 17 19
1 17 8
1 17 26
1 23 2
1 23 13
1 23 14
1 23 21
1 30 10
1 30 60
1 35 -1
1 38 39
1 38 49
1 38 58
1 44 43
1 44 52
1 44 66
1 44 53
1 44 63
1 44 24
1 44 42
1 44 44
1 44 25
1 44 46
1 44 65
1 45 -1
1 74 62
1 82 93
1 82 83
1 88 87
1 88 88
1 88 89
1 88 96
1 88 98
1 88 67
1 88 95
2 2 3
2 2 12
2 2 13
2 17 7
2 17 9
2 17 18
2 17 4
2 17 8
2 17 28
2 17 29
2 17 26
2 17 37
2 23 -1
2 30 10
2 30 20
2 30 50
2 30 60
2 30 52
2 30 11
2 30 21
2 30 22
2 30 32
2 35 5
2 38 48
2 38 38
2 38 47
2 44 43
2 44 51
2 44 66
2 44 73
2 44 53
2 44 63
2 44 64
2 44 34
2 44 42
2 44 54
2 44 55
2 44 36
2 44 46
2 45 45
2 74 75
2 74 74
2 82 71
2 82 93
2 82 61
2 88 76
2 88 87
2 88 88
2 88 89
2 88 96
2 88 97
2 88 99
2 88 57
2 88 69
2 88 77
3 2 0
3 2 1
3 2 3
3 2 2
3 2 4
3 2 11
3 2 21
3 2 22
3 2 32
3 17 18
3 17 17
3 23 23
3 30 10
3 30 20
3 30 30
3 30 60
3 30 52
3 30 42
3 35 5
3 38 49
3 38 58
3 38 16
3 38 38
3 38 47
3 38 26
3 38 27
3 38 36
3 38 46
3 44 43
3 44 66
3 45 45
3 45 15
3 45 24
3 45 34
3 45 25
3 74 62
3 74 85
3 74 51
3 74 73
3 74 53
3 74 74
3 74 84
3 74 54
3 74 55
3 74 56
3 82 71
3 82 80
3 82 92
3 82 93
3 82 61
3 82 91
3 82 94
3 88 68
3 88 76
3 88 79
3 88 87
3 88 97
3 88 98
3 88 99
3 88 59
3 88 67
3 88 69
3 88 77
3 88 95
4 2 0
4 2 2
4 2 12
4 2 11
4 2 13
4 2 14
4 2 21
4 17 6
4 17 7
4 17 9
4 17 18
4 17 19
4 17 4
4 17 8
4 17 16
4 17 17
4 23 23
4 30 30
4 30 41
4 30 20
4 35 5
4 38 39
4 38 48
4 38 49
4 38 58
4 38 38
4 38 47
4 38 59
4 38 69
4 38 26
4 44 43
4 44 52
4 44 51
4 44 53
4 44 61
4 44 63
4 44 22
4 44 24
4 44 32
4 44 33
4 44 34
4 44 25
4 44 36
4 44 46
4 44 56
4 44 65
4 45 -1
4 50 70
4 50 50
4 50 60
4 50 31
4 50 42
4 74 62
4 74 75
4 74 85
4 74 74
4 82 80
4 82 81
4 82 90
4 82 92
4 82 93
4 82 71
4 82 83
4 82 91
4 82 72
4 88 68
4 88 79
4 88 88
4 88 96
4 88 99
4 88 67
4 88 77
4 88 95
4 88 86
5 2 0
5 2 1
5 2 2
5 2 12
5 2 13
5 2 14
5 17 6
5 17 7
5 17 9
5 17 19
5 17 17
5 17 15
5 23 -1
5 30 10
5 30 30
5 30 41
5 30 20
5 30 40
5 30 52
5 30 60
5 30 11
5 30 31
5 30 22
5 30 32
5 35 5
5 35 35
5 35 42
5 38 39
5 38 48
5 38 49
5 38 58
5 38 8
5 38 16
5 38 28
5 38 38
5 38 26
5 38 27
5 38 37
5 44 43
5 44 66
5 44 73
5 44 53
5 44 64
5 44 33
5 44 34
5 44 44
5 44 54
5 44 55
5 44 25
5 44 36
5 44 46
5 44 56
5 44 65
5 45 45
5 50 50
5 74 75
5 74 85
5 74 74
5 82 80
5 82 81
5 82 82
5 82 90
5 82 93
5 82 71
5 82 83
5 82 91
5 82 94
5 82 63
5 82 72
5 82 84
5 88 76
5 88 78
5 88 79
5 88 87
5 88 96
5 88 98
5 88 99
5 88 57
5 88 59
5 88 67
5 88 69
5 88 77
6 2 0
6 2 1
6 2 11
6 2 13
6 2 14
6 2 21
6 2 22
6 2 32
6 17 6
6 17 7
6 17 18
6 17 19
6 17 4
6 17 8
6 17 16
6 17 17
6 17 28
6 17 29
6 17 26
6 17 27
6 17 15
6 17 37
6 17 25
6 17 36
6 17 46
6 23 -1
6 30 30
6 30 41
6 30 52
6 35 35
6 38 48
6 38 58
6 38 38
6 44 43
6 44 66
6 44 24
6 44 33
6 44 34
6 44 44
6 45 -1
6 50 50
6 50 60
6 50 31
6 50 42
6 74 62
6 74 75
6 74 85
6 74 73
6 74 53
6 74 64
6 74 74
6 74 55
6 82 80
6 82 82
6 82 92
6 82 93
6 82 71
6 82 83
6 82 94
6 82 61
6 82 63
6 82 84
6 82 54
6 88 76
6 88 78
6 88 79
6 88 87
6 88 88
6 88 89
6 88 98
6 88 99
6 88 59
6 88 67
6 88 77
6 88 95
6 88 86
6 88 56
6 88 65
7 2 0
7 2 1
7 2 3
7 2 2
7 2 4
7 2 12
7 2 13
7 2 14
7 2 21
7 2 22
7 2 32
7 17 6
7 17 9
7 17 19
7 17 16
7 17 28
7 17 29
7 17 26
7 17 15
7 17 37
7 17 25
7 17 36
7 17 46
7 23 23
7 30 10
7 30 30
7 30 41
7 30 20
7 30 40
7 30 52
7 30 31
7 30 42
7 35 35
7 38 39
7 44 43
7 44 66
7 44 53
7 44 64
7 44 55
7 45 45
7 50 -1
7 74 62
7 74 75
7 74 74
7 82 82
7 82 90
7 82 93
7 82 71
7 82 83
7 82 91
7 82 94
7 82 61
7 82 72
7 82 84
7 88 76
7 88 78
7 88 79
7 88 87
7 88 88
7 88 89
7 88 96
7 88 97
7 88 99
7 88 57
7 88 59
7 88 69
7 88 77
7 88 95
7 88 86
7 88 56
8 2 1
8 2 12
8 2 13
8 2 14
8 17 6
8 17 7
8 17 18
8 17 4
8 17 8
8 17 16
8 17 17
8 17 28
8 17 29
8 17 15
8 17 37
8 23 23
8 30 10
8 30 41
8 30 20
8 30 40
8 30 52
8 30 60
8 30 11
8 30 31
8 30 22
8 30 32
8 35 -1
8 38 48
8 38 58
8 38 38
8 44 43
8 44 66
8 44 24
8 44 33
8 44 55
8 45 -1
8 50 70
8 50 50
8 50 51
8 74 62
8 74 75
8 74 73
8 74 53
8 82 80
8 82 81
8 82 92
8 82 93
8 82 94
8 82 63
8 82 72
8 88 68
8 88 76
8 88 78
8 88 88
8 88 89
8 88 96
8 88 97
8 88 59
8 88 69
8 88 77
8 88 95
8 88 56
8 88 65
9 2 1
9 2 2
9 2 13
9 2 22
9 17 6
9 17 7
9 17 9
9 17 19
9 17 8
9 17 28
9 17 27
9 17 15
9 17 37
9 17 25
9 17 36
9 17 46
9 23 23
9 23 24
9 30 10
9 35 -1
9 38 39
9 38 47
9 44 44
9 45 45
9 50 70
9 50 31
9 50 61
9 50 72
9 74 75
9 74 85
9 74 74
9 74 55
9 82 80
9 82 92
9 82 91
9 82 84
9 88 68
9 88 79
9 88 87
9 88 96
9 88 97
9 88 98
9 88 57
9 88 59
9 88 67
9 88 77
9 88 86
10 2 1
10 2 2
10 2 14
10 17 7
10 23 -1
10 30 10
10 30 20
10 30 40
10 30 52
10 30 11
10 30 22
10 35 5
10 35 34
10 38 58
10 38 47
10 44 -1
10 45 66
10 50 -1
10 74 75
10 74 51
10 74 53
10 74 74
10 74 55
10 82 90
10 82 92
10 82 83
10 82 61
10 82 72
10 82 54
10 88 79
10 88 87
10 88 88
10 88 96
10 88 98
10 88 86
10 88 56
11 2 -1
11 17 -1
11 23 14
11 30 10
11 30 20
11 30 31
11 35 -1
11 38 49
11 38 69
11 44 -1
11 45 -1
11 50 51
11 74 65
11 82 90
11 88 -1
--- Done ---
