0 32 42
0 32 43
0 32 52
0 32 53
0 82 -1
1 32 2
1 32 10
1 32 13
1 32 14
1 32 21
1 32 24
1 32 42
1 32 25
1 32 43
1 32 44
1 32 46
1 32 52
1 32 53
1 32 66
1 37 4
1 37 6
1 37 7
1 37 8
1 37 18
1 37 19
1 37 26
1 37 49
1 37 39
1 37 58
1 37 63
1 37 67
1 37 65
1 82 -1
1 92 60
1 92 62
1 92 83
1 92 93
1 97 87
1 97 88
1 97 89
1 97 96
1 97 98
1 97 95
2 9 9
2 32 10
2 32 11
2 32 12
2 32 13
2 32 20
2 32 21
2 32 22
2 32 32
2 32 42
2 32 34
2 32 36
2 32 43
2 32 45
2 32 46
2 32 50
2 32 51
2 32 53
2 32 66
2 37 3
2 37 4
2 37 5
2 37 26
2 37 37
2 37 48
2 37 57
2 37 69
2 37 7
2 37 8
2 37 18
2 37 28
2 37 29
2 37 38
2 37 63
2 37 55
2 37 77
2 37 47
2 82 54
2 82 61
2 82 64
2 82 52
2 82 71
2 82 73
2 82 74
2 82 75
2 82 93
2 82 76
2 92 60
2 97 87
2 97 88
2 97 89
2 97 96
2 97 97
2 97 99
3 9 -1
3 32 0
3 32 1
3 32 2
3 32 10
3 32 11
3 32 20
3 32 21
3 32 22
3 32 24
3 32 30
3 32 32
3 32 42
3 37 3
3 37 4
3 37 5
3 37 26
3 37 27
3 37 15
3 37 23
3 37 25
3 37 34
3 37 36
3 37 45
3 37 46
3 37 66
3 37 69
3 37 16
3 37 17
3 37 18
3 37 38
3 37 49
3 37 55
3 37 56
3 37 58
3 37 59
3 37 67
3 37 68
3 37 77
3 37 47
3 82 43
3 82 51
3 82 52
3 82 53
3 82 54
3 82 61
3 82 62
3 82 71
3 82 73
3 82 74
3 82 80
3 82 91
3 82 93
3 82 94
3 82 95
3 82 76
3 82 84
3 92 60
3 92 92
3 97 79
3 97 85
3 97 87
3 97 97
3 97 98
3 97 99
4 9 9
4 32 0
4 32 2
4 32 11
4 32 12
4 32 13
4 32 14
4 32 20
4 32 21
4 32 22
4 32 24
4 32 30
4 32 31
4 32 32
4 32 41
4 32 42
4 32 23
4 32 25
4 32 34
4 37 4
4 37 5
4 37 26
4 37 48
4 37 69
4 37 6
4 37 7
4 37 8
4 37 16
4 37 17
4 37 18
4 37 19
4 37 36
4 37 46
4 37 33
4 37 38
4 37 49
4 37 56
4 37 58
4 37 59
4 37 63
4 37 67
4 82 61
4 82 43
4 82 50
4 82 51
4 82 52
4 82 53
4 82 62
4 82 71
4 82 72
4 82 74
4 82 75
4 82 80
4 92 60
4 92 70
4 92 81
4 92 83
4 92 90
4 92 91
4 92 92
4 92 93
4 97 79
4 97 85
4 97 86
4 97 88
4 97 96
4 97 99
4 97 68
4 97 77
4 97 39
4 97 47
4 97 65
4 97 95
5 2 2
5 2 31
5 2 41
5 2 6
5 9 9
5 32 30
5 32 40
5 32 42
5 32 0
5 32 1
5 32 10
5 32 11
5 32 12
5 32 13
5 32 14
5 32 20
5 32 22
5 32 25
5 32 32
5 37 26
5 37 27
5 37 37
5 37 48
5 37 57
5 37 69
5 37 5
5 37 7
5 37 8
5 37 16
5 37 17
5 37 19
5 37 28
5 37 34
5 37 35
5 37 36
5 37 44
5 37 45
5 37 46
5 37 66
5 37 15
5 37 38
5 37 49
5 37 56
5 82 54
5 82 64
5 82 50
5 82 52
5 82 53
5 82 43
5 82 55
5 82 63
5 82 33
5 82 71
5 82 72
5 82 73
5 82 74
5 82 75
5 82 80
5 82 81
5 82 82
5 92 60
5 92 83
5 92 90
5 92 91
5 92 93
5 92 94
5 97 78
5 97 79
5 97 85
5 97 87
5 97 96
5 97 98
5 97 99
5 97 58
5 97 59
5 97 67
5 97 77
5 97 39
5 97 65
5 97 76
5 97 84
6 2 -1
6 9 56
6 9 6
6 32 30
6 32 42
6 32 0
6 32 1
6 32 11
6 32 13
6 32 14
6 32 21
6 32 22
6 32 24
6 32 31
6 32 32
6 32 41
6 32 50
6 32 52
6 32 53
6 32 66
6 32 15
6 32 55
6 32 33
6 32 43
6 32 73
6 37 26
6 37 27
6 37 37
6 37 48
6 37 4
6 37 7
6 37 8
6 37 16
6 37 17
6 37 18
6 37 19
6 37 25
6 37 28
6 37 29
6 37 34
6 37 35
6 37 36
6 37 38
6 37 44
6 37 46
6 37 59
6 82 54
6 82 61
6 82 64
6 82 63
6 82 62
6 82 71
6 82 74
6 82 80
6 82 82
6 82 83
6 82 93
6 82 94
6 92 60
6 92 92
6 97 78
6 97 79
6 97 85
6 97 86
6 97 87
6 97 88
6 97 89
6 97 98
6 97 99
6 97 58
6 97 67
6 97 77
6 97 65
6 97 75
6 97 95
6 97 76
6 97 84
7 2 2
7 9 9
7 32 30
7 32 40
7 32 42
7 32 0
7 32 1
7 32 10
7 32 12
7 32 13
7 32 14
7 32 20
7 32 21
7 32 22
7 32 25
7 32 31
7 32 32
7 32 35
7 32 36
7 32 41
7 32 45
7 32 46
7 32 52
7 32 53
7 32 66
7 32 15
7 32 23
7 37 26
7 37 37
7 37 57
7 37 69
7 37 3
7 37 4
7 37 16
7 37 19
7 37 28
7 37 29
7 37 56
7 37 59
7 37 77
7 37 6
7 37 55
7 37 39
7 82 61
7 82 64
7 82 62
7 82 71
7 82 72
7 82 74
7 82 82
7 82 83
7 82 90
7 82 91
7 82 93
7 82 94
7 82 95
7 82 43
7 82 76
7 82 84
7 92 -1
7 97 78
7 97 79
7 97 86
7 97 87
7 97 88
7 97 89
7 97 96
7 97 97
7 97 99
7 97 75
8 2 -1
8 9 -1
8 32 40
8 32 1
8 32 10
8 32 11
8 32 12
8 32 13
8 32 14
8 32 20
8 32 22
8 32 24
8 32 31
8 32 32
8 32 41
8 32 50
8 32 51
8 32 52
8 32 53
8 32 70
8 32 43
8 32 73
8 37 37
8 37 48
8 37 69
8 37 4
8 37 7
8 37 8
8 37 16
8 37 17
8 37 18
8 37 28
8 37 29
8 37 38
8 37 56
8 37 58
8 37 59
8 37 63
8 37 66
8 37 68
8 37 77
8 37 6
8 37 15
8 37 23
8 37 55
8 37 65
8 37 33
8 82 -1
8 92 60
8 92 62
8 92 72
8 92 80
8 92 81
8 92 92
8 92 93
8 92 94
8 92 76
8 97 78
8 97 88
8 97 89
8 97 96
8 97 97
8 97 75
8 97 95
9 2 1
9 2 2
9 2 10
9 2 13
9 2 22
9 2 24
9 2 31
9 2 15
9 2 23
9 9 9
9 9 7
9 9 8
9 9 19
9 9 28
9 9 6
9 32 70
9 37 27
9 37 37
9 37 57
9 37 25
9 37 36
9 37 44
9 37 45
9 37 46
9 37 55
9 82 61
9 82 72
9 82 74
9 82 80
9 82 91
9 92 92
9 97 79
9 97 85
9 97 86
9 97 87
9 97 96
9 97 97
9 97 98
9 97 59
9 97 67
9 97 68
9 97 75
9 97 77
9 97 39
9 97 47
9 97 84
10 2 2
10 2 5
10 9 7
10 9 56
10 32 40
10 32 1
10 32 10
10 32 11
10 32 14
10 32 20
10 32 22
10 32 34
10 32 51
10 32 52
10 32 53
10 32 66
10 32 55
10 37 -1
10 82 54
10 82 61
10 82 72
10 82 74
10 82 83
10 82 90
10 92 92
10 97 79
10 97 86
10 97 87
10 97 88
10 97 96
10 97 98
10 97 58
10 97 75
10 97 47
11 2 10
11 2 14
11 2 20
11 2 31
11 9 -1
11 32 51
11 37 69
11 37 49
11 37 65
11 82 90
11 92 -1
11 97 -1
--- Done ---
