0 51 42
0 82 43
0 82 52
0 82 53
0 82 62
0 82 63
1 13 1
1 13 2
1 13 3
1 13 5
1 13 6
1 13 12
1 13 13
1 13 14
1 13 15
1 13 21
1 13 24
1 13 25
1 13 26
1 13 34
1 13 44
1 13 54
1 38 9
1 38 16
1 38 38
1 38 45
1 38 46
1 51 22
1 51 40
1 51 42
1 51 53
1 51 70
1 82 55
1 82 63
1 82 71
1 82 72
1 82 75
1 82 82
1 82 91
1 82 93
1 82 95
1 88 57
1 88 66
1 88 79
1 88 85
1 88 87
1 88 89
1 88 98
1 88 99
2 13 0
2 13 2
2 13 3
2 13 12
2 13 14
2 13 15
2 13 24
2 13 31
2 13 35
2 13 36
2 13 60
2 38 7
2 38 8
2 38 9
2 38 16
2 38 17
2 38 27
2 38 39
2 38 46
2 38 48
2 38 49
2 38 57
2 38 59
2 38 65
2 38 68
2 51 70
2 51 83
2 82 33
2 82 52
2 82 55
2 82 73
2 82 76
2 82 80
2 82 82
2 82 90
2 82 91
2 82 93
2 88 56
2 88 58
2 88 66
2 88 67
2 88 79
2 88 85
2 88 86
2 88 87
2 88 96
3 13 1
3 13 2
3 13 3
3 13 6
3 13 10
3 13 14
3 13 21
3 13 23
3 13 25
3 13 26
3 13 34
3 13 44
3 38 19
3 38 29
3 38 37
3 38 46
3 38 57
3 38 58
3 51 42
3 51 60
3 51 70
3 51 72
3 82 43
3 82 50
3 82 52
3 82 54
3 82 55
3 82 61
3 82 63
3 82 73
3 82 74
3 82 75
3 82 82
3 82 83
3 82 90
3 82 91
3 82 92
3 88 56
3 88 65
3 88 78
3 88 85
3 88 86
3 88 88
3 88 97
3 88 98
3 88 99
4 13 1
4 13 3
4 13 4
4 13 10
4 13 12
4 13 14
4 13 21
4 13 24
4 13 34
4 13 35
4 13 44
4 13 52
4 13 54
4 38 8
4 38 9
4 38 16
4 38 17
4 38 27
4 38 28
4 38 29
4 38 37
4 38 38
4 38 45
4 38 47
4 38 58
4 51 30
4 51 32
4 51 40
4 51 60
4 82 43
4 82 50
4 82 53
4 82 55
4 82 61
4 82 62
4 82 71
4 82 74
4 82 75
4 82 76
4 82 90
4 82 92
4 82 93
4 82 94
4 88 56
4 88 67
4 88 77
4 88 85
4 88 86
4 88 87
4 88 89
4 88 97
5 13 0
5 13 3
5 13 4
5 13 11
5 13 12
5 13 13
5 13 20
5 13 21
5 13 23
5 13 24
5 13 25
5 13 34
5 13 41
5 13 44
5 13 53
5 38 16
5 38 17
5 38 26
5 38 29
5 38 39
5 38 46
5 38 47
5 38 58
5 38 65
5 38 68
5 51 31
5 51 50
5 51 71
5 82 54
5 82 55
5 82 61
5 82 62
5 82 63
5 82 73
5 82 75
5 82 76
5 82 83
5 82 90
5 82 91
5 82 92
5 82 93
5 82 94
5 88 66
5 88 67
5 88 77
5 88 87
5 88 88
5 88 89
5 88 98
5 88 99
6 13 6
6 13 12
6 13 15
6 13 21
6 13 22
6 13 31
6 13 34
6 13 35
6 13 44
6 13 54
6 13 60
6 38 7
6 38 17
6 38 26
6 38 29
6 38 46
6 38 48
6 38 49
6 51 11
6 51 41
6 51 42
6 51 51
6 51 70
6 82 53
6 82 55
6 82 61
6 82 63
6 82 64
6 82 71
6 82 72
6 82 73
6 82 74
6 82 75
6 82 76
6 82 80
6 82 92
6 88 65
6 88 66
6 88 68
6 88 85
6 88 86
6 88 87
6 88 96
6 88 97
6 88 98
7 13 3
7 13 12
7 13 22
7 13 23
7 13 24
7 13 32
7 13 34
7 13 35
7 13 41
7 38 7
7 38 26
7 38 36
7 38 38
7 38 45
7 38 48
7 38 49
7 38 57
7 38 58
7 38 59
7 51 31
7 51 40
7 51 52
7 51 60
7 82 33
7 82 55
7 82 61
7 82 64
7 82 72
7 82 73
7 82 74
7 82 75
7 82 76
7 82 83
7 82 84
7 82 94
7 88 66
7 88 78
7 88 79
7 88 88
7 88 89
7 88 96
7 88 98
7 88 99
8 13 1
8 13 2
8 13 3
8 13 10
8 13 12
8 13 20
8 13 21
8 13 24
8 13 32
8 13 35
8 13 44
8 13 53
8 13 54
8 13 60
8 38 7
8 38 8
8 38 29
8 38 38
8 38 45
8 38 46
8 38 58
8 38 59
8 51 22
8 51 30
8 51 42
8 51 70
8 51 73
8 82 43
8 82 55
8 82 62
8 82 80
8 82 81
8 82 83
8 82 91
8 82 92
8 82 94
8 88 66
8 88 67
8 88 76
8 88 79
8 88 86
8 88 88
8 88 97
8 88 99
9 13 1
9 13 3
9 13 4
9 13 6
9 13 11
9 13 15
9 13 21
9 13 31
9 13 32
9 13 37
9 13 41
9 13 54
9 38 26
9 38 27
9 38 28
9 38 38
9 38 45
9 38 46
9 38 57
9 38 58
9 38 65
9 38 68
9 51 30
9 82 43
9 82 50
9 82 55
9 82 62
9 82 64
9 82 75
9 82 76
9 82 81
9 82 82
9 82 83
9 82 90
9 82 94
9 82 95
9 88 56
9 88 59
9 88 67
9 88 77
9 88 85
9 88 86
--- Done ---
