0 76 42
0 82 43
0 82 52
0 82 53
1 13 2
1 13 10
1 13 13
1 13 14
1 13 21
1 13 24
1 13 60
1 13 43
1 13 52
1 37 7
1 37 8
1 37 18
1 37 19
1 37 39
1 37 49
1 37 58
1 37 4
1 37 6
1 37 25
1 37 26
1 37 44
1 37 46
1 37 63
1 37 65
1 37 66
1 37 67
1 76 42
1 76 87
1 76 88
1 76 89
1 76 96
1 76 98
1 76 62
1 76 83
1 76 93
1 76 95
1 76 53
1 82 -1
2 13 10
2 13 11
2 13 12
2 13 13
2 13 20
2 13 21
2 13 22
2 13 32
2 13 60
2 13 3
2 13 4
2 13 26
2 13 34
2 13 43
2 13 52
2 13 5
2 13 36
2 19 9
2 19 7
2 19 8
2 19 18
2 19 28
2 19 29
2 19 38
2 19 48
2 37 45
2 37 37
2 37 77
2 76 42
2 76 47
2 76 64
2 76 71
2 76 74
2 76 75
2 76 87
2 76 88
2 76 89
2 76 93
2 76 96
2 76 97
2 76 46
2 76 53
2 76 54
2 76 57
2 76 66
2 76 69
2 79 99
2 82 50
2 82 51
2 82 61
2 82 73
2 82 55
2 82 63
2 82 76
3 13 0
3 13 60
3 13 1
3 13 2
3 13 3
3 13 4
3 13 10
3 13 11
3 13 20
3 13 21
3 13 22
3 13 24
3 13 25
3 13 26
3 13 32
3 13 5
3 13 15
3 13 23
3 13 34
3 13 43
3 13 52
3 13 17
3 13 36
3 19 -1
3 31 30
3 31 42
3 31 51
3 31 61
3 31 71
3 31 93
3 31 53
3 31 54
3 37 45
3 37 16
3 37 18
3 37 27
3 37 38
3 37 47
3 37 49
3 37 55
3 37 56
3 37 58
3 37 46
3 37 59
3 37 66
3 37 67
3 37 68
3 37 69
3 37 77
3 76 85
3 76 76
3 79 99
3 79 79
3 79 87
3 79 97
3 79 98
3 82 73
3 82 80
3 82 91
3 82 92
3 82 62
3 82 74
3 82 84
3 82 94
3 82 95
4 13 0
4 13 14
4 13 60
4 13 2
4 13 4
4 13 6
4 13 11
4 13 12
4 13 13
4 13 20
4 13 21
4 13 22
4 13 24
4 13 25
4 13 26
4 13 32
4 13 41
4 13 5
4 13 23
4 13 34
4 13 33
4 19 9
4 19 7
4 19 8
4 19 16
4 19 18
4 19 19
4 19 38
4 19 39
4 19 48
4 19 49
4 19 59
4 19 17
4 19 36
4 31 30
4 31 70
4 31 31
4 31 42
4 31 50
4 31 51
4 31 61
4 31 93
4 31 53
4 31 96
4 37 -1
4 76 85
4 76 47
4 76 56
4 76 65
4 79 99
4 79 58
4 79 79
4 79 86
4 79 88
4 79 46
4 79 67
4 79 68
4 79 69
4 79 95
4 79 77
4 82 72
4 82 80
4 82 81
4 82 90
4 82 91
4 82 92
4 82 62
4 82 63
4 82 74
4 82 75
4 82 83
4 82 43
4 82 52
4 82 71
5 13 0
5 13 14
5 13 60
5 13 1
5 13 2
5 13 6
5 13 10
5 13 11
5 13 12
5 13 13
5 13 20
5 13 22
5 13 25
5 13 26
5 13 32
5 13 35
5 13 41
5 13 44
5 13 5
5 13 15
5 13 34
5 13 43
5 19 9
5 19 7
5 19 8
5 19 16
5 19 19
5 19 27
5 19 28
5 19 38
5 19 39
5 19 48
5 19 49
5 19 17
5 19 36
5 19 59
5 31 30
5 31 40
5 31 31
5 31 42
5 31 50
5 31 53
5 31 54
5 31 71
5 31 93
5 31 96
5 37 45
5 37 37
5 76 85
5 76 56
5 76 65
5 76 78
5 76 87
5 76 98
5 76 76
5 76 46
5 76 57
5 76 66
5 76 67
5 76 69
5 76 77
5 79 99
5 79 58
5 79 79
5 82 72
5 82 73
5 82 80
5 82 81
5 82 90
5 82 91
5 82 55
5 82 63
5 82 64
5 82 74
5 82 75
5 82 82
5 82 83
5 82 84
5 82 94
5 82 52
5 82 33
6 13 0
6 13 14
6 13 60
6 13 1
6 13 4
6 13 6
6 13 11
6 13 13
6 13 21
6 13 22
6 13 24
6 13 25
6 13 26
6 13 32
6 13 35
6 13 41
6 13 44
6 13 15
6 13 34
6 13 43
6 13 52
6 19 7
6 19 8
6 19 16
6 19 18
6 19 19
6 19 27
6 19 28
6 19 29
6 19 38
6 19 48
6 19 17
6 19 36
6 19 59
6 31 30
6 31 31
6 31 42
6 37 37
6 76 85
6 76 56
6 76 65
6 76 78
6 76 86
6 76 87
6 76 88
6 76 89
6 76 98
6 76 46
6 76 66
6 76 67
6 76 76
6 76 77
6 79 99
6 79 58
6 79 79
6 82 73
6 82 80
6 82 92
6 82 50
6 82 55
6 82 61
6 82 62
6 82 63
6 82 64
6 82 74
6 82 75
6 82 82
6 82 83
6 82 84
6 82 94
6 82 33
6 82 53
6 82 54
6 82 71
6 82 93
6 82 95
7 13 0
7 13 14
7 13 1
7 13 2
7 13 3
7 13 4
7 13 6
7 13 10
7 13 12
7 13 13
7 13 20
7 13 21
7 13 22
7 13 25
7 13 26
7 13 32
7 13 35
7 13 41
7 13 15
7 13 23
7 13 43
7 13 52
7 13 36
7 13 53
7 19 9
7 19 16
7 19 19
7 19 28
7 19 29
7 19 39
7 31 30
7 31 40
7 31 31
7 31 42
7 37 45
7 37 56
7 37 37
7 76 76
7 79 99
7 79 78
7 79 79
7 79 86
7 79 87
7 79 88
7 79 89
7 79 97
7 79 46
7 79 57
7 79 59
7 79 66
7 79 69
7 79 77
7 79 95
7 79 96
7 82 72
7 82 90
7 82 91
7 82 55
7 82 61
7 82 62
7 82 64
7 82 74
7 82 75
7 82 82
7 82 83
7 82 84
7 82 94
7 82 71
7 82 93
8 13 14
8 13 60
8 13 4
8 13 6
8 13 10
8 13 11
8 13 12
8 13 13
8 13 20
8 13 22
8 13 24
8 13 32
8 13 41
8 13 15
8 13 23
8 13 43
8 13 52
8 13 17
8 13 33
8 13 53
8 19 7
8 19 8
8 19 16
8 19 18
8 19 28
8 19 29
8 19 38
8 19 48
8 19 59
8 31 40
8 31 70
8 31 1
8 31 31
8 37 37
8 76 56
8 76 65
8 76 76
8 79 58
8 79 78
8 79 88
8 79 89
8 79 97
8 79 66
8 79 68
8 79 69
8 79 77
8 79 96
8 82 72
8 82 73
8 82 80
8 82 81
8 82 92
8 82 50
8 82 51
8 82 55
8 82 62
8 82 63
8 82 75
8 82 94
8 82 93
8 82 95
9 13 13
9 19 9
9 19 7
9 19 8
9 19 19
9 19 27
9 19 28
9 19 39
9 19 15
9 19 59
9 19 36
9 31 70
9 31 1
9 31 2
9 31 10
9 31 22
9 31 24
9 31 31
9 31 61
9 31 23
9 37 45
9 37 6
9 37 25
9 37 44
9 37 47
9 37 55
9 37 37
9 76 85
9 76 86
9 76 87
9 76 97
9 76 98
9 76 46
9 76 57
9 76 67
9 76 68
9 76 77
9 76 96
9 79 79
9 82 72
9 82 80
9 82 91
9 82 92
9 82 74
9 82 75
9 82 84
10 13 14
10 19 7
10 31 40
10 31 1
10 31 2
10 31 10
10 31 11
10 31 20
10 31 22
10 31 51
10 31 61
10 31 34
10 31 52
10 31 96
10 31 53
10 31 54
10 37 47
10 37 56
10 37 58
10 37 5
10 76 -1
10 79 79
10 79 86
10 79 87
10 79 88
10 79 98
10 79 66
10 82 72
10 82 90
10 82 92
10 82 55
10 82 74
10 82 75
10 82 83
11 13 14
11 13 10
11 13 20
11 19 -1
11 31 31
11 37 49
11 37 65
11 37 69
11 76 -1
11 79 -1
11 82 90
11 82 51
--- Done ---
