0 82 42
0 82 43
0 82 52
0 82 53
1 53 2
1 53 4
1 53 6
1 53 7
1 53 8
1 53 10
1 53 13
1 53 14
1 53 19
1 53 21
1 53 24
1 53 25
1 53 26
1 53 42
1 53 43
1 53 44
1 53 46
1 53 49
1 53 52
1 53 53
1 53 58
1 53 62
1 53 65
1 53 66
1 53 67
1 53 88
1 82 18
1 82 39
1 82 60
1 82 63
1 82 83
1 82 87
1 82 89
1 82 93
1 82 95
1 82 96
1 82 98
2 13 3
2 13 4
2 13 11
2 13 12
2 13 13
2 13 22
2 13 34
2 17 7
2 17 8
2 28 5
2 28 9
2 28 18
2 28 28
2 28 29
2 30 10
2 30 20
2 30 21
2 30 32
2 30 50
2 30 60
2 37 26
2 37 36
2 37 37
2 37 38
2 37 45
2 37 46
2 37 47
2 37 48
2 37 57
2 37 69
2 53 42
2 53 43
2 53 51
2 53 52
2 53 53
2 53 54
2 53 55
2 53 64
2 53 73
2 53 75
2 82 61
2 82 63
2 82 71
2 82 74
2 82 93
2 87 66
2 87 76
2 87 77
2 87 87
2 87 88
2 87 89
2 87 96
2 87 97
2 87 99
3 7 4
3 13 1
3 13 2
3 13 3
3 13 24
3 13 34
3 15 5
3 15 15
3 15 25
3 17 16
3 17 17
3 18 18
3 20 0
3 20 10
3 20 11
3 20 20
3 22 22
3 22 23
3 22 32
3 27 26
3 27 27
3 28 59
3 30 21
3 30 30
3 37 36
3 37 38
3 37 45
3 37 46
3 37 47
3 37 49
3 41 42
3 41 51
3 41 60
3 53 43
3 53 52
3 53 53
3 53 54
3 62 62
3 67 56
3 67 58
3 67 66
3 67 67
3 67 69
3 71 61
3 71 71
3 74 55
3 74 73
3 74 74
3 74 84
3 74 85
3 74 94
3 76 76
3 76 95
3 77 68
3 77 77
3 82 80
3 82 91
3 82 92
3 82 93
3 87 87
3 87 97
3 88 79
3 88 98
3 88 99
4 7 4
4 7 6
4 7 7
4 13 2
4 13 13
4 13 24
4 13 34
4 15 5
4 15 14
4 15 25
4 17 16
4 17 17
4 18 8
4 18 9
4 18 18
4 19 19
4 20 0
4 20 11
4 20 20
4 22 12
4 22 22
4 22 23
4 22 32
4 22 33
4 27 26
4 27 48
4 28 39
4 28 59
4 30 21
4 30 30
4 30 31
4 37 36
4 37 38
4 37 46
4 37 47
4 37 49
4 41 41
4 41 42
4 41 51
4 41 60
4 53 43
4 53 52
4 53 53
4 62 62
4 62 63
4 67 56
4 67 58
4 67 67
4 67 69
4 71 50
4 71 61
4 71 70
4 71 71
4 74 65
4 74 74
4 74 85
4 76 75
4 76 86
4 76 95
4 77 68
4 77 77
4 82 72
4 82 80
4 82 81
4 82 83
4 82 90
4 82 91
4 82 92
4 82 93
4 87 96
4 88 79
4 88 88
4 88 99
5 7 6
5 7 7
5 13 1
5 13 2
5 13 13
5 13 34
5 15 5
5 15 14
5 15 15
5 15 25
5 17 16
5 17 17
5 18 8
5 18 9
5 19 19
5 20 0
5 20 10
5 20 11
5 20 20
5 22 12
5 22 22
5 22 32
5 22 33
5 27 26
5 27 27
5 27 48
5 28 28
5 28 39
5 28 59
5 30 30
5 30 31
5 37 35
5 37 36
5 37 37
5 37 38
5 37 45
5 37 46
5 37 49
5 41 40
5 41 41
5 41 42
5 41 60
5 53 43
5 53 44
5 53 52
5 53 53
5 53 54
5 62 63
5 67 56
5 67 57
5 67 58
5 67 66
5 67 67
5 67 69
5 71 50
5 71 71
5 74 55
5 74 64
5 74 65
5 74 73
5 74 74
5 74 84
5 74 85
5 74 94
5 76 75
5 76 76
5 77 77
5 82 72
5 82 80
5 82 81
5 82 82
5 82 83
5 82 90
5 82 91
5 82 93
5 87 87
5 87 96
5 88 78
5 88 79
5 88 98
5 88 99
6 7 4
6 7 6
6 7 7
6 13 1
6 13 13
6 13 24
6 13 34
6 15 14
6 15 15
6 15 25
6 17 16
6 17 17
6 18 8
6 18 18
6 19 19
6 20 0
6 20 11
6 22 22
6 22 32
6 22 33
6 27 26
6 27 27
6 27 48
6 28 28
6 28 29
6 28 59
6 30 21
6 30 30
6 30 31
6 37 35
6 37 36
6 37 37
6 37 38
6 37 46
6 41 41
6 41 42
6 41 60
6 53 43
6 53 44
6 53 52
6 53 53
6 53 54
6 62 62
6 62 63
6 67 56
6 67 58
6 67 66
6 67 67
6 71 50
6 71 61
6 71 71
6 74 55
6 74 64
6 74 65
6 74 73
6 74 74
6 74 84
6 74 85
6 74 94
6 76 75
6 76 76
6 76 86
6 76 95
6 77 77
6 82 80
6 82 82
6 82 83
6 82 92
6 82 93
6 87 87
6 88 78
6 88 79
6 88 88
6 88 89
6 88 98
6 88 99
7 7 4
7 7 6
7 13 1
7 13 2
7 13 3
7 13 13
7 15 14
7 15 15
7 15 25
7 17 16
7 18 9
7 19 19
7 20 0
7 20 10
7 20 20
7 22 12
7 22 22
7 22 23
7 22 32
7 27 26
7 28 28
7 28 29
7 28 39
7 28 59
7 30 21
7 30 30
7 30 31
7 37 35
7 37 36
7 37 37
7 37 45
7 37 46
7 41 40
7 41 41
7 41 42
7 53 43
7 53 52
7 53 53
7 62 62
7 67 56
7 67 57
7 67 66
7 67 69
7 71 61
7 71 71
7 74 55
7 74 64
7 74 74
7 74 84
7 74 94
7 76 75
7 76 76
7 76 86
7 76 95
7 77 77
7 82 72
7 82 82
7 82 83
7 82 90
7 82 91
7 82 93
7 87 87
7 87 96
7 87 97
7 88 78
7 88 79
7 88 88
7 88 89
7 88 99
8 7 4
8 7 6
8 7 7
8 13 1
8 13 13
8 13 24
8 15 14
8 15 15
8 17 16
8 17 17
8 18 8
8 18 18
8 20 10
8 20 11
8 20 20
8 22 12
8 22 22
8 22 23
8 22 32
8 22 33
8 27 48
8 28 28
8 28 29
8 28 59
8 30 31
8 37 37
8 37 38
8 41 40
8 41 41
8 41 51
8 41 60
8 53 43
8 53 52
8 53 53
8 62 62
8 62 63
8 67 56
8 67 58
8 67 66
8 67 69
8 71 50
8 71 70
8 74 55
8 74 65
8 74 73
8 74 94
8 76 75
8 76 76
8 76 95
8 77 68
8 77 77
8 82 72
8 82 80
8 82 81
8 82 92
8 82 93
8 87 96
8 87 97
8 88 78
8 88 88
8 88 89
9 7 6
9 7 7
9 13 1
9 13 2
9 13 13
9 13 24
9 15 15
9 15 25
9 18 8
9 18 9
9 19 19
9 20 10
9 22 22
9 22 23
9 27 27
9 28 28
9 28 39
9 28 59
9 30 31
9 37 36
9 37 37
9 37 45
9 37 46
9 37 47
9 53 44
9 67 57
9 67 67
9 71 61
9 71 70
9 74 55
9 74 74
9 74 84
9 74 85
9 76 75
9 76 86
9 77 68
9 77 77
9 82 72
9 82 80
9 82 91
9 82 92
9 87 87
9 87 96
9 87 97
9 88 79
9 88 98
10 7 7
10 13 1
10 13 2
10 13 34
10 15 5
10 15 14
10 20 10
10 20 11
10 20 20
10 22 22
10 37 47
10 41 40
10 41 51
10 53 52
10 53 53
10 53 54
10 67 56
10 67 58
10 67 66
10 71 61
10 74 55
10 74 74
10 76 75
10 76 86
10 82 72
10 82 83
10 82 90
10 82 92
10 87 87
10 87 96
10 88 79
10 88 88
10 88 98
11 15 14
11 20 10
11 20 20
11 30 31
11 37 49
11 41 51
11 67 69
11 74 65
11 82 90
--- Done ---
