0 70 42
0 82 43
0 82 52
0 82 53
0 82 62
0 82 63
1 70 1
1 70 2
1 70 3
1 70 12
1 70 13
1 70 14
1 70 21
1 70 22
1 70 40
1 70 42
1 70 70
1 70 71
1 82 5
1 82 6
1 82 9
1 82 15
1 82 16
1 82 24
1 82 25
1 82 26
1 82 34
1 82 38
1 82 44
1 82 45
1 82 46
1 82 53
1 82 54
1 82 55
1 82 57
1 82 63
1 82 66
1 82 72
1 82 75
1 82 79
1 82 82
1 82 85
1 82 87
1 82 89
1 82 91
1 82 93
1 82 95
1 82 98
1 82 99
2 70 0
2 70 2
2 70 3
2 70 12
2 70 14
2 70 31
2 70 33
2 70 52
2 70 60
2 70 70
2 70 80
2 70 90
2 82 7
2 82 8
2 82 9
2 82 15
2 82 16
2 82 17
2 82 24
2 82 27
2 82 35
2 82 36
2 82 39
2 82 46
2 82 48
2 82 49
2 82 55
2 82 56
2 82 57
2 82 58
2 82 59
2 82 65
2 82 66
2 82 67
2 82 68
2 82 73
2 82 76
2 82 79
2 82 82
2 82 83
2 82 85
2 82 86
2 82 87
2 82 91
2 82 93
2 82 96
3 70 1
3 70 2
3 70 3
3 70 10
3 70 14
3 70 21
3 70 23
3 70 42
3 70 50
3 70 52
3 70 60
3 70 61
3 70 70
3 70 90
3 82 6
3 82 19
3 82 25
3 82 26
3 82 29
3 82 34
3 82 37
3 82 43
3 82 44
3 82 46
3 82 54
3 82 55
3 82 56
3 82 57
3 82 58
3 82 63
3 82 65
3 82 72
3 82 73
3 82 74
3 82 75
3 82 78
3 82 82
3 82 83
3 82 85
3 82 86
3 82 88
3 82 91
3 82 92
3 82 97
3 82 98
3 82 99
4 70 1
4 70 3
4 70 4
4 70 10
4 70 12
4 70 14
4 70 21
4 70 30
4 70 32
4 70 40
4 70 50
4 70 52
4 70 60
4 70 61
4 70 71
4 70 90
4 82 8
4 82 9
4 82 16
4 82 17
4 82 24
4 82 27
4 82 28
4 82 29
4 82 34
4 82 35
4 82 37
4 82 38
4 82 43
4 82 44
4 82 45
4 82 47
4 82 53
4 82 54
4 82 55
4 82 56
4 82 58
4 82 62
4 82 67
4 82 74
4 82 75
4 82 76
4 82 77
4 82 85
4 82 86
4 82 87
4 82 89
4 82 92
4 82 93
4 82 94
4 82 97
5 70 0
5 70 3
5 70 4
5 70 11
5 70 12
5 70 13
5 70 20
5 70 21
5 70 23
5 70 31
5 70 41
5 70 50
5 70 61
5 70 71
5 70 90
5 82 16
5 82 17
5 82 24
5 82 25
5 82 26
5 82 29
5 82 34
5 82 39
5 82 44
5 82 46
5 82 47
5 82 53
5 82 54
5 82 55
5 82 58
5 82 62
5 82 63
5 82 65
5 82 66
5 82 67
5 82 68
5 82 73
5 82 75
5 82 76
5 82 77
5 82 83
5 82 87
5 82 88
5 82 89
5 82 91
5 82 92
5 82 93
5 82 94
5 82 98
5 82 99
6 70 11
6 70 12
6 70 21
6 70 22
6 70 31
6 70 41
6 70 42
6 70 51
6 70 60
6 70 61
6 70 70
6 70 71
6 70 80
6 82 6
6 82 7
6 82 15
6 82 17
6 82 26
6 82 29
6 82 34
6 82 35
6 82 44
6 82 46
6 82 48
6 82 49
6 82 53
6 82 54
6 82 55
6 82 63
6 82 64
6 82 65
6 82 66
6 82 68
6 82 72
6 82 73
6 82 74
6 82 75
6 82 76
6 82 85
6 82 86
6 82 87
6 82 92
6 82 96
6 82 97
6 82 98
7 70 3
7 70 12
7 70 22
7 70 23
7 70 31
7 70 32
7 70 33
7 70 40
7 70 41
7 70 52
7 70 60
7 70 61
7 82 7
7 82 24
7 82 26
7 82 34
7 82 35
7 82 36
7 82 38
7 82 45
7 82 48
7 82 49
7 82 55
7 82 57
7 82 58
7 82 59
7 82 64
7 82 66
7 82 72
7 82 73
7 82 74
7 82 75
7 82 76
7 82 78
7 82 79
7 82 83
7 82 84
7 82 88
7 82 89
7 82 94
7 82 96
7 82 98
7 82 99
8 70 1
8 70 2
8 70 3
8 70 10
8 70 12
8 70 20
8 70 21
8 70 22
8 70 30
8 70 32
8 70 42
8 70 60
8 70 70
8 70 80
8 82 7
8 82 8
8 82 24
8 82 29
8 82 35
8 82 38
8 82 43
8 82 44
8 82 45
8 82 46
8 82 53
8 82 54
8 82 55
8 82 58
8 82 59
8 82 62
8 82 66
8 82 67
8 82 73
8 82 76
8 82 79
8 82 81
8 82 83
8 82 86
8 82 88
8 82 91
8 82 92
8 82 94
8 82 97
8 82 99
9 70 1
9 70 3
9 70 4
9 70 11
9 70 21
9 70 30
9 70 31
9 70 32
9 70 41
9 70 50
9 70 90
9 82 6
9 82 15
9 82 26
9 82 27
9 82 28
9 82 37
9 82 38
9 82 43
9 82 45
9 82 46
9 82 54
9 82 55
9 82 56
9 82 57
9 82 58
9 82 59
9 82 62
9 82 64
9 82 65
9 82 67
9 82 68
9 82 75
9 82 76
9 82 77
9 82 81
9 82 82
9 82 83
9 82 85
9 82 86
9 82 94
9 82 95
--- Done ---
