0 32 42
0 82 43
0 82 52
0 82 53
0 82 62
0 82 63
1 13 1
1 13 2
1 13 3
1 13 5
1 13 6
1 13 12
1 13 13
1 13 15
1 13 22
1 13 24
1 13 25
1 13 26
1 13 34
1 13 44
1 13 54
1 32 14
1 32 21
1 32 40
1 32 42
1 32 45
1 32 46
1 32 70
1 38 9
1 38 16
1 38 38
1 38 57
1 82 53
1 82 55
1 82 63
1 82 71
1 82 72
1 82 75
1 82 82
1 82 91
1 82 93
1 82 95
1 88 66
1 88 79
1 88 85
1 88 87
1 88 89
1 88 98
1 88 99
2 13 2
2 13 3
2 13 12
2 13 15
2 13 17
2 13 24
2 13 31
2 13 33
2 13 35
2 13 36
2 13 60
2 32 0
2 32 14
2 32 66
2 32 70
2 32 73
2 38 7
2 38 8
2 38 9
2 38 16
2 38 27
2 38 39
2 38 46
2 38 48
2 38 49
2 38 57
2 38 58
2 38 65
2 82 52
2 82 55
2 82 76
2 82 80
2 82 82
2 82 83
2 82 90
2 82 91
2 82 93
2 88 56
2 88 59
2 88 67
2 88 68
2 88 79
2 88 85
2 88 86
2 88 87
2 88 96
3 16 2
3 16 6
3 16 14
3 16 23
3 16 26
3 37 3
3 37 19
3 37 25
3 37 29
3 37 37
3 37 44
3 37 55
3 37 56
3 37 57
3 37 58
3 37 63
3 37 65
3 41 1
3 41 10
3 41 21
3 41 34
3 41 42
3 41 50
3 41 60
3 41 70
3 82 43
3 82 52
3 82 54
3 82 61
3 82 72
3 82 73
3 82 74
3 82 75
3 82 82
3 82 83
3 82 90
3 82 91
3 82 92
3 87 46
3 87 78
3 87 85
3 87 86
3 87 88
3 87 97
3 87 98
3 87 99
4 16 4
4 16 8
4 16 9
4 16 12
4 16 14
4 16 16
4 16 24
4 16 27
4 16 28
4 16 29
4 16 34
4 16 35
4 37 3
4 37 17
4 37 37
4 37 38
4 37 44
4 37 45
4 37 47
4 37 55
4 37 58
4 41 1
4 41 10
4 41 21
4 41 30
4 41 32
4 41 40
4 41 50
4 41 52
4 41 53
4 41 60
4 82 43
4 82 61
4 82 62
4 82 71
4 82 74
4 82 75
4 82 76
4 82 90
4 82 92
4 82 93
4 82 94
4 87 54
4 87 56
4 87 67
4 87 77
4 87 85
4 87 86
4 87 87
4 87 89
4 87 97
5 32 0
5 32 11
5 32 12
5 32 13
5 32 20
5 32 21
5 32 23
5 32 24
5 32 31
5 32 34
5 32 41
5 32 44
5 32 46
5 32 66
5 37 3
5 37 4
5 37 16
5 37 17
5 37 25
5 37 26
5 37 29
5 37 39
5 37 58
5 37 63
5 37 67
5 77 47
5 77 65
5 77 68
5 77 77
5 77 87
5 77 88
5 77 89
5 77 98
5 77 99
5 82 50
5 82 53
5 82 54
5 82 55
5 82 61
5 82 62
5 82 71
5 82 73
5 82 75
5 82 76
5 82 83
5 82 90
5 82 91
5 82 92
5 82 93
5 82 94
6 22 22
6 22 42
6 22 51
6 22 60
6 32 11
6 32 12
6 32 15
6 32 21
6 32 31
6 32 34
6 32 35
6 32 41
6 32 44
6 32 46
6 32 70
6 32 73
6 36 6
6 36 7
6 36 26
6 36 29
6 36 48
6 36 49
6 77 17
6 77 54
6 77 65
6 77 66
6 77 68
6 77 76
6 77 85
6 77 86
6 77 87
6 77 96
6 77 97
6 77 98
6 82 53
6 82 55
6 82 61
6 82 63
6 82 64
6 82 71
6 82 72
6 82 74
6 82 75
6 82 80
6 82 92
7 22 3
7 22 12
7 22 22
7 22 23
7 22 31
7 22 32
7 22 40
7 22 41
7 22 45
7 22 60
7 36 7
7 36 24
7 36 26
7 36 34
7 36 35
7 36 36
7 36 38
7 36 48
7 36 49
7 36 57
7 36 58
7 36 59
7 36 78
7 79 66
7 79 79
7 79 88
7 79 89
7 79 96
7 79 98
7 79 99
7 82 33
7 82 52
7 82 55
7 82 61
7 82 64
7 82 72
7 82 73
7 82 74
7 82 75
7 82 76
7 82 83
7 82 84
7 82 94
8 22 1
8 22 2
8 22 12
8 22 20
8 22 21
8 22 22
8 22 30
8 22 54
8 22 60
8 37 3
8 37 7
8 37 8
8 37 29
8 37 35
8 37 38
8 37 44
8 37 45
8 37 46
8 37 55
8 37 58
8 37 59
8 37 66
8 37 67
8 41 10
8 41 24
8 41 32
8 41 42
8 41 62
8 41 70
8 79 79
8 79 86
8 79 88
8 79 97
8 79 99
8 82 43
8 82 53
8 82 73
8 82 76
8 82 80
8 82 81
8 82 83
8 82 91
8 82 92
8 82 94
9 37 3
9 37 4
9 37 6
9 37 15
9 37 26
9 37 27
9 37 28
9 37 37
9 37 38
9 37 45
9 37 46
9 37 57
9 37 59
9 37 67
9 37 68
9 37 77
9 41 1
9 41 11
9 41 21
9 41 30
9 41 31
9 41 32
9 41 41
9 41 50
9 66 56
9 66 58
9 66 62
9 66 65
9 66 85
9 66 86
9 82 43
9 82 54
9 82 55
9 82 64
9 82 75
9 82 76
9 82 81
9 82 82
9 82 83
9 82 90
9 82 94
9 82 95
--- Done ---
