0 82 53
0 85 42
0 85 43
0 85 52
1 23 2
1 23 10
1 23 42
1 23 62
1 23 67
1 23 87
1 23 52
1 23 53
1 23 58
1 23 63
1 23 65
1 23 83
1 23 43
1 23 44
1 27 6
1 27 7
1 27 8
1 27 18
1 27 19
1 27 39
1 27 46
1 27 49
1 27 4
1 27 13
1 27 21
1 27 24
1 27 25
1 27 26
1 27 66
1 27 14
1 82 60
1 82 89
1 82 93
1 82 95
1 82 96
1 85 88
1 85 98
2 23 3
2 23 10
2 23 12
2 23 20
2 23 51
2 23 50
2 23 52
2 23 63
2 27 7
2 27 8
2 27 9
2 27 18
2 27 28
2 27 38
2 27 46
2 27 4
2 27 5
2 27 11
2 27 13
2 27 21
2 27 26
2 27 29
2 27 34
2 27 48
2 27 37
2 27 45
2 27 76
2 27 77
2 27 43
2 27 53
2 27 54
2 82 60
2 82 89
2 82 96
2 85 69
2 85 88
2 85 97
2 85 99
2 85 22
2 85 32
2 85 42
2 85 47
2 85 55
2 85 57
2 85 61
2 85 64
2 85 66
2 85 71
2 85 73
2 85 74
2 85 75
2 85 87
2 85 93
2 85 36
3 23 0
3 23 1
3 23 2
3 23 3
3 23 10
3 23 20
3 23 23
3 23 30
3 23 4
3 23 5
3 23 11
3 23 15
3 23 16
3 23 17
3 23 21
3 23 22
3 23 24
3 23 25
3 23 26
3 23 32
3 23 34
3 23 51
3 23 56
3 23 59
3 23 67
3 27 18
3 27 27
3 27 38
3 27 46
3 27 49
3 27 58
3 82 60
3 82 92
3 82 62
3 82 71
3 82 73
3 82 74
3 82 79
3 82 80
3 82 84
3 82 91
3 82 93
3 82 94
3 82 95
3 82 43
3 82 53
3 82 54
3 82 76
3 82 77
3 85 68
3 85 69
3 85 85
3 85 97
3 85 98
3 85 99
3 85 42
3 85 47
3 85 55
3 85 61
3 85 66
3 85 87
3 85 36
3 85 45
3 85 52
4 23 0
4 23 2
4 23 12
4 23 20
4 23 23
4 23 30
4 23 31
4 23 41
4 23 51
4 23 59
4 23 62
4 23 70
4 23 14
4 23 58
4 23 33
4 23 43
4 23 50
4 23 83
4 27 6
4 27 7
4 27 8
4 27 9
4 27 18
4 27 19
4 27 38
4 27 39
4 27 46
4 27 49
4 27 4
4 27 5
4 27 11
4 27 13
4 27 16
4 27 17
4 27 21
4 27 24
4 27 25
4 27 26
4 27 34
4 27 47
4 27 48
4 27 36
4 82 60
4 82 72
4 82 81
4 82 92
4 82 80
4 82 86
4 82 90
4 82 91
4 82 93
4 82 95
4 82 96
4 82 77
4 82 52
4 82 53
4 82 63
4 82 65
4 85 68
4 85 69
4 85 85
4 85 88
4 85 99
4 85 22
4 85 32
4 85 42
4 85 56
4 85 61
4 85 67
4 85 71
4 85 74
4 85 75
4 85 79
5 23 0
5 23 1
5 23 2
5 23 10
5 23 12
5 23 20
5 23 30
5 23 40
5 23 5
5 23 11
5 23 13
5 23 15
5 23 16
5 23 17
5 23 22
5 23 25
5 23 26
5 23 31
5 23 32
5 23 34
5 23 35
5 23 41
5 27 6
5 27 7
5 27 8
5 27 9
5 27 19
5 27 27
5 27 28
5 27 38
5 27 39
5 27 46
5 27 33
5 27 48
5 27 49
5 27 53
5 27 59
5 27 37
5 27 43
5 27 44
5 27 54
5 27 58
5 82 60
5 82 72
5 82 81
5 82 71
5 82 75
5 82 80
5 82 82
5 82 83
5 82 84
5 82 90
5 82 91
5 82 93
5 82 94
5 82 65
5 82 74
5 82 76
5 82 79
5 82 96
5 85 42
5 85 14
5 85 36
5 85 45
5 85 50
5 85 52
5 85 55
5 85 56
5 85 63
5 85 64
5 85 67
5 85 69
5 85 73
5 89 78
5 89 85
5 89 87
5 89 98
5 89 99
5 89 57
5 89 66
5 89 77
6 23 0
6 23 1
6 23 30
6 23 22
6 23 31
6 23 32
6 23 41
6 23 42
6 23 62
6 23 14
6 23 36
6 23 59
6 23 37
6 23 52
6 23 54
6 23 63
6 23 83
6 23 56
6 23 65
6 27 6
6 27 7
6 27 8
6 27 18
6 27 19
6 27 27
6 27 28
6 27 38
6 27 46
6 27 4
6 27 11
6 27 13
6 27 15
6 27 16
6 27 17
6 27 21
6 27 24
6 27 25
6 27 26
6 27 29
6 27 34
6 27 35
6 27 33
6 82 60
6 82 92
6 82 48
6 82 55
6 82 61
6 82 64
6 82 71
6 82 73
6 82 75
6 82 80
6 82 82
6 82 84
6 82 93
6 82 94
6 82 95
6 82 53
6 82 43
6 82 44
6 82 50
6 85 85
6 89 78
6 89 88
6 89 89
6 89 98
6 89 99
6 89 66
6 89 74
6 89 76
6 89 77
6 89 79
6 89 86
6 89 58
6 89 67
6 89 87
7 23 0
7 23 1
7 23 2
7 23 3
7 23 10
7 23 12
7 23 20
7 23 23
7 23 30
7 23 40
7 23 4
7 23 13
7 23 15
7 23 16
7 23 21
7 23 22
7 23 25
7 23 26
7 23 29
7 23 31
7 23 32
7 27 6
7 27 9
7 27 19
7 27 28
7 27 39
7 27 46
7 27 35
7 27 14
7 27 36
7 27 45
7 27 53
7 27 59
7 82 72
7 82 41
7 82 62
7 82 52
7 82 55
7 82 61
7 82 64
7 82 71
7 82 75
7 82 82
7 82 83
7 82 84
7 82 90
7 82 91
7 82 93
7 82 94
7 82 95
7 82 43
7 82 74
7 82 79
7 82 86
7 82 96
7 82 76
7 82 77
7 85 42
7 85 56
7 85 69
7 85 78
7 85 87
7 85 88
7 85 97
7 85 99
7 85 37
7 85 57
7 85 66
7 89 89
8 23 1
8 23 10
8 23 12
8 23 20
8 23 23
8 23 40
8 23 22
8 23 31
8 23 32
8 23 41
8 23 51
8 23 62
8 23 70
8 23 50
8 23 52
8 23 56
8 23 63
8 23 58
8 23 65
8 27 6
8 27 7
8 27 8
8 27 18
8 27 28
8 27 38
8 27 4
8 27 11
8 27 13
8 27 15
8 27 16
8 27 17
8 27 24
8 27 29
8 27 48
8 27 14
8 27 33
8 27 53
8 27 59
8 27 66
8 27 37
8 27 43
8 27 76
8 27 77
8 82 60
8 82 72
8 82 81
8 82 92
8 82 55
8 82 73
8 82 75
8 82 80
8 82 93
8 82 94
8 82 95
8 82 96
8 85 -1
8 89 68
8 89 69
8 89 78
8 89 88
8 89 89
8 89 97
9 23 1
9 23 2
9 23 10
9 23 23
9 23 22
9 23 31
9 23 70
9 23 67
9 23 87
9 27 6
9 27 7
9 27 8
9 27 9
9 27 19
9 27 27
9 27 28
9 27 39
9 27 46
9 27 13
9 27 15
9 27 24
9 27 25
9 27 47
9 27 36
9 27 45
9 27 57
9 27 59
9 27 37
9 27 44
9 27 77
9 82 72
9 82 92
9 82 55
9 82 61
9 82 75
9 82 80
9 82 84
9 82 91
9 82 74
9 82 79
9 82 86
9 82 96
9 85 85
9 85 97
9 85 98
9 89 68
10 23 1
10 23 2
10 23 10
10 23 20
10 23 40
10 23 5
10 23 11
10 23 22
10 23 34
10 23 51
10 23 14
10 23 52
10 23 53
10 23 56
10 23 83
10 23 87
10 23 54
10 23 58
10 27 7
10 27 47
10 82 72
10 82 92
10 82 55
10 82 61
10 82 75
10 82 90
10 82 74
10 82 79
10 82 86
10 82 96
10 85 -1
10 89 88
10 89 98
10 89 66
11 23 10
11 23 20
11 23 31
11 23 51
11 23 14
11 23 65
11 27 49
11 82 90
11 85 -1
11 89 69
--- Done ---
