0 53 34
0 53 35
0 53 44
0 53 45
0 53 46
0 53 55
0 53 56
1 3 1
1 3 3
1 3 6
1 3 9
1 3 10
1 3 12
1 3 13
1 3 14
1 3 15
1 3 17
1 3 20
1 3 22
1 3 23
1 3 27
1 3 28
1 3 29
1 3 30
1 3 33
1 3 40
1 3 42
1 3 45
1 3 47
1 3 58
1 3 60
1 3 63
1 3 64
1 3 67
1 3 71
1 3 79
1 3 88
1 3 93
1 3 95
1 53 21
1 53 48
1 53 66
1 53 68
1 53 76
1 53 77
1 53 85
1 53 87
1 53 90
2 3 1
2 3 2
2 3 4
2 3 8
2 3 13
2 3 14
2 3 15
2 3 16
2 3 18
2 3 21
2 3 22
2 3 24
2 3 29
2 3 32
2 3 34
2 3 40
2 3 41
2 3 44
2 3 49
2 3 55
2 3 58
2 3 63
2 3 65
2 3 71
2 3 73
2 3 75
2 3 82
2 53 17
2 53 26
2 53 31
2 53 39
2 53 46
2 53 53
2 53 61
2 53 68
2 53 81
2 53 83
2 53 86
2 53 88
2 53 89
2 53 96
3 53 0
3 53 2
3 53 7
3 53 10
3 53 13
3 53 16
3 53 25
3 53 26
3 53 27
3 53 28
3 53 32
3 53 33
3 53 36
3 53 37
3 53 39
3 53 46
3 53 57
3 53 59
3 53 61
3 53 62
3 53 63
3 53 64
3 53 65
3 53 66
3 53 68
3 53 69
3 53 71
3 53 72
3 53 76
3 53 77
3 53 78
3 53 82
3 53 84
3 53 94
3 53 95
3 53 97
3 93 20
3 93 98
4 53 5
4 53 6
4 53 7
4 53 8
4 53 11
4 53 13
4 53 18
4 53 24
4 53 26
4 53 28
4 53 29
4 53 32
4 53 33
4 53 34
4 53 35
4 53 36
4 53 37
4 53 38
4 53 39
4 53 40
4 53 41
4 53 42
4 53 43
4 53 45
4 53 46
4 53 47
4 53 53
4 53 54
4 53 55
4 53 56
4 53 57
4 53 60
4 53 63
4 53 67
4 53 73
4 53 75
4 53 77
4 53 78
4 53 80
4 53 81
4 53 94
4 53 95
4 53 97
4 93 20
4 93 93
5 3 3
5 3 4
5 3 11
5 3 13
5 3 14
5 3 15
5 3 16
5 3 18
5 3 27
5 3 32
5 3 34
5 3 35
5 3 39
5 3 41
5 3 42
5 3 43
5 3 44
5 3 46
5 3 48
5 3 52
5 3 55
5 3 56
5 3 63
5 3 64
5 3 79
5 3 88
5 3 93
5 3 96
5 53 5
5 53 10
5 53 23
5 53 29
5 53 36
5 53 45
5 53 60
5 53 65
5 53 67
5 53 68
5 53 81
5 53 82
5 53 85
5 53 87
5 53 90
5 53 92
5 53 94
6 3 3
6 3 8
6 3 9
6 3 10
6 3 11
6 3 13
6 3 20
6 3 21
6 3 22
6 3 23
6 3 28
6 3 31
6 3 32
6 3 37
6 3 43
6 3 44
6 3 45
6 3 46
6 3 47
6 3 51
6 3 52
6 3 54
6 3 61
6 3 63
6 3 67
6 3 70
6 3 78
6 3 82
6 3 93
6 53 25
6 53 40
6 53 42
6 53 55
6 53 56
6 53 62
6 53 72
6 53 73
6 53 75
6 53 76
6 53 77
6 53 81
6 53 83
6 53 85
6 53 87
6 53 89
6 53 94
6 53 97
7 3 4
7 3 6
7 3 8
7 3 19
7 3 21
7 3 22
7 3 24
7 3 25
7 3 26
7 3 28
7 3 29
7 3 32
7 3 33
7 3 41
7 3 43
7 3 45
7 3 47
7 3 50
7 3 51
7 3 57
7 3 59
7 3 63
7 3 66
7 3 67
7 3 74
7 3 75
7 3 79
7 3 93
7 3 99
7 53 7
7 53 9
7 53 38
7 53 42
7 53 53
7 53 54
7 53 68
7 53 69
7 53 76
7 53 78
7 53 80
7 53 86
7 53 91
7 53 92
7 53 97
8 53 2
8 53 3
8 53 4
8 53 5
8 53 8
8 53 11
8 53 12
8 53 13
8 53 15
8 53 17
8 53 22
8 53 25
8 53 27
8 53 29
8 53 33
8 53 34
8 53 38
8 53 39
8 53 40
8 53 41
8 53 48
8 53 49
8 53 50
8 53 51
8 53 53
8 53 55
8 53 57
8 53 58
8 53 59
8 53 62
8 53 66
8 53 68
8 53 71
8 53 72
8 53 73
8 53 78
8 53 81
8 53 82
8 53 83
8 53 84
8 53 86
8 53 89
8 53 92
8 53 93
8 53 95
8 53 96
8 94 20
8 94 79
8 94 94
8 94 98
9 53 4
9 53 5
9 53 7
9 53 11
9 53 13
9 53 14
9 53 15
9 53 17
9 53 18
9 53 21
9 53 22
9 53 28
9 53 30
9 53 33
9 53 34
9 53 36
9 53 37
9 53 41
9 53 44
9 53 45
9 53 46
9 53 49
9 53 53
9 53 54
9 53 56
9 53 57
9 53 62
9 53 63
9 53 70
9 53 72
9 53 73
9 53 75
9 53 80
9 53 83
9 53 84
9 53 86
9 53 90
9 53 91
9 53 93
9 53 96
9 53 99
9 94 20
--- Done ---
