0 53 34
0 53 35
0 53 44
0 53 45
0 53 46
0 53 55
0 53 56
1 36 1
1 36 6
1 36 12
1 36 17
1 36 20
1 36 21
1 36 23
1 36 27
1 36 28
1 36 29
1 36 33
1 36 47
1 36 48
1 36 77
1 36 79
1 53 3
1 53 9
1 53 10
1 53 13
1 53 14
1 53 15
1 53 22
1 53 30
1 53 40
1 53 42
1 53 45
1 53 58
1 53 60
1 53 63
1 53 64
1 53 66
1 53 67
1 53 68
1 53 71
1 53 76
1 53 85
1 53 87
1 53 88
1 53 90
1 53 93
1 53 95
2 36 1
2 36 8
2 36 14
2 36 15
2 36 16
2 36 17
2 36 21
2 36 24
2 36 26
2 36 29
2 36 39
2 36 44
2 36 49
2 36 58
2 36 63
2 36 71
2 36 82
2 36 84
2 36 96
2 53 2
2 53 4
2 53 13
2 53 18
2 53 22
2 53 31
2 53 32
2 53 34
2 53 40
2 53 41
2 53 46
2 53 53
2 53 55
2 53 61
2 53 65
2 53 68
2 53 73
2 53 75
2 53 81
2 53 83
2 53 86
2 53 88
2 53 89
3 46 13
3 46 20
3 46 25
3 46 27
3 46 28
3 46 37
3 46 39
3 46 46
3 46 59
3 46 62
3 46 72
3 46 77
3 46 78
3 46 98
3 53 0
3 53 2
3 53 7
3 53 10
3 53 16
3 53 26
3 53 32
3 53 33
3 53 36
3 53 48
3 53 57
3 53 61
3 53 63
3 53 64
3 53 65
3 53 66
3 53 68
3 53 69
3 53 71
3 53 76
3 53 82
3 53 84
3 53 94
3 53 95
3 53 97
4 46 7
4 46 18
4 46 20
4 46 28
4 46 34
4 46 35
4 46 36
4 46 37
4 46 39
4 46 42
4 46 45
4 46 46
4 46 78
4 53 5
4 53 6
4 53 11
4 53 13
4 53 24
4 53 26
4 53 29
4 53 32
4 53 33
4 53 40
4 53 41
4 53 43
4 53 47
4 53 48
4 53 53
4 53 56
4 53 57
4 53 60
4 53 63
4 53 67
4 53 73
4 53 75
4 53 77
4 53 80
4 53 81
4 53 82
4 53 93
4 53 94
4 53 97
4 54 8
4 54 38
4 54 54
4 54 55
4 54 95
5 53 3
5 53 4
5 53 5
5 53 10
5 53 11
5 53 13
5 53 14
5 53 15
5 53 16
5 53 18
5 53 23
5 53 29
5 53 32
5 53 34
5 53 35
5 53 36
5 53 41
5 53 42
5 53 43
5 53 44
5 53 45
5 53 46
5 53 48
5 53 52
5 53 55
5 53 56
5 53 60
5 53 63
5 53 64
5 53 65
5 53 67
5 53 68
5 53 81
5 53 82
5 53 85
5 53 87
5 53 88
5 53 90
5 53 93
5 53 94
5 54 27
5 54 39
5 54 79
5 54 92
5 54 96
6 33 8
6 33 20
6 33 78
6 53 3
6 53 9
6 53 10
6 53 11
6 53 13
6 53 21
6 53 22
6 53 23
6 53 25
6 53 28
6 53 31
6 53 32
6 53 37
6 53 40
6 53 42
6 53 43
6 53 44
6 53 45
6 53 46
6 53 47
6 53 51
6 53 52
6 53 54
6 53 55
6 53 56
6 53 61
6 53 62
6 53 63
6 53 67
6 53 70
6 53 72
6 53 73
6 53 75
6 53 76
6 53 77
6 53 81
6 53 82
6 53 83
6 53 85
6 53 87
6 53 89
6 53 93
6 53 94
6 53 97
7 33 8
7 33 33
7 33 78
7 33 79
7 33 92
7 35 38
7 35 59
7 53 4
7 53 6
7 53 7
7 53 9
7 53 19
7 53 21
7 53 22
7 53 24
7 53 25
7 53 26
7 53 28
7 53 29
7 53 32
7 53 41
7 53 42
7 53 43
7 53 45
7 53 47
7 53 50
7 53 51
7 53 53
7 53 54
7 53 57
7 53 63
7 53 66
7 53 67
7 53 68
7 53 69
7 53 74
7 53 75
7 53 76
7 53 80
7 53 86
7 53 91
7 53 93
7 53 97
7 53 99
8 35 8
8 35 20
8 35 27
8 35 38
8 35 39
8 35 59
8 35 62
8 35 92
8 35 98
8 46 49
8 46 78
8 46 79
8 46 96
8 53 2
8 53 3
8 53 4
8 53 5
8 53 11
8 53 12
8 53 13
8 53 15
8 53 17
8 53 22
8 53 25
8 53 29
8 53 33
8 53 34
8 53 40
8 53 41
8 53 48
8 53 50
8 53 51
8 53 53
8 53 55
8 53 57
8 53 58
8 53 66
8 53 68
8 53 71
8 53 72
8 53 73
8 53 81
8 53 82
8 53 83
8 53 84
8 53 86
8 53 89
8 53 93
8 53 94
8 53 95
9 46 20
9 46 41
9 46 46
9 46 49
9 46 96
9 53 4
9 53 5
9 53 7
9 53 11
9 53 13
9 53 14
9 53 15
9 53 17
9 53 18
9 53 21
9 53 22
9 53 28
9 53 30
9 53 33
9 53 34
9 53 36
9 53 37
9 53 44
9 53 45
9 53 51
9 53 53
9 53 54
9 53 56
9 53 57
9 53 62
9 53 63
9 53 64
9 53 67
9 53 70
9 53 72
9 53 73
9 53 74
9 53 75
9 53 80
9 53 83
9 53 84
9 53 86
9 53 90
9 53 91
9 53 93
9 53 99
--- Done ---
