0 53 34
0 53 35
0 53 44
0 53 45
0 53 46
0 53 55
0 53 56
1 36 1
1 36 3
1 36 12
1 36 13
1 36 20
1 36 21
1 36 23
1 36 27
1 36 42
1 36 45
1 36 47
1 36 68
1 36 79
1 53 6
1 53 9
1 53 10
1 53 14
1 53 15
1 53 17
1 53 22
1 53 28
1 53 29
1 53 30
1 53 33
1 53 40
1 53 48
1 53 58
1 53 60
1 53 63
1 53 64
1 53 66
1 53 67
1 53 71
1 53 76
1 53 77
1 53 85
1 53 87
1 53 88
1 53 90
1 53 93
1 53 95
2 36 1
2 36 8
2 36 13
2 36 14
2 36 17
2 36 18
2 36 21
2 36 29
2 36 32
2 36 39
2 36 44
2 36 49
2 36 55
2 36 61
2 36 65
2 36 83
2 36 96
2 53 2
2 53 4
2 53 15
2 53 16
2 53 22
2 53 24
2 53 26
2 53 31
2 53 34
2 53 40
2 53 41
2 53 46
2 53 53
2 53 58
2 53 63
2 53 68
2 53 71
2 53 73
2 53 75
2 53 81
2 53 82
2 53 84
2 53 86
2 53 88
2 53 89
3 36 7
3 36 13
3 36 20
3 36 27
3 36 36
3 36 39
3 36 59
3 36 61
3 36 62
3 36 68
3 36 72
3 36 82
3 36 97
3 53 0
3 53 2
3 53 10
3 53 16
3 53 26
3 53 32
3 53 33
3 53 37
3 53 46
3 53 48
3 53 57
3 53 64
3 53 66
3 53 69
3 53 71
3 53 76
3 53 77
3 53 84
3 53 94
3 53 95
3 63 25
3 63 28
3 63 63
3 63 65
3 63 78
3 63 98
4 36 6
4 36 8
4 36 13
4 36 20
4 36 24
4 36 28
4 36 35
4 36 36
4 36 38
4 36 39
4 36 47
4 36 48
4 36 78
4 36 82
4 53 5
4 53 7
4 53 11
4 53 18
4 53 29
4 53 32
4 53 33
4 53 37
4 53 40
4 53 41
4 53 42
4 53 43
4 53 45
4 53 53
4 53 54
4 53 55
4 53 56
4 53 57
4 53 60
4 53 73
4 53 75
4 53 77
4 53 80
4 53 81
4 53 93
4 53 94
4 53 95
4 53 97
4 63 26
4 63 34
4 63 46
4 63 63
4 63 67
5 36 5
5 36 16
5 36 27
5 36 36
5 36 42
5 36 45
5 36 56
5 53 3
5 53 4
5 53 11
5 53 13
5 53 14
5 53 15
5 53 18
5 53 29
5 53 32
5 53 35
5 53 44
5 53 48
5 53 52
5 53 55
5 53 60
5 53 64
5 53 65
5 53 67
5 53 68
5 53 81
5 53 82
5 53 85
5 53 87
5 53 88
5 53 90
5 53 93
5 53 94
5 63 10
5 63 23
5 63 34
5 63 39
5 63 41
5 63 43
5 63 46
5 63 63
5 63 79
5 63 92
5 63 96
6 36 8
6 36 28
6 36 32
6 36 44
6 36 47
6 36 72
6 36 78
6 53 3
6 53 9
6 53 10
6 53 11
6 53 13
6 53 21
6 53 22
6 53 23
6 53 25
6 53 31
6 53 37
6 53 42
6 53 43
6 53 45
6 53 46
6 53 52
6 53 54
6 53 55
6 53 56
6 53 61
6 53 62
6 53 67
6 53 70
6 53 73
6 53 75
6 53 77
6 53 81
6 53 82
6 53 83
6 53 85
6 53 87
6 53 89
6 53 93
6 53 94
6 53 97
6 63 20
6 63 40
6 63 51
6 63 63
6 63 76
7 36 6
7 36 8
7 36 9
7 36 19
7 36 21
7 36 24
7 36 29
7 36 32
7 36 33
7 36 50
7 36 57
7 36 59
7 36 76
7 36 79
7 53 4
7 53 7
7 53 25
7 53 26
7 53 28
7 53 42
7 53 43
7 53 45
7 53 47
7 53 51
7 53 53
7 53 54
7 53 66
7 53 67
7 53 69
7 53 74
7 53 75
7 53 86
7 53 91
7 53 93
7 53 97
7 53 99
7 63 22
7 63 38
7 63 41
7 63 63
7 63 68
7 63 78
7 63 80
7 63 92
8 36 8
8 36 20
8 36 25
8 36 27
8 36 29
8 36 49
8 36 57
8 36 59
8 36 79
8 36 84
8 53 2
8 53 3
8 53 4
8 53 5
8 53 11
8 53 12
8 53 13
8 53 15
8 53 17
8 53 33
8 53 34
8 53 40
8 53 41
8 53 48
8 53 50
8 53 53
8 53 55
8 53 58
8 53 62
8 53 66
8 53 68
8 53 71
8 53 72
8 53 73
8 53 81
8 53 82
8 53 83
8 53 86
8 53 89
8 53 93
8 53 94
8 53 95
8 63 22
8 63 38
8 63 39
8 63 51
8 63 78
8 63 92
8 63 96
8 63 98
9 36 5
9 36 13
9 36 14
9 36 15
9 36 17
9 36 18
9 36 20
9 36 21
9 36 33
9 36 34
9 36 36
9 36 37
9 36 45
9 36 49
9 36 54
9 36 56
9 36 70
9 36 72
9 36 73
9 36 74
9 36 96
9 53 7
9 53 11
9 53 22
9 53 28
9 53 30
9 53 44
9 53 46
9 53 51
9 53 53
9 53 62
9 53 64
9 53 67
9 53 75
9 53 80
9 53 83
9 53 84
9 53 86
9 53 90
9 53 91
9 53 93
9 53 99
9 63 4
9 63 41
9 63 57
9 63 63
--- Done ---
