0 48 46
0 53 34
0 53 35
0 53 44
0 53 45
0 66 55
0 66 56
1 48 6
1 48 9
1 48 15
1 48 17
1 48 27
1 48 28
1 48 29
1 48 47
1 48 48
1 48 58
1 48 68
1 48 79
1 53 1
1 53 3
1 53 10
1 53 12
1 53 13
1 53 14
1 53 20
1 53 21
1 53 22
1 53 23
1 53 30
1 53 33
1 53 40
1 53 42
1 53 45
1 53 60
1 53 63
1 53 64
1 53 71
1 53 90
1 53 93
1 66 66
1 66 67
1 66 76
1 66 77
1 66 85
1 66 87
1 66 88
1 66 95
2 48 8
2 48 15
2 48 16
2 48 17
2 48 18
2 48 26
2 48 29
2 48 39
2 48 46
2 48 49
2 48 58
2 48 68
2 53 1
2 53 2
2 53 4
2 53 13
2 53 14
2 53 21
2 53 22
2 53 24
2 53 31
2 53 32
2 53 34
2 53 40
2 53 41
2 53 44
2 53 53
2 53 61
2 53 63
2 53 71
2 53 73
2 53 81
2 53 82
2 53 83
2 66 55
2 66 65
2 66 75
2 66 84
2 66 86
2 66 88
2 66 89
2 66 96
3 48 7
3 48 16
3 48 25
3 48 26
3 48 27
3 48 28
3 48 36
3 48 37
3 48 39
3 48 46
3 48 48
3 48 57
3 48 59
3 48 68
3 48 69
3 53 0
3 53 2
3 53 10
3 53 13
3 53 20
3 53 32
3 53 33
3 53 61
3 53 62
3 53 63
3 53 64
3 53 71
3 53 72
3 53 82
3 66 65
3 66 66
3 66 76
3 66 77
3 66 78
3 66 84
3 66 94
3 66 95
3 66 97
3 66 98
4 48 5
4 48 6
4 48 7
4 48 8
4 48 18
4 48 26
4 48 28
4 48 29
4 48 36
4 48 37
4 48 38
4 48 39
4 48 46
4 48 47
4 48 48
4 48 57
4 53 11
4 53 13
4 53 20
4 53 24
4 53 32
4 53 33
4 53 34
4 53 35
4 53 40
4 53 41
4 53 42
4 53 43
4 53 45
4 53 53
4 53 54
4 53 60
4 53 63
4 53 73
4 53 80
4 53 81
4 53 82
4 53 93
4 66 55
4 66 56
4 66 67
4 66 75
4 66 77
4 66 78
4 66 94
4 66 95
4 66 97
5 48 5
5 48 15
5 48 16
5 48 18
5 48 27
5 48 29
5 48 36
5 48 39
5 48 46
5 48 48
5 48 68
5 48 79
5 53 3
5 53 4
5 53 10
5 53 11
5 53 13
5 53 14
5 53 23
5 53 32
5 53 34
5 53 35
5 53 41
5 53 42
5 53 43
5 53 44
5 53 45
5 53 52
5 53 60
5 53 63
5 53 64
5 53 81
5 53 82
5 53 90
5 53 92
5 53 93
5 66 55
5 66 56
5 66 65
5 66 67
5 66 85
5 66 87
5 66 88
5 66 94
5 66 96
6 48 8
6 48 9
6 48 25
6 48 28
6 48 37
6 48 46
6 48 47
6 53 3
6 53 10
6 53 11
6 53 13
6 53 20
6 53 21
6 53 22
6 53 23
6 53 31
6 53 32
6 53 40
6 53 42
6 53 43
6 53 44
6 53 45
6 53 51
6 53 52
6 53 54
6 53 61
6 53 62
6 53 63
6 53 70
6 53 72
6 53 73
6 53 81
6 53 82
6 53 83
6 53 93
6 66 55
6 66 56
6 66 67
6 66 75
6 66 76
6 66 77
6 66 78
6 66 85
6 66 87
6 66 89
6 66 94
6 66 97
7 48 6
7 48 7
7 48 8
7 48 9
7 48 19
7 48 25
7 48 26
7 48 28
7 48 29
7 48 38
7 48 47
7 48 57
7 48 59
7 48 68
7 48 69
7 48 79
7 53 4
7 53 21
7 53 22
7 53 24
7 53 32
7 53 33
7 53 41
7 53 42
7 53 43
7 53 45
7 53 50
7 53 51
7 53 53
7 53 54
7 53 63
7 53 74
7 53 80
7 53 91
7 53 92
7 53 93
7 66 66
7 66 67
7 66 75
7 66 76
7 66 78
7 66 86
7 66 97
7 66 99
8 48 5
8 48 8
8 48 15
8 48 17
8 48 25
8 48 27
8 48 29
8 48 38
8 48 39
8 48 48
8 48 49
8 48 57
8 48 58
8 48 59
8 48 68
8 48 79
8 53 2
8 53 3
8 53 4
8 53 11
8 53 12
8 53 13
8 53 20
8 53 22
8 53 33
8 53 34
8 53 40
8 53 41
8 53 50
8 53 51
8 53 53
8 53 62
8 53 71
8 53 72
8 53 73
8 53 81
8 53 82
8 53 83
8 53 92
8 53 93
8 66 55
8 66 66
8 66 78
8 66 84
8 66 86
8 66 89
8 66 94
8 66 95
8 66 96
8 66 98
9 48 5
9 48 7
9 48 15
9 48 17
9 48 18
9 48 28
9 48 36
9 48 37
9 48 46
9 48 49
9 48 57
9 53 4
9 53 11
9 53 13
9 53 14
9 53 20
9 53 21
9 53 22
9 53 30
9 53 33
9 53 34
9 53 41
9 53 44
9 53 45
9 53 51
9 53 53
9 53 54
9 53 62
9 53 63
9 53 64
9 53 70
9 53 72
9 53 73
9 53 74
9 53 80
9 53 83
9 53 90
9 53 91
9 53 93
9 66 56
9 66 67
9 66 75
9 66 84
9 66 86
9 66 96
9 66 99
--- Done ---
