0 53 35
0 53 46
0 53 55
0 57 34
0 57 44
0 57 45
0 57 56
1 22 1
1 22 3
1 22 6
1 22 20
1 22 21
1 22 22
1 22 33
1 22 40
1 22 42
1 22 45
1 22 60
1 53 10
1 53 12
1 53 13
1 53 14
1 53 15
1 53 23
1 53 30
1 53 47
1 53 63
1 53 64
1 53 66
1 53 67
1 53 71
1 53 76
1 53 77
1 53 90
1 53 93
1 53 95
1 57 9
1 57 17
1 57 27
1 57 28
1 57 29
1 57 48
1 57 58
1 57 68
1 57 79
1 57 85
1 57 87
1 57 88
2 22 1
2 22 15
2 22 16
2 22 21
2 22 22
2 22 24
2 22 26
2 22 41
2 22 44
2 53 2
2 53 4
2 53 13
2 53 14
2 53 32
2 53 34
2 53 40
2 53 53
2 53 55
2 53 61
2 53 63
2 53 65
2 53 71
2 53 73
2 53 75
2 53 81
2 53 83
2 57 8
2 57 17
2 57 18
2 57 29
2 57 39
2 57 46
2 57 49
2 57 88
2 57 89
2 85 31
2 85 58
2 85 68
2 85 82
2 85 84
2 85 86
2 85 96
3 22 0
3 22 7
3 22 16
3 22 20
3 22 26
3 22 32
3 22 33
3 22 64
3 22 65
3 53 2
3 53 10
3 53 13
3 53 25
3 53 36
3 53 37
3 53 46
3 53 61
3 53 62
3 53 63
3 53 66
3 53 72
3 53 84
3 53 94
3 53 95
3 53 97
3 57 27
3 57 28
3 57 39
3 57 57
3 57 59
3 57 76
3 57 77
3 57 78
3 85 48
3 85 68
3 85 69
3 85 71
3 85 82
3 85 98
4 22 5
4 22 6
4 22 7
4 22 20
4 22 24
4 22 26
4 22 33
4 22 35
4 22 40
4 22 41
4 22 42
4 22 43
4 22 45
4 53 13
4 53 32
4 53 34
4 53 36
4 53 46
4 53 53
4 53 54
4 53 55
4 53 60
4 53 67
4 53 75
4 53 77
4 53 81
4 53 93
4 53 94
4 53 95
4 53 97
4 57 18
4 57 29
4 57 37
4 57 38
4 57 39
4 57 47
4 57 48
4 57 56
4 57 57
4 57 73
4 85 8
4 85 11
4 85 28
4 85 63
4 85 78
4 85 80
4 85 82
5 22 3
5 22 5
5 22 15
5 22 16
5 22 23
5 22 34
5 22 35
5 22 41
5 22 42
5 22 43
5 22 52
5 22 60
5 22 64
5 53 4
5 53 10
5 53 13
5 53 14
5 53 32
5 53 44
5 53 45
5 53 46
5 53 48
5 53 63
5 53 67
5 53 81
5 53 90
5 53 93
5 53 94
5 57 18
5 57 27
5 57 29
5 57 36
5 57 39
5 57 65
5 57 68
5 57 79
5 57 87
5 57 88
5 57 96
5 85 11
5 85 55
5 85 56
5 85 82
5 85 85
5 85 92
6 22 3
6 22 20
6 22 22
6 22 23
6 22 31
6 22 32
6 22 42
6 22 43
6 22 44
6 22 52
6 53 10
6 53 13
6 53 21
6 53 25
6 53 40
6 53 47
6 53 51
6 53 54
6 53 61
6 53 62
6 53 63
6 53 67
6 53 72
6 53 73
6 53 75
6 53 76
6 53 81
6 53 93
6 53 94
6 53 97
6 57 9
6 57 37
6 57 46
6 57 55
6 57 56
6 57 78
6 57 89
6 85 8
6 85 11
6 85 28
6 85 45
6 85 70
6 85 77
6 85 82
6 85 83
6 85 85
6 85 87
7 22 6
7 22 7
7 22 19
7 22 21
7 22 22
7 22 33
7 22 41
7 22 42
7 22 43
7 22 45
7 22 54
7 22 91
7 53 4
7 53 25
7 53 32
7 53 47
7 53 50
7 53 51
7 53 53
7 53 66
7 53 74
7 53 75
7 53 93
7 53 97
7 57 8
7 57 9
7 57 24
7 57 26
7 57 29
7 57 38
7 57 57
7 57 59
7 57 63
7 57 67
7 57 68
7 57 69
7 57 76
7 57 78
7 57 79
7 57 99
7 85 28
7 85 80
7 85 86
7 85 92
8 22 3
8 22 5
8 22 11
8 22 15
8 22 20
8 22 22
8 22 25
8 22 33
8 22 34
8 22 40
8 22 41
8 22 50
8 53 2
8 53 4
8 53 12
8 53 13
8 53 51
8 53 53
8 53 55
8 53 62
8 53 71
8 53 72
8 53 73
8 53 81
8 53 93
8 53 94
8 53 95
8 57 17
8 57 27
8 57 29
8 57 38
8 57 39
8 57 49
8 57 57
8 57 58
8 57 59
8 57 78
8 57 79
8 57 89
8 85 8
8 85 48
8 85 66
8 85 68
8 85 82
8 85 83
8 85 84
8 85 86
8 85 92
8 85 96
8 85 98
9 22 5
9 22 7
9 22 20
9 22 22
9 22 30
9 22 34
9 22 41
9 22 44
9 22 45
9 22 51
9 22 64
9 22 91
9 53 4
9 53 13
9 53 14
9 53 15
9 53 21
9 53 33
9 53 46
9 53 53
9 53 54
9 53 67
9 53 72
9 53 73
9 53 74
9 53 75
9 53 83
9 53 84
9 53 90
9 57 17
9 57 18
9 57 28
9 57 36
9 57 37
9 57 49
9 57 56
9 57 57
9 57 62
9 57 63
9 85 11
9 85 70
9 85 80
9 85 86
9 85 93
9 85 96
9 85 99
--- Done ---
