0 53 34
0 53 35
0 53 44
0 53 45
0 53 46
0 53 55
0 53 56
1 53 1
1 53 3
1 53 6
1 53 9
1 53 10
1 53 12
1 53 13
1 53 14
1 53 15
1 53 17
1 53 20
1 53 21
1 53 22
1 53 23
1 53 27
1 53 28
1 53 29
1 53 30
1 53 33
1 53 40
1 53 42
1 53 45
1 53 47
1 53 60
1 53 63
1 53 64
1 53 71
1 53 90
1 85 48
1 85 58
1 85 66
1 85 67
1 85 68
1 85 76
1 85 77
1 85 79
1 85 85
1 85 87
1 85 88
1 85 93
1 85 95
2 53 1
2 53 2
2 53 4
2 53 8
2 53 13
2 53 14
2 53 15
2 53 16
2 53 17
2 53 18
2 53 21
2 53 22
2 53 24
2 53 26
2 53 29
2 53 31
2 53 32
2 53 34
2 53 39
2 53 40
2 53 41
2 53 44
2 53 46
2 53 53
2 53 55
2 53 61
2 53 63
2 53 71
2 53 73
2 53 81
2 85 49
2 85 58
2 85 65
2 85 68
2 85 75
2 85 82
2 85 83
2 85 84
2 85 86
2 85 88
2 85 89
2 85 96
3 53 0
3 53 2
3 53 7
3 53 10
3 53 13
3 53 16
3 53 20
3 53 25
3 53 26
3 53 27
3 53 28
3 53 32
3 53 33
3 53 36
3 53 37
3 53 39
3 53 46
3 53 61
3 53 62
3 53 63
3 53 64
3 53 71
3 53 72
3 85 48
3 85 57
3 85 59
3 85 65
3 85 66
3 85 68
3 85 69
3 85 76
3 85 77
3 85 78
3 85 82
3 85 84
3 85 94
3 85 95
3 85 97
3 85 98
4 53 5
4 53 6
4 53 7
4 53 8
4 53 11
4 53 13
4 53 18
4 53 20
4 53 24
4 53 26
4 53 28
4 53 29
4 53 32
4 53 33
4 53 34
4 53 35
4 53 36
4 53 37
4 53 38
4 53 39
4 53 40
4 53 41
4 53 42
4 53 43
4 53 45
4 53 46
4 53 47
4 53 53
4 53 54
4 53 55
4 53 56
4 53 60
4 53 63
4 53 73
4 53 80
4 53 81
4 85 48
4 85 57
4 85 67
4 85 75
4 85 77
4 85 78
4 85 82
4 85 93
4 85 94
4 85 95
4 85 97
5 53 3
5 53 4
5 53 5
5 53 10
5 53 11
5 53 13
5 53 14
5 53 15
5 53 16
5 53 18
5 53 23
5 53 27
5 53 29
5 53 32
5 53 34
5 53 35
5 53 36
5 53 39
5 53 41
5 53 42
5 53 43
5 53 44
5 53 45
5 53 46
5 53 52
5 53 55
5 53 56
5 53 60
5 53 63
5 53 64
5 53 81
5 53 90
5 85 48
5 85 65
5 85 67
5 85 68
5 85 79
5 85 82
5 85 85
5 85 87
5 85 88
5 85 92
5 85 93
5 85 94
5 85 96
6 53 3
6 53 8
6 53 9
6 53 10
6 53 11
6 53 13
6 53 20
6 53 21
6 53 22
6 53 23
6 53 25
6 53 28
6 53 31
6 53 32
6 53 37
6 53 40
6 53 42
6 53 43
6 53 44
6 53 45
6 53 46
6 53 47
6 53 51
6 53 52
6 53 54
6 53 55
6 53 56
6 53 61
6 53 62
6 53 63
6 53 70
6 53 72
6 53 73
6 53 81
6 85 67
6 85 75
6 85 76
6 85 77
6 85 78
6 85 82
6 85 83
6 85 85
6 85 87
6 85 89
6 85 93
6 85 94
6 85 97
7 53 4
7 53 6
7 53 7
7 53 8
7 53 9
7 53 19
7 53 21
7 53 22
7 53 24
7 53 25
7 53 26
7 53 28
7 53 29
7 53 32
7 53 33
7 53 38
7 53 41
7 53 42
7 53 43
7 53 45
7 53 47
7 53 50
7 53 51
7 53 53
7 53 54
7 53 63
7 53 80
7 85 57
7 85 59
7 85 66
7 85 67
7 85 68
7 85 69
7 85 74
7 85 75
7 85 76
7 85 78
7 85 79
7 85 86
7 85 91
7 85 92
7 85 93
7 85 97
7 85 99
8 53 2
8 53 3
8 53 4
8 53 5
8 53 8
8 53 11
8 53 12
8 53 13
8 53 15
8 53 17
8 53 20
8 53 22
8 53 25
8 53 27
8 53 29
8 53 33
8 53 34
8 53 38
8 53 39
8 53 40
8 53 41
8 53 50
8 53 51
8 53 53
8 53 55
8 53 62
8 53 71
8 53 72
8 53 73
8 53 81
8 85 48
8 85 49
8 85 57
8 85 58
8 85 59
8 85 66
8 85 68
8 85 78
8 85 79
8 85 82
8 85 83
8 85 84
8 85 86
8 85 89
8 85 92
8 85 93
8 85 94
8 85 95
8 85 96
8 85 98
9 53 4
9 53 5
9 53 7
9 53 11
9 53 13
9 53 14
9 53 15
9 53 17
9 53 18
9 53 20
9 53 21
9 53 22
9 53 28
9 53 30
9 53 33
9 53 34
9 53 36
9 53 37
9 53 41
9 53 44
9 53 45
9 53 46
9 53 51
9 53 53
9 53 54
9 53 56
9 53 62
9 53 63
9 53 64
9 53 70
9 53 72
9 53 73
9 53 80
9 53 90
9 85 49
9 85 57
9 85 67
9 85 74
9 85 75
9 85 83
9 85 84
9 85 86
9 85 91
9 85 93
9 85 96
9 85 99
--- Done ---
