0 53 34
0 53 45
0 53 55
0 57 35
0 57 44
0 57 46
0 57 56
1 33 1
1 33 3
1 33 6
1 33 12
1 33 15
1 33 20
1 33 21
1 33 22
1 33 27
1 33 29
1 33 30
1 33 33
1 33 42
1 33 45
1 33 47
1 33 76
1 33 88
1 33 95
1 53 10
1 53 13
1 53 14
1 53 23
1 53 40
1 53 48
1 53 60
1 53 63
1 53 64
1 53 66
1 53 67
1 53 71
1 53 77
1 53 85
1 53 90
1 53 93
1 57 9
1 57 17
1 57 28
1 57 58
1 57 68
1 57 79
1 57 87
2 33 1
2 33 13
2 33 14
2 33 16
2 33 22
2 33 24
2 33 26
2 33 31
2 33 40
2 33 44
2 33 46
2 33 63
2 33 65
2 33 81
2 33 82
2 33 86
2 33 88
2 53 2
2 53 4
2 53 21
2 53 32
2 53 34
2 53 41
2 53 53
2 53 55
2 53 61
2 53 71
2 53 73
2 53 75
2 53 83
2 53 84
2 57 8
2 57 15
2 57 17
2 57 18
2 57 29
2 57 39
2 57 49
2 57 58
2 57 68
2 57 89
2 57 96
3 48 7
3 48 16
3 48 20
3 48 25
3 48 26
3 48 27
3 48 28
3 48 39
3 48 46
3 48 48
3 48 59
3 48 63
3 48 68
3 48 69
3 53 2
3 53 10
3 53 13
3 53 32
3 53 33
3 53 36
3 53 37
3 53 57
3 53 61
3 53 62
3 53 64
3 53 66
3 53 71
3 53 72
3 53 76
3 53 77
3 53 84
3 53 94
3 53 97
3 54 0
3 54 65
3 54 78
3 54 82
3 54 95
3 54 98
4 47 11
4 47 28
4 47 35
4 47 45
4 47 47
4 47 82
4 48 5
4 48 6
4 48 7
4 48 18
4 48 20
4 48 26
4 48 29
4 48 37
4 48 38
4 48 39
4 48 48
4 48 55
4 48 56
4 48 67
4 48 77
4 48 78
4 53 13
4 53 33
4 53 34
4 53 36
4 53 40
4 53 41
4 53 46
4 53 53
4 53 57
4 53 60
4 53 63
4 53 73
4 53 93
4 53 95
4 53 97
4 54 8
4 54 24
4 54 32
4 54 42
4 54 43
4 54 54
4 54 75
4 54 80
4 54 81
4 54 94
5 47 5
5 47 11
5 47 13
5 47 15
5 47 16
5 47 18
5 47 23
5 47 27
5 47 29
5 47 34
5 47 35
5 47 39
5 47 48
5 47 56
5 47 68
5 47 82
5 47 87
5 47 88
5 53 4
5 53 10
5 53 14
5 53 32
5 53 36
5 53 42
5 53 43
5 53 44
5 53 45
5 53 46
5 53 52
5 53 55
5 53 60
5 53 64
5 53 65
5 53 67
5 53 81
5 53 85
5 53 90
5 53 94
5 62 3
5 62 41
5 62 63
5 62 79
5 62 92
5 62 93
5 62 96
6 53 10
6 53 13
6 53 21
6 53 23
6 53 32
6 53 37
6 53 42
6 53 43
6 53 44
6 53 51
6 53 54
6 53 55
6 53 61
6 53 63
6 53 72
6 53 75
6 53 76
6 53 77
6 53 81
6 53 83
6 53 85
6 53 94
6 53 97
6 57 8
6 57 9
6 57 25
6 57 28
6 57 45
6 57 46
6 57 56
6 57 78
6 57 87
6 57 89
6 62 3
6 62 11
6 62 20
6 62 22
6 62 31
6 62 40
6 62 47
6 62 52
6 62 62
6 62 67
6 62 70
6 62 73
6 62 82
6 62 93
7 27 6
7 27 7
7 27 8
7 27 9
7 27 19
7 27 24
7 27 25
7 27 26
7 27 28
7 27 29
7 27 33
7 27 38
7 27 47
7 27 59
7 27 74
7 27 86
7 53 4
7 53 21
7 53 32
7 53 41
7 53 42
7 53 43
7 53 45
7 53 50
7 53 51
7 53 53
7 53 54
7 53 67
7 53 75
7 53 76
7 53 93
7 53 97
7 57 57
7 57 63
7 57 66
7 57 68
7 57 69
7 57 78
7 57 79
7 57 99
7 62 22
7 62 80
7 62 91
7 62 92
8 27 3
8 27 8
8 27 15
8 27 27
8 46 5
8 46 17
8 46 20
8 46 29
8 46 33
8 46 38
8 46 39
8 46 48
8 46 49
8 46 57
8 46 58
8 46 59
8 46 66
8 46 68
8 46 78
8 46 79
8 46 83
8 46 86
8 46 89
8 46 94
8 46 96
8 53 2
8 53 4
8 53 12
8 53 13
8 53 22
8 53 25
8 53 34
8 53 40
8 53 41
8 53 50
8 53 53
8 53 55
8 53 62
8 53 71
8 53 72
8 53 73
8 53 81
8 53 84
8 53 93
8 53 95
8 85 11
8 85 51
8 85 82
8 85 92
8 85 98
9 22 7
9 22 13
9 22 22
9 22 30
9 22 51
9 22 64
9 22 74
9 22 91
9 46 5
9 46 17
9 46 18
9 46 20
9 46 28
9 46 36
9 46 37
9 46 41
9 46 46
9 46 49
9 46 54
9 46 56
9 46 62
9 46 63
9 46 73
9 46 80
9 46 86
9 46 96
9 53 4
9 53 14
9 53 15
9 53 21
9 53 33
9 53 34
9 53 44
9 53 45
9 53 53
9 53 57
9 53 67
9 53 72
9 53 75
9 53 84
9 53 90
9 53 93
9 85 11
9 85 70
9 85 83
9 85 99
--- Done ---
