0 88 77
0 88 78
0 88 87
0 88 88
0 88 89
0 88 99
1 25 6
1 25 11
1 25 19
1 25 29
1 25 48
1 25 26
1 25 36
1 25 51
1 25 62
1 25 72
1 63 60
1 63 61
1 63 71
1 63 73
1 63 92
1 88 58
1 88 89
1 88 97
1 88 99
1 88 38
1 88 56
1 88 75
1 88 78
1 88 84
1 88 87
1 88 88
1 88 65
2 2 0
2 25 8
2 25 29
2 25 37
2 25 48
2 25 3
2 25 11
2 25 22
2 25 25
2 63 60
2 63 71
2 63 73
2 63 90
2 63 91
2 63 93
2 63 94
2 63 36
2 63 40
2 63 55
2 63 64
2 63 72
2 63 14
2 63 23
2 63 26
2 63 45
2 63 50
2 63 67
2 88 58
2 88 69
2 88 89
2 88 97
2 88 98
2 88 99
2 88 38
2 88 47
2 88 83
2 88 84
2 88 87
2 88 88
2 88 46
2 88 54
2 88 57
2 88 66
3 2 0
3 2 2
3 25 8
3 25 19
3 25 29
3 25 39
3 25 48
3 25 3
3 25 5
3 25 6
3 25 11
3 25 12
3 25 78
3 25 87
3 25 25
3 25 32
3 25 34
3 25 42
3 25 43
3 25 45
3 63 52
3 63 60
3 63 70
3 63 73
3 63 80
3 63 82
3 63 90
3 63 92
3 63 93
3 63 16
3 63 17
3 63 27
3 63 36
3 63 40
3 63 44
3 63 51
3 63 62
3 63 64
3 63 72
3 63 88
3 63 54
3 63 24
3 88 49
3 88 59
3 88 69
3 88 77
3 88 79
3 88 86
3 88 89
3 88 97
3 88 98
3 88 99
3 88 38
3 88 47
3 88 56
3 88 74
3 88 84
4 1 1
4 1 10
4 1 40
4 1 51
4 1 62
4 1 3
4 1 4
4 1 11
4 1 12
4 1 13
4 1 14
4 1 15
4 1 23
4 1 24
4 1 25
4 1 31
4 1 32
4 1 50
4 2 67
4 2 33
4 2 41
4 2 45
4 25 9
4 25 18
4 25 19
4 25 28
4 25 29
4 25 37
4 25 39
4 25 48
4 25 78
4 25 87
4 25 46
4 25 54
4 25 57
4 25 64
4 25 65
4 25 66
4 25 16
4 25 26
4 25 34
4 63 52
4 63 61
4 63 63
4 63 71
4 63 81
4 63 82
4 63 93
4 63 94
4 63 17
4 63 36
4 63 44
4 63 74
4 63 76
4 63 83
4 63 88
4 88 49
4 88 59
4 88 77
4 88 79
4 88 86
4 88 89
4 88 97
4 88 98
4 88 38
4 88 56
5 1 0
5 1 1
5 1 62
5 1 16
5 1 30
5 1 40
5 1 50
5 1 51
5 1 53
5 1 3
5 1 4
5 1 10
5 1 11
5 1 13
5 1 14
5 1 15
5 1 20
5 1 21
5 1 22
5 1 32
5 2 7
5 12 44
5 12 54
5 12 55
5 12 45
5 12 12
5 12 23
5 12 25
5 12 31
5 12 42
5 12 43
5 25 8
5 25 9
5 25 28
5 25 29
5 25 37
5 25 39
5 25 48
5 25 17
5 25 18
5 25 19
5 25 27
5 25 64
5 25 72
5 25 87
5 25 38
5 25 46
5 25 57
5 25 6
5 63 60
5 63 61
5 63 63
5 63 71
5 63 73
5 63 80
5 63 81
5 63 82
5 63 91
5 63 94
5 63 52
5 63 70
5 63 83
5 63 84
5 63 85
5 63 88
5 63 67
5 63 26
5 63 35
5 63 36
5 88 49
5 88 59
5 88 68
5 88 69
5 88 79
5 88 89
5 88 97
5 88 98
5 88 99
5 88 47
5 88 56
5 88 74
5 88 75
5 88 76
5 88 78
6 1 0
6 1 1
6 1 10
6 1 30
6 1 16
6 1 40
6 1 53
6 2 33
6 2 34
6 2 41
6 2 45
6 2 50
6 2 2
6 2 3
6 2 4
6 2 11
6 2 15
6 2 21
6 2 22
6 2 23
6 2 24
6 2 25
6 2 31
6 2 32
6 2 42
6 12 12
6 25 8
6 25 9
6 25 28
6 25 29
6 25 37
6 25 39
6 25 48
6 25 18
6 25 78
6 25 6
6 25 7
6 25 26
6 25 35
6 25 44
6 25 55
6 25 57
6 25 62
6 63 60
6 63 61
6 63 63
6 63 71
6 63 73
6 63 81
6 63 90
6 63 91
6 63 93
6 63 94
6 63 17
6 63 27
6 63 52
6 63 56
6 63 70
6 63 72
6 63 74
6 63 75
6 63 76
6 63 84
6 63 36
6 88 58
6 88 68
6 88 69
6 88 77
6 88 89
6 88 97
6 88 98
6 88 83
6 88 87
6 88 88
6 88 95
6 88 65
6 88 38
6 88 54
6 88 66
7 1 0
7 1 1
7 2 -1
7 12 -1
7 25 29
7 25 39
7 25 48
7 25 18
7 25 19
7 25 7
7 25 3
7 25 4
7 25 5
7 25 11
7 25 15
7 25 22
7 25 45
7 25 51
7 25 53
7 25 13
7 25 21
7 25 23
7 25 31
7 25 42
7 25 43
7 63 60
7 63 61
7 63 63
7 63 71
7 63 73
7 63 80
7 63 90
7 63 91
7 63 92
7 63 93
7 63 94
7 63 17
7 63 27
7 63 52
7 63 64
7 63 35
7 63 36
7 63 55
7 63 62
7 63 54
7 63 20
7 63 33
7 63 34
7 63 40
7 63 41
7 88 49
7 88 59
7 88 68
7 88 69
7 88 77
7 88 79
7 88 89
7 88 97
7 88 98
7 88 99
7 88 47
7 88 75
7 88 76
7 88 78
7 88 83
7 88 85
7 88 95
7 88 96
7 88 46
7 88 57
7 88 65
7 88 67
8 1 0
8 1 10
8 2 -1
8 12 12
8 25 8
8 25 9
8 25 28
8 25 29
8 25 37
8 25 18
8 25 19
8 25 6
8 25 3
8 25 4
8 25 5
8 25 11
8 25 34
8 25 41
8 25 51
8 25 53
8 25 66
8 25 14
8 25 21
8 25 25
8 25 31
8 25 32
8 25 43
8 63 60
8 63 61
8 63 63
8 63 71
8 63 80
8 63 81
8 63 91
8 63 92
8 63 17
8 63 64
8 63 76
8 63 83
8 63 84
8 63 95
8 63 96
8 63 30
8 63 35
8 63 55
8 63 62
8 63 67
8 63 16
8 63 20
8 63 33
8 63 40
8 88 49
8 88 58
8 88 77
8 88 79
8 88 86
8 88 89
8 88 97
8 88 99
8 88 78
8 88 88
9 1 0
9 1 10
9 2 -1
9 12 -1
9 25 8
9 25 9
9 25 28
9 25 39
9 25 6
9 25 3
9 25 4
9 25 5
9 25 15
9 25 22
9 25 23
9 25 32
9 25 43
9 63 61
9 63 63
9 63 80
9 63 82
9 63 91
9 63 92
9 63 17
9 63 52
9 63 72
9 63 76
9 63 83
9 63 84
9 63 85
9 63 96
9 63 26
9 63 30
9 63 35
9 63 44
9 63 57
9 63 65
9 63 16
9 63 20
9 63 33
9 63 41
9 63 45
9 63 53
9 63 14
9 88 49
9 88 58
9 88 59
9 88 68
9 88 69
9 88 77
9 88 97
9 88 99
9 88 56
9 88 78
9 88 88
10 1 -1
10 2 -1
10 12 -1
10 25 28
10 25 37
10 25 48
10 25 18
10 25 19
10 25 7
10 25 3
10 25 4
10 25 5
10 25 11
10 25 22
10 25 25
10 63 60
10 63 63
10 63 73
10 63 80
10 63 91
10 63 93
10 63 94
10 63 70
10 63 72
10 63 44
10 63 57
10 63 62
10 63 40
10 63 41
10 63 45
10 63 50
10 63 21
10 63 24
10 63 31
10 63 32
10 63 42
10 88 58
10 88 59
10 88 68
10 88 86
10 88 97
10 88 98
10 88 99
10 88 47
10 88 56
11 1 -1
11 2 -1
11 12 -1
11 25 8
11 25 29
11 25 18
11 25 5
11 63 81
11 63 92
11 63 70
11 63 85
11 63 95
11 63 44
11 63 40
11 63 41
11 63 13
11 88 79
--- Done ---
