0 88 77
0 88 78
0 88 87
0 88 88
0 88 89
0 88 99
1 7 6
1 7 19
1 22 11
1 47 26
1 47 29
1 47 36
1 47 38
1 47 48
1 47 58
1 47 56
1 65 65
1 65 75
1 72 51
1 72 60
1 72 61
1 72 62
1 72 71
1 72 72
1 72 92
1 72 73
1 88 84
1 88 88
1 88 89
1 88 97
1 88 78
1 88 99
1 88 87
2 7 8
2 14 3
2 14 14
2 14 25
2 22 0
2 22 11
2 22 22
2 22 23
2 47 29
2 47 36
2 47 45
2 47 48
2 47 57
2 47 58
2 47 26
2 47 37
2 47 38
2 47 46
2 47 47
2 47 55
2 47 66
2 65 54
2 65 94
2 71 40
2 71 90
2 71 71
2 72 50
2 72 93
2 72 60
2 72 64
2 72 72
2 72 83
2 72 91
2 72 73
2 88 84
2 88 88
2 88 89
2 88 97
2 88 98
2 88 69
2 88 99
2 88 67
2 88 87
3 7 8
3 7 16
3 7 17
3 7 19
3 7 27
3 14 3
3 14 25
3 14 5
3 14 6
3 22 0
3 22 2
3 22 11
3 22 32
3 22 42
3 22 12
3 22 34
3 22 43
3 22 24
3 29 39
3 29 29
3 47 44
3 47 45
3 47 59
3 47 36
3 47 47
3 47 48
3 47 56
3 47 99
3 47 38
3 47 87
3 65 54
3 71 40
3 71 80
3 71 90
3 71 51
3 71 52
3 71 60
3 71 62
3 71 70
3 71 73
3 71 74
3 72 82
3 72 92
3 72 93
3 72 64
3 72 72
3 88 84
3 88 88
3 88 89
3 88 97
3 88 98
3 88 69
3 88 77
3 88 78
3 88 79
3 88 86
3 88 49
4 7 16
4 7 9
4 7 17
4 7 18
4 7 19
4 14 3
4 14 14
4 14 15
4 14 25
4 14 4
4 22 1
4 22 10
4 22 11
4 22 31
4 22 32
4 22 33
4 22 41
4 22 12
4 22 13
4 22 23
4 22 34
4 22 24
4 29 39
4 29 29
4 47 44
4 47 45
4 47 57
4 47 59
4 47 26
4 47 36
4 47 46
4 47 48
4 47 56
4 47 66
4 47 49
4 47 67
4 47 87
4 47 28
4 47 37
4 47 38
4 65 54
4 65 65
4 65 94
4 65 52
4 65 77
4 65 78
4 71 40
4 71 71
4 72 50
4 72 82
4 72 93
4 72 51
4 72 61
4 72 62
4 72 64
4 72 81
4 72 83
4 72 63
4 72 74
4 88 88
4 88 89
4 88 97
4 88 98
4 88 76
4 88 79
4 88 86
5 7 7
5 7 8
5 7 16
5 14 3
5 14 14
5 14 15
5 14 25
5 14 4
5 14 6
5 14 26
5 22 0
5 22 1
5 22 10
5 22 11
5 22 20
5 22 30
5 22 31
5 22 32
5 22 42
5 22 12
5 22 13
5 22 21
5 22 22
5 22 23
5 22 43
5 29 39
5 29 9
5 29 17
5 29 18
5 29 19
5 29 27
5 29 29
5 29 36
5 29 48
5 29 28
5 29 37
5 29 38
5 47 35
5 47 44
5 47 45
5 47 57
5 47 59
5 47 68
5 47 46
5 47 47
5 47 55
5 47 56
5 65 53
5 65 54
5 65 75
5 65 85
5 65 94
5 65 52
5 65 64
5 65 83
5 65 67
5 65 87
5 65 63
5 65 73
5 65 74
5 71 40
5 71 80
5 71 51
5 71 60
5 71 61
5 71 62
5 71 70
5 71 71
5 71 81
5 71 91
5 72 50
5 72 82
5 72 72
5 88 84
5 88 88
5 88 89
5 88 97
5 88 98
5 88 69
5 88 76
5 88 78
5 88 79
5 88 99
5 88 49
6 7 7
6 7 8
6 7 16
6 7 9
6 7 17
6 7 18
6 7 27
6 14 3
6 14 15
6 14 25
6 14 4
6 14 6
6 22 0
6 22 1
6 22 2
6 22 10
6 22 11
6 22 30
6 22 31
6 22 32
6 22 33
6 22 41
6 22 42
6 22 12
6 22 21
6 22 22
6 22 23
6 22 34
6 22 24
6 29 39
6 29 29
6 47 35
6 47 44
6 47 45
6 47 57
6 47 58
6 47 68
6 47 26
6 47 36
6 47 48
6 47 55
6 47 56
6 47 66
6 47 69
6 47 28
6 47 37
6 47 38
6 65 53
6 65 54
6 65 65
6 65 75
6 65 94
6 65 52
6 65 77
6 65 78
6 65 83
6 65 63
6 65 73
6 65 74
6 65 76
6 65 87
6 71 40
6 71 90
6 71 71
6 72 50
6 72 93
6 72 60
6 72 61
6 72 62
6 72 70
6 72 72
6 72 81
6 72 91
6 88 89
6 88 88
6 96 95
6 96 84
6 96 97
6 96 98
7 7 7
7 7 4
7 7 5
7 7 17
7 7 18
7 7 19
7 7 27
7 14 3
7 14 15
7 22 0
7 22 1
7 22 11
7 22 20
7 22 31
7 22 33
7 22 41
7 22 42
7 22 13
7 22 21
7 22 22
7 22 23
7 22 34
7 22 43
7 29 39
7 29 29
7 47 35
7 47 45
7 47 57
7 47 59
7 47 68
7 47 36
7 47 46
7 47 47
7 47 48
7 47 55
7 47 69
7 47 99
7 47 49
7 47 67
7 65 53
7 65 54
7 65 65
7 65 75
7 65 94
7 65 52
7 65 64
7 65 77
7 65 78
7 65 79
7 65 83
7 65 85
7 65 63
7 65 73
7 65 76
7 71 40
7 71 80
7 71 90
7 71 51
7 71 60
7 71 61
7 71 62
7 71 71
7 71 91
7 72 92
7 72 93
7 88 89
7 88 97
7 88 98
7 96 95
7 96 96
8 7 8
8 7 16
8 7 9
8 7 17
8 7 18
8 7 19
8 7 37
8 14 3
8 14 14
8 14 25
8 14 4
8 14 5
8 14 6
8 14 28
8 22 0
8 22 10
8 22 11
8 22 20
8 22 30
8 22 31
8 22 32
8 22 33
8 22 41
8 22 12
8 22 21
8 22 34
8 22 43
8 29 29
8 47 35
8 47 58
8 47 55
8 47 66
8 47 99
8 47 49
8 65 53
8 65 64
8 65 77
8 65 78
8 65 79
8 65 83
8 65 67
8 65 76
8 65 86
8 71 40
8 71 80
8 71 51
8 71 60
8 71 61
8 71 62
8 71 71
8 71 81
8 71 91
8 71 63
8 72 92
8 88 89
8 88 88
8 88 97
8 96 95
8 96 96
8 96 84
9 7 8
9 7 16
9 7 9
9 7 17
9 14 3
9 14 14
9 14 15
9 14 4
9 14 5
9 14 6
9 14 23
9 14 26
9 14 28
9 22 0
9 22 10
9 22 20
9 22 30
9 22 32
9 22 33
9 22 41
9 22 22
9 22 43
9 29 39
9 47 35
9 47 44
9 47 45
9 47 57
9 47 58
9 47 59
9 47 68
9 47 56
9 47 69
9 47 99
9 47 49
9 65 53
9 65 65
9 65 52
9 65 77
9 65 78
9 65 83
9 65 85
9 65 63
9 65 76
9 71 80
9 71 61
9 72 82
9 72 92
9 72 72
9 72 91
9 88 88
9 96 96
9 96 84
9 96 97
10 7 7
10 7 18
10 7 19
10 14 3
10 14 25
10 14 4
10 14 5
10 22 11
10 22 31
10 22 32
10 22 41
10 22 42
10 22 21
10 22 22
10 22 24
10 29 -1
10 47 44
10 47 45
10 47 57
10 47 58
10 47 59
10 47 68
10 47 47
10 47 48
10 47 56
10 47 99
10 47 28
10 47 37
10 65 94
10 71 40
10 71 80
10 72 50
10 72 93
10 72 60
10 72 62
10 72 70
10 72 72
10 72 91
10 72 63
10 72 73
10 88 97
10 88 98
10 88 86
10 96 -1
11 7 8
11 7 5
11 7 18
11 14 -1
11 22 41
11 22 13
11 29 29
11 47 44
11 65 -1
11 71 40
11 71 70
11 71 81
11 72 92
11 88 79
11 96 95
11 96 85
--- Done ---
