0 88 77
0 88 78
0 88 87
0 88 88
0 88 89
0 88 99
1 88 6
1 88 11
1 88 19
1 88 26
1 88 29
1 88 36
1 88 38
1 88 48
1 88 51
1 88 56
1 88 58
1 88 60
1 88 61
1 88 62
1 88 65
1 88 71
1 88 72
1 88 73
1 88 75
1 88 78
1 88 84
1 88 87
1 88 88
1 88 92
1 88 97
2 88 0
2 88 3
2 88 8
2 88 11
2 88 14
2 88 22
2 88 23
2 88 25
2 88 26
2 88 29
2 88 36
2 88 37
2 88 38
2 88 40
2 88 45
2 88 46
2 88 47
2 88 48
2 88 50
2 88 54
2 88 55
2 88 57
2 88 58
2 88 60
2 88 64
2 88 66
2 88 67
3 88 0
3 88 2
3 88 3
3 88 5
3 88 6
3 88 8
3 88 11
3 88 12
3 88 16
3 88 17
3 88 19
3 88 24
3 88 25
3 88 27
3 88 29
3 88 32
3 88 34
3 88 36
3 88 38
3 88 39
3 88 40
3 88 42
3 88 43
3 88 44
3 88 45
3 88 47
4 88 1
4 88 3
4 88 4
4 88 9
4 88 10
4 88 11
4 88 12
4 88 13
4 88 14
4 88 15
4 88 16
4 88 17
4 88 18
4 88 19
4 88 23
4 88 24
4 88 25
4 88 26
4 88 28
4 88 29
4 88 31
4 88 32
4 88 40
5 88 0
5 88 1
5 88 3
5 88 4
5 88 6
5 88 7
5 88 8
5 88 9
5 88 10
5 88 11
5 88 12
5 88 13
5 88 14
5 88 15
5 88 16
5 88 17
5 88 18
5 88 19
5 88 20
5 88 22
6 88 0
6 88 1
6 88 2
6 88 3
6 88 4
6 88 6
6 88 7
6 88 8
6 88 9
6 88 10
6 88 11
6 88 12
6 88 15
6 88 16
6 88 17
6 88 18
6 88 21
6 88 22
6 88 23
6 88 24
6 88 25
6 88 29
7 88 0
7 88 1
7 88 3
7 88 4
7 88 5
7 88 7
7 88 11
7 88 13
7 88 15
7 88 17
7 88 18
7 88 19
7 88 20
7 88 21
7 88 22
7 88 23
7 88 27
7 88 29
7 88 31
7 88 33
7 88 34
7 88 35
8 88 0
8 88 3
8 88 4
8 88 5
8 88 6
8 88 8
8 88 9
8 88 10
8 88 11
8 88 12
8 88 14
8 88 16
8 88 17
8 88 18
8 88 19
8 88 20
8 88 21
8 88 25
8 88 28
8 88 29
8 88 30
8 88 31
8 88 32
8 88 33
8 88 34
9 88 0
9 88 3
9 88 4
9 88 5
9 88 6
9 88 8
9 88 9
9 88 10
9 88 14
9 88 15
9 88 16
9 88 17
9 88 20
9 88 22
9 88 23
9 88 26
9 88 28
9 88 30
9 88 32
9 88 33
9 88 35
9 88 39
9 88 41
9 88 43
9 88 44
10 88 3
10 88 4
10 88 5
10 88 7
10 88 11
10 88 18
10 88 19
10 88 21
10 88 22
10 88 24
10 88 25
10 88 28
10 88 31
10 88 32
10 88 37
10 88 40
10 88 41
10 88 42
10 88 44
10 88 45
10 88 47
10 88 48
10 88 50
10 88 56
10 88 57
10 88 58
10 88 59
10 88 60
10 88 62
10 88 63
10 88 68
10 88 70
11 88 5
11 88 8
11 88 13
11 88 18
11 88 29
11 88 40
11 88 41
11 88 44
11 88 70
11 88 79
11 88 81
11 88 85
11 88 92
11 88 95
--- Done ---
