0 88 77
0 88 78
0 88 87
0 88 88
0 88 89
0 88 99
1 12 11
1 26 6
1 26 19
1 26 26
1 26 29
1 26 36
1 26 38
1 26 48
1 26 58
1 62 51
1 62 56
1 62 60
1 62 61
1 62 62
1 62 71
1 62 72
1 62 73
1 62 75
1 62 92
1 88 65
1 88 78
1 88 87
1 88 88
1 88 89
1 88 97
1 88 99
1 88 84
2 12 0
2 12 11
2 12 23
2 12 40
2 26 8
2 26 25
2 26 26
2 26 29
2 26 36
2 26 37
2 26 38
2 26 47
2 26 48
2 26 58
2 26 3
2 26 14
2 26 22
2 26 45
2 26 55
2 62 50
2 62 60
2 62 64
2 62 71
2 62 72
2 62 73
2 62 90
2 62 91
2 62 93
2 82 94
2 88 46
2 88 57
2 88 67
2 88 87
2 88 88
2 88 89
2 88 97
2 88 98
2 88 99
2 88 66
2 88 69
2 88 83
2 88 84
2 88 54
3 12 0
3 12 2
3 12 11
3 12 32
3 12 40
3 12 3
3 12 5
3 12 12
3 26 6
3 26 8
3 26 16
3 26 19
3 26 25
3 26 17
3 26 27
3 26 29
3 26 36
3 26 38
3 26 45
3 26 47
3 26 48
3 26 69
3 49 39
3 49 59
3 49 49
3 49 88
3 62 42
3 62 43
3 62 44
3 62 51
3 62 56
3 62 60
3 62 62
3 62 64
3 62 72
3 62 73
3 62 74
3 62 84
3 62 90
3 62 92
3 62 93
3 62 24
3 62 34
3 62 52
3 62 54
3 82 70
3 82 80
3 82 82
3 88 77
3 88 78
3 88 86
3 88 87
3 88 89
3 88 97
3 88 98
3 88 99
3 88 79
4 12 1
4 12 10
4 12 11
4 12 13
4 12 23
4 12 33
4 12 40
4 12 3
4 12 4
4 12 12
4 12 14
4 12 31
4 12 32
4 12 15
4 26 9
4 26 16
4 26 19
4 26 18
4 26 25
4 26 26
4 26 28
4 26 29
4 26 66
4 26 76
4 26 17
4 26 36
4 26 37
4 26 38
4 26 45
4 26 48
4 49 39
4 49 59
4 49 88
4 49 49
4 49 57
4 49 79
4 56 56
4 56 78
4 56 87
4 62 44
4 62 50
4 62 51
4 62 61
4 62 62
4 62 63
4 62 71
4 62 81
4 62 74
4 62 83
4 62 93
4 62 24
4 62 34
4 62 41
4 62 52
4 62 64
4 62 54
4 82 94
4 82 82
4 88 89
4 88 97
4 88 98
4 88 46
4 88 65
4 88 67
4 88 77
4 88 86
5 12 0
5 12 1
5 12 10
5 12 11
5 12 13
5 12 20
5 12 21
5 12 23
5 12 40
5 12 3
5 12 4
5 12 12
5 12 14
5 12 22
5 12 31
5 12 32
5 12 15
5 12 45
5 26 6
5 26 7
5 26 8
5 26 9
5 26 16
5 26 19
5 26 18
5 26 25
5 26 26
5 26 27
5 26 28
5 26 29
5 26 35
5 26 17
5 26 36
5 26 37
5 26 38
5 26 47
5 26 48
5 49 39
5 49 59
5 49 49
5 49 69
5 49 79
5 56 56
5 62 30
5 62 42
5 62 44
5 62 50
5 62 51
5 62 43
5 62 60
5 62 61
5 62 62
5 62 63
5 62 71
5 62 72
5 62 73
5 62 75
5 62 81
5 62 85
5 62 91
5 62 52
5 62 53
5 62 55
5 62 64
5 62 83
5 62 84
5 82 70
5 82 80
5 82 94
5 82 82
5 82 54
5 88 89
5 88 97
5 88 98
5 88 99
5 88 46
5 88 67
5 88 68
5 88 78
5 88 87
5 88 88
5 88 57
5 88 74
5 88 76
6 12 0
6 12 1
6 12 2
6 12 10
6 12 11
6 12 21
6 12 23
6 12 33
6 12 40
6 12 3
6 12 4
6 12 12
6 12 22
6 12 31
6 12 32
6 12 15
6 12 24
6 12 34
6 12 52
6 26 6
6 26 7
6 26 8
6 26 9
6 26 16
6 26 18
6 26 25
6 26 26
6 26 27
6 26 28
6 26 29
6 26 35
6 26 17
6 26 36
6 26 37
6 26 38
6 26 41
6 26 45
6 26 48
6 26 58
6 26 66
6 26 76
6 49 39
6 56 56
6 56 65
6 56 77
6 56 78
6 56 87
6 56 57
6 62 30
6 62 42
6 62 44
6 62 50
6 62 60
6 62 61
6 62 62
6 62 63
6 62 71
6 62 72
6 62 73
6 62 75
6 62 81
6 62 90
6 62 91
6 62 93
6 62 95
6 62 53
6 62 55
6 62 74
6 62 84
6 82 70
6 82 94
6 88 89
6 88 97
6 88 98
6 88 68
6 88 88
6 88 69
6 88 83
6 88 54
7 12 0
7 12 1
7 12 11
7 12 13
7 12 20
7 12 21
7 12 23
7 12 33
7 12 40
7 12 3
7 12 4
7 12 5
7 12 22
7 12 31
7 12 15
7 12 34
7 12 41
7 12 45
7 12 52
7 26 7
7 26 19
7 26 35
7 49 39
7 49 59
7 49 18
7 49 27
7 49 29
7 49 17
7 49 36
7 49 47
7 49 48
7 49 49
7 49 57
7 49 69
7 49 79
7 56 -1
7 62 42
7 62 51
7 62 43
7 62 62
7 62 75
7 62 85
7 62 55
7 82 80
7 82 94
7 82 96
7 82 60
7 82 61
7 82 63
7 82 71
7 82 73
7 82 90
7 82 91
7 82 92
7 82 93
7 82 53
7 82 64
7 88 89
7 88 97
7 88 98
7 88 99
7 88 46
7 88 65
7 88 67
7 88 68
7 88 77
7 88 78
7 88 95
7 88 76
7 88 83
7 88 54
8 12 0
8 12 10
8 12 11
8 12 20
8 12 21
8 12 33
8 12 40
8 12 3
8 12 4
8 12 5
8 12 12
8 12 14
8 12 31
8 12 32
8 26 6
8 26 8
8 26 9
8 26 16
8 26 19
8 26 18
8 26 25
8 26 28
8 26 29
8 26 35
8 26 17
8 26 37
8 26 58
8 26 66
8 26 76
8 49 49
8 56 -1
8 62 30
8 62 51
8 62 43
8 62 60
8 62 61
8 62 62
8 62 63
8 62 71
8 62 81
8 62 91
8 62 92
8 62 95
8 62 34
8 62 41
8 62 53
8 62 55
8 62 64
8 62 83
8 62 84
8 82 80
8 82 96
8 88 89
8 88 97
8 88 99
8 88 67
8 88 77
8 88 78
8 88 86
8 88 88
8 88 79
9 12 0
9 12 10
9 12 20
9 12 23
9 12 33
9 12 3
9 12 4
9 12 5
9 12 14
9 12 22
9 12 32
9 12 15
9 12 41
9 12 45
9 12 52
9 26 6
9 26 8
9 26 9
9 26 16
9 26 26
9 26 28
9 26 35
9 26 17
9 26 58
9 26 69
9 26 76
9 49 39
9 49 59
9 49 68
9 49 49
9 56 56
9 62 30
9 62 44
9 62 43
9 62 61
9 62 63
9 62 72
9 62 85
9 62 91
9 62 92
9 62 53
9 62 83
9 62 84
9 82 80
9 82 96
9 82 82
9 88 97
9 88 99
9 88 65
9 88 77
9 88 78
9 88 88
9 88 57
10 12 11
10 12 21
10 12 40
10 12 3
10 12 4
10 12 5
10 12 22
10 12 31
10 12 32
10 12 24
10 12 41
10 12 45
10 26 7
10 26 19
10 26 18
10 26 25
10 26 28
10 26 37
10 26 47
10 26 48
10 26 58
10 49 59
10 56 56
10 62 42
10 62 44
10 62 50
10 62 60
10 62 62
10 62 63
10 62 72
10 62 73
10 62 91
10 62 93
10 82 70
10 82 80
10 82 94
10 88 97
10 88 98
10 88 99
10 88 68
10 88 86
10 88 57
11 12 13
11 12 40
11 12 5
11 26 8
11 26 18
11 26 29
11 49 -1
11 56 -1
11 62 44
11 62 85
11 62 95
11 62 41
11 82 70
11 82 81
11 82 92
11 88 79
--- Done ---
