0 57 66
0 57 67
0 57 76
0 57 77
0 57 78
0 57 86
0 57 87
1 53 3
1 53 5
1 53 10
1 53 24
1 53 25
1 53 31
1 53 40
1 53 43
1 53 44
1 53 45
1 53 53
1 53 54
1 53 55
1 53 60
1 53 62
1 53 63
1 53 74
1 53 75
1 53 80
1 53 82
1 53 83
1 53 93
1 57 9
1 57 16
1 57 19
1 57 26
1 57 27
1 57 29
1 57 37
1 57 46
1 57 48
1 57 59
1 57 68
1 57 69
1 57 77
1 57 86
1 57 87
1 57 89
1 57 98
1 57 99
2 53 0
2 53 2
2 53 3
2 53 4
2 53 5
2 53 12
2 53 13
2 53 14
2 53 20
2 53 21
2 53 23
2 53 25
2 53 30
2 53 33
2 53 40
2 53 41
2 53 42
2 53 43
2 53 45
2 53 50
2 53 53
2 53 54
2 53 55
2 53 60
2 53 62
2 53 63
2 53 64
2 53 70
2 53 71
2 53 75
2 53 80
2 53 83
2 53 93
2 53 94
2 57 7
2 57 9
2 57 18
2 57 29
2 57 36
2 57 37
2 57 48
2 57 56
2 57 57
2 57 58
2 57 59
2 57 66
2 57 67
2 57 69
2 57 86
2 57 96
2 57 97
3 53 3
3 53 11
3 53 12
3 53 15
3 53 25
3 53 31
3 53 32
3 53 33
3 53 34
3 53 35
3 53 42
3 53 45
3 53 51
3 53 52
3 53 53
3 53 55
3 53 61
3 53 63
3 53 64
3 53 65
3 53 74
3 53 75
3 53 82
3 53 83
3 53 84
3 53 90
3 53 92
3 53 95
3 57 8
3 57 16
3 57 27
3 57 37
3 57 38
3 57 39
3 57 46
3 57 48
3 57 57
3 57 59
3 57 66
3 57 67
3 57 69
3 57 76
3 57 78
3 57 86
3 57 88
3 57 89
3 57 98
4 53 2
4 53 3
4 53 4
4 53 5
4 53 12
4 53 22
4 53 24
4 53 25
4 53 30
4 53 31
4 53 32
4 53 40
4 53 42
4 53 44
4 53 50
4 53 51
4 53 52
4 53 53
4 53 60
4 53 62
4 53 64
4 53 73
4 53 75
4 53 80
4 53 82
4 53 83
4 53 85
4 53 91
4 53 93
4 57 7
4 57 8
4 57 17
4 57 18
4 57 26
4 57 29
4 57 39
4 57 47
4 57 49
4 57 57
4 57 67
4 57 69
4 57 76
4 57 78
4 57 89
4 57 97
4 57 99
5 53 1
5 53 2
5 53 11
5 53 12
5 53 13
5 53 14
5 53 30
5 53 32
5 53 33
5 53 34
5 53 41
5 53 42
5 53 43
5 53 44
5 53 45
5 53 53
5 53 54
5 53 55
5 53 60
5 53 61
5 53 63
5 53 64
5 53 70
5 53 74
5 53 82
5 53 85
5 53 90
5 53 91
5 53 95
5 57 19
5 57 26
5 57 36
5 57 38
5 57 47
5 57 48
5 57 49
5 57 57
5 57 66
5 57 78
5 57 89
5 57 99
6 53 0
6 53 2
6 53 3
6 53 4
6 53 11
6 53 12
6 53 20
6 53 23
6 53 24
6 53 31
6 53 33
6 53 34
6 53 43
6 53 44
6 53 52
6 53 53
6 53 55
6 53 60
6 53 62
6 53 63
6 53 64
6 53 71
6 53 72
6 53 74
6 53 75
6 53 82
6 53 84
6 53 90
6 53 92
6 57 7
6 57 18
6 57 19
6 57 26
6 57 27
6 57 29
6 57 36
6 57 37
6 57 38
6 57 39
6 57 56
6 57 57
6 57 66
6 57 69
6 57 76
6 57 77
6 57 87
6 57 98
6 57 99
7 53 1
7 53 5
7 53 10
7 53 12
7 53 13
7 53 14
7 53 15
7 53 20
7 53 21
7 53 23
7 53 24
7 53 30
7 53 31
7 53 32
7 53 33
7 53 35
7 53 41
7 53 50
7 53 51
7 53 61
7 53 62
7 53 64
7 53 73
7 53 74
7 53 82
7 53 83
7 53 91
7 53 92
7 53 93
7 53 94
7 57 6
7 57 8
7 57 9
7 57 16
7 57 17
7 57 18
7 57 46
7 57 49
7 57 66
7 57 69
7 57 77
7 57 79
7 57 86
7 57 87
7 57 97
7 57 98
7 57 99
8 53 5
8 53 10
8 53 11
8 53 12
8 53 14
8 53 15
8 53 20
8 53 23
8 53 25
8 53 32
8 53 33
8 53 34
8 53 35
8 53 40
8 53 43
8 53 45
8 53 50
8 53 51
8 53 53
8 53 54
8 53 62
8 53 65
8 53 72
8 53 73
8 53 74
8 53 75
8 53 80
8 53 81
8 53 84
8 53 85
8 53 93
8 53 95
8 57 9
8 57 17
8 57 18
8 57 19
8 57 29
8 57 46
8 57 48
8 57 56
8 57 58
8 57 59
8 57 66
8 57 67
8 57 68
8 57 77
8 57 79
8 57 89
8 57 96
9 53 1
9 53 3
9 53 10
9 53 15
9 53 23
9 53 24
9 53 25
9 53 32
9 53 33
9 53 34
9 53 35
9 53 40
9 53 43
9 53 44
9 53 45
9 53 55
9 53 61
9 53 62
9 53 63
9 53 64
9 53 65
9 53 70
9 53 75
9 53 80
9 53 82
9 53 91
9 53 93
9 53 95
9 57 7
9 57 8
9 57 27
9 57 28
9 57 36
9 57 46
9 57 47
9 57 56
9 57 66
9 57 77
9 57 87
9 57 89
9 57 96
9 57 97
9 57 99
--- Done ---
