0 57 66
0 57 67
0 57 76
0 57 77
0 57 78
0 57 86
0 57 87
1 35 3
1 35 10
1 35 16
1 35 19
1 35 25
1 35 26
1 35 27
1 35 29
1 35 37
1 35 46
1 35 63
1 35 68
1 35 69
1 35 74
1 35 77
1 35 80
1 35 93
1 57 5
1 57 9
1 57 24
1 57 31
1 57 40
1 57 43
1 57 44
1 57 45
1 57 48
1 57 53
1 57 54
1 57 55
1 57 59
1 57 60
1 57 62
1 57 75
1 57 82
1 57 83
1 57 86
1 57 87
1 57 89
1 57 98
1 57 99
2 35 0
2 35 3
2 35 4
2 35 5
2 35 7
2 35 12
2 35 13
2 35 18
2 35 21
2 35 23
2 35 25
2 35 29
2 35 30
2 35 37
2 35 40
2 35 41
2 35 42
2 35 55
2 35 56
2 35 58
2 35 59
2 35 60
2 35 64
2 35 69
2 35 70
2 35 80
2 35 86
2 35 93
2 57 2
2 57 9
2 57 14
2 57 20
2 57 33
2 57 36
2 57 43
2 57 45
2 57 48
2 57 50
2 57 53
2 57 54
2 57 57
2 57 62
2 57 63
2 57 66
2 57 67
2 57 71
2 57 75
2 57 83
2 57 94
2 57 96
2 57 97
3 35 3
3 35 8
3 35 11
3 35 12
3 35 15
3 35 16
3 35 25
3 35 27
3 35 32
3 35 33
3 35 34
3 35 35
3 35 37
3 35 39
3 35 46
3 35 51
3 35 59
3 35 63
3 35 67
3 35 78
3 35 83
3 35 95
3 57 31
3 57 38
3 57 42
3 57 45
3 57 48
3 57 52
3 57 53
3 57 55
3 57 57
3 57 61
3 57 64
3 57 65
3 57 66
3 57 69
3 57 74
3 57 75
3 57 76
3 57 82
3 57 84
3 57 86
3 57 88
3 57 89
3 57 90
3 57 92
3 57 98
4 35 4
4 35 5
4 35 7
4 35 8
4 35 18
4 35 25
4 35 26
4 35 30
4 35 44
4 35 51
4 35 52
4 35 53
4 35 62
4 35 73
4 35 80
4 35 83
4 35 93
4 57 2
4 57 3
4 57 12
4 57 17
4 57 22
4 57 24
4 57 29
4 57 31
4 57 32
4 57 39
4 57 40
4 57 42
4 57 47
4 57 49
4 57 50
4 57 57
4 57 60
4 57 64
4 57 67
4 57 69
4 57 75
4 57 76
4 57 78
4 57 82
4 57 85
4 57 89
4 57 91
4 57 97
4 57 99
5 35 1
5 35 11
5 35 12
5 35 19
5 35 33
5 35 34
5 35 41
5 35 42
5 35 48
5 35 60
5 35 61
5 35 64
5 35 70
5 35 82
5 35 95
5 57 2
5 57 13
5 57 14
5 57 26
5 57 30
5 57 32
5 57 36
5 57 38
5 57 43
5 57 44
5 57 45
5 57 47
5 57 49
5 57 53
5 57 54
5 57 55
5 57 57
5 57 63
5 57 66
5 57 74
5 57 78
5 57 85
5 57 89
5 57 90
5 57 91
5 57 99
6 35 0
6 35 4
6 35 7
6 35 11
6 35 12
6 35 18
6 35 19
6 35 24
6 35 26
6 35 27
6 35 29
6 35 34
6 35 36
6 35 43
6 35 52
6 35 53
6 35 55
6 35 56
6 35 76
6 35 87
6 57 2
6 57 3
6 57 20
6 57 23
6 57 31
6 57 33
6 57 37
6 57 38
6 57 39
6 57 44
6 57 57
6 57 60
6 57 62
6 57 63
6 57 64
6 57 66
6 57 69
6 57 71
6 57 72
6 57 74
6 57 75
6 57 77
6 57 82
6 57 84
6 57 90
6 57 92
6 57 98
6 57 99
7 35 1
7 35 6
7 35 8
7 35 9
7 35 10
7 35 12
7 35 14
7 35 15
7 35 21
7 35 23
7 35 30
7 35 35
7 35 50
7 35 51
7 35 64
7 35 66
7 35 82
7 35 91
7 35 93
7 57 5
7 57 13
7 57 16
7 57 17
7 57 18
7 57 20
7 57 24
7 57 31
7 57 32
7 57 33
7 57 41
7 57 46
7 57 49
7 57 61
7 57 62
7 57 69
7 57 73
7 57 74
7 57 77
7 57 79
7 57 83
7 57 86
7 57 87
7 57 92
7 57 94
7 57 97
7 57 98
7 57 99
8 35 5
8 35 9
8 35 10
8 35 11
8 35 14
8 35 15
8 35 18
8 35 23
8 35 25
8 35 34
8 35 35
8 35 40
8 35 48
8 35 51
8 35 56
8 35 59
8 35 68
8 35 77
8 35 79
8 35 80
8 35 81
8 35 93
8 57 12
8 57 17
8 57 19
8 57 20
8 57 29
8 57 32
8 57 33
8 57 43
8 57 45
8 57 46
8 57 50
8 57 53
8 57 54
8 57 58
8 57 62
8 57 65
8 57 66
8 57 67
8 57 72
8 57 73
8 57 74
8 57 75
8 57 84
8 57 85
8 57 89
8 57 95
8 57 96
9 35 7
9 35 10
9 35 23
9 35 25
9 35 27
9 35 32
9 35 34
9 35 35
9 35 36
9 35 40
9 35 44
9 35 47
9 35 62
9 35 63
9 35 80
9 35 91
9 35 93
9 57 1
9 57 3
9 57 8
9 57 15
9 57 24
9 57 28
9 57 33
9 57 43
9 57 45
9 57 46
9 57 55
9 57 56
9 57 61
9 57 64
9 57 65
9 57 66
9 57 70
9 57 75
9 57 77
9 57 82
9 57 87
9 57 89
9 57 95
9 57 96
9 57 97
9 57 99
--- Done ---
