0 57 66
0 57 67
0 57 76
0 57 77
0 57 78
0 57 86
0 57 87
1 52 3
1 52 10
1 52 24
1 52 31
1 52 40
1 52 43
1 52 44
1 52 53
1 52 54
1 52 60
1 52 62
1 52 63
1 52 74
1 52 80
1 52 82
1 52 83
1 52 93
1 57 5
1 57 9
1 57 16
1 57 19
1 57 25
1 57 26
1 57 27
1 57 29
1 57 37
1 57 45
1 57 46
1 57 48
1 57 55
1 57 59
1 57 68
1 57 69
1 57 75
1 57 77
1 57 86
1 57 87
1 57 89
1 57 98
1 57 99
2 52 0
2 52 2
2 52 3
2 52 4
2 52 12
2 52 13
2 52 14
2 52 20
2 52 21
2 52 23
2 52 30
2 52 33
2 52 40
2 52 41
2 52 42
2 52 43
2 52 50
2 52 53
2 52 54
2 52 60
2 52 62
2 52 63
2 52 64
2 52 70
2 52 71
2 52 80
2 52 83
2 52 93
2 52 94
2 57 5
2 57 7
2 57 9
2 57 18
2 57 25
2 57 29
2 57 36
2 57 37
2 57 45
2 57 48
2 57 55
2 57 56
2 57 57
2 57 58
2 57 59
2 57 66
2 57 67
2 57 69
2 57 75
2 57 86
2 57 96
2 57 97
3 52 3
3 52 11
3 52 12
3 52 31
3 52 32
3 52 33
3 52 34
3 52 42
3 52 51
3 52 52
3 52 53
3 52 61
3 52 63
3 52 64
3 52 74
3 52 82
3 52 83
3 52 84
3 52 90
3 52 92
3 57 8
3 57 15
3 57 16
3 57 25
3 57 27
3 57 35
3 57 37
3 57 38
3 57 39
3 57 45
3 57 46
3 57 48
3 57 55
3 57 57
3 57 59
3 57 65
3 57 66
3 57 67
3 57 69
3 57 75
3 57 76
3 57 78
3 57 86
3 57 88
3 57 89
3 57 95
3 57 98
4 52 2
4 52 3
4 52 4
4 52 12
4 52 22
4 52 24
4 52 30
4 52 31
4 52 32
4 52 40
4 52 42
4 52 44
4 52 50
4 52 51
4 52 52
4 52 53
4 52 60
4 52 62
4 52 64
4 52 73
4 52 80
4 52 82
4 52 83
4 52 91
4 52 93
4 57 5
4 57 7
4 57 8
4 57 17
4 57 18
4 57 25
4 57 26
4 57 29
4 57 39
4 57 47
4 57 49
4 57 57
4 57 67
4 57 69
4 57 75
4 57 76
4 57 78
4 57 85
4 57 89
4 57 97
4 57 99
5 52 1
5 52 2
5 52 11
5 52 12
5 52 13
5 52 14
5 52 30
5 52 32
5 52 33
5 52 34
5 52 41
5 52 42
5 52 43
5 52 44
5 52 53
5 52 54
5 52 60
5 52 61
5 52 63
5 52 64
5 52 70
5 52 74
5 52 82
5 52 90
5 52 91
5 57 19
5 57 26
5 57 36
5 57 38
5 57 45
5 57 47
5 57 48
5 57 49
5 57 55
5 57 57
5 57 66
5 57 78
5 57 85
5 57 89
5 57 95
5 57 99
6 52 0
6 52 2
6 52 3
6 52 4
6 52 11
6 52 12
6 52 20
6 52 23
6 52 24
6 52 31
6 52 33
6 52 34
6 52 43
6 52 44
6 52 52
6 52 53
6 52 60
6 52 62
6 52 63
6 52 64
6 52 71
6 52 72
6 52 74
6 52 82
6 52 84
6 52 90
6 52 92
6 57 7
6 57 18
6 57 19
6 57 26
6 57 27
6 57 29
6 57 36
6 57 37
6 57 38
6 57 39
6 57 55
6 57 56
6 57 57
6 57 66
6 57 69
6 57 75
6 57 76
6 57 77
6 57 87
6 57 98
6 57 99
7 52 1
7 52 10
7 52 12
7 52 13
7 52 14
7 52 20
7 52 21
7 52 23
7 52 24
7 52 30
7 52 31
7 52 32
7 52 33
7 52 41
7 52 50
7 52 51
7 52 61
7 52 62
7 52 64
7 52 73
7 52 74
7 52 82
7 52 83
7 52 91
7 52 92
7 52 93
7 52 94
7 57 5
7 57 6
7 57 8
7 57 9
7 57 15
7 57 16
7 57 17
7 57 18
7 57 35
7 57 46
7 57 49
7 57 66
7 57 69
7 57 77
7 57 79
7 57 86
7 57 87
7 57 97
7 57 98
7 57 99
8 52 10
8 52 11
8 52 12
8 52 14
8 52 20
8 52 23
8 52 32
8 52 33
8 52 34
8 52 40
8 52 43
8 52 50
8 52 51
8 52 53
8 52 54
8 52 62
8 52 72
8 52 73
8 52 74
8 52 80
8 52 81
8 52 84
8 52 93
8 57 5
8 57 9
8 57 15
8 57 17
8 57 18
8 57 19
8 57 25
8 57 29
8 57 35
8 57 45
8 57 46
8 57 48
8 57 56
8 57 58
8 57 59
8 57 65
8 57 66
8 57 67
8 57 68
8 57 75
8 57 77
8 57 79
8 57 85
8 57 89
8 57 95
8 57 96
9 52 1
9 52 3
9 52 10
9 52 23
9 52 24
9 52 32
9 52 33
9 52 34
9 52 40
9 52 43
9 52 44
9 52 61
9 52 62
9 52 63
9 52 64
9 52 70
9 52 80
9 52 82
9 52 91
9 52 93
9 57 7
9 57 8
9 57 15
9 57 25
9 57 27
9 57 28
9 57 35
9 57 36
9 57 45
9 57 46
9 57 47
9 57 55
9 57 56
9 57 65
9 57 66
9 57 75
9 57 77
9 57 87
9 57 89
9 57 95
9 57 96
9 57 97
9 57 99
--- Done ---
