0 57 66
0 57 67
0 57 76
0 57 77
0 57 78
0 57 86
0 57 87
1 33 9
1 33 10
1 33 24
1 33 31
1 33 40
1 33 53
1 33 60
1 33 69
1 33 80
1 33 82
1 33 93
1 57 3
1 57 5
1 57 16
1 57 19
1 57 25
1 57 26
1 57 27
1 57 29
1 57 37
1 57 43
1 57 44
1 57 45
1 57 46
1 57 48
1 57 54
1 57 55
1 57 59
1 57 62
1 57 63
1 57 68
1 57 74
1 57 75
1 57 77
1 57 83
1 57 86
1 57 87
1 57 89
1 57 98
1 57 99
2 33 0
2 33 2
2 33 4
2 33 9
2 33 14
2 33 20
2 33 33
2 33 40
2 33 41
2 33 50
2 33 53
2 33 58
2 33 60
2 33 70
2 33 75
2 33 80
2 33 93
2 33 94
2 57 3
2 57 5
2 57 7
2 57 12
2 57 13
2 57 18
2 57 21
2 57 23
2 57 25
2 57 29
2 57 30
2 57 36
2 57 37
2 57 42
2 57 43
2 57 45
2 57 48
2 57 54
2 57 55
2 57 56
2 57 57
2 57 59
2 57 62
2 57 63
2 57 64
2 57 66
2 57 67
2 57 69
2 57 71
2 57 83
2 57 86
2 57 96
2 57 97
3 33 31
3 33 33
3 33 53
3 41 11
3 41 51
3 41 82
3 41 90
3 57 3
3 57 8
3 57 12
3 57 15
3 57 16
3 57 25
3 57 27
3 57 32
3 57 34
3 57 35
3 57 37
3 57 38
3 57 39
3 57 42
3 57 45
3 57 46
3 57 48
3 57 52
3 57 55
3 57 57
3 57 59
3 57 61
3 57 63
3 57 64
3 57 65
3 57 66
3 57 67
3 57 69
3 57 74
3 57 75
3 57 76
3 57 78
3 57 83
3 57 84
3 57 86
3 57 88
3 57 89
3 57 92
3 57 95
3 57 98
4 33 2
4 33 4
4 33 22
4 33 24
4 33 39
4 33 40
4 33 50
4 33 51
4 33 67
4 33 91
4 33 93
4 41 31
4 41 53
4 41 60
4 41 80
4 41 82
4 57 3
4 57 5
4 57 7
4 57 8
4 57 12
4 57 17
4 57 18
4 57 25
4 57 26
4 57 29
4 57 30
4 57 32
4 57 42
4 57 44
4 57 47
4 57 49
4 57 52
4 57 57
4 57 62
4 57 64
4 57 69
4 57 73
4 57 75
4 57 76
4 57 78
4 57 83
4 57 85
4 57 89
4 57 97
4 57 99
5 33 1
5 33 2
5 33 11
5 33 14
5 33 33
5 33 60
5 41 34
5 41 41
5 41 44
5 41 53
5 41 70
5 41 82
5 41 90
5 41 91
5 57 12
5 57 13
5 57 19
5 57 26
5 57 30
5 57 32
5 57 36
5 57 38
5 57 42
5 57 43
5 57 45
5 57 47
5 57 48
5 57 49
5 57 54
5 57 55
5 57 57
5 57 61
5 57 63
5 57 64
5 57 66
5 57 74
5 57 78
5 57 85
5 57 89
5 57 95
5 57 99
6 33 0
6 33 2
6 33 4
6 33 24
6 33 31
6 33 33
6 33 53
6 33 60
6 41 11
6 41 20
6 41 66
6 41 82
6 41 90
6 57 3
6 57 7
6 57 12
6 57 18
6 57 19
6 57 23
6 57 26
6 57 27
6 57 29
6 57 34
6 57 36
6 57 37
6 57 38
6 57 39
6 57 43
6 57 44
6 57 52
6 57 55
6 57 56
6 57 57
6 57 62
6 57 63
6 57 64
6 57 69
6 57 71
6 57 72
6 57 74
6 57 75
6 57 76
6 57 77
6 57 84
6 57 87
6 57 92
6 57 98
6 57 99
7 33 1
7 33 9
7 33 14
7 33 24
7 33 31
7 33 33
7 33 50
7 33 51
7 33 82
7 33 94
7 41 10
7 41 20
7 41 41
7 41 91
7 41 93
7 57 5
7 57 6
7 57 8
7 57 12
7 57 13
7 57 15
7 57 16
7 57 17
7 57 18
7 57 21
7 57 23
7 57 30
7 57 32
7 57 35
7 57 46
7 57 49
7 57 61
7 57 62
7 57 64
7 57 66
7 57 69
7 57 73
7 57 74
7 57 77
7 57 79
7 57 83
7 57 86
7 57 87
7 57 92
7 57 97
7 57 98
7 57 99
8 33 9
8 33 10
8 33 14
8 33 33
8 33 50
8 41 11
8 41 20
8 41 40
8 41 51
8 41 53
8 41 80
8 41 81
8 41 93
8 57 5
8 57 12
8 57 15
8 57 17
8 57 18
8 57 19
8 57 23
8 57 25
8 57 29
8 57 32
8 57 34
8 57 35
8 57 43
8 57 45
8 57 46
8 57 48
8 57 54
8 57 56
8 57 58
8 57 59
8 57 62
8 57 65
8 57 66
8 57 67
8 57 68
8 57 72
8 57 73
8 57 74
8 57 75
8 57 77
8 57 79
8 57 84
8 57 85
8 57 89
8 57 95
8 57 96
9 33 1
9 33 10
9 33 24
9 33 33
9 41 40
9 41 66
9 41 70
9 41 80
9 41 82
9 41 91
9 41 93
9 57 3
9 57 7
9 57 8
9 57 15
9 57 23
9 57 25
9 57 27
9 57 28
9 57 32
9 57 34
9 57 35
9 57 36
9 57 43
9 57 44
9 57 45
9 57 46
9 57 47
9 57 55
9 57 56
9 57 61
9 57 62
9 57 63
9 57 64
9 57 65
9 57 75
9 57 77
9 57 87
9 57 89
9 57 95
9 57 96
9 57 97
9 57 99
--- Done ---
