0 57 66
0 57 67
0 57 76
0 57 77
0 57 78
0 57 86
0 57 87
1 33 5
1 33 9
1 33 10
1 33 16
1 33 24
1 33 25
1 33 26
1 33 31
1 33 37
1 33 40
1 33 44
1 33 45
1 33 53
1 33 59
1 33 60
1 33 68
1 33 69
1 33 80
1 33 82
1 33 83
1 33 93
1 57 3
1 57 19
1 57 27
1 57 29
1 57 43
1 57 46
1 57 48
1 57 54
1 57 55
1 57 62
1 57 63
1 57 74
1 57 75
1 57 77
1 57 86
1 57 87
1 57 89
1 57 98
1 57 99
2 33 0
2 33 2
2 33 3
2 33 4
2 33 5
2 33 7
2 33 9
2 33 12
2 33 14
2 33 18
2 33 20
2 33 21
2 33 23
2 33 25
2 33 33
2 33 37
2 33 40
2 33 41
2 33 50
2 33 53
2 33 56
2 33 58
2 33 59
2 33 60
2 33 63
2 33 66
2 33 70
2 33 75
2 33 80
2 33 93
2 33 94
2 33 96
2 33 97
2 57 13
2 57 29
2 57 30
2 57 36
2 57 42
2 57 43
2 57 45
2 57 48
2 57 54
2 57 55
2 57 57
2 57 62
2 57 64
2 57 67
2 57 69
2 57 71
2 57 83
2 57 86
3 52 11
3 52 12
3 52 15
3 52 31
3 52 32
3 52 34
3 52 35
3 52 42
3 52 45
3 52 46
3 52 48
3 52 51
3 52 52
3 52 53
3 52 61
3 52 64
3 52 66
3 52 75
3 52 82
3 52 83
3 52 88
3 52 90
3 52 92
3 57 3
3 57 8
3 57 16
3 57 25
3 57 27
3 57 33
3 57 37
3 57 38
3 57 39
3 57 55
3 57 57
3 57 59
3 57 63
3 57 65
3 57 67
3 57 69
3 57 74
3 57 76
3 57 78
3 57 84
3 57 86
3 57 89
3 57 95
3 57 98
4 52 2
4 52 4
4 52 7
4 52 12
4 52 22
4 52 24
4 52 25
4 52 31
4 52 32
4 52 40
4 52 42
4 52 44
4 52 50
4 52 51
4 52 52
4 52 53
4 52 60
4 52 80
4 52 82
4 52 83
4 52 89
4 52 91
4 52 93
4 57 3
4 57 5
4 57 8
4 57 17
4 57 18
4 57 26
4 57 29
4 57 30
4 57 39
4 57 47
4 57 49
4 57 57
4 57 62
4 57 64
4 57 67
4 57 69
4 57 73
4 57 75
4 57 76
4 57 78
4 57 85
4 57 97
4 57 99
5 52 1
5 52 2
5 52 11
5 52 12
5 52 14
5 52 30
5 52 32
5 52 33
5 52 34
5 52 41
5 52 42
5 52 48
5 52 53
5 52 54
5 52 60
5 52 61
5 52 63
5 52 70
5 52 82
5 52 90
5 52 91
5 57 13
5 57 19
5 57 26
5 57 36
5 57 38
5 57 43
5 57 44
5 57 45
5 57 47
5 57 49
5 57 55
5 57 57
5 57 64
5 57 66
5 57 74
5 57 78
5 57 85
5 57 89
5 57 95
5 57 99
6 52 0
6 52 2
6 52 4
6 52 11
6 52 12
6 52 20
6 52 24
6 52 31
6 52 33
6 52 36
6 52 52
6 52 53
6 52 55
6 52 60
6 52 62
6 52 63
6 52 64
6 52 71
6 52 72
6 52 75
6 52 77
6 52 82
6 52 84
6 52 90
6 57 3
6 57 7
6 57 18
6 57 19
6 57 23
6 57 26
6 57 27
6 57 29
6 57 34
6 57 37
6 57 38
6 57 39
6 57 43
6 57 44
6 57 56
6 57 57
6 57 66
6 57 69
6 57 74
6 57 76
6 57 87
6 57 92
6 57 98
6 57 99
7 43 1
7 43 5
7 43 10
7 43 12
7 43 14
7 43 16
7 43 17
7 43 20
7 43 21
7 43 24
7 43 30
7 43 31
7 43 32
7 43 41
7 43 46
7 43 49
7 43 50
7 43 51
7 43 66
7 43 73
7 43 79
7 43 82
7 43 91
7 43 92
7 43 93
7 43 94
7 57 6
7 57 8
7 57 9
7 57 13
7 57 15
7 57 18
7 57 23
7 57 33
7 57 35
7 57 61
7 57 62
7 57 64
7 57 69
7 57 74
7 57 77
7 57 83
7 57 86
7 57 87
7 57 97
7 57 98
7 57 99
8 43 10
8 43 11
8 43 12
8 43 14
8 43 15
8 43 20
8 43 23
8 43 25
8 43 32
8 43 34
8 43 40
8 43 43
8 43 45
8 43 46
8 43 48
8 43 50
8 43 51
8 43 53
8 43 54
8 43 80
8 43 81
8 43 93
8 57 5
8 57 9
8 57 17
8 57 18
8 57 19
8 57 29
8 57 33
8 57 35
8 57 56
8 57 58
8 57 59
8 57 62
8 57 65
8 57 66
8 57 67
8 57 68
8 57 72
8 57 73
8 57 74
8 57 75
8 57 77
8 57 79
8 57 84
8 57 85
8 57 89
8 57 95
8 57 96
9 33 1
9 33 3
9 33 10
9 33 24
9 33 28
9 33 32
9 33 33
9 33 36
9 33 40
9 33 43
9 33 47
9 33 61
9 33 62
9 33 64
9 33 70
9 33 80
9 33 82
9 33 91
9 33 93
9 33 97
9 57 7
9 57 8
9 57 15
9 57 23
9 57 25
9 57 27
9 57 34
9 57 35
9 57 44
9 57 45
9 57 46
9 57 55
9 57 56
9 57 63
9 57 65
9 57 66
9 57 75
9 57 77
9 57 87
9 57 89
9 57 95
9 57 96
9 57 99
--- Done ---
