0 57 66
0 57 67
0 57 76
0 57 77
0 57 78
0 57 86
0 57 87
1 15 3
1 15 5
1 15 9
1 15 19
1 15 24
1 53 10
1 53 31
1 53 40
1 53 53
1 53 60
1 53 62
1 57 16
1 57 25
1 57 26
1 57 27
1 57 29
1 57 37
1 57 43
1 57 44
1 57 45
1 57 46
1 57 48
1 57 54
1 57 55
1 57 59
1 57 63
1 57 68
1 57 69
1 57 74
1 57 75
1 57 77
1 57 83
1 57 86
1 57 87
1 57 89
1 57 99
1 94 80
1 94 82
1 94 93
1 94 98
2 15 0
2 15 2
2 15 3
2 15 4
2 15 5
2 15 7
2 15 9
2 15 14
2 15 20
2 15 21
2 15 23
2 15 30
2 53 12
2 53 33
2 53 40
2 53 41
2 53 50
2 53 53
2 53 60
2 53 70
2 53 71
2 57 13
2 57 18
2 57 25
2 57 29
2 57 36
2 57 37
2 57 42
2 57 43
2 57 45
2 57 48
2 57 54
2 57 55
2 57 56
2 57 57
2 57 58
2 57 59
2 57 63
2 57 64
2 57 66
2 57 67
2 57 69
2 57 75
2 57 83
2 57 86
2 57 96
2 94 62
2 94 80
2 94 93
2 94 94
2 94 97
3 15 3
3 15 8
3 15 11
3 15 15
3 15 52
3 53 12
3 53 31
3 53 32
3 53 51
3 53 53
3 53 61
3 53 82
3 53 84
3 53 88
3 53 95
3 57 16
3 57 25
3 57 27
3 57 34
3 57 35
3 57 37
3 57 38
3 57 39
3 57 42
3 57 45
3 57 46
3 57 48
3 57 55
3 57 57
3 57 59
3 57 63
3 57 64
3 57 65
3 57 66
3 57 67
3 57 69
3 57 74
3 57 75
3 57 76
3 57 78
3 57 83
3 57 86
3 57 89
3 94 33
3 94 90
3 94 92
3 94 98
4 15 2
4 15 3
4 15 4
4 15 5
4 15 8
4 15 22
4 15 24
4 15 30
4 15 52
4 53 7
4 53 12
4 53 31
4 53 32
4 53 40
4 53 50
4 53 51
4 53 53
4 53 60
4 53 73
4 57 17
4 57 18
4 57 25
4 57 26
4 57 29
4 57 39
4 57 42
4 57 44
4 57 47
4 57 49
4 57 57
4 57 64
4 57 67
4 57 69
4 57 75
4 57 76
4 57 78
4 57 83
4 57 85
4 57 89
4 57 99
4 94 62
4 94 80
4 94 82
4 94 91
4 94 93
4 94 97
5 15 1
5 15 2
5 15 11
5 15 19
5 15 30
5 15 32
5 53 12
5 53 14
5 53 41
5 53 53
5 53 60
5 53 61
5 53 70
5 53 82
5 53 91
5 53 95
5 57 13
5 57 26
5 57 34
5 57 36
5 57 38
5 57 42
5 57 43
5 57 44
5 57 45
5 57 47
5 57 48
5 57 49
5 57 54
5 57 55
5 57 57
5 57 63
5 57 64
5 57 66
5 57 74
5 57 78
5 57 85
5 57 89
5 57 99
5 94 33
5 94 90
6 15 0
6 15 2
6 15 3
6 15 4
6 15 7
6 15 11
6 15 19
6 15 23
6 15 24
6 15 33
6 15 52
6 53 12
6 53 20
6 53 31
6 53 53
6 53 60
6 53 62
6 53 72
6 53 82
6 53 84
6 57 18
6 57 26
6 57 27
6 57 29
6 57 34
6 57 36
6 57 37
6 57 38
6 57 39
6 57 43
6 57 44
6 57 55
6 57 56
6 57 57
6 57 63
6 57 64
6 57 66
6 57 69
6 57 74
6 57 75
6 57 76
6 57 77
6 57 87
6 57 99
6 94 71
6 94 90
6 94 92
6 94 98
7 15 1
7 15 5
7 15 8
7 15 9
7 15 15
7 15 21
7 15 23
7 15 24
7 15 30
7 15 32
7 53 10
7 53 12
7 53 14
7 53 20
7 53 31
7 53 33
7 53 41
7 53 50
7 53 51
7 53 61
7 53 62
7 53 73
7 53 82
7 57 6
7 57 13
7 57 16
7 57 17
7 57 18
7 57 35
7 57 46
7 57 49
7 57 64
7 57 66
7 57 69
7 57 74
7 57 77
7 57 79
7 57 83
7 57 86
7 57 87
7 57 99
7 94 91
7 94 92
7 94 93
7 94 94
7 94 97
7 94 98
8 15 5
8 15 9
8 15 11
8 15 15
8 15 19
8 15 23
8 15 32
8 53 10
8 53 12
8 53 14
8 53 20
8 53 40
8 53 50
8 53 51
8 53 53
8 53 72
8 53 73
8 57 17
8 57 18
8 57 25
8 57 29
8 57 34
8 57 35
8 57 43
8 57 45
8 57 46
8 57 48
8 57 54
8 57 56
8 57 58
8 57 59
8 57 65
8 57 66
8 57 67
8 57 68
8 57 74
8 57 75
8 57 77
8 57 79
8 57 85
8 57 89
8 57 96
8 94 33
8 94 62
8 94 80
8 94 81
8 94 84
8 94 93
8 94 95
9 15 1
9 15 3
9 15 7
9 15 8
9 15 15
9 15 23
9 15 24
9 15 32
9 15 33
9 53 10
9 53 40
9 53 61
9 53 62
9 53 82
9 53 91
9 57 25
9 57 27
9 57 28
9 57 34
9 57 35
9 57 36
9 57 43
9 57 44
9 57 45
9 57 46
9 57 47
9 57 55
9 57 56
9 57 63
9 57 64
9 57 65
9 57 66
9 57 75
9 57 77
9 57 87
9 57 89
9 57 96
9 57 99
9 94 70
9 94 80
9 94 93
9 94 95
9 94 97
--- Done ---
