0 72 72
0 72 82
0 72 83
0 72 92
0 72 93
1 2 0
1 2 10
1 2 11
1 2 21
1 2 22
1 2 32
1 2 36
1 6 5
1 6 26
1 6 35
1 37 25
1 37 37
1 37 47
1 37 55
1 37 56
1 37 57
1 37 59
1 37 65
1 41 20
1 41 24
1 41 30
1 41 33
1 41 34
1 41 40
1 41 41
1 41 43
1 41 44
1 41 53
1 72 50
1 72 52
1 72 60
1 72 61
1 72 63
1 72 70
1 72 72
1 72 73
1 72 81
1 72 92
1 87 76
1 87 79
1 87 87
1 87 94
1 87 95
1 87 96
1 87 97
2 2 4
2 2 11
2 2 13
2 2 14
2 2 21
2 2 22
2 2 23
2 2 36
2 6 6
2 6 8
2 6 15
2 6 35
2 37 18
2 37 19
2 37 25
2 37 27
2 37 29
2 37 38
2 37 39
2 37 46
2 37 47
2 37 49
2 37 55
2 37 59
2 41 20
2 41 33
2 41 40
2 41 41
2 41 50
2 41 51
2 41 52
2 67 34
2 67 58
2 67 79
2 67 85
2 72 63
2 72 72
2 72 74
2 72 83
2 72 84
2 87 76
2 87 88
3 2 22
3 2 36
3 6 7
3 6 8
3 6 15
3 6 16
3 6 26
3 37 39
3 37 47
3 37 56
3 37 57
3 41 24
3 41 30
3 41 31
3 41 33
3 41 41
3 41 42
3 41 43
3 41 53
3 67 46
3 67 54
3 67 55
3 67 67
3 67 69
3 67 77
3 67 78
3 67 85
3 67 97
3 72 60
3 72 61
3 72 63
3 72 64
3 72 72
3 72 73
3 72 74
3 72 83
3 81 62
3 81 80
3 81 91
3 81 93
3 87 66
3 87 79
3 87 98
4 2 2
4 2 4
4 2 11
4 2 21
4 2 23
4 6 5
4 6 7
4 6 16
4 6 26
4 6 35
4 37 19
4 37 28
4 37 29
4 37 37
4 37 38
4 37 45
4 37 48
4 37 55
4 37 57
4 41 31
4 41 41
4 41 43
4 41 44
4 41 53
4 67 65
4 67 67
4 67 69
4 72 51
4 72 63
4 72 64
4 72 71
4 72 74
4 72 82
4 72 84
4 72 92
4 72 93
4 81 60
4 81 80
4 87 66
4 87 76
4 87 86
4 87 87
4 87 89
4 87 96
4 87 98
5 2 1
5 2 3
5 2 4
5 2 11
5 2 13
5 2 23
5 2 32
5 2 36
5 6 5
5 6 6
5 6 8
5 6 26
5 6 35
5 37 18
5 37 25
5 37 29
5 37 39
5 37 45
5 37 47
5 37 48
5 37 49
5 37 55
5 37 56
5 37 59
5 37 65
5 41 31
5 41 41
5 41 42
5 67 34
5 67 57
5 67 58
5 67 67
5 67 68
5 67 69
5 67 79
5 67 97
5 72 74
5 72 75
5 72 83
5 81 51
5 81 60
5 81 61
5 81 62
5 81 73
5 81 92
5 87 76
5 87 88
5 87 96
5 87 98
6 2 2
6 2 10
6 2 12
6 2 13
6 2 21
6 2 22
6 2 32
6 6 6
6 6 8
6 6 9
6 6 15
6 6 26
6 6 35
6 37 19
6 37 25
6 37 27
6 37 28
6 37 37
6 37 38
6 37 39
6 37 45
6 37 56
6 41 20
6 41 30
6 41 40
6 41 41
6 41 42
6 41 44
6 67 34
6 67 46
6 67 48
6 67 54
6 67 55
6 67 58
6 67 65
6 67 67
6 67 68
6 67 69
6 67 78
6 67 86
6 67 89
6 67 97
6 72 63
6 72 74
6 81 73
6 87 87
6 87 94
6 87 95
6 87 98
7 2 4
7 2 21
7 2 36
7 6 5
7 6 9
7 6 15
7 6 16
7 37 17
7 37 18
7 37 19
7 37 27
7 37 28
7 37 39
7 37 47
7 37 56
7 41 30
7 41 40
7 41 41
7 41 44
7 41 53
7 67 46
7 67 48
7 67 54
7 67 55
7 67 58
7 67 66
7 67 69
7 67 79
7 67 85
7 67 89
7 72 51
7 72 60
7 72 62
7 72 63
7 72 70
7 72 74
7 72 75
7 72 83
7 72 84
7 87 87
7 87 94
7 87 95
7 87 96
7 87 99
8 2 0
8 2 1
8 2 2
8 2 12
8 2 14
8 2 21
8 2 32
8 2 36
8 6 9
8 37 18
8 37 25
8 37 27
8 37 28
8 37 37
8 37 45
8 37 46
8 37 49
8 37 55
8 37 65
8 41 20
8 41 24
8 41 33
8 41 41
8 41 42
8 41 43
8 41 53
8 67 58
8 67 67
8 72 52
8 72 62
8 72 63
8 72 64
8 72 71
8 72 74
8 72 75
8 72 82
8 72 84
8 72 93
8 81 91
8 87 66
8 87 68
8 87 76
8 87 79
8 87 95
8 87 96
8 87 99
9 2 0
9 2 1
9 2 2
9 2 3
9 2 4
9 2 32
9 6 7
9 6 8
9 6 16
9 6 35
9 37 17
9 37 47
9 41 20
9 41 30
9 41 31
9 41 33
9 41 34
9 41 42
9 41 43
9 41 53
9 67 54
9 67 57
9 67 58
9 67 65
9 67 68
9 67 77
9 72 50
9 72 52
9 72 61
9 72 62
9 72 71
9 72 72
9 72 74
9 72 75
9 72 84
9 72 92
9 72 93
9 81 91
9 87 87
9 87 88
9 87 96
9 87 99
--- Done ---
