0 52 72
0 52 82
0 52 83
0 52 92
0 52 93
1 2 0
1 2 5
1 2 10
1 2 11
1 2 20
1 2 21
1 2 22
1 2 24
1 2 25
1 2 30
1 2 33
1 2 36
1 2 41
1 2 44
1 52 26
1 52 32
1 52 40
1 52 43
1 52 50
1 52 52
1 52 55
1 52 60
1 52 61
1 52 63
1 52 70
1 52 72
1 52 73
1 52 81
1 52 92
1 52 94
1 52 96
1 65 34
1 65 35
1 65 37
1 65 47
1 65 53
1 65 56
1 65 57
1 65 59
1 65 65
1 65 76
1 65 79
1 65 87
1 65 95
1 65 97
2 2 4
2 2 11
2 2 13
2 2 14
2 2 15
2 2 19
2 2 20
2 2 21
2 2 22
2 2 23
2 2 25
2 2 33
2 2 36
2 2 40
2 2 41
2 52 6
2 52 34
2 52 50
2 52 51
2 52 52
2 52 55
2 52 63
2 52 72
2 52 74
2 52 83
2 52 84
2 52 85
2 59 18
2 59 27
2 59 29
2 59 46
2 59 47
2 59 58
2 59 59
2 59 76
2 59 88
2 65 8
2 65 35
2 65 38
2 65 39
2 65 49
2 65 79
3 2 15
3 2 16
3 2 22
3 2 24
3 2 30
3 2 31
3 2 33
3 2 36
3 2 41
3 2 42
3 52 46
3 52 53
3 52 54
3 52 55
3 52 60
3 52 61
3 52 62
3 52 63
3 52 72
3 52 73
3 52 80
3 52 83
3 52 91
3 52 93
3 59 7
3 59 26
3 59 39
3 59 47
3 59 69
3 59 77
3 59 78
3 59 79
3 59 98
3 65 8
3 65 43
3 65 56
3 65 57
3 65 64
3 65 66
3 65 67
3 65 74
3 65 85
3 65 97
4 2 2
4 2 4
4 2 5
4 2 11
4 2 16
4 2 19
4 2 21
4 2 23
4 2 31
4 2 41
4 2 44
4 52 43
4 52 51
4 52 53
4 52 60
4 52 64
4 52 71
4 52 74
4 52 80
4 52 82
4 52 84
4 52 92
4 59 7
4 59 26
4 59 28
4 59 29
4 59 37
4 59 45
4 59 48
4 59 55
4 59 69
4 59 76
4 59 89
4 59 96
4 59 98
4 65 35
4 65 38
4 65 57
4 65 63
4 65 65
4 65 66
4 65 67
4 65 86
4 65 87
4 65 93
5 2 1
5 2 3
5 2 4
5 2 5
5 2 11
5 2 13
5 2 23
5 2 25
5 2 31
5 2 32
5 2 36
5 2 41
5 2 62
5 52 6
5 52 42
5 52 45
5 52 51
5 52 55
5 52 60
5 52 61
5 52 68
5 52 73
5 52 74
5 52 83
5 52 92
5 59 18
5 59 26
5 59 29
5 59 39
5 59 48
5 59 56
5 59 58
5 59 59
5 59 69
5 59 76
5 59 79
5 59 88
5 65 8
5 65 34
5 65 35
5 65 47
5 65 49
5 65 57
5 65 65
5 65 67
5 65 75
5 65 96
5 65 97
5 65 98
6 2 2
6 2 9
6 2 10
6 2 12
6 2 13
6 2 15
6 2 19
6 2 20
6 2 21
6 2 22
6 2 25
6 2 30
6 2 32
6 2 40
6 52 6
6 52 41
6 52 42
6 52 44
6 52 45
6 52 54
6 52 55
6 52 63
6 52 74
6 52 94
6 59 26
6 59 27
6 59 28
6 59 37
6 59 48
6 59 56
6 59 67
6 59 68
6 59 69
6 59 78
6 59 86
6 59 89
6 59 95
6 59 98
6 65 8
6 65 34
6 65 35
6 65 38
6 65 39
6 65 46
6 65 58
6 65 65
6 65 73
6 65 87
6 65 97
7 2 4
7 2 5
7 2 9
7 2 15
7 2 16
7 2 17
7 2 19
7 2 21
7 2 30
7 2 36
7 2 62
7 52 40
7 52 41
7 52 44
7 52 51
7 52 55
7 52 60
7 52 70
7 52 74
7 52 75
7 52 83
7 52 94
7 59 18
7 59 27
7 59 28
7 59 46
7 59 47
7 59 48
7 59 53
7 59 54
7 59 56
7 59 58
7 59 69
7 59 79
7 59 85
7 59 87
7 59 89
7 59 95
7 59 96
7 59 99
7 65 39
7 65 63
7 65 66
7 65 84
8 2 0
8 2 1
8 2 2
8 2 9
8 2 12
8 2 14
8 2 20
8 2 21
8 2 24
8 2 25
8 2 33
8 2 36
8 2 41
8 2 62
8 52 32
8 52 42
8 52 52
8 52 55
8 52 63
8 52 71
8 52 74
8 52 75
8 52 82
8 52 84
8 52 91
8 52 93
8 52 96
8 59 18
8 59 28
8 59 49
8 59 53
8 59 66
8 59 67
8 59 76
8 59 79
8 59 95
8 59 99
8 65 27
8 65 37
8 65 43
8 65 45
8 65 46
8 65 58
8 65 64
8 65 65
8 65 68
9 2 0
9 2 1
9 2 2
9 2 3
9 2 4
9 2 16
9 2 17
9 2 20
9 2 30
9 2 31
9 2 32
9 2 33
9 2 43
9 52 34
9 52 42
9 52 50
9 52 52
9 52 53
9 52 54
9 52 61
9 52 62
9 52 68
9 52 71
9 52 72
9 52 74
9 52 84
9 52 91
9 52 92
9 52 93
9 52 96
9 59 7
9 59 47
9 59 57
9 59 77
9 59 88
9 59 99
9 65 8
9 65 35
9 65 58
9 65 65
9 65 75
9 65 87
--- Done ---
