0 72 72
0 72 82
0 72 83
0 72 92
0 72 93
1 2 0
1 2 10
1 2 11
1 2 21
1 2 22
1 2 32
1 2 36
1 16 5
1 16 25
1 16 26
1 16 35
1 37 37
1 37 47
1 37 55
1 37 56
1 37 57
1 37 59
1 37 65
1 41 20
1 41 24
1 41 30
1 41 33
1 41 34
1 41 40
1 41 41
1 41 43
1 41 44
1 41 53
1 72 50
1 72 52
1 72 60
1 72 61
1 72 63
1 72 70
1 72 72
1 72 73
1 72 81
1 72 92
1 87 76
1 87 79
1 87 87
1 87 94
1 87 95
1 87 96
1 87 97
2 2 4
2 2 11
2 2 13
2 2 14
2 2 21
2 2 22
2 2 23
2 2 36
2 16 6
2 16 8
2 16 15
2 16 18
2 16 35
2 37 19
2 37 25
2 37 27
2 37 29
2 37 38
2 37 39
2 37 46
2 37 47
2 37 49
2 37 55
2 37 59
2 41 20
2 41 33
2 41 34
2 41 40
2 41 41
2 41 50
2 41 51
2 41 52
2 41 72
2 75 58
2 75 63
2 75 74
2 75 83
2 75 84
2 75 85
2 87 76
2 87 79
2 87 88
3 2 22
3 2 36
3 7 7
3 7 8
3 7 15
3 7 16
3 7 26
3 41 24
3 41 30
3 41 31
3 41 33
3 41 41
3 41 42
3 41 43
3 41 53
3 47 39
3 47 46
3 47 47
3 47 56
3 47 57
3 47 67
3 47 79
3 75 54
3 75 55
3 75 64
3 75 66
3 75 74
3 75 83
3 75 85
3 81 60
3 81 61
3 81 62
3 81 63
3 81 72
3 81 73
3 81 80
3 81 91
3 81 93
3 88 69
3 88 77
3 88 78
3 88 97
3 88 98
4 2 2
4 2 4
4 2 11
4 2 21
4 2 23
4 7 5
4 7 7
4 7 16
4 7 19
4 7 26
4 41 31
4 41 41
4 41 43
4 41 44
4 41 51
4 41 53
4 47 28
4 47 29
4 47 37
4 47 38
4 47 45
4 47 48
4 47 57
4 47 66
4 75 35
4 75 55
4 75 63
4 75 64
4 75 65
4 75 74
4 75 76
4 75 84
4 75 86
4 75 96
4 81 60
4 81 71
4 81 80
4 81 82
4 81 92
4 81 93
4 88 67
4 88 69
4 88 87
4 88 89
4 88 98
5 2 1
5 2 3
5 2 4
5 2 11
5 2 13
5 2 23
5 2 32
5 2 36
5 7 5
5 7 6
5 7 8
5 7 26
5 37 18
5 37 25
5 37 29
5 37 39
5 37 45
5 37 47
5 37 48
5 37 49
5 37 55
5 37 56
5 37 57
5 37 59
5 37 65
5 41 31
5 41 34
5 41 41
5 41 42
5 75 35
5 75 58
5 75 74
5 75 75
5 75 76
5 75 83
5 75 96
5 81 51
5 81 60
5 81 61
5 81 62
5 81 73
5 81 92
5 88 67
5 88 68
5 88 69
5 88 79
5 88 88
5 88 97
5 88 98
6 2 2
6 2 10
6 2 12
6 2 13
6 2 21
6 2 22
6 2 32
6 7 6
6 7 8
6 7 9
6 7 15
6 7 19
6 7 26
6 37 25
6 37 27
6 37 28
6 37 37
6 37 45
6 37 48
6 37 55
6 37 56
6 37 65
6 41 20
6 41 30
6 41 34
6 41 40
6 41 41
6 41 42
6 41 44
6 58 38
6 58 39
6 58 46
6 58 58
6 58 69
6 75 35
6 75 54
6 75 63
6 75 73
6 75 74
6 87 67
6 87 68
6 87 78
6 87 86
6 87 87
6 87 89
6 87 94
6 87 95
6 87 97
6 87 98
7 2 4
7 2 21
7 2 36
7 7 5
7 7 9
7 7 15
7 7 16
7 7 17
7 7 18
7 7 19
7 7 27
7 48 46
7 48 48
7 51 30
7 51 40
7 51 41
7 51 44
7 51 51
7 51 53
7 51 60
7 51 62
7 51 63
7 51 70
7 58 28
7 58 39
7 58 47
7 58 58
7 58 69
7 75 54
7 75 55
7 75 56
7 75 66
7 75 74
7 75 75
7 75 83
7 75 84
7 75 85
7 75 96
7 87 79
7 87 87
7 87 89
7 87 94
7 87 95
7 87 99
8 2 0
8 2 1
8 2 2
8 2 12
8 2 14
8 2 21
8 2 36
8 7 9
8 7 18
8 7 24
8 7 25
8 7 27
8 32 20
8 32 32
8 32 33
8 32 41
8 32 42
8 32 45
8 32 52
8 48 28
8 48 37
8 48 46
8 48 49
8 48 58
8 51 53
8 51 62
8 51 71
8 63 43
8 63 55
8 63 63
8 63 64
8 63 65
8 63 74
8 63 75
8 63 76
8 63 82
8 63 84
8 63 91
8 63 93
8 87 66
8 87 67
8 87 68
8 87 79
8 87 95
8 87 96
8 87 99
9 2 0
9 2 1
9 2 2
9 2 3
9 2 4
9 6 7
9 6 8
9 6 16
9 6 17
9 6 34
9 32 20
9 32 30
9 32 31
9 32 32
9 32 33
9 32 43
9 32 52
9 63 35
9 63 42
9 63 53
9 63 54
9 63 72
9 63 74
9 63 75
9 63 91
9 63 93
9 73 50
9 73 61
9 73 62
9 73 65
9 73 71
9 73 84
9 73 92
9 78 47
9 78 57
9 78 58
9 78 68
9 78 77
9 78 87
9 78 88
9 78 96
9 78 99
--- Done ---
