0 37 12
0 37 13
0 37 22
0 37 23
0 37 24
1 34 6
1 34 8
1 34 9
1 34 12
1 34 15
1 34 17
1 34 20
1 34 23
1 34 24
1 34 26
1 34 28
1 34 32
1 34 33
1 34 34
1 34 35
1 34 40
1 34 45
1 34 51
1 34 61
1 34 71
1 34 74
1 34 81
1 34 94
1 34 97
1 37 4
1 37 22
1 37 30
1 37 37
1 37 38
1 37 39
1 37 43
1 37 46
1 37 48
1 37 54
1 37 55
1 37 56
1 37 59
1 37 62
1 37 66
1 37 68
1 37 72
1 37 73
1 37 76
1 37 86
1 37 90
1 37 91
1 37 96
1 37 98
2 34 3
2 34 5
2 34 6
2 34 11
2 34 12
2 34 24
2 34 25
2 34 26
2 34 32
2 34 50
2 34 92
2 34 94
2 34 95
2 37 0
2 37 2
2 37 10
2 37 13
2 37 19
2 37 36
2 37 37
2 37 38
2 37 46
2 37 48
2 37 55
2 37 57
2 37 62
2 37 63
2 37 64
2 37 66
2 37 67
2 37 69
2 37 73
2 37 74
2 37 78
2 37 79
2 37 83
2 37 86
2 37 87
2 37 90
2 37 91
2 37 93
2 37 97
3 34 8
3 34 9
3 34 15
3 34 18
3 34 23
3 34 25
3 34 31
3 34 36
3 34 45
3 34 47
3 34 61
3 34 80
3 34 84
3 34 89
3 34 94
3 34 97
3 34 98
3 37 1
3 37 7
3 37 16
3 37 21
3 37 22
3 37 24
3 37 27
3 37 33
3 37 37
3 37 43
3 37 50
3 37 51
3 37 54
3 37 62
3 37 64
3 37 65
3 37 66
3 37 68
3 37 72
3 37 73
3 37 75
3 37 82
3 37 83
3 37 86
3 37 88
3 37 90
3 37 93
4 34 2
4 34 5
4 34 6
4 34 15
4 34 20
4 34 22
4 34 25
4 34 26
4 34 27
4 34 34
4 34 35
4 34 39
4 34 43
4 34 46
4 34 52
4 34 53
4 34 61
4 34 62
4 34 63
4 34 72
4 34 73
4 34 80
4 34 84
4 34 92
4 34 98
4 37 3
4 37 4
4 37 11
4 37 12
4 37 14
4 37 29
4 37 44
4 37 47
4 37 48
4 37 51
4 37 56
4 37 57
4 37 64
4 37 65
4 37 67
4 37 74
4 37 75
4 37 83
4 37 85
4 37 87
4 37 88
4 37 91
5 34 3
5 34 5
5 34 11
5 34 12
5 34 15
5 34 16
5 34 18
5 34 22
5 34 24
5 34 25
5 34 26
5 34 28
5 34 29
5 34 30
5 34 31
5 34 39
5 34 42
5 34 46
5 34 47
5 34 53
5 34 54
5 34 64
5 34 73
5 34 82
5 34 85
5 34 94
5 37 0
5 37 1
5 37 7
5 37 32
5 37 36
5 37 44
5 37 45
5 37 62
5 37 65
5 37 67
5 37 71
5 37 75
5 37 76
5 37 77
5 37 79
5 37 84
5 37 93
5 37 96
5 37 98
6 34 39
6 34 40
6 34 68
6 34 81
6 34 82
6 34 92
6 34 95
6 37 0
6 37 1
6 37 4
6 37 5
6 37 7
6 37 11
6 37 15
6 37 16
6 37 17
6 37 18
6 37 19
6 37 20
6 37 22
6 37 25
6 37 28
6 37 29
6 37 31
6 37 35
6 37 43
6 37 44
6 37 47
6 37 48
6 37 53
6 37 55
6 37 56
6 37 57
6 37 58
6 37 60
6 37 62
6 37 66
6 37 67
6 37 70
6 37 72
6 37 74
6 37 76
6 37 77
6 37 78
6 37 85
6 37 90
6 37 98
7 34 6
7 34 14
7 34 22
7 34 26
7 34 28
7 34 34
7 34 47
7 34 49
7 34 50
7 34 53
7 34 61
7 34 68
7 34 76
7 34 81
7 34 89
7 34 92
7 34 94
7 34 95
7 37 3
7 37 7
7 37 8
7 37 12
7 37 16
7 37 17
7 37 18
7 37 19
7 37 20
7 37 24
7 37 27
7 37 30
7 37 33
7 37 36
7 37 38
7 37 42
7 37 43
7 37 46
7 37 48
7 37 51
7 37 55
7 37 56
7 37 62
7 37 64
7 37 67
7 37 69
7 37 71
7 37 72
7 37 73
7 37 74
7 37 78
7 37 86
7 37 90
7 37 93
8 34 32
8 34 34
8 34 40
8 34 45
8 34 89
8 34 97
8 37 0
8 37 1
8 37 2
8 37 3
8 37 5
8 37 7
8 37 12
8 37 16
8 37 18
8 37 20
8 37 22
8 37 24
8 37 25
8 37 29
8 37 30
8 37 35
8 37 36
8 37 43
8 37 46
8 37 47
8 37 49
8 37 51
8 37 54
8 37 57
8 37 59
8 37 63
8 37 64
8 37 65
8 37 66
8 37 67
8 37 69
8 37 70
8 37 74
8 37 75
8 37 76
8 37 78
8 37 87
8 37 90
8 37 91
8 37 96
9 34 11
9 34 13
9 34 15
9 34 23
9 34 24
9 34 25
9 34 28
9 34 30
9 34 34
9 34 47
9 34 52
9 34 54
9 34 78
9 34 80
9 34 81
9 34 82
9 34 89
9 34 98
9 37 0
9 37 1
9 37 2
9 37 9
9 37 12
9 37 14
9 37 18
9 37 21
9 37 26
9 37 31
9 37 33
9 37 35
9 37 39
9 37 42
9 37 43
9 37 44
9 37 45
9 37 46
9 37 48
9 37 49
9 37 53
9 37 55
9 37 57
9 37 63
9 37 68
9 37 70
9 37 72
9 37 75
9 37 77
9 37 84
9 37 88
9 37 90
--- Done ---
