0 43 12
0 43 13
0 43 22
0 43 23
0 43 24
1 37 6
1 37 8
1 37 9
1 37 15
1 37 17
1 37 26
1 37 28
1 37 35
1 37 37
1 37 38
1 37 39
1 37 46
1 37 48
1 37 56
1 37 59
1 37 66
1 37 68
1 37 76
1 37 97
1 37 98
1 43 4
1 43 12
1 43 20
1 43 22
1 43 23
1 43 24
1 43 30
1 43 32
1 43 33
1 43 34
1 43 40
1 43 43
1 43 45
1 43 51
1 43 54
1 43 55
1 43 61
1 43 62
1 43 71
1 43 72
1 43 73
1 43 74
1 43 81
1 43 86
1 43 90
1 43 91
1 43 94
1 43 96
2 37 5
2 37 6
2 37 19
2 37 25
2 37 26
2 37 36
2 37 37
2 37 38
2 37 46
2 37 48
2 37 57
2 37 66
2 37 67
2 37 69
2 37 78
2 37 79
2 37 87
2 37 97
2 43 0
2 43 2
2 43 3
2 43 10
2 43 11
2 43 12
2 43 13
2 43 24
2 43 32
2 43 50
2 43 55
2 43 62
2 43 63
2 43 64
2 43 73
2 43 74
2 43 83
2 43 86
2 43 90
2 43 91
2 43 92
2 43 93
2 43 94
2 43 95
3 37 7
3 37 8
3 37 9
3 37 15
3 37 16
3 37 18
3 37 25
3 37 27
3 37 36
3 37 37
3 37 47
3 37 66
3 37 68
3 37 88
3 37 89
3 37 97
3 37 98
3 43 1
3 43 21
3 43 22
3 43 23
3 43 24
3 43 31
3 43 33
3 43 43
3 43 45
3 43 50
3 43 51
3 43 54
3 43 61
3 43 62
3 43 64
3 43 65
3 43 72
3 43 73
3 43 75
3 43 80
3 43 82
3 43 83
3 43 84
3 43 86
3 43 90
3 43 93
3 43 94
4 37 5
4 37 6
4 37 15
4 37 25
4 37 26
4 37 27
4 37 29
4 37 35
4 37 39
4 37 46
4 37 47
4 37 48
4 37 56
4 37 57
4 37 67
4 37 87
4 37 88
4 37 98
4 43 2
4 43 3
4 43 4
4 43 11
4 43 12
4 43 14
4 43 20
4 43 22
4 43 34
4 43 43
4 43 44
4 43 51
4 43 52
4 43 53
4 43 61
4 43 62
4 43 63
4 43 64
4 43 65
4 43 72
4 43 73
4 43 74
4 43 75
4 43 80
4 43 83
4 43 84
4 43 85
4 43 91
4 43 92
5 37 5
5 37 7
5 37 15
5 37 16
5 37 18
5 37 25
5 37 26
5 37 28
5 37 29
5 37 36
5 37 39
5 37 46
5 37 47
5 37 67
5 37 76
5 37 77
5 37 79
5 37 98
5 43 0
5 43 1
5 43 3
5 43 11
5 43 12
5 43 22
5 43 24
5 43 30
5 43 31
5 43 32
5 43 42
5 43 44
5 43 45
5 43 53
5 43 54
5 43 62
5 43 64
5 43 65
5 43 71
5 43 73
5 43 75
5 43 82
5 43 84
5 43 85
5 43 93
5 43 94
5 43 96
6 37 5
6 37 7
6 37 15
6 37 16
6 37 17
6 37 18
6 37 19
6 37 25
6 37 28
6 37 29
6 37 35
6 37 39
6 37 47
6 37 48
6 37 56
6 37 57
6 37 58
6 37 66
6 37 67
6 37 68
6 37 76
6 37 77
6 37 78
6 37 98
6 43 0
6 43 1
6 43 4
6 43 11
6 43 20
6 43 22
6 43 31
6 43 40
6 43 43
6 43 44
6 43 53
6 43 55
6 43 60
6 43 62
6 43 70
6 43 72
6 43 74
6 43 81
6 43 82
6 43 85
6 43 90
6 43 92
6 43 95
7 37 6
7 37 7
7 37 8
7 37 16
7 37 17
7 37 18
7 37 19
7 37 26
7 37 27
7 37 28
7 37 36
7 37 38
7 37 46
7 37 47
7 37 48
7 37 49
7 37 56
7 37 67
7 37 68
7 37 69
7 37 76
7 37 78
7 37 89
7 43 3
7 43 12
7 43 14
7 43 20
7 43 22
7 43 24
7 43 30
7 43 33
7 43 34
7 43 42
7 43 43
7 43 50
7 43 51
7 43 53
7 43 55
7 43 61
7 43 62
7 43 64
7 43 71
7 43 72
7 43 73
7 43 74
7 43 81
7 43 86
7 43 90
7 43 92
7 43 93
7 43 94
7 43 95
8 37 5
8 37 7
8 37 16
8 37 18
8 37 25
8 37 29
8 37 35
8 37 36
8 37 46
8 37 47
8 37 49
8 37 57
8 37 59
8 37 66
8 37 67
8 37 69
8 37 76
8 37 78
8 37 87
8 37 89
8 37 97
8 43 0
8 43 1
8 43 2
8 43 3
8 43 12
8 43 20
8 43 22
8 43 24
8 43 30
8 43 32
8 43 34
8 43 40
8 43 43
8 43 45
8 43 51
8 43 54
8 43 63
8 43 64
8 43 65
8 43 70
8 43 74
8 43 75
8 43 90
8 43 91
8 43 96
9 37 9
9 37 15
9 37 18
9 37 25
9 37 26
9 37 28
9 37 35
9 37 39
9 37 46
9 37 47
9 37 48
9 37 49
9 37 57
9 37 68
9 37 77
9 37 78
9 37 88
9 37 89
9 37 98
9 43 0
9 43 1
9 43 2
9 43 11
9 43 12
9 43 13
9 43 14
9 43 21
9 43 23
9 43 24
9 43 30
9 43 31
9 43 33
9 43 34
9 43 42
9 43 43
9 43 44
9 43 45
9 43 52
9 43 53
9 43 54
9 43 55
9 43 63
9 43 70
9 43 72
9 43 75
9 43 80
9 43 81
9 43 82
9 43 84
9 43 90
--- Done ---
