0 44 12
0 44 13
0 44 22
0 44 23
0 44 24
1 37 6
1 37 8
1 37 9
1 37 15
1 37 17
1 37 26
1 37 28
1 37 37
1 37 38
1 37 39
1 37 46
1 37 48
1 37 56
1 37 59
1 37 68
1 37 98
1 44 4
1 44 12
1 44 20
1 44 22
1 44 23
1 44 24
1 44 30
1 44 32
1 44 33
1 44 34
1 44 35
1 44 40
1 44 43
1 44 45
1 44 51
1 44 54
1 44 55
1 44 61
1 44 62
1 44 66
1 44 71
1 44 72
1 44 73
1 44 74
1 44 76
1 44 81
1 44 86
1 44 90
1 44 91
1 44 94
1 44 96
1 44 97
2 37 5
2 37 6
2 37 19
2 37 25
2 37 26
2 37 36
2 37 37
2 37 38
2 37 46
2 37 48
2 37 57
2 37 67
2 37 69
2 37 78
2 37 79
2 37 87
2 44 0
2 44 2
2 44 3
2 44 10
2 44 11
2 44 12
2 44 13
2 44 24
2 44 32
2 44 50
2 44 55
2 44 62
2 44 63
2 44 64
2 44 66
2 44 73
2 44 74
2 44 83
2 44 86
2 44 90
2 44 91
2 44 92
2 44 93
2 44 94
2 44 95
2 44 97
3 37 7
3 37 8
3 37 9
3 37 15
3 37 16
3 37 18
3 37 25
3 37 27
3 37 36
3 37 37
3 37 47
3 37 68
3 37 88
3 37 89
3 37 98
3 44 1
3 44 21
3 44 22
3 44 23
3 44 24
3 44 31
3 44 33
3 44 43
3 44 45
3 44 50
3 44 51
3 44 54
3 44 61
3 44 62
3 44 64
3 44 65
3 44 66
3 44 72
3 44 73
3 44 75
3 44 80
3 44 82
3 44 83
3 44 84
3 44 86
3 44 90
3 44 93
3 44 94
3 44 97
4 37 5
4 37 6
4 37 15
4 37 25
4 37 26
4 37 27
4 37 29
4 37 39
4 37 46
4 37 47
4 37 48
4 37 56
4 37 57
4 37 67
4 37 87
4 37 88
4 37 98
4 44 2
4 44 3
4 44 4
4 44 11
4 44 12
4 44 14
4 44 20
4 44 22
4 44 34
4 44 35
4 44 43
4 44 44
4 44 51
4 44 52
4 44 53
4 44 61
4 44 62
4 44 63
4 44 64
4 44 65
4 44 72
4 44 73
4 44 74
4 44 75
4 44 80
4 44 83
4 44 84
4 44 85
4 44 91
4 44 92
5 37 5
5 37 7
5 37 15
5 37 16
5 37 18
5 37 25
5 37 26
5 37 28
5 37 29
5 37 36
5 37 39
5 37 46
5 37 47
5 37 67
5 37 77
5 37 79
5 37 98
5 44 0
5 44 1
5 44 3
5 44 11
5 44 12
5 44 22
5 44 24
5 44 30
5 44 31
5 44 32
5 44 42
5 44 44
5 44 45
5 44 53
5 44 54
5 44 62
5 44 64
5 44 65
5 44 71
5 44 73
5 44 75
5 44 76
5 44 82
5 44 84
5 44 85
5 44 93
5 44 94
5 44 96
6 37 5
6 37 7
6 37 15
6 37 16
6 37 17
6 37 18
6 37 19
6 37 25
6 37 28
6 37 29
6 37 39
6 37 47
6 37 48
6 37 56
6 37 57
6 37 58
6 37 67
6 37 68
6 37 77
6 37 78
6 37 98
6 44 0
6 44 1
6 44 4
6 44 11
6 44 20
6 44 22
6 44 31
6 44 35
6 44 40
6 44 43
6 44 44
6 44 53
6 44 55
6 44 60
6 44 62
6 44 66
6 44 70
6 44 72
6 44 74
6 44 76
6 44 81
6 44 82
6 44 85
6 44 90
6 44 92
6 44 95
7 37 6
7 37 7
7 37 8
7 37 16
7 37 17
7 37 18
7 37 19
7 37 26
7 37 27
7 37 28
7 37 36
7 37 38
7 37 46
7 37 47
7 37 48
7 37 49
7 37 56
7 37 67
7 37 68
7 37 69
7 37 78
7 37 89
7 44 3
7 44 12
7 44 14
7 44 20
7 44 22
7 44 24
7 44 30
7 44 33
7 44 34
7 44 42
7 44 43
7 44 50
7 44 51
7 44 53
7 44 55
7 44 61
7 44 62
7 44 64
7 44 71
7 44 72
7 44 73
7 44 74
7 44 76
7 44 81
7 44 86
7 44 90
7 44 92
7 44 93
7 44 94
7 44 95
8 37 5
8 37 7
8 37 16
8 37 18
8 37 25
8 37 29
8 37 36
8 37 46
8 37 47
8 37 49
8 37 57
8 37 59
8 37 67
8 37 69
8 37 78
8 37 87
8 37 89
8 44 0
8 44 1
8 44 2
8 44 3
8 44 12
8 44 20
8 44 22
8 44 24
8 44 30
8 44 32
8 44 34
8 44 35
8 44 40
8 44 43
8 44 45
8 44 51
8 44 54
8 44 63
8 44 64
8 44 65
8 44 66
8 44 70
8 44 74
8 44 75
8 44 76
8 44 90
8 44 91
8 44 96
8 44 97
9 37 9
9 37 15
9 37 18
9 37 25
9 37 26
9 37 28
9 37 39
9 37 46
9 37 47
9 37 48
9 37 49
9 37 57
9 37 68
9 37 77
9 37 78
9 37 88
9 37 89
9 37 98
9 44 0
9 44 1
9 44 2
9 44 11
9 44 12
9 44 13
9 44 14
9 44 21
9 44 23
9 44 24
9 44 30
9 44 31
9 44 33
9 44 34
9 44 35
9 44 42
9 44 43
9 44 44
9 44 45
9 44 52
9 44 53
9 44 54
9 44 55
9 44 63
9 44 70
9 44 72
9 44 75
9 44 80
9 44 81
9 44 82
9 44 84
9 44 90
--- Done ---
