0 13 12
0 13 13
0 13 22
0 13 23
0 37 24
1 13 4
1 13 6
1 13 12
1 13 20
1 13 22
1 13 30
1 13 32
1 13 35
1 13 43
1 13 45
1 37 8
1 37 15
1 37 17
1 37 24
1 37 26
1 37 28
1 37 33
1 37 34
1 37 37
1 37 38
1 37 39
1 37 54
1 37 55
1 37 59
1 37 68
1 37 74
1 66 9
1 66 23
1 66 46
1 66 48
1 66 56
1 66 62
1 66 66
1 66 73
1 66 86
1 66 94
1 66 97
1 66 98
1 82 40
1 82 51
1 82 61
1 82 71
1 82 72
1 82 76
1 82 81
1 82 90
1 82 91
1 82 96
2 13 0
2 13 2
2 13 3
2 13 5
2 13 6
2 13 10
2 13 12
2 13 13
2 13 32
2 13 46
2 37 11
2 37 19
2 37 24
2 37 25
2 37 26
2 37 36
2 37 37
2 37 67
2 37 69
2 37 74
2 37 83
2 66 38
2 66 48
2 66 55
2 66 57
2 66 63
2 66 66
2 66 78
2 66 79
2 66 87
2 66 92
2 66 97
2 82 50
2 82 62
2 82 64
2 82 73
2 82 86
2 82 90
2 82 91
2 82 93
2 82 94
2 82 95
3 13 1
3 13 21
3 13 23
3 13 31
3 13 43
3 13 45
3 13 47
3 13 51
3 37 7
3 37 8
3 37 15
3 37 16
3 37 18
3 37 24
3 37 25
3 37 27
3 37 33
3 37 37
3 37 54
3 37 68
3 37 83
3 37 84
3 66 9
3 66 22
3 66 36
3 66 62
3 66 64
3 66 65
3 66 66
3 66 72
3 66 73
3 66 75
3 66 86
3 66 88
3 66 89
3 66 94
3 66 97
3 66 98
3 82 50
3 82 61
3 82 80
3 82 82
3 82 90
3 82 93
4 13 2
4 13 3
4 13 4
4 13 5
4 13 6
4 13 12
4 13 14
4 13 20
4 13 22
4 13 35
4 37 11
4 37 15
4 37 25
4 37 26
4 37 29
4 37 34
4 37 39
4 37 43
4 37 44
4 37 46
4 37 47
4 37 48
4 37 52
4 37 56
4 37 74
4 37 83
4 37 84
4 66 27
4 66 57
4 66 63
4 66 64
4 66 87
4 66 88
4 66 98
4 82 51
4 82 53
4 82 61
4 82 62
4 82 65
4 82 67
4 82 72
4 82 73
4 82 75
4 82 80
4 82 85
4 82 91
4 82 92
5 13 0
5 13 1
5 13 3
5 13 5
5 13 12
5 13 22
5 13 24
5 13 30
5 13 31
5 13 32
5 13 42
5 13 47
5 13 71
5 37 7
5 37 11
5 37 15
5 37 16
5 37 18
5 37 25
5 37 26
5 37 29
5 37 36
5 37 39
5 37 44
5 37 45
5 37 46
5 37 54
5 37 65
5 37 67
5 37 77
5 37 84
5 66 28
5 66 64
5 66 75
5 66 79
5 66 85
5 66 98
5 82 53
5 82 62
5 82 73
5 82 76
5 82 82
5 82 93
5 82 94
5 82 96
6 13 0
6 13 1
6 13 4
6 13 5
6 13 20
6 13 22
6 13 35
6 13 43
6 13 44
6 13 58
6 13 67
6 37 7
6 37 11
6 37 15
6 37 16
6 37 17
6 37 18
6 37 19
6 37 25
6 37 28
6 37 29
6 37 39
6 37 47
6 37 48
6 37 55
6 37 56
6 37 57
6 37 68
6 37 74
6 66 60
6 66 66
6 66 77
6 66 78
6 66 85
6 66 98
6 82 31
6 82 40
6 82 53
6 82 62
6 82 70
6 82 72
6 82 76
6 82 81
6 82 82
6 82 90
6 82 92
6 82 95
7 13 3
7 13 6
7 13 12
7 13 14
7 13 20
7 13 30
7 13 42
7 37 7
7 37 8
7 37 16
7 37 17
7 37 18
7 37 19
7 37 24
7 37 26
7 37 28
7 37 33
7 37 34
7 37 36
7 37 38
7 37 43
7 37 47
7 37 49
7 37 55
7 37 68
7 37 74
7 66 22
7 66 27
7 66 46
7 66 48
7 66 56
7 66 67
7 66 69
7 66 89
7 82 50
7 82 51
7 82 53
7 82 61
7 82 62
7 82 64
7 82 71
7 82 72
7 82 73
7 82 76
7 82 78
7 82 81
7 82 86
7 82 90
7 82 92
7 82 93
7 82 94
7 82 95
8 13 0
8 13 1
8 13 2
8 13 3
8 13 5
8 13 12
8 13 20
8 13 22
8 13 30
8 13 32
8 13 35
8 37 7
8 37 16
8 37 18
8 37 24
8 37 25
8 37 29
8 37 34
8 37 43
8 37 45
8 37 46
8 37 47
8 37 49
8 37 54
8 37 59
8 37 65
8 37 74
8 66 36
8 66 57
8 66 64
8 66 66
8 66 67
8 66 69
8 66 75
8 66 76
8 66 87
8 66 89
8 66 96
8 66 97
8 82 40
8 82 51
8 82 63
8 82 70
8 82 78
8 82 90
8 82 91
9 13 0
9 13 1
9 13 2
9 13 12
9 13 13
9 13 14
9 13 21
9 13 23
9 13 30
9 13 31
9 13 33
9 13 35
9 13 45
9 37 11
9 37 15
9 37 18
9 37 24
9 37 25
9 37 26
9 37 28
9 37 34
9 37 39
9 37 42
9 37 43
9 37 44
9 37 46
9 37 47
9 37 48
9 37 49
9 37 52
9 37 54
9 37 55
9 37 57
9 37 68
9 37 77
9 37 84
9 66 9
9 66 88
9 66 89
9 66 98
9 82 53
9 82 63
9 82 70
9 82 72
9 82 75
9 82 78
9 82 80
9 82 81
9 82 82
9 82 90
--- Done ---
