0 37 12
0 37 13
0 37 22
0 37 23
0 37 24
1 37 4
1 37 8
1 37 15
1 37 17
1 37 20
1 37 22
1 37 23
1 37 24
1 37 32
1 37 34
1 37 35
1 37 37
1 37 39
1 37 48
1 37 51
1 37 54
1 37 55
1 37 56
1 37 59
1 37 62
1 37 66
1 37 68
1 37 71
1 37 72
1 37 73
1 37 74
1 37 86
1 37 90
1 37 96
1 37 97
1 37 98
1 43 6
1 43 9
1 43 12
1 43 26
1 43 28
1 43 30
1 43 33
1 43 38
1 43 40
1 43 43
1 43 45
1 43 46
1 43 61
1 43 76
1 43 81
1 43 91
1 43 94
2 37 0
2 37 2
2 37 3
2 37 5
2 37 10
2 37 11
2 37 12
2 37 13
2 37 19
2 37 24
2 37 25
2 37 26
2 37 36
2 37 37
2 37 46
2 37 48
2 37 50
2 37 55
2 37 57
2 37 62
2 37 63
2 37 64
2 37 66
2 37 67
2 37 69
2 37 73
2 37 78
2 37 79
2 37 83
2 37 86
2 37 87
2 37 90
2 37 91
2 37 93
2 37 97
2 43 6
2 43 32
2 43 38
2 43 74
2 43 92
2 43 94
2 43 95
3 34 1
3 34 7
3 34 15
3 34 16
3 34 18
3 34 36
3 34 50
3 34 51
3 34 61
3 34 66
3 34 73
3 34 80
3 34 89
3 34 94
3 37 8
3 37 9
3 37 21
3 37 22
3 37 23
3 37 24
3 37 25
3 37 27
3 37 31
3 37 33
3 37 37
3 37 43
3 37 45
3 37 47
3 37 54
3 37 62
3 37 64
3 37 65
3 37 68
3 37 72
3 37 75
3 37 82
3 37 83
3 37 84
3 37 86
3 37 88
3 37 90
3 37 93
3 37 97
3 37 98
4 34 20
4 34 25
4 34 29
4 34 34
4 34 39
4 34 51
4 34 56
4 34 61
4 34 62
4 34 73
4 34 80
4 34 92
4 34 98
4 37 2
4 37 3
4 37 4
4 37 5
4 37 6
4 37 11
4 37 12
4 37 14
4 37 15
4 37 22
4 37 26
4 37 27
4 37 35
4 37 43
4 37 44
4 37 46
4 37 47
4 37 48
4 37 52
4 37 53
4 37 57
4 37 63
4 37 64
4 37 65
4 37 67
4 37 72
4 37 74
4 37 75
4 37 83
4 37 84
4 37 85
4 37 87
4 37 88
4 37 91
5 14 5
5 14 11
5 14 12
5 14 15
5 14 16
5 14 24
5 14 26
5 14 28
5 14 30
5 14 32
5 14 36
5 14 39
5 14 42
5 14 44
5 14 45
5 14 46
5 14 53
5 14 54
5 14 62
5 14 71
5 14 75
5 14 76
5 14 77
5 14 79
5 14 82
5 14 94
5 37 0
5 37 1
5 37 3
5 37 7
5 37 18
5 37 22
5 37 25
5 37 29
5 37 31
5 37 47
5 37 64
5 37 65
5 37 67
5 37 73
5 37 84
5 37 85
5 37 93
5 37 96
5 37 98
6 14 0
6 14 1
6 14 4
6 14 7
6 14 11
6 14 15
6 14 16
6 14 17
6 14 22
6 14 28
6 14 31
6 14 39
6 14 40
6 14 43
6 14 53
6 14 57
6 14 58
6 14 60
6 14 62
6 14 67
6 14 72
6 14 81
6 14 82
6 14 90
6 14 92
6 14 95
6 14 98
6 37 5
6 37 18
6 37 19
6 37 20
6 37 25
6 37 29
6 37 35
6 37 44
6 37 47
6 37 48
6 37 55
6 37 56
6 37 66
6 37 68
6 37 70
6 37 74
6 37 76
6 37 77
6 37 78
6 37 85
7 34 6
7 34 7
7 34 14
7 34 16
7 34 17
7 34 18
7 34 20
7 34 22
7 34 27
7 34 28
7 34 30
7 34 33
7 34 34
7 34 38
7 34 42
7 34 48
7 34 51
7 34 53
7 34 55
7 34 61
7 34 64
7 34 67
7 34 68
7 34 71
7 34 76
7 34 81
7 34 89
7 34 90
7 34 92
7 34 94
7 34 95
7 37 3
7 37 8
7 37 12
7 37 19
7 37 24
7 37 26
7 37 36
7 37 43
7 37 46
7 37 47
7 37 49
7 37 50
7 37 56
7 37 62
7 37 69
7 37 72
7 37 73
7 37 74
7 37 78
7 37 86
7 37 93
8 34 0
8 34 1
8 34 2
8 34 3
8 34 5
8 34 16
8 34 18
8 34 20
8 34 25
8 34 30
8 34 34
8 34 36
8 34 40
8 34 43
8 34 45
8 34 47
8 34 49
8 34 54
8 34 57
8 34 59
8 34 63
8 34 64
8 34 69
8 34 70
8 34 75
8 34 78
8 34 89
8 34 90
8 34 96
8 37 7
8 37 12
8 37 22
8 37 24
8 37 29
8 37 32
8 37 35
8 37 46
8 37 51
8 37 65
8 37 66
8 37 67
8 37 74
8 37 76
8 37 87
8 37 91
8 37 97
9 37 0
9 37 1
9 37 2
9 37 9
9 37 11
9 37 12
9 37 13
9 37 14
9 37 15
9 37 18
9 37 21
9 37 23
9 37 24
9 37 25
9 37 26
9 37 28
9 37 30
9 37 31
9 37 34
9 37 35
9 37 39
9 37 42
9 37 44
9 37 47
9 37 48
9 37 49
9 37 53
9 37 54
9 37 55
9 37 57
9 37 63
9 37 68
9 37 70
9 37 75
9 37 77
9 37 78
9 37 82
9 37 84
9 37 88
9 37 90
9 37 98
9 46 33
9 46 43
9 46 45
9 46 46
9 46 52
9 46 72
9 46 80
9 46 81
9 46 89
--- Done ---
