0 33 12
0 33 13
0 33 22
0 33 23
0 33 24
1 33 4
1 33 12
1 33 15
1 33 22
1 33 23
1 33 24
1 33 32
1 33 33
1 33 34
1 33 35
1 33 43
1 33 45
1 37 6
1 37 8
1 37 9
1 37 17
1 37 26
1 37 28
1 37 37
1 37 38
1 37 39
1 37 46
1 37 48
1 37 56
1 37 59
1 37 68
1 50 20
1 50 30
1 50 40
1 50 51
1 50 61
1 50 71
1 50 81
1 50 90
1 50 91
1 64 54
1 64 55
1 64 62
1 64 66
1 64 72
1 64 73
1 64 74
1 64 76
1 64 86
1 64 94
1 64 96
1 64 97
1 64 98
2 33 0
2 33 2
2 33 3
2 33 5
2 33 10
2 33 11
2 33 12
2 33 13
2 33 24
2 33 25
2 33 32
2 37 6
2 37 19
2 37 26
2 37 36
2 37 37
2 37 38
2 37 46
2 37 48
2 37 57
2 37 67
2 37 69
2 37 78
2 37 79
2 50 50
2 50 90
2 50 91
2 64 55
2 64 62
2 64 63
2 64 64
2 64 66
2 64 73
2 64 74
2 64 83
2 64 86
2 64 87
2 64 92
2 64 93
2 64 94
2 64 95
2 64 97
3 33 1
3 33 15
3 33 21
3 33 22
3 33 23
3 33 24
3 33 25
3 33 31
3 33 33
3 33 43
3 33 45
3 37 7
3 37 8
3 37 9
3 37 16
3 37 18
3 37 27
3 37 36
3 37 37
3 37 47
3 37 68
3 37 89
3 50 50
3 50 51
3 50 61
3 50 80
3 50 90
3 64 54
3 64 62
3 64 64
3 64 65
3 64 66
3 64 72
3 64 73
3 64 75
3 64 82
3 64 83
3 64 84
3 64 86
3 64 88
3 64 93
3 64 94
3 64 97
3 64 98
4 33 2
4 33 3
4 33 4
4 33 5
4 33 11
4 33 12
4 33 14
4 33 15
4 33 22
4 33 25
4 33 34
4 33 35
4 33 43
4 33 44
4 37 6
4 37 26
4 37 27
4 37 29
4 37 39
4 37 46
4 37 47
4 37 48
4 37 56
4 37 57
4 37 67
4 50 20
4 50 51
4 50 52
4 50 61
4 50 80
4 50 91
4 64 53
4 64 62
4 64 63
4 64 64
4 64 65
4 64 72
4 64 73
4 64 74
4 64 75
4 64 83
4 64 84
4 64 85
4 64 87
4 64 88
4 64 92
4 64 98
5 33 0
5 33 1
5 33 3
5 33 5
5 33 11
5 33 12
5 33 15
5 33 22
5 33 24
5 33 25
5 33 31
5 33 32
5 33 42
5 33 44
5 33 45
5 37 7
5 37 16
5 37 18
5 37 26
5 37 28
5 37 29
5 37 36
5 37 39
5 37 46
5 37 47
5 37 67
5 37 79
5 50 30
5 50 71
5 64 53
5 64 54
5 64 62
5 64 64
5 64 65
5 64 73
5 64 75
5 64 76
5 64 77
5 64 82
5 64 84
5 64 85
5 64 93
5 64 94
5 64 96
5 64 98
6 33 0
6 33 1
6 33 4
6 33 5
6 33 11
6 33 15
6 33 22
6 33 25
6 33 31
6 33 35
6 33 43
6 33 44
6 37 7
6 37 16
6 37 17
6 37 18
6 37 19
6 37 28
6 37 29
6 37 39
6 37 47
6 37 48
6 37 56
6 37 57
6 37 58
6 37 67
6 37 68
6 37 78
6 50 20
6 50 40
6 50 60
6 50 70
6 50 81
6 50 90
6 64 53
6 64 55
6 64 62
6 64 66
6 64 72
6 64 74
6 64 76
6 64 77
6 64 82
6 64 85
6 64 92
6 64 95
6 64 98
7 33 3
7 33 12
7 33 14
7 33 22
7 33 24
7 33 33
7 33 34
7 33 42
7 33 43
7 37 6
7 37 7
7 37 8
7 37 16
7 37 17
7 37 18
7 37 19
7 37 26
7 37 27
7 37 28
7 37 36
7 37 38
7 37 46
7 37 47
7 37 48
7 37 49
7 37 56
7 37 67
7 37 68
7 37 69
7 37 78
7 37 89
7 50 20
7 50 30
7 50 50
7 50 51
7 50 61
7 50 71
7 50 81
7 50 90
7 64 53
7 64 55
7 64 62
7 64 64
7 64 72
7 64 73
7 64 74
7 64 76
7 64 86
7 64 92
7 64 93
7 64 94
7 64 95
8 33 0
8 33 1
8 33 2
8 33 3
8 33 5
8 33 12
8 33 22
8 33 24
8 33 25
8 33 32
8 33 34
8 33 35
8 33 43
8 33 45
8 37 7
8 37 16
8 37 18
8 37 29
8 37 36
8 37 46
8 37 47
8 37 49
8 37 57
8 37 59
8 37 67
8 37 69
8 37 78
8 37 89
8 50 20
8 50 30
8 50 40
8 50 51
8 50 70
8 50 90
8 50 91
8 64 54
8 64 63
8 64 64
8 64 65
8 64 66
8 64 74
8 64 75
8 64 76
8 64 87
8 64 96
8 64 97
9 33 0
9 33 1
9 33 2
9 33 11
9 33 12
9 33 13
9 33 14
9 33 15
9 33 21
9 33 23
9 33 24
9 33 25
9 33 31
9 33 33
9 33 34
9 33 35
9 33 42
9 33 43
9 33 44
9 33 45
9 37 9
9 37 18
9 37 26
9 37 28
9 37 39
9 37 46
9 37 47
9 37 48
9 37 49
9 37 57
9 37 68
9 37 78
9 37 89
9 50 30
9 50 52
9 50 70
9 50 80
9 50 81
9 50 90
9 64 53
9 64 54
9 64 55
9 64 63
9 64 72
9 64 75
9 64 77
9 64 82
9 64 84
9 64 88
9 64 98
--- Done ---
