0 37 13
0 37 23
0 37 24
0 64 12
0 64 22
1 37 4
1 37 6
1 37 8
1 37 9
1 37 15
1 37 17
1 37 23
1 37 24
1 37 26
1 37 28
1 37 30
1 37 33
1 37 34
1 37 35
1 37 37
1 37 38
1 37 39
1 37 43
1 37 45
1 37 46
1 37 48
1 37 51
1 37 54
1 37 55
1 37 56
1 37 59
1 37 62
1 37 66
1 37 68
1 37 72
1 37 74
1 37 76
1 37 90
1 37 97
1 64 12
1 64 20
1 64 22
1 64 32
1 64 40
1 64 61
1 64 71
1 64 73
1 64 81
1 64 86
1 64 91
1 64 94
1 64 96
1 64 98
2 37 2
2 37 5
2 37 6
2 37 10
2 37 11
2 37 13
2 37 19
2 37 24
2 37 25
2 37 26
2 37 36
2 37 37
2 37 38
2 37 46
2 37 48
2 37 55
2 37 57
2 37 62
2 37 66
2 37 67
2 37 69
2 37 74
2 37 78
2 37 79
2 37 83
2 37 90
2 37 97
2 45 3
2 45 12
2 45 32
2 45 50
2 45 63
2 45 73
2 45 86
2 45 87
2 45 93
2 64 0
2 64 64
2 64 91
2 64 92
2 64 94
2 64 95
3 37 7
3 37 8
3 37 9
3 37 15
3 37 16
3 37 18
3 37 21
3 37 23
3 37 24
3 37 25
3 37 27
3 37 31
3 37 33
3 37 36
3 37 37
3 37 43
3 37 47
3 37 51
3 37 54
3 37 62
3 37 65
3 37 66
3 37 68
3 37 72
3 37 75
3 37 82
3 37 83
3 37 84
3 37 88
3 37 90
3 37 97
3 45 1
3 45 22
3 45 45
3 45 73
3 45 80
3 45 86
3 45 89
3 45 93
3 45 94
3 64 50
3 64 61
3 64 64
3 64 98
4 37 2
4 37 4
4 37 5
4 37 6
4 37 11
4 37 14
4 37 15
4 37 25
4 37 26
4 37 27
4 37 29
4 37 34
4 37 35
4 37 39
4 37 43
4 37 44
4 37 46
4 37 47
4 37 48
4 37 51
4 37 52
4 37 53
4 37 56
4 37 57
4 37 62
4 37 65
4 37 67
4 37 72
4 37 74
4 37 75
4 37 83
4 37 84
4 37 85
4 37 88
4 45 3
4 45 61
4 45 63
4 45 73
4 64 12
4 64 20
4 64 22
4 64 64
4 64 80
4 64 87
4 64 91
4 64 92
4 64 98
5 37 5
5 37 7
5 37 11
5 37 15
5 37 16
5 37 18
5 37 24
5 37 25
5 37 26
5 37 28
5 37 29
5 37 30
5 37 31
5 37 36
5 37 39
5 37 42
5 37 44
5 37 46
5 37 47
5 37 53
5 37 54
5 37 62
5 37 65
5 37 67
5 37 75
5 37 76
5 37 77
5 37 79
5 37 82
5 37 84
5 37 85
5 45 1
5 45 3
5 45 32
5 45 45
5 45 73
5 45 93
5 64 0
5 64 12
5 64 22
5 64 64
5 64 71
5 64 94
5 64 96
5 64 98
6 37 4
6 37 5
6 37 7
6 37 11
6 37 15
6 37 16
6 37 17
6 37 18
6 37 19
6 37 25
6 37 28
6 37 29
6 37 31
6 37 35
6 37 39
6 37 43
6 37 44
6 37 47
6 37 48
6 37 53
6 37 55
6 37 56
6 37 57
6 37 58
6 37 62
6 37 66
6 37 67
6 37 68
6 37 72
6 37 74
6 37 76
6 37 77
6 37 78
6 37 82
6 37 85
6 37 90
6 45 1
6 45 22
6 45 60
6 45 70
6 45 95
6 64 0
6 64 20
6 64 40
6 64 81
6 64 92
6 64 98
7 37 6
7 37 7
7 37 8
7 37 14
7 37 16
7 37 17
7 37 18
7 37 19
7 37 24
7 37 26
7 37 27
7 37 28
7 37 30
7 37 33
7 37 34
7 37 36
7 37 38
7 37 42
7 37 43
7 37 46
7 37 47
7 37 48
7 37 49
7 37 51
7 37 53
7 37 55
7 37 56
7 37 62
7 37 67
7 37 68
7 37 69
7 37 72
7 37 74
7 37 76
7 37 78
7 37 90
7 45 3
7 45 12
7 45 20
7 45 22
7 45 50
7 45 61
7 45 71
7 45 81
7 45 86
7 45 89
7 45 94
7 45 95
7 64 64
7 64 73
7 64 92
7 64 93
8 37 2
8 37 5
8 37 7
8 37 16
8 37 18
8 37 24
8 37 25
8 37 29
8 37 30
8 37 34
8 37 35
8 37 36
8 37 43
8 37 46
8 37 47
8 37 49
8 37 51
8 37 54
8 37 57
8 37 59
8 37 65
8 37 66
8 37 67
8 37 69
8 37 74
8 37 75
8 37 76
8 37 78
8 37 90
8 37 97
8 45 1
8 45 3
8 45 32
8 45 40
8 45 45
8 45 63
8 45 70
8 45 89
8 64 0
8 64 12
8 64 20
8 64 22
8 64 64
8 64 87
8 64 91
8 64 96
9 37 2
9 37 9
9 37 11
9 37 13
9 37 14
9 37 15
9 37 18
9 37 21
9 37 23
9 37 24
9 37 25
9 37 26
9 37 28
9 37 30
9 37 31
9 37 33
9 37 34
9 37 35
9 37 39
9 37 42
9 37 43
9 37 44
9 37 46
9 37 47
9 37 48
9 37 49
9 37 52
9 37 53
9 37 54
9 37 55
9 37 57
9 37 68
9 37 72
9 37 75
9 37 77
9 37 78
9 37 82
9 37 84
9 37 88
9 37 90
9 45 1
9 45 45
9 45 63
9 45 70
9 45 80
9 45 81
9 64 0
9 64 12
9 64 89
9 64 98
--- Done ---
