0 43 62
0 43 71
0 43 72
0 43 73
0 43 82
1 7 4
1 7 15
1 7 16
1 32 0
1 32 1
1 32 3
1 32 12
1 32 20
1 32 22
1 32 24
1 32 30
1 32 31
1 32 32
1 32 40
1 32 41
1 32 42
1 32 60
1 43 35
1 43 45
1 43 53
1 43 54
1 43 61
1 43 62
1 43 72
1 43 73
1 43 74
1 43 82
1 43 84
1 57 36
1 57 46
1 57 47
1 57 48
1 57 49
1 57 55
1 57 56
1 57 57
1 57 66
1 57 75
1 57 79
1 57 85
1 57 86
1 57 87
1 57 89
1 57 95
2 7 4
2 7 9
2 7 16
2 7 18
2 7 27
2 7 28
2 7 29
2 32 2
2 32 12
2 32 14
2 32 21
2 32 22
2 32 24
2 32 41
2 32 42
2 32 51
2 43 35
2 43 61
2 43 62
2 43 63
2 43 70
2 43 74
2 43 82
2 43 84
2 43 91
2 43 93
2 57 36
2 57 49
2 57 55
2 57 56
2 57 59
2 57 65
2 57 76
2 57 77
2 57 78
2 57 86
2 57 89
2 57 97
2 57 99
3 7 4
3 7 16
3 7 25
3 7 26
3 32 0
3 32 10
3 32 21
3 32 32
3 32 33
3 32 40
3 32 51
3 43 34
3 43 43
3 43 44
3 43 52
3 43 54
3 43 62
3 43 63
3 43 71
3 43 72
3 43 73
3 43 74
3 43 80
3 43 82
3 43 83
3 43 91
3 43 93
3 57 36
3 57 37
3 57 47
3 57 49
3 57 55
3 57 56
3 57 57
3 57 77
3 57 78
3 57 88
3 57 89
3 57 95
3 57 96
4 7 6
4 7 7
4 7 15
4 7 16
4 7 27
4 32 1
4 32 10
4 32 12
4 32 14
4 32 20
4 32 22
4 32 24
4 32 30
4 32 31
4 32 42
4 32 60
4 43 43
4 43 44
4 43 45
4 43 53
4 43 62
4 43 70
4 43 71
4 43 74
4 43 80
4 43 82
4 43 83
4 43 90
4 43 93
4 57 36
4 57 37
4 57 39
4 57 46
4 57 48
4 57 56
4 57 57
4 57 58
4 57 66
4 57 67
4 57 68
4 57 77
4 57 78
5 7 6
5 7 17
5 7 18
5 7 19
5 7 27
5 7 28
5 32 1
5 32 2
5 32 11
5 32 21
5 32 24
5 32 31
5 32 33
5 32 40
5 32 51
5 32 60
5 43 35
5 43 44
5 43 45
5 43 52
5 43 53
5 43 62
5 43 71
5 43 80
5 43 81
5 43 82
5 43 83
5 57 36
5 57 39
5 57 46
5 57 49
5 57 56
5 57 57
5 57 58
5 57 65
5 57 67
5 57 76
5 57 85
5 57 94
5 57 95
5 57 98
6 7 6
6 7 17
6 7 19
6 7 26
6 7 29
6 32 1
6 32 10
6 32 13
6 32 21
6 32 24
6 32 30
6 32 31
6 32 32
6 32 33
6 32 42
6 32 50
6 32 51
6 32 60
6 43 34
6 43 35
6 43 45
6 43 53
6 43 61
6 43 62
6 43 71
6 43 73
6 43 80
6 43 81
6 43 84
6 43 91
6 43 92
6 43 93
6 57 36
6 57 37
6 57 48
6 57 55
6 57 65
6 57 67
6 57 75
6 57 77
6 57 78
6 57 86
6 57 87
6 57 95
6 57 99
7 7 6
7 7 16
7 7 25
7 7 27
7 32 0
7 32 11
7 32 12
7 32 14
7 32 20
7 32 21
7 32 22
7 32 23
7 32 30
7 32 31
7 32 33
7 32 42
7 32 60
7 43 35
7 43 44
7 43 45
7 43 53
7 43 54
7 43 61
7 43 63
7 43 64
7 43 70
7 43 71
7 43 84
7 43 91
7 43 92
7 57 37
7 57 38
7 57 39
7 57 46
7 57 48
7 57 49
7 57 55
7 57 58
7 57 66
7 57 67
7 57 69
7 57 75
7 57 76
7 57 86
7 57 87
7 57 88
7 57 95
7 57 96
8 7 5
8 7 6
8 7 8
8 7 15
8 7 17
8 7 25
8 32 2
8 32 3
8 32 12
8 32 21
8 32 23
8 32 24
8 32 32
8 32 41
8 32 51
8 43 34
8 43 45
8 43 52
8 43 54
8 43 61
8 43 62
8 43 64
8 43 71
8 43 74
8 43 80
8 43 81
8 43 82
8 43 83
8 43 92
8 57 37
8 57 48
8 57 49
8 57 56
8 57 57
8 57 59
8 57 67
8 57 75
8 57 76
8 57 86
8 57 87
8 57 95
8 57 96
8 57 99
9 7 4
9 7 5
9 7 6
9 7 7
9 7 16
9 7 17
9 7 18
9 7 25
9 7 29
9 32 0
9 32 1
9 32 3
9 32 11
9 32 13
9 32 20
9 32 23
9 32 24
9 32 30
9 32 31
9 32 33
9 32 41
9 32 42
9 32 60
9 43 52
9 43 53
9 43 63
9 43 70
9 43 71
9 43 83
9 43 84
9 43 91
9 43 92
9 57 38
9 57 39
9 57 46
9 57 47
9 57 55
9 57 65
9 57 66
9 57 69
9 57 76
9 57 86
9 57 94
9 57 96
9 57 99
--- Done ---
