0 71 62
0 71 71
0 71 72
0 71 73
0 71 82
1 7 4
1 7 15
1 7 16
1 7 35
1 7 36
1 7 48
1 21 0
1 21 1
1 21 3
1 21 12
1 21 20
1 21 22
1 21 24
1 21 30
1 21 31
1 21 32
1 21 41
1 21 42
1 21 61
1 58 47
1 58 49
1 58 56
1 58 57
1 58 74
1 58 75
1 58 79
1 58 85
1 58 89
1 66 45
1 66 46
1 66 53
1 66 55
1 66 66
1 66 84
1 66 86
1 66 87
1 66 95
1 71 40
1 71 54
1 71 60
1 71 62
1 71 72
1 71 73
1 71 82
2 7 4
2 7 9
2 7 14
2 7 16
2 7 18
2 7 27
2 7 28
2 7 35
2 7 36
2 21 2
2 21 12
2 21 21
2 21 22
2 21 24
2 21 41
2 21 42
2 58 29
2 58 49
2 58 56
2 58 74
2 58 76
2 58 77
2 58 89
2 58 97
2 66 59
2 66 61
2 66 78
2 66 84
2 66 86
2 66 99
2 71 51
2 71 55
2 71 62
2 71 63
2 71 65
2 71 70
2 71 82
2 71 91
2 71 93
3 7 4
3 7 16
3 7 26
3 7 36
3 7 37
3 21 0
3 21 10
3 21 21
3 21 32
3 21 40
3 21 43
3 21 52
3 58 49
3 58 57
3 58 77
3 58 88
3 58 89
3 66 25
3 66 34
3 66 44
3 66 47
3 66 54
3 66 56
3 66 73
3 66 74
3 66 78
3 66 95
3 66 96
3 71 33
3 71 51
3 71 55
3 71 62
3 71 63
3 71 71
3 71 72
3 71 80
3 71 82
3 71 83
3 71 91
3 71 93
4 7 6
4 7 7
4 7 14
4 7 15
4 7 16
4 7 27
4 7 36
4 7 37
4 7 48
4 21 1
4 21 10
4 21 12
4 21 20
4 21 22
4 21 24
4 21 30
4 21 31
4 21 42
4 58 39
4 58 46
4 58 56
4 58 57
4 58 58
4 58 78
4 66 44
4 66 45
4 66 53
4 66 66
4 66 67
4 66 68
4 66 77
4 66 83
4 71 43
4 71 60
4 71 62
4 71 70
4 71 71
4 71 74
4 71 80
4 71 82
4 71 90
4 71 93
5 7 6
5 7 17
5 7 18
5 7 19
5 7 27
5 7 28
5 7 35
5 7 36
5 21 1
5 21 2
5 21 11
5 21 21
5 21 24
5 21 31
5 21 40
5 21 51
5 21 52
5 57 45
5 57 57
5 57 76
5 57 98
5 58 39
5 58 46
5 58 58
5 58 67
5 66 44
5 66 49
5 66 53
5 66 56
5 66 65
5 66 83
5 66 85
5 66 95
5 71 33
5 71 60
5 71 62
5 71 71
5 71 80
5 71 81
5 71 82
5 71 94
6 7 6
6 7 17
6 7 19
6 7 26
6 7 35
6 7 36
6 7 37
6 7 48
6 21 1
6 21 10
6 21 13
6 21 21
6 21 24
6 21 30
6 21 31
6 21 32
6 21 42
6 21 61
6 57 29
6 57 45
6 57 77
6 57 84
6 66 34
6 66 53
6 66 65
6 66 67
6 66 75
6 66 78
6 66 86
6 66 87
6 66 95
6 66 99
6 71 33
6 71 50
6 71 51
6 71 55
6 71 60
6 71 62
6 71 71
6 71 73
6 71 80
6 71 81
6 71 91
6 71 92
6 71 93
7 7 6
7 7 14
7 7 16
7 7 27
7 7 35
7 7 37
7 7 48
7 21 0
7 21 11
7 21 12
7 21 20
7 21 21
7 21 22
7 21 23
7 21 30
7 21 31
7 21 33
7 21 42
7 21 61
7 57 39
7 57 84
7 57 88
7 58 38
7 58 55
7 58 58
7 58 69
7 58 76
7 66 25
7 66 44
7 66 45
7 66 46
7 66 49
7 66 53
7 66 54
7 66 64
7 66 66
7 66 67
7 66 75
7 66 86
7 66 87
7 66 95
7 66 96
7 71 60
7 71 63
7 71 70
7 71 71
7 71 91
7 71 92
8 7 5
8 7 6
8 7 8
8 7 15
8 7 17
8 7 37
8 7 48
8 21 2
8 21 3
8 21 12
8 21 21
8 21 23
8 21 24
8 21 32
8 21 41
8 21 51
8 57 45
8 57 57
8 57 75
8 57 87
8 58 56
8 58 67
8 66 25
8 66 34
8 66 49
8 66 52
8 66 59
8 66 64
8 66 76
8 66 83
8 66 86
8 66 95
8 66 96
8 66 99
8 71 54
8 71 61
8 71 62
8 71 71
8 71 74
8 71 80
8 71 81
8 71 82
8 71 92
9 7 4
9 7 5
9 7 6
9 7 7
9 7 16
9 7 17
9 7 18
9 21 0
9 21 1
9 21 3
9 21 11
9 21 13
9 21 20
9 21 23
9 21 24
9 21 30
9 21 31
9 21 33
9 21 42
9 21 52
9 57 29
9 57 39
9 57 47
9 58 38
9 58 46
9 58 69
9 58 76
9 66 25
9 66 53
9 66 55
9 66 65
9 66 66
9 66 84
9 66 86
9 66 96
9 66 99
9 71 41
9 71 60
9 71 63
9 71 70
9 71 71
9 71 83
9 71 91
9 71 92
9 71 94
--- Done ---
