0 53 62
0 53 72
0 53 73
0 80 71
0 80 82
1 7 16
1 13 0
1 13 1
1 13 3
1 13 4
1 13 12
1 13 15
1 13 20
1 13 22
1 13 24
1 13 30
1 13 31
1 13 32
1 13 35
1 48 36
1 48 46
1 48 47
1 48 48
1 48 49
1 48 56
1 48 57
1 53 40
1 53 41
1 53 42
1 53 45
1 53 53
1 53 54
1 53 55
1 53 61
1 53 62
1 53 72
1 53 73
1 53 74
1 53 84
1 77 66
1 77 75
1 77 79
1 77 85
1 77 86
1 77 87
1 77 89
1 77 95
1 80 60
1 80 82
2 7 9
2 7 16
2 7 18
2 7 27
2 13 2
2 13 4
2 13 12
2 13 14
2 13 21
2 13 22
2 13 24
2 13 35
2 48 28
2 48 29
2 48 36
2 48 49
2 48 56
2 48 59
2 53 41
2 53 42
2 53 51
2 53 55
2 53 61
2 53 62
2 53 63
2 53 65
2 53 74
2 53 84
2 77 76
2 77 77
2 77 78
2 77 86
2 77 89
2 77 97
2 77 99
2 80 70
2 80 82
2 80 91
2 80 93
3 7 16
3 7 26
3 13 0
3 13 4
3 13 10
3 13 21
3 13 25
3 13 32
3 13 33
3 13 34
3 48 36
3 48 37
3 48 47
3 48 49
3 48 56
3 48 57
3 53 40
3 53 43
3 53 44
3 53 51
3 53 52
3 53 54
3 53 55
3 53 62
3 53 63
3 53 72
3 53 73
3 53 74
3 53 83
3 77 77
3 77 78
3 77 88
3 77 89
3 77 95
3 77 96
3 80 71
3 80 80
3 80 82
3 80 91
3 80 93
4 7 6
4 7 7
4 7 16
4 7 27
4 13 1
4 13 10
4 13 12
4 13 14
4 13 15
4 13 20
4 13 22
4 13 24
4 13 30
4 13 31
4 48 36
4 48 37
4 48 39
4 48 46
4 48 48
4 48 56
4 48 57
4 48 58
4 53 42
4 53 43
4 53 44
4 53 45
4 53 53
4 53 62
4 53 74
4 53 83
4 77 66
4 77 67
4 77 68
4 77 77
4 77 78
4 80 60
4 80 70
4 80 71
4 80 80
4 80 82
4 80 90
4 80 93
5 7 6
5 7 17
5 7 18
5 7 19
5 7 27
5 13 1
5 13 2
5 13 11
5 13 21
5 13 24
5 13 31
5 13 33
5 13 35
5 48 28
5 48 36
5 48 39
5 48 46
5 48 49
5 48 56
5 48 57
5 48 58
5 53 40
5 53 44
5 53 45
5 53 51
5 53 52
5 53 53
5 53 62
5 53 65
5 53 83
5 77 67
5 77 76
5 77 85
5 77 94
5 77 95
5 77 98
5 80 60
5 80 71
5 80 80
5 80 81
5 80 82
6 7 6
6 7 17
6 7 19
6 7 26
6 13 1
6 13 10
6 13 13
6 13 21
6 13 24
6 13 30
6 13 31
6 13 32
6 13 33
6 13 34
6 13 35
6 48 29
6 48 36
6 48 37
6 48 48
6 53 42
6 53 45
6 53 50
6 53 51
6 53 53
6 53 55
6 53 61
6 53 62
6 53 65
6 53 73
6 53 84
6 77 67
6 77 75
6 77 77
6 77 78
6 77 86
6 77 87
6 77 95
6 77 99
6 80 60
6 80 71
6 80 80
6 80 81
6 80 91
6 80 92
6 80 93
7 7 6
7 7 16
7 7 27
7 13 0
7 13 11
7 13 12
7 13 14
7 13 20
7 13 21
7 13 22
7 13 23
7 13 25
7 13 30
7 13 31
7 13 33
7 13 35
7 48 37
7 48 38
7 48 39
7 48 46
7 48 48
7 48 49
7 48 58
7 48 69
7 53 42
7 53 44
7 53 45
7 53 53
7 53 54
7 53 55
7 53 61
7 53 63
7 53 64
7 53 84
7 77 66
7 77 67
7 77 75
7 77 76
7 77 86
7 77 87
7 77 88
7 77 95
7 77 96
7 80 60
7 80 70
7 80 71
7 80 91
7 80 92
8 7 5
8 7 6
8 7 8
8 7 17
8 13 2
8 13 3
8 13 12
8 13 15
8 13 21
8 13 23
8 13 24
8 13 25
8 13 32
8 13 34
8 48 37
8 48 48
8 48 49
8 48 56
8 48 57
8 48 59
8 53 41
8 53 45
8 53 51
8 53 52
8 53 54
8 53 61
8 53 62
8 53 64
8 53 74
8 53 83
8 77 67
8 77 75
8 77 76
8 77 86
8 77 87
8 77 95
8 77 96
8 77 99
8 80 71
8 80 80
8 80 81
8 80 82
8 80 92
9 7 5
9 7 6
9 7 7
9 7 16
9 7 17
9 7 18
9 13 0
9 13 1
9 13 3
9 13 4
9 13 11
9 13 13
9 13 20
9 13 23
9 13 24
9 13 25
9 13 30
9 13 31
9 13 33
9 48 29
9 48 38
9 48 39
9 48 46
9 48 47
9 48 69
9 53 41
9 53 42
9 53 52
9 53 53
9 53 55
9 53 63
9 53 65
9 53 83
9 53 84
9 77 66
9 77 76
9 77 86
9 77 94
9 77 96
9 77 99
9 80 60
9 80 70
9 80 71
9 80 91
9 80 92
--- Done ---
