0 43 62
0 43 72
0 43 73
0 43 82
0 77 71
1 7 4
1 7 12
1 7 15
1 7 16
1 7 24
1 7 30
1 7 35
1 7 46
1 7 47
1 7 49
1 7 57
1 43 0
1 43 3
1 43 22
1 43 31
1 43 32
1 43 36
1 43 40
1 43 42
1 43 55
1 43 61
1 43 62
1 43 73
1 43 74
1 43 85
1 50 1
1 50 20
1 50 41
1 50 60
1 50 72
1 50 82
1 77 45
1 77 48
1 77 53
1 77 54
1 77 56
1 77 66
1 77 75
1 77 79
1 77 84
1 77 86
1 77 87
1 77 89
1 77 95
2 7 4
2 7 9
2 7 12
2 7 14
2 7 16
2 7 18
2 7 24
2 7 27
2 7 28
2 7 36
2 7 49
2 43 22
2 43 29
2 43 35
2 43 41
2 43 42
2 43 51
2 43 55
2 43 61
2 43 62
2 43 63
2 43 65
2 43 74
2 43 76
2 43 78
2 43 91
2 50 2
2 50 21
2 50 70
2 50 82
2 77 56
2 77 59
2 77 77
2 77 84
2 77 86
2 77 89
2 77 93
2 77 97
2 77 99
3 7 4
3 7 16
3 7 26
3 7 36
3 7 37
3 7 47
3 7 49
3 7 57
3 7 74
3 43 0
3 43 10
3 43 21
3 43 25
3 43 33
3 43 34
3 43 40
3 43 43
3 43 51
3 43 62
3 43 73
3 43 78
3 43 82
3 43 91
3 43 95
3 50 32
3 50 52
3 50 54
3 50 63
3 50 72
3 50 80
3 50 83
3 77 44
3 77 55
3 77 56
3 77 71
3 77 77
3 77 88
3 77 89
3 77 93
3 77 96
4 7 6
4 7 7
4 7 12
4 7 14
4 7 15
4 7 16
4 7 24
4 7 27
4 7 30
4 7 37
4 7 46
4 7 48
4 7 67
4 7 74
4 43 10
4 43 22
4 43 31
4 43 36
4 43 39
4 43 42
4 43 43
4 43 45
4 43 66
4 43 70
4 43 71
4 43 78
4 43 82
4 43 90
4 50 1
4 50 20
4 50 44
4 50 60
4 50 80
4 50 83
4 77 53
4 77 56
4 77 57
4 77 58
4 77 62
4 77 68
4 77 77
4 77 93
5 7 6
5 7 17
5 7 18
5 7 19
5 7 24
5 7 27
5 7 28
5 7 46
5 7 49
5 7 67
5 43 21
5 43 31
5 43 33
5 43 36
5 43 39
5 43 40
5 43 44
5 43 45
5 43 52
5 43 57
5 43 58
5 43 62
5 43 65
5 43 71
5 43 76
5 43 81
5 43 82
5 43 85
5 43 95
5 50 1
5 50 2
5 50 11
5 50 51
5 50 60
5 50 80
5 50 83
5 77 35
5 77 53
5 77 56
5 77 94
5 77 98
6 7 6
6 7 13
6 7 17
6 7 19
6 7 24
6 7 26
6 7 30
6 7 36
6 7 37
6 7 48
6 7 67
6 43 21
6 43 29
6 43 32
6 43 33
6 43 34
6 43 35
6 43 42
6 43 45
6 43 55
6 43 61
6 43 62
6 43 65
6 43 71
6 43 73
6 43 75
6 43 78
6 43 81
6 43 91
6 43 92
6 50 1
6 50 10
6 50 31
6 50 50
6 50 51
6 50 60
6 50 80
6 77 53
6 77 77
6 77 84
6 77 86
6 77 87
6 77 93
6 77 95
6 77 99
7 7 6
7 7 12
7 7 14
7 7 16
7 7 25
7 7 27
7 7 30
7 7 35
7 7 37
7 7 48
7 7 49
7 43 0
7 43 22
7 43 23
7 43 31
7 43 39
7 43 44
7 43 45
7 43 46
7 43 53
7 43 54
7 43 55
7 43 58
7 43 63
7 43 64
7 43 66
7 43 71
7 43 76
7 43 91
7 43 92
7 50 11
7 50 20
7 50 21
7 50 33
7 50 42
7 50 60
7 50 61
7 50 70
7 77 38
7 77 67
7 77 69
7 77 75
7 77 84
7 77 86
7 77 87
7 77 88
7 77 95
7 77 96
8 7 5
8 7 6
8 7 8
8 7 12
8 7 15
8 7 17
8 7 24
8 7 25
8 7 37
8 7 48
8 7 49
8 7 57
8 7 67
8 43 3
8 43 32
8 43 34
8 43 41
8 43 45
8 43 51
8 43 52
8 43 54
8 43 62
8 43 74
8 43 75
8 43 76
8 43 81
8 43 82
8 43 92
8 50 2
8 50 21
8 50 23
8 50 61
8 50 80
8 50 83
8 77 56
8 77 59
8 77 64
8 77 71
8 77 86
8 77 87
8 77 95
8 77 96
8 77 99
9 7 4
9 7 5
9 7 6
9 7 7
9 7 13
9 7 16
9 7 17
9 7 18
9 7 24
9 7 25
9 7 30
9 7 47
9 43 0
9 43 3
9 43 29
9 43 31
9 43 39
9 43 42
9 43 46
9 43 52
9 43 63
9 43 66
9 43 91
9 43 92
9 50 1
9 50 11
9 50 20
9 50 23
9 50 33
9 50 41
9 50 60
9 50 70
9 50 83
9 77 38
9 77 53
9 77 55
9 77 65
9 77 69
9 77 71
9 77 76
9 77 84
9 77 86
9 77 94
9 77 96
9 77 99
--- Done ---
