0 76 55
0 76 56
0 76 64
0 76 65
0 76 66
0 76 75
0 76 76
1 26 0
1 26 3
1 26 8
1 26 9
1 26 19
1 26 21
1 26 26
1 26 28
1 26 37
1 26 42
1 26 44
1 26 46
1 26 49
1 26 54
1 26 55
1 26 59
1 73 20
1 73 34
1 73 40
1 73 50
1 73 52
1 73 53
1 73 65
1 73 70
1 73 71
1 73 73
1 73 82
1 76 24
1 76 25
1 76 39
1 76 45
1 76 48
1 76 51
1 76 56
1 76 61
1 76 63
1 76 68
1 76 74
1 76 77
1 76 78
1 76 79
1 76 86
1 76 89
1 76 92
1 76 93
1 76 94
1 76 97
2 26 3
2 26 14
2 26 23
2 26 25
2 26 26
2 26 27
2 26 29
2 26 32
2 26 33
2 26 36
2 26 47
2 26 56
2 26 58
2 34 1
2 34 4
2 34 5
2 34 10
2 34 11
2 34 12
2 34 15
2 34 24
2 34 41
2 34 44
2 34 46
2 34 48
2 34 62
2 34 80
2 34 99
2 73 50
2 73 53
2 73 75
2 73 82
2 73 90
2 73 98
2 76 43
2 76 45
2 76 49
2 76 55
2 76 61
2 76 74
2 76 76
2 76 79
2 76 84
2 76 86
2 76 94
2 76 97
3 26 4
3 26 7
3 26 13
3 26 18
3 26 22
3 26 23
3 26 38
3 26 39
3 26 45
3 26 47
3 26 53
3 26 67
3 34 2
3 34 3
3 34 11
3 34 15
3 34 16
3 34 17
3 34 27
3 34 28
3 34 32
3 34 35
3 34 37
3 34 40
3 34 50
3 34 60
3 34 61
3 73 52
3 73 62
3 73 70
3 73 71
3 73 90
3 73 91
3 76 19
3 76 49
3 76 54
3 76 66
3 76 68
3 76 79
3 76 83
3 76 87
3 76 89
3 76 92
3 76 93
3 76 96
3 76 97
4 26 0
4 26 13
4 26 17
4 26 23
4 26 29
4 26 30
4 26 38
4 26 45
4 26 53
4 26 59
4 34 1
4 34 3
4 34 6
4 34 10
4 34 11
4 34 18
4 34 28
4 34 31
4 34 32
4 34 41
4 34 44
4 34 46
4 34 47
4 34 48
4 34 57
4 34 63
4 34 64
4 34 85
4 73 20
4 73 36
4 73 43
4 73 60
4 73 65
4 73 71
4 73 73
4 73 82
4 73 91
4 76 35
4 76 39
4 76 42
4 76 51
4 76 75
4 76 77
4 76 78
4 76 87
4 76 89
4 76 93
5 26 5
5 26 14
5 26 15
5 26 25
5 26 26
5 26 30
5 26 37
5 26 43
5 26 58
5 26 65
5 34 16
5 34 17
5 34 21
5 34 23
5 34 27
5 34 28
5 34 31
5 34 33
5 34 34
5 34 55
5 34 60
5 34 62
5 34 99
5 73 22
5 73 45
5 73 64
5 73 70
5 73 71
5 73 73
5 73 91
5 76 19
5 76 36
5 76 44
5 76 47
5 76 61
5 76 67
5 76 69
5 76 72
5 76 75
5 76 78
5 76 83
5 76 89
5 76 92
5 76 93
5 76 96
6 26 2
6 26 4
6 26 9
6 26 13
6 26 25
6 26 32
6 26 38
6 26 48
6 26 63
6 26 65
6 34 7
6 34 15
6 34 16
6 34 17
6 34 21
6 34 22
6 34 28
6 34 35
6 34 37
6 34 50
6 34 53
6 34 55
6 34 57
6 34 62
6 73 20
6 73 45
6 73 60
6 73 70
6 73 73
6 73 82
6 73 90
6 73 98
6 76 44
6 76 49
6 76 56
6 76 67
6 76 69
6 76 77
6 76 87
6 76 88
6 76 89
6 76 92
6 76 94
6 76 96
7 26 4
7 26 9
7 26 15
7 26 23
7 26 24
7 26 26
7 26 38
7 26 49
7 26 63
7 26 68
7 34 2
7 34 3
7 34 6
7 34 7
7 34 10
7 34 14
7 34 16
7 34 17
7 34 28
7 34 33
7 34 37
7 34 44
7 34 48
7 34 50
7 34 54
7 34 56
7 34 61
7 34 66
7 73 71
7 73 73
7 73 98
7 76 19
7 76 36
7 76 47
7 76 51
7 76 57
7 76 64
7 76 65
7 76 76
7 76 77
7 76 78
7 76 84
7 76 85
7 76 88
7 76 89
7 76 92
7 76 93
7 76 94
7 76 95
7 76 97
8 26 4
8 26 16
8 26 26
8 26 47
8 26 59
8 26 63
8 26 65
8 34 1
8 34 2
8 34 5
8 34 10
8 34 12
8 34 15
8 34 21
8 34 22
8 34 24
8 34 31
8 34 33
8 34 34
8 34 35
8 34 37
8 34 50
8 34 52
8 34 57
8 34 61
8 73 40
8 73 68
8 73 70
8 73 73
8 73 82
8 73 98
8 76 36
8 76 48
8 76 54
8 76 58
8 76 64
8 76 66
8 76 67
8 76 72
8 76 74
8 76 77
8 76 78
8 76 79
8 76 83
8 76 92
8 76 94
8 76 97
9 26 9
9 26 22
9 26 26
9 26 30
9 26 37
9 26 44
9 26 47
9 26 68
9 26 75
9 34 1
9 34 6
9 34 10
9 34 12
9 34 15
9 34 16
9 34 17
9 34 18
9 34 28
9 34 29
9 34 31
9 34 40
9 34 41
9 34 42
9 34 50
9 34 51
9 34 52
9 34 56
9 34 60
9 73 65
9 73 81
9 73 82
9 73 90
9 73 91
9 73 98
9 76 24
9 76 25
9 76 54
9 76 58
9 76 61
9 76 67
9 76 74
9 76 87
9 76 94
9 76 97
--- Done ---
