0 76 55
0 76 56
0 76 64
0 76 65
0 76 66
0 76 75
0 76 76
1 22 0
1 22 3
1 22 20
1 22 21
1 22 24
1 22 34
1 22 63
1 28 8
1 28 9
1 28 19
1 28 25
1 28 28
1 68 37
1 68 45
1 68 46
1 68 48
1 68 49
1 68 55
1 68 59
1 68 68
1 72 40
1 72 50
1 72 51
1 72 52
1 72 53
1 72 61
1 72 70
1 72 71
1 72 82
1 72 93
1 76 26
1 76 39
1 76 42
1 76 44
1 76 54
1 76 56
1 76 65
1 76 73
1 76 74
1 76 77
1 76 78
1 76 79
1 76 86
1 76 89
1 76 92
1 76 94
1 76 97
2 22 1
2 22 3
2 22 4
2 22 10
2 22 11
2 22 12
2 22 14
2 22 23
2 22 24
2 22 32
2 22 33
2 22 44
2 22 46
2 22 53
2 22 61
2 22 62
2 28 5
2 28 15
2 28 25
2 28 27
2 28 29
2 28 36
2 28 47
2 28 48
2 28 49
2 68 45
2 68 56
2 68 58
2 68 98
2 68 99
2 72 41
2 72 43
2 72 50
2 72 80
2 72 82
2 72 90
2 76 26
2 76 55
2 76 74
2 76 75
2 76 76
2 76 79
2 76 84
2 76 86
2 76 94
2 76 97
3 13 2
3 13 3
3 13 4
3 13 11
3 13 13
3 13 15
3 13 22
3 13 23
3 13 32
3 37 7
3 37 16
3 37 17
3 37 18
3 37 19
3 37 27
3 37 28
3 37 37
3 37 38
3 37 45
3 37 47
3 37 49
3 72 40
3 72 50
3 72 52
3 72 53
3 72 60
3 72 61
3 72 62
3 72 70
3 72 71
3 72 83
3 72 90
3 72 91
3 72 93
3 76 35
3 76 39
3 76 54
3 76 66
3 76 67
3 76 68
3 76 79
3 76 87
3 76 89
3 76 92
3 76 96
3 76 97
4 12 20
4 12 31
4 13 0
4 13 1
4 13 3
4 13 6
4 13 10
4 13 11
4 13 13
4 13 23
4 13 30
4 13 32
4 13 41
4 13 43
4 37 17
4 37 18
4 37 28
4 37 29
4 37 35
4 37 36
4 37 38
4 37 45
4 37 46
4 37 47
4 37 48
4 37 59
4 72 51
4 72 53
4 72 60
4 72 71
4 72 82
4 72 91
4 72 93
4 76 39
4 76 42
4 76 44
4 76 57
4 76 63
4 76 64
4 76 65
4 76 73
4 76 75
4 76 77
4 76 78
4 76 85
4 76 87
4 76 89
5 12 22
5 12 23
5 12 25
5 12 30
5 12 31
5 12 33
5 12 34
5 17 5
5 17 14
5 17 15
5 17 16
5 17 17
5 17 19
5 17 21
5 17 27
5 17 28
5 17 36
5 17 37
5 68 45
5 68 47
5 68 65
5 68 69
5 68 99
5 72 43
5 72 60
5 72 61
5 72 62
5 72 70
5 72 71
5 72 72
5 72 91
5 72 93
5 76 26
5 76 44
5 76 55
5 76 58
5 76 64
5 76 67
5 76 73
5 76 75
5 76 78
5 76 83
5 76 89
5 76 92
5 76 96
6 12 2
6 12 13
6 12 20
6 12 22
6 12 32
6 17 4
6 17 7
6 17 9
6 17 15
6 17 16
6 17 17
6 17 25
6 17 28
6 17 38
6 17 56
6 68 37
6 68 45
6 68 48
6 68 49
6 68 69
6 68 98
6 72 21
6 72 50
6 72 53
6 72 60
6 72 62
6 72 70
6 72 82
6 72 90
6 76 35
6 76 44
6 76 55
6 76 57
6 76 63
6 76 65
6 76 67
6 76 73
6 76 77
6 76 87
6 76 88
6 76 89
6 76 92
6 76 94
6 76 96
7 17 6
7 17 7
7 17 9
7 17 15
7 17 17
7 17 19
7 17 36
7 23 2
7 23 3
7 23 4
7 23 10
7 23 14
7 23 16
7 23 23
7 23 24
7 23 33
7 23 37
7 23 64
7 67 28
7 67 38
7 67 47
7 67 48
7 67 49
7 67 98
7 72 50
7 72 51
7 72 61
7 72 71
7 72 93
7 76 26
7 76 44
7 76 54
7 76 56
7 76 57
7 76 63
7 76 65
7 76 66
7 76 68
7 76 73
7 76 76
7 76 77
7 76 78
7 76 84
7 76 85
7 76 88
7 76 89
7 76 92
7 76 94
7 76 95
7 76 97
8 23 1
8 23 2
8 23 4
8 23 5
8 23 10
8 23 12
8 23 15
8 23 16
8 23 21
8 23 22
8 23 24
8 23 37
8 23 64
8 61 31
8 61 33
8 61 34
8 61 40
8 61 50
8 61 52
8 61 61
8 61 70
8 61 72
8 61 82
8 67 36
8 67 47
8 67 48
8 67 59
8 67 65
8 67 67
8 67 98
8 76 26
8 76 35
8 76 54
8 76 57
8 76 58
8 76 63
8 76 66
8 76 68
8 76 73
8 76 74
8 76 77
8 76 78
8 76 79
8 76 83
8 76 92
8 76 94
8 76 97
9 7 6
9 7 9
9 7 12
9 7 15
9 7 16
9 7 17
9 7 25
9 7 29
9 7 47
9 7 56
9 33 1
9 33 10
9 33 18
9 33 24
9 33 37
9 33 40
9 59 28
9 59 98
9 61 22
9 61 30
9 61 31
9 61 41
9 61 42
9 61 50
9 61 51
9 61 52
9 61 60
9 61 61
9 61 81
9 61 82
9 61 90
9 61 91
9 76 26
9 76 44
9 76 54
9 76 58
9 76 65
9 76 67
9 76 68
9 76 74
9 76 75
9 76 87
9 76 94
9 76 97
--- Done ---
