0 76 55
0 76 56
0 76 64
0 76 65
0 76 66
0 76 75
0 76 76
1 21 0
1 21 3
1 21 20
1 21 21
1 21 40
1 21 42
1 28 8
1 28 9
1 28 19
1 28 26
1 28 28
1 28 39
1 28 49
1 36 24
1 36 25
1 36 34
1 36 37
1 36 45
1 36 46
1 36 48
1 36 54
1 36 59
1 63 44
1 63 51
1 63 53
1 63 63
1 63 71
1 63 73
1 63 74
1 63 82
1 63 93
1 70 50
1 70 52
1 70 61
1 70 70
1 70 92
1 76 55
1 76 56
1 76 65
1 76 68
1 76 77
1 76 78
1 76 86
1 76 89
1 97 79
1 97 94
1 97 97
2 14 3
2 14 4
2 14 5
2 14 14
2 14 23
2 21 1
2 21 10
2 21 11
2 21 12
2 21 32
2 21 33
2 21 41
2 28 26
2 28 29
2 28 47
2 28 49
2 36 15
2 36 24
2 36 25
2 36 27
2 36 36
2 36 45
2 36 46
2 36 48
2 63 43
2 63 44
2 63 53
2 63 61
2 63 74
2 63 82
2 70 50
2 70 62
2 70 80
2 70 90
2 76 55
2 76 56
2 76 58
2 76 75
2 76 76
2 76 84
2 76 86
2 97 79
2 97 94
2 97 97
2 97 98
2 97 99
3 14 3
3 14 4
3 14 7
3 14 11
3 14 13
3 14 23
3 14 32
3 21 2
3 21 22
3 21 40
3 28 15
3 28 16
3 28 17
3 28 18
3 28 19
3 28 27
3 28 28
3 28 38
3 28 39
3 28 49
3 35 35
3 35 37
3 35 47
3 35 53
3 35 54
3 70 50
3 70 52
3 70 60
3 70 61
3 70 62
3 70 70
3 70 71
3 70 83
3 70 90
3 70 91
3 70 92
3 75 45
3 75 67
3 75 79
3 75 93
3 75 96
3 76 66
3 76 68
3 76 87
3 76 89
3 76 97
4 18 6
4 18 17
4 18 18
4 18 28
4 18 29
4 18 38
4 18 39
4 18 48
4 21 0
4 21 1
4 21 3
4 21 10
4 21 11
4 21 20
4 21 30
4 21 31
4 21 32
4 35 13
4 35 35
4 35 36
4 35 45
4 35 46
4 51 23
4 51 41
4 51 42
4 51 43
4 51 44
4 51 51
4 51 53
4 51 60
4 51 63
4 51 71
4 68 57
4 68 59
4 75 47
4 75 73
4 75 75
4 75 93
4 76 64
4 76 65
4 76 77
4 76 78
4 76 85
4 76 87
4 76 89
4 81 82
4 81 91
5 15 5
5 15 14
5 15 15
5 15 16
5 15 25
5 15 26
5 15 27
5 15 28
5 15 33
5 15 34
5 15 36
5 15 37
5 15 45
5 18 17
5 18 19
5 51 21
5 51 22
5 51 23
5 51 30
5 51 31
5 51 43
5 51 44
5 51 62
5 51 72
5 68 47
5 68 67
5 68 69
5 68 99
5 76 55
5 76 58
5 76 64
5 76 65
5 76 75
5 76 78
5 76 89
5 81 60
5 81 61
5 81 70
5 81 71
5 81 91
5 84 73
5 84 83
5 84 92
5 84 93
5 84 96
6 11 2
6 11 4
6 11 13
6 11 20
6 11 21
6 11 22
6 11 32
6 15 7
6 15 15
6 15 25
6 15 37
6 28 9
6 28 16
6 28 17
6 28 28
6 28 38
6 28 49
6 28 57
6 66 35
6 66 44
6 66 45
6 66 48
6 66 67
6 66 69
6 66 96
6 66 98
6 76 55
6 76 56
6 76 65
6 76 77
6 76 87
6 76 88
6 76 89
6 81 50
6 81 53
6 81 60
6 81 62
6 81 63
6 81 70
6 81 73
6 81 82
6 81 90
6 81 92
6 84 94
7 5 3
7 5 6
7 5 7
7 5 14
7 5 16
7 5 24
7 5 38
7 11 2
7 11 4
7 11 10
7 11 23
7 11 33
7 28 9
7 28 15
7 28 17
7 28 19
7 28 26
7 28 28
7 28 36
7 28 37
7 28 47
7 28 48
7 28 49
7 61 50
7 61 51
7 61 54
7 61 61
7 61 71
7 66 44
7 66 57
7 66 66
7 66 98
7 76 56
7 76 64
7 76 65
7 76 68
7 76 76
7 76 77
7 76 78
7 76 84
7 76 85
7 76 88
7 76 89
7 76 95
7 76 97
7 83 63
7 83 73
7 83 92
7 83 93
7 83 94
8 5 5
8 5 12
8 5 15
8 5 16
8 5 24
8 11 1
8 11 2
8 11 4
8 11 10
8 11 21
8 11 22
8 11 31
8 46 26
8 46 33
8 46 34
8 46 35
8 46 36
8 46 37
8 46 47
8 46 48
8 46 57
8 46 59
8 46 67
8 61 40
8 61 50
8 61 52
8 61 54
8 61 61
8 61 63
8 61 70
8 61 73
8 76 58
8 76 64
8 76 65
8 76 66
8 76 68
8 76 77
8 76 78
8 76 97
8 83 72
8 83 82
8 83 83
8 83 92
8 83 94
8 87 74
8 87 79
8 87 98
9 18 6
9 18 9
9 18 17
9 18 18
9 18 28
9 18 29
9 23 1
9 23 10
9 23 12
9 23 15
9 23 16
9 23 22
9 23 24
9 23 25
9 23 37
9 23 44
9 23 52
9 46 26
9 46 47
9 46 67
9 51 30
9 51 31
9 51 40
9 51 41
9 51 42
9 51 50
9 51 51
9 51 60
9 51 61
9 76 56
9 76 58
9 76 65
9 76 68
9 76 75
9 76 97
9 87 54
9 87 74
9 87 87
9 87 98
9 92 81
9 92 82
9 92 90
9 92 91
9 92 94
--- Done ---
