0 69 68
0 69 78
0 76 66
0 76 67
0 76 76
0 76 77
1 8 6
1 8 9
1 8 17
1 8 18
1 8 28
1 8 29
1 12 3
1 12 20
1 12 22
1 12 23
1 12 31
1 36 16
1 36 25
1 36 38
1 36 45
1 36 46
1 36 47
1 36 48
1 36 56
1 36 57
1 53 40
1 53 42
1 53 50
1 53 52
1 53 54
1 53 72
1 53 73
1 53 83
1 69 49
1 69 58
1 69 68
1 69 78
1 69 89
1 76 66
1 76 74
1 76 75
1 76 76
1 76 84
1 76 94
1 76 96
1 80 60
1 80 71
1 80 90
1 80 91
1 80 93
2 8 5
2 8 6
2 8 18
2 8 19
2 8 28
2 12 0
2 12 1
2 12 2
2 12 3
2 12 4
2 12 11
2 12 13
2 12 14
2 12 22
2 12 30
2 12 31
2 12 32
2 36 15
2 36 25
2 36 26
2 36 35
2 36 36
2 36 38
2 36 47
2 36 57
2 53 42
2 53 51
2 53 62
2 53 63
2 53 64
2 53 72
2 53 83
2 69 49
2 69 58
2 69 88
2 76 67
2 76 76
2 76 77
2 76 87
2 76 94
2 80 60
2 80 70
2 80 71
2 80 82
2 80 92
3 8 5
3 8 17
3 8 18
3 12 2
3 12 3
3 12 4
3 12 12
3 12 13
3 12 14
3 12 23
3 12 24
3 12 30
3 36 15
3 36 26
3 36 35
3 36 36
3 36 56
3 36 57
3 53 33
3 53 41
3 53 42
3 53 43
3 53 51
3 53 54
3 53 55
3 53 63
3 53 73
3 69 49
3 69 68
3 69 69
3 69 78
3 69 79
3 69 89
3 76 67
3 76 74
3 76 75
3 76 77
3 76 84
3 76 85
3 76 94
3 76 96
3 80 60
3 80 80
3 80 81
3 80 82
3 80 92
3 80 93
4 8 5
4 8 6
4 8 8
4 12 0
4 12 1
4 12 3
4 12 12
4 12 13
4 12 31
4 36 16
4 36 25
4 36 27
4 36 34
4 36 36
4 36 38
4 36 39
4 36 47
4 36 56
4 53 42
4 53 50
4 53 51
4 53 54
4 53 61
4 53 62
4 53 63
4 53 64
4 53 72
4 69 58
4 69 68
4 69 69
4 69 78
4 69 79
4 76 65
4 76 66
4 76 75
4 76 76
4 76 77
4 76 84
4 76 86
4 80 60
4 80 81
4 80 90
4 80 91
4 80 92
4 80 93
5 8 7
5 8 17
5 8 19
5 8 29
5 12 0
5 12 1
5 12 3
5 12 10
5 12 22
5 12 24
5 36 16
5 36 25
5 36 34
5 36 35
5 36 37
5 36 38
5 36 45
5 36 46
5 36 48
5 36 57
5 53 42
5 53 43
5 53 44
5 53 50
5 53 52
5 53 54
5 53 55
5 53 62
5 53 63
5 53 64
5 53 73
5 53 83
5 69 59
5 69 68
5 69 69
5 76 65
5 76 67
5 76 75
5 76 76
5 76 85
5 76 87
5 76 98
5 80 71
5 80 80
5 80 81
5 80 92
6 8 17
6 8 28
6 12 3
6 12 20
6 12 21
6 12 23
6 12 24
6 12 30
6 12 31
6 12 32
6 36 16
6 36 25
6 36 26
6 36 27
6 36 34
6 36 35
6 36 37
6 36 38
6 36 46
6 36 48
6 36 57
6 53 41
6 53 43
6 53 44
6 53 50
6 53 52
6 53 54
6 53 62
6 53 63
6 53 72
6 53 73
6 69 49
6 69 58
6 69 88
6 69 99
6 76 65
6 76 75
6 76 76
6 76 87
6 76 96
6 76 98
6 80 60
6 80 70
6 80 71
6 80 90
6 80 92
6 80 93
7 8 18
7 12 1
7 12 4
7 12 10
7 12 11
7 12 20
7 12 21
7 12 30
7 36 15
7 36 16
7 36 25
7 36 26
7 36 37
7 36 38
7 36 45
7 36 46
7 36 56
7 36 57
7 53 42
7 53 43
7 53 51
7 53 52
7 53 53
7 53 54
7 53 55
7 53 62
7 53 72
7 53 83
7 69 59
7 69 78
7 69 88
7 76 65
7 76 67
7 76 76
7 76 77
7 76 84
7 76 85
7 76 87
7 76 95
7 76 96
7 76 97
7 80 80
7 80 81
7 80 82
7 80 91
8 8 6
8 8 9
8 8 17
8 8 28
8 8 29
8 12 2
8 12 12
8 12 14
8 12 22
8 12 24
8 12 31
8 12 32
8 36 25
8 36 34
8 36 35
8 36 45
8 36 56
8 36 57
8 53 33
8 53 43
8 53 44
8 53 51
8 53 61
8 53 64
8 53 72
8 53 73
8 69 58
8 69 78
8 69 79
8 69 88
8 69 99
8 76 65
8 76 66
8 76 77
8 76 84
8 76 86
8 76 94
8 76 96
8 76 98
8 80 71
8 80 80
8 80 91
8 80 93
9 8 5
9 8 7
9 8 19
9 8 29
9 12 4
9 12 10
9 12 12
9 12 13
9 12 14
9 12 24
9 12 31
9 36 15
9 36 16
9 36 37
9 36 38
9 36 39
9 36 47
9 36 48
9 36 56
9 53 33
9 53 40
9 53 41
9 53 42
9 53 43
9 53 50
9 53 51
9 53 62
9 53 63
9 53 72
9 53 73
9 69 58
9 69 68
9 69 69
9 69 79
9 69 99
9 76 74
9 76 75
9 76 77
9 76 84
9 76 85
9 76 96
9 76 97
9 76 98
9 80 60
9 80 81
9 80 82
9 80 93
--- Done ---
