0 65 66
0 65 68
0 65 76
0 65 77
0 65 78
0 67 67
1 17 6
1 17 9
1 17 16
1 17 17
1 17 18
1 17 25
1 17 28
1 17 29
1 17 38
1 17 49
1 32 3
1 32 20
1 32 22
1 32 23
1 32 31
1 32 42
1 32 50
1 32 52
1 65 45
1 65 46
1 65 47
1 65 56
1 65 57
1 65 66
1 65 68
1 65 74
1 65 75
1 65 78
1 65 93
1 65 94
1 65 96
1 67 48
1 67 58
1 67 76
1 67 89
1 80 40
1 80 54
1 80 60
1 80 71
1 80 72
1 80 73
1 80 83
1 80 84
1 80 90
1 80 91
2 17 3
2 17 4
2 17 5
2 17 6
2 17 14
2 17 15
2 17 18
2 17 19
2 17 25
2 17 28
2 17 35
2 17 38
2 17 47
2 17 57
2 32 0
2 32 1
2 32 2
2 32 11
2 32 13
2 32 22
2 32 30
2 32 31
2 32 32
2 32 36
2 32 42
2 32 51
2 32 63
2 32 64
2 65 26
2 65 94
2 67 49
2 67 58
2 67 67
2 67 76
2 67 77
2 67 87
2 67 88
2 80 60
2 80 62
2 80 70
2 80 71
2 80 72
2 80 82
2 80 83
2 80 92
3 17 3
3 17 4
3 17 5
3 17 13
3 17 14
3 17 15
3 17 17
3 17 18
3 17 35
3 32 2
3 32 12
3 32 23
3 32 24
3 32 30
3 32 33
3 32 41
3 32 42
3 32 63
3 65 26
3 65 43
3 65 55
3 65 68
3 65 74
3 65 75
3 65 77
3 65 85
3 65 93
3 65 94
3 65 96
3 67 36
3 67 49
3 67 56
3 67 57
3 67 67
3 67 69
3 67 78
3 67 79
3 67 84
3 67 89
3 80 51
3 80 54
3 80 60
3 80 73
3 80 80
3 80 81
3 80 82
3 80 92
4 17 3
4 17 5
4 17 6
4 17 8
4 17 13
4 17 16
4 17 25
4 17 27
4 17 47
4 32 0
4 32 1
4 32 12
4 32 31
4 32 34
4 32 36
4 32 42
4 32 50
4 32 62
4 32 64
4 65 61
4 65 63
4 65 65
4 65 68
4 65 86
4 65 93
4 67 38
4 67 39
4 67 56
4 67 58
4 67 66
4 67 69
4 67 75
4 67 76
4 67 77
4 67 78
4 67 79
4 80 51
4 80 54
4 80 60
4 80 72
4 80 81
4 80 84
4 80 90
4 80 91
4 80 92
5 17 7
5 17 16
5 17 17
5 17 19
5 17 25
5 17 29
5 17 35
5 17 38
5 17 46
5 32 0
5 32 1
5 32 3
5 32 10
5 32 22
5 32 24
5 32 34
5 32 42
5 32 43
5 32 44
5 32 50
5 32 52
5 32 63
5 32 64
5 65 57
5 65 65
5 65 73
5 65 75
5 65 76
5 65 85
5 65 98
5 67 37
5 67 45
5 67 48
5 67 55
5 67 59
5 67 67
5 67 68
5 67 69
5 67 87
5 80 54
5 80 62
5 80 71
5 80 80
5 80 81
5 80 83
5 80 92
6 17 16
6 17 17
6 17 25
6 17 26
6 17 27
6 17 28
6 17 37
6 17 38
6 17 46
6 17 49
6 32 3
6 32 20
6 32 21
6 32 23
6 32 24
6 32 30
6 32 31
6 32 32
6 32 34
6 32 41
6 32 43
6 32 44
6 32 52
6 32 62
6 32 63
6 65 35
6 65 65
6 65 76
6 65 88
6 65 93
6 65 96
6 65 98
6 67 48
6 67 57
6 67 58
6 67 75
6 67 87
6 67 99
6 80 50
6 80 54
6 80 60
6 80 70
6 80 71
6 80 72
6 80 73
6 80 90
6 80 92
7 17 4
7 17 16
7 17 18
7 17 25
7 17 26
7 17 37
7 17 38
7 17 46
7 17 57
7 32 1
7 32 10
7 32 11
7 32 15
7 32 20
7 32 21
7 32 30
7 32 42
7 32 43
7 32 51
7 32 52
7 32 53
7 65 56
7 65 65
7 65 76
7 65 88
7 65 96
7 65 97
7 67 45
7 67 55
7 67 59
7 67 67
7 67 77
7 67 78
7 67 85
7 67 87
7 80 54
7 80 62
7 80 72
7 80 80
7 80 81
7 80 82
7 80 83
7 80 84
7 80 91
7 80 95
8 17 6
8 17 9
8 17 14
8 17 17
8 17 24
8 17 25
8 17 28
8 17 29
8 17 57
8 32 2
8 32 12
8 32 22
8 32 31
8 32 32
8 32 33
8 32 44
8 32 61
8 65 34
8 65 35
8 65 43
8 65 45
8 65 56
8 65 64
8 65 65
8 65 66
8 65 73
8 65 77
8 65 78
8 65 86
8 65 93
8 65 94
8 65 96
8 65 98
8 67 58
8 67 79
8 67 88
8 67 99
8 80 51
8 80 71
8 80 72
8 80 80
8 80 84
8 80 91
9 17 4
9 17 5
9 17 7
9 17 13
9 17 15
9 17 16
9 17 19
9 17 29
9 17 37
9 17 38
9 17 47
9 32 10
9 32 12
9 32 14
9 32 24
9 32 31
9 32 33
9 32 41
9 32 42
9 32 43
9 32 51
9 32 62
9 65 56
9 65 63
9 65 74
9 65 75
9 65 77
9 65 84
9 65 85
9 65 93
9 65 96
9 65 97
9 65 98
9 67 39
9 67 48
9 67 58
9 67 68
9 67 69
9 67 79
9 67 99
9 80 40
9 80 50
9 80 60
9 80 72
9 80 73
9 80 81
9 80 82
--- Done ---
