0 77 66
0 77 67
0 77 68
0 77 76
0 77 77
0 77 78
1 12 3
1 12 20
1 12 22
1 12 23
1 12 31
1 17 6
1 17 9
1 17 16
1 17 17
1 17 25
1 17 28
1 38 18
1 38 29
1 38 38
1 38 47
1 38 48
1 38 49
1 38 56
1 38 58
1 53 40
1 53 42
1 53 45
1 53 46
1 53 52
1 53 54
1 53 73
1 77 57
1 77 66
1 77 68
1 77 74
1 77 76
1 77 78
1 77 89
1 80 50
1 80 60
1 80 71
1 80 72
1 80 83
1 80 90
1 80 91
1 84 75
1 84 84
1 84 93
1 84 94
1 84 96
2 12 0
2 12 1
2 12 2
2 12 3
2 12 4
2 12 11
2 12 13
2 12 14
2 12 22
2 12 30
2 12 31
2 17 5
2 17 15
2 17 19
2 17 25
2 17 26
2 17 35
2 38 6
2 38 18
2 38 28
2 38 36
2 38 38
2 38 47
2 38 49
2 38 58
2 53 32
2 53 42
2 53 51
2 53 63
2 53 64
2 77 57
2 77 67
2 77 77
2 77 87
2 77 88
2 80 60
2 80 62
2 80 70
2 80 71
2 80 72
2 80 82
2 80 83
2 80 92
2 84 76
2 84 94
3 12 2
3 12 3
3 12 4
3 12 12
3 12 13
3 12 14
3 12 23
3 12 24
3 12 30
3 17 5
3 17 15
3 17 17
3 17 18
3 17 26
3 17 35
3 17 36
3 17 49
3 38 56
3 38 69
3 53 33
3 53 41
3 53 42
3 53 43
3 53 51
3 53 54
3 53 55
3 77 57
3 77 67
3 77 68
3 77 74
3 77 77
3 77 78
3 77 79
3 77 85
3 77 89
3 80 60
3 80 80
3 80 81
3 80 82
3 80 92
3 84 63
3 84 73
3 84 75
3 84 84
3 84 93
3 84 94
3 84 96
4 12 0
4 12 1
4 12 3
4 12 12
4 12 13
4 12 31
4 17 5
4 17 6
4 17 8
4 17 16
4 17 25
4 38 27
4 38 36
4 38 38
4 38 39
4 38 47
4 38 56
4 38 58
4 42 34
4 42 42
4 42 51
4 53 54
4 53 64
4 53 65
4 77 66
4 77 68
4 77 69
4 77 76
4 77 77
4 77 78
4 77 79
4 77 86
4 80 50
4 80 60
4 80 61
4 80 62
4 80 72
4 80 81
4 80 90
4 80 91
4 80 92
4 84 63
4 84 75
4 84 84
4 84 93
5 12 0
5 12 1
5 12 3
5 12 10
5 12 22
5 12 24
5 17 7
5 17 16
5 17 17
5 17 19
5 17 25
5 17 35
5 38 29
5 38 37
5 38 38
5 38 45
5 38 48
5 38 69
5 42 34
5 42 42
5 42 44
5 42 52
5 53 43
5 53 46
5 53 54
5 53 55
5 77 57
5 77 59
5 77 64
5 77 65
5 77 67
5 77 68
5 77 76
5 77 85
5 77 87
5 77 98
5 80 50
5 80 62
5 80 71
5 80 80
5 80 81
5 80 83
5 80 92
5 84 63
5 84 73
5 84 75
6 12 3
6 12 20
6 12 21
6 12 23
6 12 30
6 17 16
6 17 17
6 17 25
6 17 26
6 17 28
6 17 35
6 17 49
6 38 27
6 38 37
6 38 38
6 38 48
6 38 58
6 42 24
6 42 31
6 42 32
6 42 34
6 42 43
6 42 44
6 42 52
6 53 41
6 53 46
6 53 54
6 53 63
6 53 65
6 53 73
6 77 57
6 77 76
6 77 87
6 77 88
6 77 98
6 77 99
6 80 50
6 80 60
6 80 62
6 80 70
6 80 71
6 80 72
6 80 90
6 80 92
6 84 75
6 84 93
6 84 96
7 12 1
7 12 4
7 12 10
7 12 11
7 12 20
7 12 21
7 12 30
7 17 15
7 17 16
7 17 18
7 17 25
7 17 26
7 38 37
7 38 38
7 38 56
7 42 42
7 42 51
7 53 43
7 53 45
7 53 46
7 53 52
7 53 53
7 53 54
7 77 55
7 77 57
7 77 59
7 77 65
7 77 67
7 77 76
7 77 77
7 77 78
7 77 85
7 77 87
7 77 88
7 77 97
7 80 62
7 80 72
7 80 80
7 80 81
7 80 82
7 80 83
7 80 91
7 84 84
7 84 95
7 84 96
8 12 2
8 12 12
8 12 14
8 12 24
8 12 31
8 17 6
8 17 9
8 17 17
8 17 25
8 17 28
8 17 35
8 38 29
8 38 45
8 38 56
8 38 58
8 42 22
8 42 33
8 42 34
8 42 43
8 42 44
8 42 51
8 53 32
8 53 64
8 53 65
8 53 73
8 77 57
8 77 77
8 77 78
8 77 79
8 77 88
8 77 98
8 77 99
8 80 61
8 80 71
8 80 72
8 80 80
8 80 91
8 84 66
8 84 84
8 84 86
8 84 93
8 84 94
8 84 96
9 12 4
9 12 10
9 12 12
9 12 13
9 12 14
9 12 31
9 17 5
9 17 7
9 17 15
9 17 16
9 17 19
9 17 47
9 38 29
9 38 37
9 38 38
9 38 39
9 38 48
9 38 56
9 38 58
9 38 69
9 42 24
9 42 33
9 42 41
9 42 42
9 42 43
9 53 40
9 53 51
9 53 63
9 53 73
9 77 68
9 77 77
9 77 79
9 77 85
9 77 97
9 77 98
9 77 99
9 80 50
9 80 60
9 80 62
9 80 72
9 80 81
9 80 82
9 84 74
9 84 75
9 84 84
9 84 93
9 84 96
--- Done ---
