0 57 66
0 57 67
0 57 68
0 57 76
0 57 77
0 57 78
1 17 6
1 17 9
1 17 17
1 17 18
1 17 25
1 17 28
1 17 29
1 17 45
1 17 47
1 17 49
1 32 3
1 32 16
1 32 20
1 32 22
1 32 23
1 32 31
1 32 42
1 32 52
1 57 38
1 57 46
1 57 48
1 57 56
1 57 57
1 57 58
1 57 68
1 57 78
1 57 89
1 65 66
1 65 74
1 65 75
1 65 76
1 65 93
1 65 94
1 65 96
1 80 40
1 80 50
1 80 54
1 80 60
1 80 71
1 80 72
1 80 73
1 80 83
1 80 84
1 80 90
1 80 91
2 17 4
2 17 5
2 17 6
2 17 13
2 17 18
2 17 19
2 17 25
2 17 28
2 17 35
2 17 36
2 32 0
2 32 1
2 32 2
2 32 3
2 32 11
2 32 14
2 32 15
2 32 22
2 32 30
2 32 31
2 32 32
2 32 42
2 32 51
2 32 63
2 32 64
2 58 38
2 58 49
2 58 58
2 58 67
2 58 87
2 65 26
2 65 47
2 65 57
2 65 76
2 65 77
2 65 88
2 65 94
2 80 60
2 80 62
2 80 70
2 80 71
2 80 72
2 80 82
2 80 83
2 80 92
3 23 2
3 23 3
3 23 4
3 23 12
3 23 13
3 23 17
3 23 23
3 23 24
3 23 30
3 23 41
3 23 43
3 36 5
3 36 14
3 36 15
3 36 18
3 36 33
3 36 35
3 36 36
3 36 42
3 36 56
3 36 57
3 36 67
3 36 68
3 58 26
3 58 49
3 58 55
3 58 77
3 58 78
3 80 51
3 80 54
3 80 60
3 80 80
3 80 81
3 80 82
3 80 84
3 80 92
3 85 63
3 85 69
3 85 73
3 85 74
3 85 75
3 85 79
3 85 85
3 85 89
3 85 93
3 85 94
3 85 96
4 23 0
4 23 1
4 23 3
4 23 13
4 23 25
4 23 31
4 23 34
4 23 60
4 36 5
4 36 6
4 36 8
4 36 12
4 36 16
4 36 27
4 36 36
4 36 38
4 36 39
4 36 42
4 36 47
4 36 56
4 36 58
4 36 64
4 36 68
4 80 50
4 80 51
4 80 54
4 80 61
4 80 62
4 80 72
4 80 81
4 80 84
4 80 90
4 80 91
4 80 92
4 85 63
4 85 65
4 85 66
4 85 69
4 85 75
4 85 76
4 85 77
4 85 78
4 85 79
4 85 86
4 85 93
5 32 0
5 32 1
5 32 3
5 32 10
5 32 16
5 32 22
5 32 24
5 32 34
5 32 42
5 32 43
5 32 52
5 32 64
5 37 7
5 37 17
5 37 19
5 37 25
5 37 29
5 37 35
5 37 37
5 37 38
5 37 44
5 37 46
5 37 48
5 77 45
5 77 55
5 77 57
5 77 59
5 77 63
5 77 65
5 77 67
5 77 68
5 77 69
5 77 75
5 77 76
5 77 85
5 77 87
5 77 98
5 80 50
5 80 54
5 80 62
5 80 71
5 80 73
5 80 80
5 80 81
5 80 83
5 80 92
6 32 3
6 32 16
6 32 20
6 32 21
6 32 23
6 32 24
6 32 30
6 32 31
6 32 32
6 32 41
6 32 43
6 32 44
6 32 52
6 32 63
6 37 17
6 37 25
6 37 26
6 37 27
6 37 28
6 37 34
6 37 35
6 37 37
6 37 38
6 37 48
6 37 57
6 37 58
6 65 65
6 65 93
6 65 98
6 77 46
6 77 49
6 77 75
6 77 76
6 77 87
6 77 88
6 77 96
6 77 99
6 80 50
6 80 54
6 80 60
6 80 62
6 80 70
6 80 71
6 80 72
6 80 73
6 80 90
6 80 92
7 17 4
7 17 15
7 17 16
7 17 18
7 17 25
7 17 37
7 17 38
7 17 57
7 32 1
7 32 10
7 32 11
7 32 20
7 32 21
7 32 30
7 32 42
7 32 43
7 32 52
7 32 53
7 65 26
7 65 55
7 65 65
7 65 77
7 65 78
7 65 88
7 65 96
7 67 45
7 67 46
7 67 56
7 67 59
7 67 67
7 67 76
7 67 85
7 67 87
7 67 97
7 80 51
7 80 54
7 80 62
7 80 72
7 80 80
7 80 81
7 80 82
7 80 83
7 80 84
7 80 91
7 80 95
8 17 6
8 17 9
8 17 14
8 17 17
8 17 24
8 17 25
8 17 28
8 17 29
8 17 32
8 17 35
8 17 45
8 22 2
8 22 12
8 22 22
8 22 31
8 22 33
8 22 34
8 65 43
8 65 44
8 65 64
8 65 65
8 65 93
8 65 94
8 65 96
8 65 98
8 67 56
8 67 57
8 67 58
8 67 66
8 67 77
8 67 78
8 67 79
8 67 86
8 67 88
8 67 99
8 80 51
8 80 61
8 80 71
8 80 72
8 80 73
8 80 80
8 80 84
8 80 91
9 22 4
9 22 5
9 22 10
9 22 12
9 22 14
9 22 15
9 22 31
9 22 33
9 22 41
9 22 42
9 22 43
9 22 50
9 37 7
9 37 13
9 37 16
9 37 19
9 37 29
9 37 37
9 37 39
9 37 58
9 56 24
9 56 48
9 56 56
9 56 69
9 56 74
9 56 77
9 56 99
9 80 40
9 80 51
9 80 60
9 80 62
9 80 72
9 80 73
9 80 81
9 80 82
9 80 84
9 86 38
9 86 47
9 86 63
9 86 68
9 86 75
9 86 79
9 86 85
9 86 93
9 86 96
9 86 97
9 86 98
--- Done ---
