0 7 -1
0 48 89
0 76 78
0 76 79
0 76 87
0 76 88
0 76 98
1 7 5
1 7 8
1 7 18
1 7 26
1 7 27
1 7 39
1 7 35
1 21 13
1 21 20
1 21 30
1 21 31
1 21 40
1 21 2
1 21 6
1 21 24
1 21 42
1 21 44
1 48 89
1 71 50
1 71 62
1 71 72
1 71 90
1 76 76
1 76 78
1 76 79
1 76 85
1 76 87
1 76 88
1 76 94
1 76 97
1 76 25
1 76 67
1 86 74
1 86 99
2 7 3
2 7 5
2 7 7
2 7 8
2 7 9
2 7 16
2 7 19
2 7 6
2 7 15
2 7 17
2 7 18
2 7 24
2 7 28
2 7 29
2 7 49
2 21 11
2 21 13
2 21 20
2 21 30
2 21 32
2 21 40
2 21 42
2 21 43
2 21 54
2 21 60
2 48 89
2 48 36
2 48 45
2 48 47
2 48 59
2 48 68
2 48 48
2 71 51
2 71 70
2 71 81
2 71 90
2 71 92
2 71 71
2 71 83
2 76 76
2 86 93
2 86 99
2 86 78
2 86 79
2 86 85
2 86 87
2 86 88
2 86 35
2 86 65
2 86 98
3 7 7
3 7 8
3 7 9
3 7 19
3 7 3
3 7 5
3 7 6
3 7 16
3 7 28
3 21 1
3 34 4
3 34 13
3 34 20
3 34 22
3 34 31
3 34 32
3 34 50
3 34 62
3 34 2
3 34 15
3 34 17
3 34 24
3 34 26
3 34 27
3 34 36
3 34 37
3 34 43
3 34 45
3 34 46
3 34 52
3 34 54
3 34 55
3 34 86
3 34 63
3 34 25
3 34 44
3 48 38
3 48 69
3 48 89
3 48 47
3 48 59
3 48 57
3 48 66
3 48 67
3 48 77
3 48 98
3 71 70
3 71 80
3 71 81
3 71 90
3 71 91
3 71 60
3 71 71
3 71 83
3 71 73
3 76 -1
3 86 99
3 86 64
3 86 75
3 86 78
3 86 79
3 86 82
3 86 87
3 86 88
3 86 94
3 86 96
3 86 97
3 86 56
4 7 7
4 7 9
4 7 19
4 7 5
4 7 16
4 7 18
4 7 28
4 7 29
4 7 39
4 7 49
4 7 14
4 7 15
4 7 17
4 7 25
4 7 26
4 7 27
4 7 37
4 7 35
4 7 44
4 21 0
4 21 1
4 21 12
4 21 13
4 21 21
4 21 23
4 21 30
4 21 31
4 21 32
4 21 33
4 21 54
4 21 43
4 34 4
4 34 34
4 48 38
4 48 69
4 48 89
4 48 59
4 48 68
4 48 36
4 48 45
4 48 46
4 48 55
4 48 48
4 71 51
4 71 53
4 71 70
4 71 72
4 71 81
4 71 90
4 71 91
4 71 92
4 71 61
4 71 62
4 71 71
4 71 83
4 71 84
4 71 63
4 71 73
4 71 41
4 71 42
4 71 52
4 76 78
4 76 94
4 86 74
4 86 93
4 86 99
4 86 64
4 86 87
4 86 88
4 86 66
4 86 67
4 86 77
4 86 86
4 86 65
5 7 7
5 7 8
5 7 9
5 7 19
5 7 3
5 7 5
5 7 18
5 7 28
5 7 29
5 7 39
5 7 17
5 7 26
5 7 27
5 7 35
5 7 37
5 7 44
5 21 0
5 21 1
5 21 10
5 21 11
5 21 40
5 21 12
5 21 13
5 21 20
5 21 21
5 21 30
5 21 31
5 21 32
5 21 33
5 21 60
5 21 2
5 21 15
5 21 24
5 21 41
5 21 43
5 21 52
5 21 54
5 34 4
5 48 38
5 48 89
5 48 47
5 48 59
5 48 68
5 48 48
5 71 51
5 71 53
5 71 72
5 71 80
5 71 81
5 71 90
5 71 91
5 71 92
5 71 61
5 71 62
5 71 84
5 71 73
5 76 76
5 76 87
5 76 88
5 76 96
5 76 97
5 76 58
5 76 66
5 76 86
5 76 98
5 76 45
5 76 46
5 76 55
5 76 63
5 76 65
5 76 25
5 86 74
5 86 93
5 86 99
5 86 64
5 86 75
5 86 78
5 86 79
5 86 82
5 86 85
5 86 94
6 7 8
6 7 9
6 7 19
6 7 3
6 7 5
6 7 6
6 7 16
6 7 29
6 7 49
6 7 2
6 7 15
6 7 26
6 7 27
6 7 37
6 7 44
6 21 0
6 21 1
6 21 10
6 21 40
6 21 12
6 21 13
6 21 20
6 21 21
6 21 22
6 21 23
6 21 30
6 21 31
6 21 32
6 21 33
6 21 60
6 21 24
6 34 4
6 34 54
6 48 38
6 48 69
6 48 47
6 48 59
6 48 68
6 48 46
6 48 55
6 48 98
6 71 51
6 71 70
6 71 72
6 71 81
6 71 90
6 71 91
6 71 92
6 71 50
6 71 61
6 71 62
6 71 83
6 71 41
6 71 42
6 71 52
6 76 -1
6 86 74
6 86 93
6 86 64
6 86 78
6 86 79
6 86 88
6 86 94
6 86 95
6 86 97
6 86 56
6 86 57
6 86 58
6 86 66
6 86 67
6 86 73
6 86 77
6 86 86
7 7 8
7 7 19
7 7 16
7 7 18
7 7 28
7 7 29
7 7 39
7 7 49
7 7 17
7 7 37
7 7 44
7 21 0
7 21 1
7 21 10
7 21 11
7 21 6
7 21 13
7 21 20
7 21 21
7 21 22
7 21 23
7 21 30
7 21 31
7 21 33
7 21 60
7 21 2
7 21 14
7 21 15
7 21 24
7 21 41
7 21 54
7 34 4
7 34 36
7 34 45
7 34 46
7 34 55
7 48 38
7 48 89
7 48 48
7 71 51
7 71 53
7 71 72
7 71 81
7 71 90
7 71 91
7 71 92
7 71 50
7 71 61
7 71 62
7 71 71
7 71 83
7 71 84
7 71 52
7 71 63
7 71 73
7 76 -1
7 86 74
7 86 64
7 86 78
7 86 79
7 86 85
7 86 88
7 86 94
7 86 97
7 86 56
7 86 58
7 86 66
7 86 67
7 86 77
7 86 35
7 86 65
8 7 7
8 7 8
8 7 19
8 7 3
8 7 5
8 7 18
8 7 28
8 7 29
8 7 39
8 7 49
8 7 17
8 7 27
8 7 25
8 7 44
8 21 0
8 21 40
8 21 12
8 21 13
8 21 21
8 21 23
8 21 32
8 34 4
8 34 34
8 48 89
8 48 47
8 48 59
8 48 45
8 48 55
8 71 51
8 71 53
8 71 70
8 71 72
8 71 90
8 71 91
8 71 92
8 71 50
8 71 60
8 71 61
8 71 62
8 71 82
8 71 42
8 71 63
8 71 73
8 76 76
8 86 74
8 86 93
8 86 99
8 86 64
8 86 75
8 86 78
8 86 79
8 86 85
8 86 87
8 86 94
8 86 96
8 86 56
8 86 57
8 86 98
9 7 7
9 7 8
9 7 9
9 7 19
9 7 3
9 7 5
9 7 18
9 7 29
9 7 39
9 7 49
9 7 14
9 7 37
9 7 25
9 21 10
9 21 11
9 21 12
9 21 21
9 21 30
9 21 31
9 21 43
9 34 4
9 48 69
9 48 89
9 48 47
9 48 59
9 48 46
9 48 55
9 48 48
9 71 53
9 71 72
9 71 81
9 71 90
9 71 92
9 71 71
9 71 83
9 71 84
9 71 41
9 71 42
9 71 52
9 76 -1
9 86 74
9 86 99
9 86 79
9 86 85
9 86 87
9 86 88
9 86 94
9 86 56
9 86 57
9 86 58
9 86 67
9 86 86
9 86 98
10 7 9
10 7 19
10 7 16
10 7 49
10 7 15
10 7 24
10 7 26
10 21 -1
10 34 34
10 34 23
10 34 32
10 34 36
10 34 43
10 48 69
10 48 59
10 71 81
10 71 90
10 71 60
10 71 61
10 71 82
10 71 84
10 71 63
10 76 -1
10 86 74
10 86 78
10 86 79
10 86 87
10 86 96
10 86 97
10 86 57
10 86 58
10 86 66
10 86 77
10 86 86
10 86 98
10 86 65
11 7 3
11 7 17
11 21 13
11 34 -1
11 48 58
11 48 65
11 71 53
11 71 84
11 71 42
11 76 -1
11 86 -1
--- Done ---
