0 87 78
0 87 79
0 87 87
0 87 88
0 87 89
0 87 98
1 4 2
1 4 5
1 4 13
1 4 24
1 4 44
1 18 6
1 18 8
1 18 18
1 18 39
1 31 20
1 31 30
1 31 31
1 31 40
1 31 42
1 31 50
1 35 25
1 35 26
1 35 27
1 35 35
1 74 67
1 74 72
1 74 74
1 74 85
1 74 94
1 81 62
1 81 90
1 87 76
1 87 78
1 87 79
1 87 87
1 87 88
1 87 89
1 87 97
1 87 99
2 4 3
2 4 5
2 4 13
2 4 15
2 4 16
2 4 24
2 18 6
2 18 7
2 18 8
2 18 9
2 18 17
2 18 18
2 18 19
2 18 29
2 31 11
2 31 20
2 31 30
2 31 32
2 31 40
2 31 42
2 31 51
2 35 28
2 35 35
2 35 36
2 35 43
2 35 45
2 35 47
2 35 54
2 57 48
2 57 49
2 57 59
2 57 65
2 57 68
2 57 78
2 74 83
2 74 93
2 81 60
2 81 70
2 81 71
2 81 81
2 81 90
2 81 92
2 87 76
2 87 79
2 87 85
2 87 87
2 87 88
2 87 89
2 87 98
2 87 99
3 4 2
3 4 3
3 4 4
3 4 5
3 4 13
3 4 15
3 4 16
3 4 22
3 4 24
3 4 37
3 4 44
3 18 6
3 18 7
3 18 8
3 18 9
3 18 17
3 18 19
3 18 27
3 18 28
3 18 36
3 31 1
3 31 20
3 31 31
3 31 32
3 31 43
3 31 50
3 35 26
3 35 45
3 35 46
3 35 47
3 35 52
3 35 54
3 35 55
3 57 25
3 57 38
3 57 56
3 57 57
3 57 59
3 57 67
3 57 69
3 57 75
3 74 63
3 74 64
3 74 73
3 74 83
3 74 86
3 74 94
3 74 96
3 81 60
3 81 62
3 81 70
3 81 71
3 81 80
3 81 81
3 81 82
3 81 90
3 81 91
3 87 66
3 87 77
3 87 78
3 87 79
3 87 87
3 87 88
3 87 89
3 87 97
3 87 98
3 87 99
4 4 4
4 4 5
4 4 12
4 4 13
4 4 14
4 4 15
4 4 16
4 4 23
4 4 37
4 4 44
4 18 7
4 18 9
4 18 17
4 18 18
4 18 19
4 18 29
4 18 36
4 18 38
4 18 39
4 31 0
4 31 1
4 31 21
4 31 30
4 31 31
4 31 32
4 31 34
4 31 41
4 31 42
4 31 43
4 31 51
4 35 25
4 35 26
4 35 27
4 35 28
4 35 33
4 35 35
4 35 45
4 35 46
4 35 48
4 35 52
4 35 54
4 57 49
4 57 59
4 57 68
4 57 69
4 74 53
4 74 55
4 74 63
4 74 64
4 74 65
4 74 66
4 74 72
4 74 73
4 74 74
4 74 83
4 74 84
4 74 86
4 74 93
4 74 94
4 81 61
4 81 62
4 81 70
4 81 71
4 81 81
4 81 90
4 81 91
4 81 92
4 87 67
4 87 77
4 87 78
4 87 87
4 87 88
4 87 89
4 87 99
5 4 2
5 4 3
5 4 4
5 4 5
5 4 12
5 4 13
5 4 15
5 4 24
5 4 37
5 4 44
5 18 7
5 18 8
5 18 9
5 18 17
5 18 18
5 18 19
5 18 28
5 18 29
5 18 39
5 31 0
5 31 1
5 31 10
5 31 11
5 31 20
5 31 21
5 31 30
5 31 31
5 31 32
5 31 40
5 31 41
5 31 51
5 35 26
5 35 33
5 35 35
5 35 43
5 35 45
5 35 46
5 35 47
5 35 52
5 35 54
5 57 25
5 57 27
5 57 38
5 57 48
5 57 59
5 57 65
5 57 66
5 57 68
5 74 53
5 74 55
5 74 63
5 74 64
5 74 73
5 74 74
5 74 75
5 74 82
5 74 84
5 74 92
5 74 93
5 74 94
5 74 96
5 81 60
5 81 61
5 81 62
5 81 72
5 81 80
5 81 81
5 81 90
5 81 91
5 87 58
5 87 76
5 87 78
5 87 79
5 87 85
5 87 86
5 87 87
5 87 88
5 87 89
5 87 97
5 87 98
5 87 99
6 4 2
6 4 3
6 4 4
6 4 5
6 4 12
6 4 13
6 4 15
6 4 16
6 4 22
6 4 23
6 4 24
6 4 37
6 4 44
6 18 6
6 18 8
6 18 9
6 18 19
6 18 29
6 31 0
6 31 1
6 31 10
6 31 20
6 31 21
6 31 30
6 31 31
6 31 32
6 31 40
6 31 41
6 31 42
6 31 50
6 31 51
6 35 26
6 35 33
6 35 46
6 35 47
6 35 52
6 35 55
6 57 27
6 57 38
6 57 49
6 57 56
6 57 57
6 57 59
6 57 67
6 57 68
6 57 69
6 74 54
6 74 64
6 74 73
6 74 74
6 74 83
6 74 92
6 74 93
6 74 94
6 81 60
6 81 61
6 81 62
6 81 70
6 81 72
6 81 81
6 81 90
6 81 91
6 87 58
6 87 66
6 87 77
6 87 78
6 87 79
6 87 86
6 87 88
6 87 95
6 87 97
6 87 98
7 4 2
7 4 4
7 4 13
7 4 14
7 4 15
7 4 16
7 4 22
7 4 23
7 4 24
7 4 37
7 4 44
7 18 6
7 18 8
7 18 17
7 18 18
7 18 19
7 18 29
7 18 38
7 18 39
7 31 0
7 31 1
7 31 10
7 31 11
7 31 20
7 31 21
7 31 30
7 31 31
7 31 41
7 31 50
7 31 51
7 35 28
7 35 33
7 35 35
7 35 36
7 35 45
7 35 46
7 35 52
7 35 54
7 35 55
7 57 48
7 57 49
7 57 56
7 57 65
7 57 66
7 57 67
7 74 53
7 74 63
7 74 64
7 74 73
7 74 74
7 74 83
7 74 84
7 74 94
7 81 60
7 81 61
7 81 62
7 81 71
7 81 72
7 81 81
7 81 90
7 81 91
7 81 92
7 87 58
7 87 77
7 87 78
7 87 79
7 87 85
7 87 88
7 87 89
7 87 97
8 4 3
8 4 4
8 4 5
8 4 12
8 4 13
8 4 23
8 4 44
8 18 7
8 18 8
8 18 17
8 18 18
8 18 19
8 18 28
8 18 29
8 18 39
8 31 0
8 31 21
8 31 32
8 31 40
8 31 42
8 31 50
8 31 51
8 35 34
8 35 45
8 35 55
8 57 25
8 57 27
8 57 47
8 57 49
8 57 56
8 57 57
8 57 59
8 57 75
8 74 53
8 74 63
8 74 64
8 74 72
8 74 73
8 74 74
8 74 93
8 74 94
8 74 96
8 81 60
8 81 61
8 81 62
8 81 70
8 81 82
8 81 90
8 81 91
8 81 92
8 87 76
8 87 78
8 87 79
8 87 85
8 87 87
8 87 89
8 87 98
8 87 99
9 4 3
9 4 4
9 4 5
9 4 12
9 4 14
9 4 37
9 18 7
9 18 8
9 18 9
9 18 18
9 18 19
9 18 29
9 18 39
9 31 10
9 31 11
9 31 21
9 31 30
9 31 31
9 31 41
9 31 42
9 31 43
9 35 46
9 35 47
9 35 48
9 35 52
9 57 25
9 57 49
9 57 56
9 57 57
9 57 58
9 57 59
9 57 67
9 57 69
9 74 53
9 74 55
9 74 71
9 74 72
9 74 74
9 74 83
9 74 84
9 74 86
9 74 92
9 74 94
9 81 81
9 81 90
9 87 79
9 87 85
9 87 87
9 87 88
9 87 89
9 87 98
9 87 99
10 4 15
10 4 16
10 4 23
10 4 24
10 18 9
10 18 19
10 18 36
10 31 32
10 35 26
10 35 34
10 35 43
10 57 49
10 57 57
10 57 59
10 57 69
10 57 78
10 74 63
10 74 65
10 74 74
10 74 84
10 74 96
10 81 60
10 81 61
10 81 81
10 81 82
10 81 90
10 87 58
10 87 66
10 87 77
10 87 79
10 87 86
10 87 87
10 87 97
10 87 98
11 4 3
11 4 13
11 18 17
11 31 42
11 57 58
11 57 65
11 74 53
11 74 84
--- Done ---
