0 4 78
0 4 79
0 4 87
0 4 88
0 4 89
0 4 98
0 63 -1
0 87 -1
1 4 2
1 4 5
1 4 6
1 4 13
1 4 18
1 4 24
1 4 25
1 4 26
1 4 30
1 4 35
1 7 -1
1 21 -1
1 49 -1
1 50 -1
1 54 -1
1 63 8
1 63 20
1 63 27
1 63 31
1 63 40
1 63 42
1 63 44
1 63 50
1 63 62
1 63 72
1 63 74
1 63 90
1 63 94
1 87 39
1 87 67
1 87 76
1 87 78
1 87 79
1 87 85
1 87 87
1 87 88
1 87 89
1 87 97
1 87 99
1 90 -1
2 4 3
2 4 5
2 4 13
2 4 15
2 7 6
2 7 7
2 7 8
2 7 9
2 7 16
2 7 17
2 7 18
2 7 24
2 7 28
2 7 35
2 21 11
2 21 20
2 21 30
2 21 32
2 21 40
2 49 19
2 49 29
2 49 47
2 49 48
2 49 49
2 49 59
2 49 68
2 50 51
2 50 60
2 50 70
2 51 -1
2 54 43
2 54 45
2 54 54
2 54 65
2 56 -1
2 63 42
2 63 71
2 63 83
2 66 -1
2 78 -1
2 87 36
2 87 76
2 87 78
2 87 79
2 87 85
2 87 87
2 87 88
2 87 89
2 87 98
2 87 99
2 90 81
2 90 90
2 90 92
2 90 93
2 99 -1
3 4 2
3 4 3
3 4 4
3 4 5
3 4 13
3 4 15
3 7 6
3 7 7
3 7 8
3 7 9
3 7 16
3 7 17
3 7 24
3 7 26
3 7 27
3 7 28
3 21 1
3 21 20
3 21 22
3 21 31
3 21 32
3 49 19
3 49 37
3 49 38
3 49 47
3 49 59
3 50 50
3 50 60
3 50 70
3 51 52
3 51 71
3 54 25
3 54 43
3 54 44
3 54 54
3 54 55
3 54 64
3 56 36
3 56 45
3 56 46
3 56 56
3 56 57
3 63 62
3 63 63
3 63 73
3 63 83
3 63 94
3 66 66
3 66 67
3 66 75
3 66 96
3 78 69
3 78 77
3 78 78
3 78 79
3 78 88
3 87 86
3 87 87
3 87 97
3 90 80
3 90 81
3 90 82
3 90 90
3 90 91
3 99 89
3 99 98
3 99 99
4 4 4
4 4 5
4 4 13
4 4 14
4 4 15
4 7 7
4 7 9
4 7 16
4 7 17
4 7 18
4 7 26
4 7 27
4 7 28
4 7 35
4 21 0
4 21 1
4 21 12
4 21 21
4 21 23
4 21 30
4 21 31
4 21 32
4 21 33
4 49 19
4 49 29
4 49 37
4 49 38
4 49 39
4 49 48
4 49 49
4 49 59
4 50 41
4 50 70
4 50 72
4 51 51
4 51 52
4 51 61
4 51 71
4 54 25
4 54 43
4 54 44
4 54 53
4 54 54
4 54 55
4 54 64
4 54 65
4 56 34
4 56 36
4 56 45
4 56 46
4 63 42
4 63 62
4 63 63
4 63 73
4 63 74
4 63 83
4 63 84
4 63 94
4 66 66
4 66 67
4 78 68
4 78 69
4 78 77
4 78 78
4 78 88
4 87 86
4 87 87
4 90 81
4 90 90
4 90 91
4 90 92
4 90 93
4 99 89
4 99 99
5 4 2
5 4 3
5 4 4
5 4 5
5 4 13
5 4 15
5 7 7
5 7 8
5 7 9
5 7 17
5 7 18
5 7 24
5 7 26
5 7 27
5 7 28
5 7 35
5 21 0
5 21 1
5 21 10
5 21 11
5 21 12
5 21 20
5 21 21
5 21 30
5 21 31
5 21 32
5 21 33
5 49 19
5 49 29
5 49 37
5 49 38
5 49 39
5 49 47
5 49 48
5 49 58
5 49 59
5 50 41
5 50 60
5 50 72
5 51 40
5 51 51
5 51 52
5 51 61
5 54 25
5 54 43
5 54 44
5 54 53
5 54 54
5 54 55
5 54 64
5 54 65
5 56 45
5 56 46
5 63 62
5 63 63
5 63 73
5 63 74
5 63 84
5 63 94
5 66 66
5 66 75
5 66 76
5 66 96
5 78 68
5 78 78
5 78 79
5 78 88
5 87 85
5 87 86
5 87 87
5 87 97
5 90 80
5 90 81
5 90 82
5 90 90
5 90 91
5 90 92
5 90 93
5 99 89
5 99 98
5 99 99
6 4 2
6 4 3
6 4 4
6 4 5
6 4 13
6 4 15
6 7 6
6 7 8
6 7 9
6 7 16
6 7 24
6 7 26
6 7 27
6 21 0
6 21 1
6 21 10
6 21 12
6 21 20
6 21 21
6 21 22
6 21 23
6 21 30
6 21 31
6 21 32
6 21 33
6 49 19
6 49 29
6 49 37
6 49 38
6 49 47
6 49 49
6 49 58
6 49 59
6 50 41
6 50 50
6 50 60
6 50 70
6 50 72
6 51 40
6 51 51
6 51 52
6 51 61
6 54 44
6 54 54
6 54 55
6 54 64
6 56 46
6 56 56
6 56 57
6 63 42
6 63 62
6 63 73
6 63 74
6 63 83
6 63 94
6 66 66
6 66 67
6 78 68
6 78 69
6 78 77
6 78 78
6 78 79
6 78 88
6 87 86
6 87 95
6 87 97
6 90 81
6 90 90
6 90 91
6 90 92
6 90 93
6 99 98
7 4 2
7 4 4
7 4 13
7 4 14
7 4 15
7 7 6
7 7 8
7 7 16
7 7 17
7 7 18
7 7 24
7 7 28
7 7 35
7 21 0
7 21 1
7 21 10
7 21 11
7 21 20
7 21 21
7 21 22
7 21 23
7 21 30
7 21 31
7 21 33
7 49 19
7 49 29
7 49 37
7 49 38
7 49 39
7 49 48
7 49 49
7 49 58
7 50 41
7 50 50
7 50 60
7 50 72
7 51 51
7 51 52
7 51 61
7 51 71
7 54 44
7 54 53
7 54 54
7 54 55
7 54 64
7 54 65
7 56 36
7 56 45
7 56 46
7 56 56
7 63 62
7 63 63
7 63 73
7 63 74
7 63 83
7 63 84
7 63 94
7 66 66
7 66 67
7 78 77
7 78 78
7 78 79
7 78 88
7 87 85
7 87 97
7 90 81
7 90 90
7 90 91
7 90 92
7 99 89
8 4 3
8 4 4
8 4 5
8 4 13
8 7 7
8 7 8
8 7 17
8 7 18
8 7 27
8 7 28
8 21 0
8 21 12
8 21 21
8 21 23
8 21 32
8 49 19
8 49 29
8 49 39
8 49 47
8 49 49
8 49 59
8 50 50
8 50 60
8 50 70
8 50 72
8 51 40
8 51 51
8 51 61
8 54 25
8 54 44
8 54 53
8 54 55
8 54 64
8 56 34
8 56 45
8 56 56
8 56 57
8 63 42
8 63 62
8 63 63
8 63 73
8 63 74
8 63 94
8 66 75
8 66 76
8 66 96
8 78 78
8 78 79
8 87 85
8 87 87
8 90 82
8 90 90
8 90 91
8 90 92
8 90 93
8 99 89
8 99 98
8 99 99
9 4 3
9 4 4
9 4 5
9 4 14
9 7 7
9 7 8
9 7 9
9 7 18
9 21 10
9 21 11
9 21 12
9 21 21
9 21 30
9 21 31
9 49 19
9 49 29
9 49 37
9 49 39
9 49 47
9 49 48
9 49 49
9 49 58
9 49 59
9 50 41
9 50 72
9 51 52
9 51 71
9 54 25
9 54 43
9 54 53
9 54 55
9 56 46
9 56 56
9 56 57
9 63 42
9 63 74
9 63 83
9 63 84
9 63 94
9 66 67
9 78 69
9 78 79
9 78 88
9 87 85
9 87 86
9 87 87
9 90 81
9 90 90
9 90 92
9 99 89
9 99 98
9 99 99
10 4 15
10 7 9
10 7 16
10 7 24
10 7 26
10 21 23
10 21 32
10 49 19
10 49 49
10 49 58
10 49 59
10 50 60
10 51 61
10 54 43
10 54 65
10 56 34
10 56 36
10 56 57
10 63 63
10 63 74
10 63 84
10 66 66
10 66 96
10 78 69
10 78 77
10 78 78
10 78 79
10 87 86
10 87 87
10 87 97
10 90 81
10 90 82
10 90 90
10 99 98
11 4 3
11 4 13
11 7 17
11 21 -1
11 49 58
11 50 -1
11 51 -1
11 54 53
11 54 65
11 56 -1
11 63 42
11 63 84
11 66 -1
11 78 -1
11 87 -1
11 90 -1
11 99 -1
--- Done ---
