0 4 -1
0 44 87
0 48 78
0 48 79
0 48 88
0 48 89
0 48 98
1 4 2
1 4 30
1 44 8
1 44 20
1 44 50
1 44 13
1 44 24
1 44 31
1 44 40
1 44 42
1 44 87
1 44 94
1 44 76
1 44 44
1 48 79
1 48 89
1 48 5
1 48 18
1 48 26
1 48 27
1 48 39
1 48 78
1 48 88
1 48 6
1 48 25
1 48 35
1 48 67
1 48 74
1 84 62
1 84 72
1 84 85
1 84 90
1 84 97
1 84 99
2 4 3
2 4 9
2 4 30
2 44 8
2 44 20
2 44 51
2 44 11
2 44 13
2 44 16
2 44 24
2 44 83
2 44 87
2 44 32
2 44 71
2 48 19
2 48 29
2 48 49
2 48 79
2 48 89
2 48 5
2 48 7
2 48 18
2 48 28
2 48 47
2 48 68
2 48 88
2 48 98
2 48 43
2 48 45
2 48 65
2 48 76
2 48 6
2 48 15
2 48 17
2 48 35
2 48 36
2 48 48
2 84 70
2 84 85
2 84 90
2 84 92
2 84 93
2 84 99
2 84 40
2 84 42
2 84 54
2 84 59
2 84 60
2 84 78
2 84 81
3 4 2
3 4 3
3 4 9
3 4 1
3 4 4
3 4 5
3 4 7
3 4 13
3 4 16
3 4 22
3 4 24
3 4 26
3 4 31
3 4 15
3 4 25
3 4 36
3 4 37
3 4 32
3 4 52
3 4 71
3 44 8
3 44 20
3 44 50
3 44 73
3 44 77
3 44 44
3 48 19
3 48 38
3 48 79
3 48 89
3 48 27
3 48 28
3 48 47
3 48 66
3 48 78
3 48 88
3 48 96
3 48 98
3 48 6
3 48 17
3 84 62
3 84 70
3 84 82
3 84 86
3 84 90
3 84 91
3 84 97
3 84 99
3 84 54
3 84 59
3 84 60
3 84 63
3 84 64
3 84 69
3 84 75
3 84 80
3 84 81
3 84 83
3 84 87
3 84 94
3 84 43
3 84 45
3 84 46
3 84 55
3 84 56
3 84 57
3 84 67
4 4 9
4 4 30
4 4 1
4 4 7
4 4 13
4 4 0
4 4 4
4 4 5
4 4 12
4 4 16
4 4 17
4 4 18
4 4 21
4 4 23
4 4 26
4 4 31
4 4 32
4 4 33
4 4 25
4 4 36
4 4 48
4 4 52
4 44 41
4 44 51
4 44 81
4 44 83
4 44 84
4 44 44
4 45 78
4 45 14
4 48 29
4 48 89
4 48 19
4 48 38
4 48 39
4 48 49
4 48 27
4 48 28
4 48 66
4 48 68
4 48 43
4 48 45
4 48 46
4 48 55
4 48 65
4 48 67
4 48 73
4 48 74
4 48 77
4 48 15
4 48 34
4 48 35
4 48 37
4 84 70
4 84 86
4 84 90
4 84 91
4 84 92
4 84 93
4 84 99
4 84 61
4 84 62
4 84 69
4 84 72
4 84 87
4 84 88
4 84 94
4 84 42
4 84 53
4 84 54
4 84 59
4 84 63
4 84 64
4 84 71
5 4 9
5 4 30
5 4 2
5 4 3
5 4 4
5 4 26
5 4 15
5 4 17
5 4 25
5 4 35
5 4 37
5 4 44
5 4 48
5 4 52
5 14 45
5 14 46
5 14 65
5 44 8
5 44 20
5 44 51
5 44 10
5 44 41
5 44 1
5 44 11
5 44 13
5 44 64
5 44 75
5 44 0
5 44 12
5 44 21
5 44 24
5 44 27
5 44 31
5 44 32
5 44 33
5 44 43
5 44 55
5 45 78
5 45 81
5 45 84
5 45 53
5 45 54
5 45 63
5 45 66
5 45 68
5 45 73
5 45 76
5 48 29
5 48 79
5 48 89
5 48 19
5 48 38
5 48 39
5 48 96
5 48 98
5 48 7
5 48 18
5 48 58
5 48 74
5 48 5
5 48 28
5 48 47
5 84 82
5 84 86
5 84 90
5 84 91
5 84 92
5 84 93
5 84 97
5 84 99
5 84 60
5 84 61
5 84 62
5 84 72
5 84 80
5 84 85
5 84 87
5 84 88
5 84 94
5 84 40
5 84 59
6 4 9
6 4 30
6 4 2
6 4 3
6 4 1
6 4 13
6 4 0
6 4 4
6 4 12
6 4 16
6 4 21
6 4 22
6 4 23
6 4 24
6 4 26
6 4 31
6 4 37
6 14 -1
6 44 8
6 44 20
6 44 50
6 44 51
6 44 10
6 44 41
6 44 64
6 44 81
6 44 83
6 44 42
6 44 54
6 44 32
6 44 33
6 44 57
6 44 6
6 44 15
6 45 44
6 45 52
6 48 29
6 48 79
6 48 19
6 48 38
6 48 49
6 48 58
6 48 59
6 48 66
6 48 68
6 48 78
6 48 5
6 48 27
6 48 47
6 48 67
6 48 73
6 48 74
6 48 77
6 48 46
6 48 55
6 84 70
6 84 86
6 84 90
6 84 91
6 84 92
6 84 93
6 84 95
6 84 97
6 84 60
6 84 61
6 84 62
6 84 69
6 84 72
6 84 88
6 84 94
6 84 98
6 84 40
6 84 56
7 4 30
7 4 2
7 4 4
7 4 16
7 4 21
7 4 22
7 4 23
7 4 24
7 4 31
7 4 37
7 14 14
7 44 8
7 44 20
7 44 50
7 44 51
7 44 10
7 44 41
7 44 60
7 44 61
7 44 94
7 44 1
7 44 11
7 44 13
7 44 58
7 44 64
7 44 66
7 44 71
7 44 81
7 44 83
7 44 0
7 45 45
7 48 29
7 48 79
7 48 89
7 48 19
7 48 38
7 48 39
7 48 49
7 48 88
7 48 18
7 48 78
7 48 17
7 48 28
7 48 56
7 48 67
7 48 73
7 48 74
7 48 77
7 48 6
7 48 15
7 48 35
7 48 36
7 48 55
7 84 90
7 84 91
7 84 92
7 84 97
7 84 62
7 84 72
7 84 85
7 84 84
7 84 53
7 84 54
7 84 63
7 84 33
7 84 46
7 84 65
7 84 44
7 84 48
7 84 52
8 4 3
8 4 4
8 14 -1
8 44 8
8 44 50
8 44 51
8 44 13
8 44 42
8 44 53
8 44 63
8 44 0
8 44 12
8 44 21
8 44 23
8 44 32
8 44 44
8 45 45
8 48 29
8 48 79
8 48 89
8 48 19
8 48 39
8 48 49
8 48 7
8 48 18
8 48 78
8 48 56
8 48 73
8 48 74
8 48 76
8 48 5
8 48 17
8 48 27
8 48 28
8 48 47
8 48 55
8 48 57
8 48 25
8 48 34
8 84 70
8 84 82
8 84 90
8 84 91
8 84 92
8 84 93
8 84 99
8 84 60
8 84 61
8 84 62
8 84 72
8 84 85
8 84 87
8 84 94
8 84 96
8 84 98
8 84 40
8 84 59
8 84 64
8 84 75
9 4 9
9 4 30
9 4 3
9 4 4
9 14 14
9 44 8
9 44 10
9 44 41
9 44 11
9 44 12
9 44 21
9 44 31
9 45 -1
9 48 29
9 48 79
9 48 89
9 48 19
9 48 39
9 48 49
9 48 69
9 48 88
9 48 98
9 48 7
9 48 18
9 48 58
9 48 59
9 48 5
9 48 47
9 48 25
9 48 37
9 48 48
9 84 86
9 84 90
9 84 92
9 84 99
9 84 72
9 84 85
9 84 87
9 84 94
9 84 71
9 84 81
9 84 83
9 84 84
9 84 42
9 84 53
9 84 56
9 84 67
9 84 74
9 84 43
9 84 46
9 84 55
9 84 57
9 84 52
10 4 9
10 4 16
10 4 23
10 4 24
10 14 -1
10 44 -1
10 45 -1
10 48 79
10 48 19
10 48 49
10 48 58
10 48 66
10 48 26
10 48 15
10 48 34
10 48 36
10 84 82
10 84 86
10 84 90
10 84 97
10 84 60
10 84 61
10 84 69
10 84 87
10 84 96
10 84 98
10 84 59
10 84 78
10 84 81
10 84 84
10 84 63
10 84 74
10 84 77
10 84 32
10 84 43
10 84 57
10 84 65
11 4 3
11 4 13
11 4 17
11 14 -1
11 44 -1
11 45 -1
11 48 58
11 84 84
11 84 42
11 84 53
11 84 65
--- Done ---
