0 4 -1
0 63 -1
0 87 78
0 87 79
0 87 87
0 87 88
0 87 89
0 87 98
1 4 2
1 4 13
1 4 24
1 17 6
1 17 8
1 17 18
1 17 25
1 17 5
1 17 26
1 17 27
1 31 20
1 31 30
1 31 31
1 31 40
1 31 50
1 31 42
1 47 35
1 47 39
1 63 62
1 63 74
1 63 94
1 63 44
1 63 72
1 80 90
1 87 76
1 87 78
1 87 79
1 87 85
1 87 87
1 87 88
1 87 89
1 87 97
1 87 99
1 87 67
2 4 3
2 4 13
2 4 24
2 4 5
2 17 6
2 17 7
2 17 8
2 17 17
2 17 18
2 17 19
2 17 29
2 17 59
2 17 15
2 17 16
2 17 49
2 28 9
2 28 28
2 28 36
2 28 48
2 31 11
2 31 20
2 31 30
2 31 32
2 31 40
2 31 42
2 31 43
2 31 51
2 47 35
2 47 45
2 47 47
2 63 -1
2 67 68
2 67 54
2 67 65
2 80 60
2 80 70
2 80 90
2 80 81
2 80 71
2 80 92
2 83 93
2 83 83
2 87 79
2 87 88
2 87 89
2 87 98
2 87 99
2 87 76
2 87 78
2 87 87
2 87 85
3 4 2
3 4 3
3 4 4
3 4 13
3 4 24
3 4 5
3 4 22
3 4 44
3 4 15
3 4 16
3 4 37
3 17 6
3 17 25
3 17 7
3 17 8
3 17 17
3 17 19
3 17 26
3 17 59
3 17 27
3 17 38
3 28 9
3 28 28
3 28 36
3 31 1
3 31 20
3 31 31
3 31 32
3 31 50
3 31 43
3 31 52
3 47 47
3 63 62
3 63 64
3 63 73
3 63 81
3 63 82
3 63 94
3 63 55
3 63 63
3 63 71
3 63 75
3 67 69
3 67 96
3 67 45
3 67 54
3 67 56
3 67 46
3 67 57
3 67 67
3 67 77
3 80 60
3 80 70
3 80 80
3 80 90
3 80 91
3 83 83
3 87 79
3 87 88
3 87 89
3 87 97
3 87 98
3 87 99
3 87 66
3 87 78
3 87 86
3 87 87
4 4 4
4 4 12
4 4 13
4 4 23
4 4 5
4 4 14
4 4 44
4 4 15
4 4 16
4 17 25
4 17 7
4 17 17
4 17 18
4 17 26
4 17 19
4 17 27
4 17 29
4 17 59
4 17 38
4 17 49
4 28 9
4 28 28
4 28 36
4 28 39
4 28 46
4 28 48
4 31 0
4 31 1
4 31 21
4 31 30
4 31 31
4 31 32
4 31 41
4 31 34
4 31 42
4 31 43
4 31 51
4 31 52
4 47 35
4 47 45
4 49 78
4 49 37
4 63 33
4 63 62
4 63 54
4 63 61
4 63 73
4 63 74
4 63 81
4 63 84
4 63 94
4 63 55
4 63 63
4 63 64
4 63 65
4 63 71
4 63 72
4 63 92
4 67 68
4 67 69
4 67 67
4 80 70
4 80 90
4 83 93
4 83 53
4 83 83
4 83 91
4 87 88
4 87 99
4 87 66
4 87 86
4 87 87
4 87 89
4 87 77
5 4 2
5 4 3
5 4 4
5 4 12
5 4 13
5 4 24
5 4 5
5 4 44
5 4 15
5 17 25
5 17 7
5 17 8
5 17 17
5 17 18
5 17 26
5 17 19
5 17 27
5 17 29
5 17 59
5 28 9
5 28 28
5 31 0
5 31 1
5 31 10
5 31 11
5 31 20
5 31 21
5 31 30
5 31 31
5 31 32
5 31 40
5 31 41
5 31 43
5 31 51
5 31 52
5 47 35
5 47 45
5 47 39
5 47 46
5 47 48
5 47 37
5 47 38
5 47 47
5 49 -1
5 63 33
5 63 62
5 63 53
5 63 54
5 63 61
5 63 73
5 63 74
5 63 81
5 63 82
5 63 84
5 63 94
5 63 55
5 63 63
5 63 64
5 63 65
5 63 75
5 63 92
5 67 68
5 67 96
5 67 78
5 80 60
5 80 80
5 80 90
5 80 91
5 80 72
5 83 93
5 87 79
5 87 88
5 87 97
5 87 98
5 87 99
5 87 66
5 87 76
5 87 86
5 87 87
5 87 89
5 87 85
5 87 58
6 4 2
6 4 3
6 4 4
6 4 12
6 4 13
6 4 23
6 4 24
6 4 5
6 4 44
6 4 15
6 4 16
6 4 37
6 17 6
6 17 8
6 17 26
6 17 19
6 17 27
6 17 29
6 17 59
6 17 38
6 28 9
6 31 0
6 31 1
6 31 10
6 31 20
6 31 21
6 31 30
6 31 31
6 31 32
6 31 40
6 31 41
6 31 50
6 31 22
6 31 42
6 31 51
6 31 52
6 47 47
6 49 49
6 63 33
6 63 62
6 63 54
6 63 61
6 63 73
6 63 74
6 63 81
6 63 94
6 63 55
6 63 64
6 63 72
6 63 92
6 67 68
6 67 56
6 67 69
6 67 46
6 67 67
6 80 60
6 80 70
6 80 90
6 80 91
6 83 93
6 83 83
6 87 79
6 87 88
6 87 97
6 87 98
6 87 66
6 87 86
6 87 95
6 87 78
6 87 57
6 87 58
6 87 77
7 4 2
7 4 4
7 4 13
7 4 23
7 4 24
7 4 14
7 4 44
7 4 15
7 4 16
7 4 37
7 17 6
7 17 8
7 17 17
7 17 18
7 17 19
7 17 29
7 28 28
7 28 36
7 28 39
7 28 46
7 28 48
7 28 38
7 31 0
7 31 1
7 31 10
7 31 11
7 31 20
7 31 21
7 31 30
7 31 31
7 31 41
7 31 50
7 31 22
7 31 51
7 31 52
7 47 35
7 47 45
7 47 56
7 49 49
7 63 33
7 63 62
7 63 53
7 63 54
7 63 61
7 63 73
7 63 74
7 63 81
7 63 84
7 63 94
7 63 55
7 63 63
7 63 64
7 63 65
7 63 71
7 63 72
7 63 92
7 67 67
7 80 60
7 80 90
7 80 91
7 83 83
7 87 79
7 87 88
7 87 97
7 87 66
7 87 89
7 87 78
7 87 85
7 87 58
7 87 77
8 4 3
8 4 4
8 4 12
8 4 13
8 4 23
8 4 5
8 4 44
8 17 25
8 17 7
8 17 8
8 17 17
8 17 18
8 17 19
8 17 27
8 17 29
8 17 59
8 28 28
8 28 39
8 31 0
8 31 21
8 31 32
8 31 40
8 31 50
8 31 34
8 31 42
8 31 51
8 47 47
8 49 49
8 63 62
8 63 53
8 63 61
8 63 73
8 63 74
8 63 82
8 63 94
8 63 55
8 63 63
8 63 64
8 63 72
8 63 75
8 63 92
8 67 96
8 67 45
8 67 56
8 80 60
8 80 70
8 80 90
8 80 91
8 83 93
8 87 79
8 87 98
8 87 99
8 87 76
8 87 87
8 87 89
8 87 78
8 87 85
8 87 57
9 4 3
9 4 4
9 4 12
9 4 5
9 4 14
9 4 37
9 17 25
9 17 7
9 17 8
9 17 18
9 17 19
9 17 29
9 17 59
9 28 9
9 28 39
9 28 46
9 28 48
9 31 10
9 31 11
9 31 21
9 31 30
9 31 31
9 31 41
9 31 42
9 31 43
9 31 52
9 47 56
9 47 47
9 49 49
9 63 53
9 63 74
9 63 81
9 63 55
9 67 69
9 67 67
9 80 90
9 83 83
9 83 84
9 83 94
9 83 71
9 83 72
9 83 92
9 87 79
9 87 88
9 87 98
9 87 99
9 87 86
9 87 87
9 87 89
9 87 85
9 87 57
9 87 58
10 4 23
10 4 24
10 17 -1
10 28 9
10 28 36
10 28 15
10 28 16
10 28 19
10 31 32
10 31 34
10 31 43
10 47 26
10 47 59
10 49 49
10 63 74
10 63 82
10 63 84
10 63 63
10 63 65
10 67 96
10 67 69
10 80 60
10 80 90
10 80 61
10 80 81
10 83 -1
10 87 79
10 87 97
10 87 98
10 87 66
10 87 86
10 87 87
10 87 78
10 87 57
10 87 58
10 87 77
11 4 3
11 4 13
11 17 17
11 28 -1
11 31 42
11 47 58
11 49 -1
11 63 53
11 63 84
11 63 65
11 67 -1
11 80 -1
11 83 -1
11 87 -1
--- Done ---
