0 4 -1
0 63 -1
0 67 78
0 67 79
0 67 87
0 67 88
0 67 89
0 67 98
1 4 5
1 4 6
1 4 24
1 4 44
1 10 20
1 10 30
1 10 2
1 10 13
1 10 31
1 10 40
1 10 42
1 27 8
1 27 18
1 27 27
1 27 39
1 27 25
1 27 26
1 27 35
1 63 -1
1 67 67
1 70 90
1 70 50
1 70 62
1 70 72
1 87 99
1 87 74
1 87 76
1 87 78
1 87 79
1 87 87
1 87 88
1 87 89
1 87 94
1 87 97
1 87 85
2 4 3
2 4 5
2 4 6
2 4 24
2 10 20
2 10 30
2 10 11
2 10 13
2 10 40
2 10 42
2 27 8
2 27 17
2 27 18
2 27 19
2 27 28
2 27 29
2 27 48
2 27 7
2 27 9
2 27 15
2 27 16
2 27 45
2 27 47
2 27 49
2 63 43
2 67 59
2 67 54
2 67 76
2 67 78
2 67 79
2 67 88
2 67 89
2 67 98
2 67 35
2 67 36
2 67 65
2 67 68
2 70 60
2 70 90
2 70 70
2 70 71
2 70 81
2 70 83
2 70 93
2 70 32
2 70 51
2 70 92
2 87 99
2 87 87
2 87 85
3 4 3
3 4 4
3 4 5
3 4 6
3 4 24
3 4 2
3 4 7
3 4 9
3 4 13
3 4 15
3 4 16
3 4 52
3 4 22
3 4 25
3 4 26
3 4 32
3 4 37
3 4 44
3 10 1
3 10 20
3 10 31
3 27 8
3 27 17
3 27 19
3 27 27
3 27 28
3 27 38
3 27 45
3 27 46
3 27 47
3 27 55
3 27 57
3 63 43
3 63 63
3 63 64
3 63 73
3 67 59
3 67 69
3 67 54
3 67 66
3 67 75
3 67 77
3 67 78
3 67 79
3 67 86
3 67 88
3 67 89
3 67 96
3 67 97
3 67 36
3 70 60
3 70 80
3 70 90
3 70 91
3 70 50
3 70 62
3 70 70
3 70 71
3 70 81
3 70 82
3 70 83
3 87 99
3 87 87
3 87 94
3 87 98
3 87 56
3 87 67
4 4 5
4 4 4
4 4 14
4 10 0
4 10 1
4 10 30
4 10 41
4 10 12
4 10 21
4 10 31
4 10 13
4 10 42
4 10 23
4 10 33
4 27 17
4 27 18
4 27 19
4 27 27
4 27 28
4 27 29
4 27 39
4 27 7
4 27 9
4 27 15
4 27 16
4 27 38
4 27 48
4 27 49
4 27 26
4 27 37
4 27 45
4 27 46
4 27 68
4 27 34
4 27 35
4 27 36
4 54 43
4 54 53
4 54 69
4 54 54
4 54 44
4 54 52
4 54 55
4 54 25
4 63 63
4 67 59
4 67 78
4 70 90
4 70 91
4 70 61
4 70 70
4 70 71
4 70 81
4 70 93
4 70 62
4 70 72
4 70 83
4 70 32
4 70 51
4 87 99
4 87 73
4 87 77
4 87 87
4 87 88
4 87 66
4 87 67
4 87 86
4 87 89
4 87 94
4 87 64
4 87 65
4 87 74
4 87 84
4 87 92
5 4 3
5 4 5
5 4 24
5 4 4
5 4 52
5 10 0
5 10 1
5 10 10
5 10 20
5 10 30
5 10 41
5 10 2
5 10 11
5 10 12
5 10 21
5 10 31
5 10 32
5 10 33
5 10 51
5 27 8
5 27 17
5 27 18
5 27 19
5 27 27
5 27 28
5 27 29
5 27 39
5 27 7
5 27 9
5 27 15
5 27 38
5 27 47
5 27 48
5 27 58
5 27 26
5 27 37
5 27 25
5 27 35
5 54 43
5 54 53
5 54 60
5 54 80
5 54 64
5 54 66
5 54 74
5 54 76
5 54 84
5 54 86
5 54 89
5 54 13
5 54 40
5 54 45
5 54 46
5 63 63
5 67 59
5 67 98
5 67 85
5 67 54
5 67 65
5 67 75
5 67 55
5 67 68
5 67 44
5 67 72
5 70 90
5 70 91
5 70 61
5 70 81
5 70 93
5 70 92
5 70 62
5 70 82
5 87 99
5 87 73
5 87 78
5 87 79
5 87 87
5 87 88
5 87 94
5 87 96
5 87 97
6 4 3
6 4 5
6 4 6
6 4 24
6 4 4
6 4 9
6 4 15
6 4 16
6 4 26
6 4 37
6 4 52
6 4 33
6 10 0
6 10 1
6 10 10
6 10 20
6 10 30
6 10 41
6 10 2
6 10 12
6 10 21
6 10 31
6 10 13
6 10 40
6 10 42
6 10 22
6 10 23
6 10 32
6 10 51
6 27 8
6 27 19
6 27 27
6 27 29
6 27 38
6 27 47
6 27 49
6 54 54
6 63 73
6 63 94
6 63 64
6 63 74
6 63 95
6 67 59
6 67 69
6 67 77
6 67 78
6 67 79
6 67 88
6 67 97
6 67 98
6 67 46
6 67 58
6 67 66
6 67 67
6 67 68
6 67 86
6 67 44
6 67 55
6 67 56
6 67 57
6 67 72
6 70 90
6 70 91
6 70 50
6 70 60
6 70 61
6 70 70
6 70 81
6 70 93
6 70 62
6 70 83
6 70 92
6 87 -1
7 4 6
7 4 24
7 4 4
7 4 14
7 4 52
7 4 44
7 10 0
7 10 1
7 10 10
7 10 20
7 10 30
7 10 41
7 10 2
7 10 11
7 10 21
7 10 31
7 10 13
7 10 23
7 10 33
7 10 51
7 27 8
7 27 17
7 27 18
7 27 19
7 27 28
7 27 29
7 27 39
7 27 15
7 27 16
7 27 38
7 27 48
7 27 49
7 27 37
7 27 45
7 27 46
7 27 58
7 27 22
7 27 35
7 27 36
7 27 55
7 54 53
7 54 54
7 63 73
7 63 63
7 67 67
7 70 90
7 70 91
7 70 50
7 70 60
7 70 61
7 70 71
7 70 81
7 70 62
7 70 83
7 70 72
7 87 77
7 87 78
7 87 79
7 87 88
7 87 94
7 87 97
7 87 64
7 87 66
7 87 74
7 87 84
7 87 85
7 87 89
7 87 92
7 87 56
7 87 65
8 4 3
8 4 5
8 4 4
8 4 12
8 10 0
8 10 21
8 10 13
8 10 40
8 10 42
8 10 23
8 27 8
8 27 17
8 27 18
8 27 19
8 27 27
8 27 28
8 27 29
8 27 39
8 27 7
8 27 47
8 27 49
8 27 34
8 27 45
8 27 25
8 27 55
8 54 53
8 54 75
8 54 44
8 63 63
8 67 59
8 70 90
8 70 91
8 70 50
8 70 60
8 70 61
8 70 70
8 70 93
8 70 62
8 70 82
8 70 32
8 70 51
8 70 72
8 87 99
8 87 73
8 87 78
8 87 79
8 87 87
8 87 94
8 87 96
8 87 98
8 87 64
8 87 74
8 87 76
8 87 85
8 87 89
8 87 92
8 87 56
8 87 57
9 4 3
9 4 5
9 4 4
9 4 14
9 10 10
9 10 30
9 10 41
9 10 11
9 10 12
9 10 21
9 10 31
9 10 42
9 27 8
9 27 18
9 27 19
9 27 29
9 27 39
9 27 7
9 27 9
9 27 47
9 27 48
9 27 49
9 27 37
9 27 46
9 27 58
9 27 25
9 27 55
9 27 57
9 54 43
9 54 53
9 54 69
9 54 52
9 54 74
9 54 83
9 54 84
9 54 86
9 54 89
9 54 56
9 54 72
9 63 -1
9 67 59
9 67 67
9 70 90
9 70 71
9 70 81
9 87 99
9 87 79
9 87 87
9 87 88
9 87 94
9 87 98
9 87 85
9 87 92
10 4 24
10 10 -1
10 27 19
10 27 9
10 27 15
10 27 16
10 27 49
10 27 34
10 54 43
10 54 23
10 63 63
10 67 59
10 67 69
10 67 77
10 67 78
10 67 79
10 67 96
10 67 97
10 67 98
10 67 26
10 67 58
10 67 66
10 67 86
10 67 36
10 67 57
10 67 65
10 70 90
10 70 60
10 70 61
10 70 81
10 70 82
10 70 32
10 87 87
10 87 74
10 87 84
11 4 3
11 4 13
11 10 -1
11 27 17
11 27 58
11 54 53
11 54 42
11 54 84
11 54 65
11 63 -1
11 67 -1
11 70 -1
11 87 -1
--- Done ---
