0 4 -1
0 89 79
0 89 87
0 89 88
0 89 89
0 98 78
0 98 98
1 4 2
1 4 5
1 4 6
1 4 13
1 4 18
1 4 20
1 4 24
1 4 25
1 4 26
1 4 27
1 4 30
1 4 31
1 4 35
1 4 40
1 4 44
1 4 50
1 4 62
1 4 72
1 4 90
1 89 42
1 89 78
1 89 79
1 89 89
1 98 8
1 98 39
1 98 67
1 98 74
1 98 76
1 98 85
1 98 87
1 98 88
1 98 94
1 98 97
1 98 99
2 4 3
2 4 5
2 4 6
2 4 7
2 4 9
2 4 11
2 4 13
2 4 15
2 4 16
2 4 17
2 4 18
2 4 19
2 4 20
2 4 24
2 4 28
2 4 29
2 4 30
2 4 32
2 4 35
2 4 36
2 4 40
2 4 43
2 4 48
2 4 51
2 4 60
2 4 70
2 4 71
2 4 90
2 89 42
2 89 49
2 89 65
2 89 68
2 89 78
2 89 79
2 89 89
2 98 8
2 98 45
2 98 47
2 98 54
2 98 59
2 98 76
2 98 81
2 98 83
2 98 85
2 98 87
2 98 88
2 98 92
2 98 93
2 98 98
2 98 99
3 4 1
3 4 2
3 4 3
3 4 4
3 4 5
3 4 6
3 4 7
3 4 9
3 4 13
3 4 15
3 4 16
3 4 17
3 4 19
3 4 20
3 4 22
3 4 24
3 4 25
3 4 26
3 4 27
3 4 28
3 4 31
3 4 32
3 4 36
3 4 37
3 4 38
3 4 43
3 4 44
3 4 50
3 4 52
3 4 60
3 4 62
3 4 64
3 4 70
3 4 71
3 4 90
3 89 46
3 89 55
3 89 56
3 89 69
3 89 73
3 89 78
3 89 79
3 89 80
3 89 89
3 98 8
3 98 45
3 98 47
3 98 54
3 98 57
3 98 59
3 98 63
3 98 66
3 98 67
3 98 75
3 98 77
3 98 81
3 98 82
3 98 83
3 98 86
3 98 87
3 98 88
3 98 91
3 98 94
3 98 96
3 98 97
3 98 98
3 98 99
4 4 0
4 4 1
4 4 4
4 4 5
4 4 7
4 4 9
4 4 12
4 4 13
4 4 14
4 4 15
4 4 16
4 4 17
4 4 18
4 4 19
4 4 21
4 4 23
4 4 25
4 4 26
4 4 27
4 4 28
4 4 29
4 4 30
4 4 31
4 4 32
4 4 33
4 4 34
4 4 35
4 4 36
4 4 37
4 4 38
4 4 41
4 4 43
4 4 44
4 4 48
4 89 42
4 89 46
4 89 49
4 89 52
4 89 55
4 89 65
4 89 68
4 89 69
4 89 71
4 89 73
4 89 78
4 89 84
4 98 39
4 98 45
4 98 51
4 98 53
4 98 54
4 98 59
4 98 61
4 98 62
4 98 63
4 98 64
4 98 66
4 98 67
4 98 70
4 98 72
4 98 74
4 98 77
4 98 81
4 98 83
4 98 86
4 98 87
4 98 88
4 98 89
4 98 90
4 98 91
4 98 92
4 98 93
4 98 94
4 98 99
5 4 0
5 4 1
5 4 2
5 4 3
5 4 4
5 4 5
5 4 7
5 4 9
5 4 10
5 4 11
5 4 12
5 4 13
5 4 15
5 4 17
5 4 18
5 4 19
5 4 20
5 4 21
5 4 24
5 4 25
5 4 26
5 4 27
5 4 28
5 4 29
5 4 30
5 4 31
5 4 32
5 4 33
5 4 35
5 4 37
5 4 40
5 89 44
5 89 46
5 89 52
5 89 55
5 89 60
5 89 65
5 89 68
5 89 73
5 89 78
5 89 79
5 89 80
5 89 82
5 89 84
5 89 85
5 89 86
5 89 87
5 89 88
5 89 89
5 89 90
5 89 91
5 89 92
5 98 8
5 98 38
5 98 39
5 98 41
5 98 43
5 98 45
5 98 47
5 98 48
5 98 51
5 98 53
5 98 54
5 98 58
5 98 59
5 98 61
5 98 62
5 98 63
5 98 64
5 98 66
5 98 72
5 98 74
5 98 75
5 98 76
5 98 81
6 4 0
6 4 1
6 4 2
6 4 3
6 4 4
6 4 5
6 4 6
6 4 9
6 4 10
6 4 12
6 4 13
6 4 15
6 4 16
6 4 19
6 4 20
6 4 21
6 4 22
6 4 23
6 4 24
6 4 26
6 4 27
6 4 29
6 4 30
6 4 31
6 89 32
6 89 40
6 89 42
6 89 44
6 89 46
6 89 49
6 89 50
6 89 52
6 89 55
6 89 56
6 89 60
6 89 68
6 89 69
6 89 73
6 89 78
6 89 79
6 89 90
6 89 94
6 89 95
6 89 97
6 89 98
6 98 8
6 98 33
6 98 37
6 98 38
6 98 41
6 98 47
6 98 51
6 98 54
6 98 57
6 98 58
6 98 59
6 98 61
6 98 62
6 98 64
6 98 66
6 98 67
6 98 70
6 98 72
6 98 74
6 98 77
6 98 81
6 98 83
6 98 86
6 98 88
6 98 91
6 98 92
6 98 93
7 4 0
7 4 1
7 4 2
7 4 4
7 4 6
7 4 10
7 4 11
7 4 13
7 4 14
7 4 15
7 4 16
7 4 17
7 4 18
7 4 19
7 4 20
7 4 21
7 4 22
7 4 23
7 4 24
7 4 28
7 4 29
7 4 30
7 4 31
7 4 33
7 4 35
7 4 36
7 4 37
7 4 38
7 4 41
7 4 48
7 4 51
7 89 44
7 89 46
7 89 49
7 89 50
7 89 52
7 89 55
7 89 56
7 89 60
7 89 65
7 89 71
7 89 73
7 89 78
7 89 79
7 89 84
7 89 89
7 89 90
7 98 8
7 98 39
7 98 45
7 98 53
7 98 54
7 98 58
7 98 61
7 98 62
7 98 63
7 98 64
7 98 66
7 98 67
7 98 72
7 98 74
7 98 77
7 98 81
7 98 83
7 98 85
7 98 88
7 98 91
7 98 92
7 98 94
7 98 97
8 4 0
8 4 3
8 4 4
8 4 5
8 4 7
8 4 12
8 4 13
8 4 17
8 4 18
8 4 19
8 4 21
8 4 23
8 4 25
8 4 27
8 4 28
8 4 29
8 4 32
8 4 34
8 4 40
8 4 44
8 4 50
8 4 51
8 4 53
8 4 60
8 4 62
8 4 64
8 4 70
8 4 72
8 4 90
8 89 42
8 89 49
8 89 55
8 89 56
8 89 73
8 89 78
8 89 79
8 89 89
8 98 8
8 98 39
8 98 45
8 98 47
8 98 57
8 98 59
8 98 61
8 98 63
8 98 74
8 98 75
8 98 76
8 98 82
8 98 85
8 98 87
8 98 91
8 98 92
8 98 93
8 98 94
8 98 96
8 98 98
8 98 99
9 4 3
9 4 4
9 4 5
9 4 7
9 4 9
9 4 10
9 4 11
9 4 12
9 4 14
9 4 18
9 4 19
9 4 21
9 4 25
9 4 29
9 4 30
9 4 31
9 4 37
9 4 41
9 4 43
9 4 48
9 4 52
9 4 53
9 4 71
9 4 72
9 4 90
9 89 42
9 89 46
9 89 49
9 89 55
9 89 56
9 89 69
9 89 79
9 89 84
9 89 89
9 98 8
9 98 39
9 98 47
9 98 57
9 98 58
9 98 59
9 98 67
9 98 74
9 98 81
9 98 83
9 98 85
9 98 86
9 98 87
9 98 88
9 98 92
9 98 94
9 98 98
9 98 99
10 4 9
10 4 15
10 4 16
10 4 19
10 4 23
10 4 24
10 4 26
10 4 32
10 4 34
10 4 36
10 4 43
10 4 60
10 4 90
10 89 49
10 89 65
10 89 69
10 89 78
10 89 79
10 89 84
10 98 57
10 98 58
10 98 59
10 98 61
10 98 63
10 98 66
10 98 74
10 98 77
10 98 81
10 98 82
10 98 86
10 98 87
10 98 96
10 98 97
10 98 98
11 4 3
11 4 13
11 4 17
11 4 53
11 89 42
11 89 65
11 89 84
11 98 58
--- Done ---
