0 7 -1
0 75 78
0 75 87
0 99 79
0 99 88
0 99 89
0 99 98
1 7 5
1 7 6
1 7 8
1 7 18
1 7 24
1 7 26
1 7 27
1 7 35
1 11 2
1 11 13
1 11 20
1 11 30
1 11 31
1 36 25
1 36 39
1 36 44
1 61 40
1 61 42
1 61 50
1 75 67
1 75 76
1 75 78
1 75 87
1 75 94
1 75 62
1 75 74
1 75 85
1 75 72
1 80 90
1 99 79
1 99 88
1 99 89
1 99 97
1 99 99
2 7 3
2 7 5
2 7 6
2 7 7
2 7 8
2 7 9
2 7 16
2 7 17
2 7 18
2 7 24
2 7 28
2 7 35
2 11 11
2 11 13
2 11 20
2 11 30
2 36 15
2 36 36
2 38 19
2 38 29
2 38 48
2 38 49
2 38 47
2 38 59
2 61 40
2 61 42
2 61 60
2 61 51
2 61 70
2 61 71
2 61 81
2 66 54
2 66 68
2 72 43
2 72 93
2 72 92
2 75 32
2 75 78
2 75 87
2 75 76
2 75 83
2 75 45
2 75 65
2 75 85
2 80 90
2 99 79
2 99 88
2 99 89
2 99 98
2 99 99
3 7 3
3 7 5
3 7 6
3 7 8
3 7 9
3 7 7
3 7 16
3 7 17
3 7 24
3 7 28
3 11 1
3 11 2
3 11 20
3 11 22
3 11 13
3 11 31
3 35 4
3 35 15
3 35 25
3 35 52
3 35 43
3 35 44
3 35 54
3 35 26
3 35 27
3 35 45
3 35 46
3 35 47
3 35 37
3 36 36
3 38 19
3 38 38
3 38 59
3 55 69
3 55 57
3 55 55
3 61 50
3 61 60
3 66 66
3 72 82
3 72 91
3 72 70
3 72 71
3 72 63
3 72 75
3 72 81
3 72 64
3 75 32
3 75 78
3 75 87
3 75 83
3 75 86
3 75 94
3 75 56
3 75 62
3 75 67
3 75 73
3 80 90
3 80 80
3 99 79
3 99 88
3 99 89
3 99 97
3 99 98
3 99 99
3 99 96
3 99 77
4 7 5
4 7 9
4 7 7
4 7 16
4 7 17
4 7 18
4 11 0
4 11 1
4 11 12
4 11 21
4 11 30
4 11 13
4 11 23
4 11 31
4 35 4
4 35 14
4 35 33
4 35 15
4 35 25
4 35 48
4 35 52
4 35 28
4 35 34
4 35 35
4 35 43
4 35 44
4 35 54
4 35 26
4 35 27
4 35 46
4 35 37
4 35 45
4 36 36
4 38 19
4 38 29
4 38 38
4 38 49
4 38 39
4 38 59
4 55 69
4 55 55
4 61 41
4 61 42
4 61 53
4 61 61
4 66 68
4 66 66
4 72 93
4 72 83
4 72 91
4 72 92
4 72 94
4 72 51
4 72 62
4 72 70
4 72 71
4 72 73
4 72 81
4 72 63
4 72 72
4 72 64
4 75 32
4 75 84
4 75 87
4 75 74
4 75 86
4 75 65
4 77 78
4 77 67
4 80 90
4 99 89
4 99 88
4 99 99
4 99 77
5 7 3
5 7 5
5 7 8
5 7 9
5 7 7
5 7 17
5 11 0
5 11 1
5 11 2
5 11 10
5 11 11
5 11 12
5 11 20
5 11 21
5 11 30
5 11 13
5 11 31
5 35 4
5 35 33
5 35 15
5 35 25
5 35 52
5 35 24
5 35 35
5 35 43
5 35 44
5 35 54
5 35 26
5 35 27
5 35 45
5 35 46
5 35 37
5 36 -1
5 38 19
5 38 29
5 38 38
5 38 18
5 38 39
5 38 48
5 38 59
5 38 28
5 38 47
5 55 55
5 61 40
5 61 41
5 61 60
5 61 61
5 66 68
5 66 86
5 66 66
5 66 65
5 72 82
5 72 93
5 72 53
5 72 91
5 72 92
5 72 51
5 72 63
5 72 72
5 72 75
5 72 81
5 72 85
5 72 64
5 75 32
5 75 58
5 75 78
5 75 84
5 75 87
5 75 94
5 75 62
5 75 73
5 75 74
5 75 76
5 77 -1
5 80 90
5 80 80
5 99 89
5 99 79
5 99 88
5 99 96
5 99 97
5 99 98
5 99 99
6 7 3
6 7 5
6 7 6
6 7 8
6 7 9
6 7 16
6 7 24
6 7 26
6 7 27
6 7 37
6 11 0
6 11 1
6 11 2
6 11 10
6 11 12
6 11 20
6 11 21
6 11 22
6 11 30
6 11 13
6 11 23
6 11 31
6 35 4
6 35 33
6 35 15
6 35 52
6 35 44
6 35 54
6 35 46
6 35 47
6 36 -1
6 38 19
6 38 29
6 38 38
6 38 49
6 38 59
6 55 69
6 55 55
6 61 40
6 61 41
6 61 42
6 61 50
6 61 60
6 61 51
6 61 61
6 61 70
6 61 81
6 66 68
6 66 66
6 72 93
6 72 72
6 75 32
6 75 95
6 75 58
6 75 78
6 75 83
6 75 94
6 75 62
6 75 73
6 75 74
6 75 86
6 75 56
6 75 67
6 75 64
6 77 79
6 77 88
6 77 97
6 77 98
6 77 57
6 77 77
6 80 90
6 80 91
6 80 92
6 99 -1
7 7 6
7 7 8
7 7 16
7 7 17
7 11 0
7 11 1
7 11 2
7 11 10
7 11 11
7 11 20
7 11 21
7 11 22
7 11 30
7 11 13
7 11 23
7 11 31
7 35 4
7 35 14
7 35 33
7 35 15
7 35 52
7 35 24
7 35 28
7 35 35
7 35 44
7 35 54
7 35 46
7 35 37
7 35 45
7 36 36
7 38 19
7 38 29
7 38 38
7 38 49
7 38 18
7 38 39
7 38 48
7 55 55
7 61 41
7 61 50
7 61 53
7 61 60
7 61 51
7 61 61
7 61 62
7 61 71
7 61 73
7 61 74
7 61 81
7 61 63
7 61 85
7 61 64
7 66 66
7 72 72
7 75 58
7 75 78
7 75 83
7 75 84
7 75 94
7 75 56
7 75 67
7 75 65
7 77 77
7 80 90
7 80 91
7 80 92
7 99 89
7 99 79
7 99 88
7 99 97
8 7 3
8 7 5
8 7 8
8 7 7
8 7 17
8 7 18
8 7 28
8 7 27
8 11 0
8 11 12
8 11 21
8 11 13
8 11 23
8 35 4
8 35 25
8 35 44
8 36 -1
8 38 19
8 38 29
8 38 49
8 38 39
8 38 59
8 38 34
8 38 47
8 55 57
8 55 55
8 61 40
8 61 42
8 61 50
8 61 53
8 61 60
8 61 51
8 61 61
8 61 62
8 61 70
8 61 73
8 61 74
8 61 63
8 61 85
8 61 64
8 66 -1
8 72 82
8 72 93
8 72 91
8 72 92
8 72 94
8 72 72
8 75 32
8 75 78
8 75 87
8 75 76
8 75 56
8 75 75
8 75 45
8 77 -1
8 80 90
8 99 89
8 99 79
8 99 96
8 99 98
8 99 99
9 7 3
9 7 5
9 7 8
9 7 9
9 7 7
9 7 18
9 11 10
9 11 11
9 11 12
9 11 21
9 11 30
9 11 31
9 35 4
9 35 14
9 35 25
9 35 48
9 35 52
9 35 43
9 35 46
9 35 37
9 35 47
9 36 -1
9 38 19
9 38 29
9 38 49
9 38 39
9 38 59
9 55 69
9 55 57
9 55 55
9 61 41
9 61 42
9 61 53
9 61 71
9 61 81
9 66 -1
9 72 72
9 75 58
9 75 83
9 75 84
9 75 87
9 75 94
9 75 74
9 75 86
9 75 56
9 75 67
9 75 85
9 77 -1
9 80 90
9 80 92
9 99 89
9 99 79
9 99 88
9 99 98
9 99 99
10 7 9
10 7 16
10 7 24
10 11 23
10 35 15
10 36 36
10 38 19
10 38 49
10 38 59
10 38 34
10 38 26
10 55 69
10 61 61
10 66 96
10 66 66
10 72 82
10 72 43
10 72 81
10 75 32
10 75 58
10 75 78
10 75 84
10 75 87
10 75 74
10 75 86
10 75 63
10 75 65
10 77 79
10 77 97
10 77 98
10 77 57
10 77 77
10 80 90
10 80 60
10 99 -1
11 7 3
11 7 17
11 11 13
11 35 -1
11 36 -1
11 38 -1
11 55 -1
11 61 42
11 61 53
11 66 -1
11 72 -1
11 75 58
11 75 84
11 75 65
11 77 -1
11 80 -1
11 99 -1
--- Done ---
