0 4 78
0 4 79
0 4 87
0 4 88
0 4 89
0 4 98
1 4 2
1 4 5
1 4 6
1 4 13
1 4 18
1 4 20
1 4 24
1 4 25
1 4 26
1 4 30
1 4 31
1 4 35
1 4 40
1 4 44
1 4 50
1 4 62
1 59 8
1 59 27
1 59 39
1 59 79
1 87 42
1 87 67
1 87 72
1 87 74
1 87 76
1 87 78
1 87 85
1 87 87
1 87 88
1 87 89
1 87 90
1 87 94
1 87 97
1 87 99
2 4 3
2 4 5
2 4 6
2 4 11
2 4 13
2 4 15
2 27 7
2 27 8
2 27 9
2 27 16
2 27 17
2 27 18
2 27 19
2 27 28
2 27 29
2 27 36
2 33 20
2 33 24
2 33 30
2 33 32
2 33 35
2 33 40
2 33 42
2 33 43
2 33 45
2 33 54
2 59 47
2 59 48
2 59 49
2 59 59
2 59 68
2 59 79
2 71 51
2 71 60
2 71 70
2 71 71
2 71 81
2 71 83
2 71 90
2 71 92
2 71 93
2 87 65
2 87 76
2 87 78
2 87 85
2 87 87
2 87 88
2 87 89
2 87 98
2 87 99
3 4 1
3 4 2
3 4 3
3 4 4
3 4 5
3 4 6
3 4 13
3 4 15
3 27 7
3 27 8
3 27 9
3 27 16
3 27 17
3 27 19
3 27 25
3 27 26
3 27 27
3 27 28
3 27 36
3 27 37
3 27 38
3 27 46
3 27 55
3 33 20
3 33 22
3 33 24
3 33 31
3 33 32
3 33 43
3 33 44
3 33 45
3 33 52
3 33 54
3 59 47
3 59 56
3 59 59
3 59 69
3 59 79
3 71 50
3 71 60
3 71 70
3 71 71
3 71 73
3 71 90
3 71 91
3 72 62
3 72 63
3 72 64
3 72 75
3 72 80
3 72 81
3 72 82
3 72 83
3 72 94
3 87 57
3 87 66
3 87 67
3 87 77
3 87 78
3 87 86
3 87 87
3 87 88
3 87 89
3 87 96
3 87 97
3 87 98
3 87 99
4 4 4
4 4 5
4 4 13
4 4 14
4 4 15
4 12 0
4 12 1
4 12 12
4 12 30
4 27 7
4 27 9
4 27 16
4 27 17
4 27 18
4 27 19
4 27 25
4 27 26
4 27 27
4 27 28
4 27 29
4 27 36
4 27 37
4 27 38
4 27 39
4 27 46
4 27 55
4 33 21
4 33 23
4 33 31
4 33 32
4 33 33
4 33 34
4 33 35
4 33 41
4 33 42
4 33 43
4 33 44
4 33 45
4 33 52
4 33 54
4 59 48
4 59 49
4 59 59
4 59 68
4 59 69
4 71 51
4 71 61
4 71 70
4 71 71
4 71 73
4 71 84
4 71 90
4 71 91
4 71 92
4 72 53
4 72 62
4 72 63
4 72 64
4 72 72
4 72 81
4 72 83
4 72 93
4 72 94
4 87 65
4 87 66
4 87 67
4 87 74
4 87 77
4 87 78
4 87 86
4 87 87
4 87 88
4 87 89
4 87 99
5 4 3
5 4 4
5 4 5
5 4 13
5 4 15
5 12 0
5 12 1
5 12 2
5 12 10
5 12 11
5 12 12
5 12 20
5 12 30
5 27 7
5 27 8
5 27 9
5 27 17
5 27 18
5 27 19
5 27 25
5 27 26
5 27 27
5 27 28
5 27 29
5 27 37
5 27 38
5 27 39
5 27 46
5 27 55
5 33 21
5 33 24
5 33 31
5 33 32
5 33 33
5 33 35
5 33 40
5 33 41
5 33 43
5 33 44
5 33 45
5 33 52
5 33 54
5 59 47
5 59 48
5 59 58
5 59 59
5 59 68
5 59 79
5 71 51
5 71 60
5 71 61
5 71 73
5 71 84
5 71 90
5 71 91
5 71 92
5 72 53
5 72 62
5 72 63
5 72 64
5 72 72
5 72 75
5 72 80
5 72 81
5 72 82
5 72 93
5 72 94
5 87 65
5 87 66
5 87 74
5 87 76
5 87 78
5 87 85
5 87 86
5 87 87
5 87 88
5 87 89
5 87 96
5 87 97
5 87 98
5 87 99
6 4 3
6 4 4
6 4 5
6 4 6
6 4 13
6 4 15
6 12 0
6 12 1
6 12 2
6 12 10
6 12 12
6 12 20
6 12 30
6 27 8
6 27 9
6 27 16
6 27 19
6 27 26
6 27 27
6 27 29
6 27 37
6 27 38
6 27 46
6 27 55
6 33 21
6 33 22
6 33 23
6 33 24
6 33 31
6 33 32
6 33 33
6 33 40
6 33 41
6 33 42
6 33 44
6 33 52
6 33 54
6 59 47
6 59 49
6 59 56
6 59 58
6 59 59
6 59 68
6 59 69
6 59 79
6 71 50
6 71 51
6 71 60
6 71 61
6 71 70
6 71 73
6 71 90
6 71 91
6 71 92
6 72 62
6 72 64
6 72 72
6 72 81
6 72 83
6 72 93
6 72 94
6 87 57
6 87 66
6 87 67
6 87 74
6 87 77
6 87 78
6 87 86
6 87 88
6 87 95
6 87 97
6 87 98
7 4 4
7 4 6
7 4 13
7 4 14
7 4 15
7 12 0
7 12 1
7 12 2
7 12 10
7 12 11
7 12 20
7 12 30
7 27 8
7 27 16
7 27 17
7 27 18
7 27 19
7 27 28
7 27 29
7 27 36
7 27 37
7 27 38
7 27 39
7 27 46
7 27 55
7 33 21
7 33 22
7 33 23
7 33 24
7 33 31
7 33 33
7 33 35
7 33 41
7 33 44
7 33 45
7 33 52
7 33 54
7 59 48
7 59 49
7 59 56
7 59 58
7 59 79
7 71 50
7 71 51
7 71 60
7 71 61
7 71 71
7 71 73
7 71 84
7 71 90
7 71 91
7 71 92
7 72 53
7 72 62
7 72 63
7 72 64
7 72 72
7 72 81
7 72 83
7 72 94
7 87 65
7 87 66
7 87 67
7 87 74
7 87 77
7 87 78
7 87 85
7 87 88
7 87 89
7 87 97
8 4 3
8 4 4
8 4 5
8 4 13
8 12 0
8 12 12
8 27 7
8 27 8
8 27 17
8 27 18
8 27 19
8 27 25
8 27 27
8 27 28
8 27 29
8 27 39
8 27 55
8 33 21
8 33 23
8 33 32
8 33 34
8 33 40
8 33 42
8 33 44
8 33 45
8 59 47
8 59 49
8 59 56
8 59 59
8 59 79
8 71 50
8 71 51
8 71 60
8 71 61
8 71 70
8 71 73
8 71 90
8 71 91
8 71 92
8 72 53
8 72 62
8 72 63
8 72 64
8 72 72
8 72 75
8 72 82
8 72 93
8 72 94
8 87 57
8 87 74
8 87 76
8 87 78
8 87 85
8 87 87
8 87 89
8 87 96
8 87 98
8 87 99
9 4 3
9 4 4
9 4 5
9 4 14
9 12 10
9 12 11
9 12 12
9 12 30
9 27 7
9 27 8
9 27 9
9 27 18
9 27 19
9 27 25
9 27 29
9 27 37
9 27 39
9 27 46
9 27 55
9 33 21
9 33 31
9 33 41
9 33 42
9 33 43
9 33 52
9 59 47
9 59 48
9 59 49
9 59 56
9 59 58
9 59 59
9 59 69
9 59 79
9 71 71
9 71 84
9 71 90
9 71 92
9 72 53
9 72 72
9 72 81
9 72 83
9 72 94
9 87 57
9 87 67
9 87 74
9 87 85
9 87 86
9 87 87
9 87 88
9 87 89
9 87 98
9 87 99
10 4 15
10 27 9
10 27 16
10 27 19
10 27 26
10 27 36
10 33 23
10 33 24
10 33 32
10 33 34
10 33 43
10 59 49
10 59 58
10 59 59
10 59 69
10 59 79
10 71 60
10 71 61
10 71 84
10 71 90
10 72 63
10 72 81
10 72 82
10 87 57
10 87 65
10 87 66
10 87 74
10 87 77
10 87 78
10 87 86
10 87 87
10 87 96
10 87 97
10 87 98
11 4 3
11 4 13
11 27 17
11 33 42
11 59 58
11 71 84
11 72 53
11 87 65
--- Done ---
