0 47 78
0 47 97
0 79 77
0 79 79
0 79 87
0 79 88
0 79 89
0 79 98
1 4 11
1 4 14
1 4 15
1 4 16
1 4 22
1 4 24
1 4 25
1 4 33
1 4 37
1 4 44
1 4 52
1 40 50
1 40 63
1 47 8
1 47 17
1 47 18
1 47 19
1 47 27
1 47 28
1 47 29
1 47 34
1 47 36
1 47 38
1 47 45
1 47 48
1 47 49
1 47 57
1 47 97
1 79 39
1 79 58
1 79 66
1 79 75
1 79 78
1 79 87
1 79 98
1 82 65
1 82 67
1 82 71
1 82 72
1 82 74
1 82 83
1 82 84
1 82 85
1 82 91
1 82 92
1 82 93
2 4 2
2 4 3
2 4 4
2 4 6
2 4 12
2 4 13
2 4 22
2 4 23
2 4 24
2 4 32
2 4 33
2 4 35
2 4 37
2 4 44
2 40 0
2 40 10
2 40 30
2 40 41
2 40 42
2 40 43
2 40 53
2 40 63
2 47 19
2 47 29
2 47 45
2 47 47
2 47 48
2 47 49
2 47 54
2 47 66
2 47 68
2 47 78
2 79 58
2 79 69
2 79 86
2 79 88
2 79 98
2 82 51
2 82 61
2 82 72
2 82 74
2 82 80
2 82 81
2 82 92
2 82 93
2 82 94
3 4 9
3 4 14
3 4 24
3 4 25
3 4 32
3 4 37
3 4 52
3 40 1
3 40 10
3 40 21
3 40 50
3 47 18
3 47 19
3 47 36
3 47 45
3 47 46
3 47 47
3 47 54
3 47 55
3 47 57
3 47 58
3 47 66
3 47 67
3 79 56
3 79 59
3 79 68
3 79 69
3 79 77
3 79 79
3 79 87
3 79 96
3 79 98
3 79 99
3 82 61
3 82 62
3 82 63
3 82 64
3 82 72
3 82 74
3 82 80
3 82 84
3 82 86
3 82 91
3 82 94
4 4 2
4 4 5
4 4 9
4 4 11
4 4 22
4 4 23
4 4 24
4 4 25
4 4 26
4 4 35
4 4 44
4 31 20
4 31 51
4 40 10
4 40 40
4 47 8
4 47 17
4 47 27
4 47 29
4 47 34
4 47 36
4 47 39
4 47 47
4 47 48
4 47 49
4 47 55
4 47 59
4 47 67
4 79 69
4 79 79
4 79 87
4 79 88
4 79 89
4 79 96
4 82 60
4 82 62
4 82 63
4 82 65
4 82 72
4 82 74
4 82 81
4 82 82
4 82 84
4 82 91
4 82 92
4 82 94
5 4 2
5 4 4
5 4 5
5 4 12
5 4 22
5 4 23
5 4 37
5 31 0
5 31 1
5 31 21
5 40 40
5 40 70
5 47 17
5 47 27
5 47 29
5 47 34
5 47 36
5 47 38
5 47 39
5 47 46
5 47 54
5 47 56
5 47 57
5 47 58
5 47 63
5 79 78
5 79 79
5 79 87
5 79 89
5 79 95
5 79 96
5 79 98
5 79 99
5 82 42
5 82 53
5 82 60
5 82 65
5 82 71
5 82 72
5 82 74
5 82 82
5 82 84
5 82 86
5 82 90
5 82 91
5 82 94
6 4 4
6 4 12
6 4 14
6 4 15
6 4 16
6 4 25
6 4 37
6 31 20
6 31 30
6 31 34
6 40 0
6 40 1
6 40 41
6 40 42
6 40 51
6 40 53
6 47 19
6 47 27
6 47 29
6 47 38
6 47 39
6 47 47
6 47 49
6 47 54
6 47 55
6 47 57
6 47 97
6 79 56
6 79 67
6 79 69
6 79 78
6 79 88
6 79 89
6 79 96
6 79 98
6 82 62
6 82 63
6 82 65
6 82 76
6 82 80
6 82 81
6 82 82
6 82 90
7 4 2
7 4 3
7 4 4
7 4 5
7 4 6
7 4 7
7 4 9
7 4 11
7 4 13
7 4 14
7 4 15
7 4 22
7 4 25
7 4 26
7 4 32
7 4 37
7 4 44
7 4 52
7 31 20
7 31 31
7 31 34
7 31 43
7 31 45
7 31 51
7 40 0
7 40 21
7 40 40
7 40 60
7 47 19
7 47 29
7 47 36
7 47 39
7 47 47
7 47 58
7 47 59
7 47 68
7 47 78
7 47 97
7 79 48
7 79 66
7 79 69
7 79 76
7 79 79
7 79 87
7 82 61
7 82 62
7 82 65
7 82 70
7 82 74
7 82 84
7 82 86
8 4 2
8 4 3
8 4 4
8 4 7
8 4 9
8 4 11
8 4 15
8 4 16
8 4 22
8 4 23
8 4 26
8 4 33
8 4 37
8 31 21
8 31 30
8 31 31
8 31 42
8 31 45
8 31 60
8 40 43
8 40 50
8 40 61
8 40 71
8 47 27
8 47 28
8 47 39
8 47 47
8 47 48
8 47 56
8 47 58
8 47 63
8 47 66
8 47 67
8 79 69
8 79 75
8 79 77
8 79 78
8 79 79
8 79 98
8 82 53
8 82 70
8 82 76
8 82 81
8 82 82
8 82 91
8 82 92
9 4 3
9 4 6
9 4 11
9 4 12
9 4 15
9 4 23
9 4 32
9 4 33
9 4 35
9 4 37
9 4 44
9 31 34
9 31 45
9 31 53
9 31 71
9 40 21
9 40 62
9 47 27
9 47 36
9 47 38
9 47 47
9 47 54
9 47 55
9 47 56
9 47 66
9 47 67
9 47 97
9 79 48
9 79 69
9 79 75
9 79 76
9 79 77
9 79 78
9 79 79
9 79 87
9 79 88
9 79 99
9 82 64
9 82 65
9 82 73
9 82 74
9 82 85
9 82 93
--- Done ---
