0 4 -1
0 58 79
0 58 88
0 58 89
0 58 98
0 58 78
0 58 87
0 64 -1
1 4 6
1 4 18
1 33 20
1 33 27
1 33 2
1 33 5
1 33 24
1 33 30
1 33 40
1 33 42
1 33 50
1 33 62
1 33 72
1 33 94
1 33 26
1 33 35
1 33 74
1 33 13
1 33 25
1 33 31
1 33 44
1 58 8
1 58 39
1 58 88
1 58 89
1 58 99
1 58 67
1 58 76
1 58 78
1 58 79
1 58 85
1 58 87
1 58 97
1 64 90
2 4 6
2 4 9
2 4 18
2 4 3
2 4 5
2 4 7
2 4 11
2 4 15
2 4 24
2 4 30
2 4 13
2 4 32
2 33 20
2 33 93
2 58 8
2 58 19
2 58 28
2 58 29
2 58 88
2 58 89
2 58 98
2 58 99
2 58 47
2 58 48
2 58 49
2 58 59
2 58 68
2 58 76
2 58 79
2 58 92
2 58 45
2 58 54
2 58 65
2 58 16
2 58 17
2 58 35
2 58 36
2 64 60
2 64 81
2 64 83
2 64 90
2 64 40
2 64 42
2 64 43
2 64 51
2 64 70
2 64 71
2 64 78
2 64 85
2 64 87
3 4 1
3 4 6
3 4 9
3 4 2
3 4 3
3 4 4
3 4 5
3 4 7
3 4 15
3 4 24
3 4 71
3 4 13
3 4 22
3 4 31
3 4 32
3 4 52
3 4 17
3 4 25
3 4 26
3 4 36
3 4 44
3 33 20
3 33 27
3 33 91
3 33 64
3 33 66
3 58 8
3 58 19
3 58 28
3 58 88
3 58 89
3 58 98
3 58 99
3 58 38
3 58 47
3 58 57
3 58 59
3 58 63
3 58 67
3 58 69
3 58 75
3 58 77
3 58 79
3 58 87
3 58 37
3 58 45
3 58 46
3 58 54
3 58 55
3 58 56
3 58 16
3 64 60
3 64 80
3 64 81
3 64 82
3 64 83
3 64 90
3 64 43
3 64 50
3 64 62
3 64 70
3 64 73
3 64 78
3 64 86
3 64 94
3 64 96
3 64 97
4 4 1
4 4 9
4 4 18
4 4 4
4 4 5
4 4 7
4 4 12
4 4 14
4 4 15
4 4 48
4 4 13
4 4 23
4 4 71
4 4 16
4 4 26
4 4 36
4 4 25
4 4 30
4 4 31
4 33 27
4 33 41
4 33 33
4 33 34
4 33 35
4 33 44
4 33 52
4 58 28
4 58 29
4 58 39
4 58 88
4 58 89
4 58 99
4 58 19
4 58 38
4 58 49
4 58 59
4 58 67
4 58 68
4 58 69
4 58 77
4 58 86
4 58 87
4 58 37
4 58 46
4 58 63
4 58 92
4 58 17
4 62 81
4 62 83
4 62 84
4 62 90
4 62 91
4 62 42
4 62 43
4 62 51
4 62 53
4 62 61
4 62 62
4 62 70
4 62 72
4 62 73
4 62 93
4 62 94
4 62 45
4 62 54
4 62 55
4 62 64
4 62 65
4 62 66
4 62 74
4 62 21
4 62 32
4 64 78
4 64 0
5 4 1
5 4 9
5 4 18
5 4 3
5 4 4
5 4 5
5 4 7
5 4 12
5 4 15
5 4 24
5 4 13
5 4 37
5 4 31
5 4 32
5 4 33
5 4 35
5 4 44
5 4 52
5 33 20
5 33 27
5 33 41
5 33 91
5 33 40
5 33 43
5 33 46
5 33 51
5 33 53
5 33 61
5 33 72
5 33 73
5 33 17
5 33 26
5 33 45
5 33 54
5 58 8
5 58 28
5 58 29
5 58 39
5 58 88
5 58 89
5 58 99
5 58 19
5 58 38
5 58 47
5 58 48
5 58 58
5 58 59
5 58 68
5 58 76
5 58 79
5 58 86
5 58 87
5 58 75
5 62 98
5 62 62
5 62 63
5 62 85
5 62 92
5 62 96
5 62 55
5 62 64
5 62 65
5 62 66
5 62 74
5 62 93
5 62 94
5 62 2
5 62 11
5 62 21
5 62 25
5 62 30
5 64 10
5 64 60
5 64 78
5 64 80
5 64 81
5 64 82
5 64 84
5 64 90
5 64 97
5 64 0
6 4 6
6 4 9
6 4 1
6 4 4
6 4 5
6 4 26
6 4 37
6 4 3
6 4 12
6 4 15
6 4 16
6 4 24
6 4 0
6 4 13
6 4 21
6 4 44
6 30 30
6 33 27
6 33 20
6 33 46
6 33 23
6 33 42
6 33 31
6 33 32
6 33 33
6 33 50
6 33 51
6 33 52
6 33 61
6 33 62
6 33 72
6 33 73
6 58 8
6 58 29
6 58 88
6 58 19
6 58 38
6 58 47
6 58 49
6 58 57
6 58 58
6 58 59
6 58 67
6 58 68
6 58 69
6 58 77
6 58 78
6 58 79
6 58 86
6 58 97
6 62 81
6 62 90
6 62 91
6 62 98
6 62 92
6 62 10
6 62 41
6 62 54
6 62 55
6 62 56
6 62 60
6 62 66
6 62 70
6 62 74
6 62 83
6 62 93
6 62 94
6 62 2
6 62 40
6 62 22
6 64 95
6 64 64
7 4 6
7 4 18
7 4 1
7 4 4
7 4 14
7 4 15
7 4 24
7 4 0
7 4 2
7 4 11
7 4 13
7 4 17
7 4 21
7 4 23
7 4 36
7 4 71
7 4 22
7 4 31
7 4 52
7 30 20
7 30 30
7 30 50
7 30 53
7 30 61
7 30 62
7 30 72
7 30 73
7 33 33
7 58 8
7 58 28
7 58 29
7 58 39
7 58 88
7 58 89
7 58 19
7 58 38
7 58 48
7 58 49
7 58 58
7 58 67
7 58 77
7 58 78
7 58 79
7 58 97
7 58 37
7 58 46
7 58 85
7 58 92
7 58 16
7 58 35
7 62 81
7 62 84
7 62 90
7 62 91
7 62 10
7 62 41
7 62 60
7 62 83
7 62 94
7 62 45
7 62 54
7 62 55
7 62 56
7 62 63
7 62 65
7 62 66
7 62 74
7 62 44
7 62 51
7 64 64
8 4 18
8 4 4
8 30 -1
8 33 27
8 33 5
8 33 7
8 33 91
8 33 3
8 33 12
8 33 70
8 33 93
8 33 94
8 33 0
8 33 13
8 33 21
8 33 23
8 33 40
8 33 42
8 33 50
8 33 51
8 33 53
8 33 56
8 33 74
8 33 44
8 33 61
8 58 8
8 58 28
8 58 29
8 58 39
8 58 89
8 58 99
8 58 19
8 58 47
8 58 49
8 58 57
8 58 59
8 58 76
8 58 78
8 58 79
8 58 87
8 58 98
8 58 75
8 58 85
8 58 92
8 58 96
8 58 17
8 58 45
8 58 55
8 62 82
8 62 90
8 62 60
8 62 63
8 62 62
8 62 72
8 62 73
8 62 25
8 62 32
8 62 34
8 64 64
9 4 9
9 4 18
9 4 4
9 4 5
9 4 7
9 4 14
9 4 48
9 4 3
9 4 12
9 4 11
9 4 21
9 30 30
9 33 -1
9 58 8
9 58 29
9 58 39
9 58 88
9 58 89
9 58 99
9 58 19
9 58 47
9 58 49
9 58 57
9 58 58
9 58 59
9 58 67
9 58 69
9 58 79
9 58 86
9 58 87
9 58 98
9 58 37
9 58 46
9 58 85
9 58 92
9 58 55
9 58 56
9 58 74
9 58 25
9 62 81
9 62 84
9 62 90
9 62 10
9 62 41
9 62 83
9 62 94
9 62 42
9 62 43
9 62 53
9 62 71
9 62 72
9 62 31
9 62 52
9 64 -1
10 4 9
10 4 15
10 4 24
10 4 23
10 30 -1
10 33 -1
10 58 49
10 58 57
10 58 58
10 58 59
10 58 69
10 58 77
10 58 78
10 58 79
10 58 86
10 58 87
10 58 97
10 58 98
10 58 26
10 58 96
10 58 16
10 58 36
10 58 63
10 58 65
10 58 66
10 58 74
10 62 19
10 62 81
10 62 82
10 62 84
10 62 90
10 62 60
10 62 43
10 62 61
10 62 32
10 62 34
10 64 -1
11 4 3
11 4 13
11 4 17
11 30 -1
11 33 -1
11 58 58
11 62 -1
11 64 84
11 64 42
11 64 53
11 64 65
--- Done ---
