0 4 -1
0 59 78
0 59 79
0 59 87
0 59 88
0 59 89
0 59 98
0 85 -1
1 4 2
1 4 5
1 4 6
1 4 13
1 4 18
1 4 24
1 4 25
1 4 26
1 4 30
1 4 31
1 4 44
1 59 8
1 59 27
1 59 35
1 59 39
1 59 67
1 59 78
1 59 79
1 59 88
1 59 89
1 59 99
1 61 20
1 61 40
1 61 42
1 61 50
1 61 62
1 61 72
1 61 74
1 61 76
1 61 90
1 85 85
1 85 87
1 85 94
1 85 97
2 4 3
2 4 5
2 4 6
2 4 7
2 4 9
2 4 11
2 4 13
2 4 15
2 4 16
2 4 17
2 4 18
2 4 24
2 4 30
2 4 32
2 4 35
2 4 36
2 4 48
2 4 71
2 59 8
2 59 19
2 59 28
2 59 29
2 59 49
2 59 59
2 59 78
2 59 79
2 61 20
2 61 40
2 61 42
2 61 43
2 61 51
2 61 60
2 61 65
2 61 70
2 61 76
2 61 81
2 61 83
2 61 90
2 61 92
2 61 93
2 85 45
2 85 47
2 85 54
2 85 68
2 85 85
2 85 87
2 85 88
2 85 89
2 85 98
2 85 99
3 4 1
3 4 2
3 4 3
3 4 4
3 4 5
3 4 6
3 4 7
3 4 9
3 4 13
3 4 15
3 4 16
3 4 17
3 4 22
3 4 24
3 4 25
3 4 26
3 4 31
3 4 32
3 4 36
3 4 37
3 4 44
3 4 52
3 4 71
3 59 8
3 59 19
3 59 27
3 59 28
3 59 38
3 59 45
3 59 54
3 59 55
3 59 56
3 59 59
3 59 66
3 59 67
3 59 69
3 59 77
3 59 78
3 59 79
3 59 87
3 59 88
3 61 20
3 61 43
3 61 50
3 61 60
3 61 62
3 61 63
3 61 64
3 61 70
3 61 80
3 61 81
3 61 82
3 61 83
3 61 86
3 61 90
3 61 91
3 61 96
3 85 46
3 85 47
3 85 57
3 85 73
3 85 75
3 85 89
3 85 94
3 85 97
3 85 98
3 85 99
4 4 0
4 4 1
4 4 4
4 4 5
4 4 7
4 4 9
4 4 12
4 4 13
4 4 14
4 4 15
4 4 16
4 4 17
4 4 18
4 4 21
4 4 23
4 4 26
4 4 31
4 4 32
4 4 33
4 4 34
4 4 35
4 4 36
4 4 37
4 4 44
4 4 48
4 4 52
4 4 71
4 59 19
4 59 27
4 59 28
4 59 29
4 59 38
4 59 39
4 59 45
4 59 46
4 59 49
4 59 54
4 59 59
4 59 66
4 59 69
4 59 87
4 59 89
4 61 25
4 61 30
4 61 41
4 61 42
4 61 43
4 61 51
4 61 53
4 61 55
4 61 61
4 61 62
4 61 63
4 61 64
4 61 65
4 61 70
4 61 72
4 61 73
4 61 74
4 61 83
4 61 86
4 61 90
4 61 92
4 85 67
4 85 68
4 85 77
4 85 78
4 85 81
4 85 84
4 85 88
4 85 91
4 85 93
4 85 94
4 85 99
5 4 0
5 4 1
5 4 2
5 4 3
5 4 4
5 4 5
5 4 7
5 4 9
5 4 11
5 4 12
5 4 13
5 4 15
5 4 17
5 4 18
5 4 21
5 4 24
5 4 25
5 4 26
5 4 30
5 4 31
5 4 32
5 4 33
5 4 37
5 4 44
5 4 48
5 4 52
5 59 8
5 59 19
5 59 27
5 59 28
5 59 29
5 59 35
5 59 38
5 59 39
5 59 45
5 59 46
5 59 47
5 59 54
5 59 58
5 59 59
5 59 66
5 59 68
5 59 76
5 59 79
5 59 87
5 59 88
5 59 89
5 59 98
5 59 99
5 61 10
5 61 20
5 61 40
5 61 43
5 61 51
5 61 53
5 61 55
5 61 60
5 61 61
5 61 62
5 61 63
5 61 64
5 61 65
5 61 72
5 61 73
5 61 74
5 61 75
5 61 82
5 61 86
5 61 90
5 61 91
5 61 92
5 61 93
5 61 96
5 85 41
5 85 78
5 85 80
5 85 81
5 85 84
5 85 85
5 85 94
5 85 97
6 4 0
6 4 1
6 4 2
6 4 3
6 4 4
6 4 5
6 4 6
6 4 9
6 4 12
6 4 13
6 4 15
6 4 16
6 4 21
6 4 22
6 4 23
6 4 24
6 4 26
6 4 30
6 4 31
6 4 32
6 4 37
6 4 44
6 4 52
6 59 8
6 59 19
6 59 27
6 59 29
6 59 38
6 59 47
6 59 49
6 59 54
6 59 56
6 59 57
6 59 58
6 59 59
6 59 67
6 59 68
6 59 69
6 59 77
6 59 78
6 59 79
6 59 86
6 59 88
6 59 98
6 61 10
6 61 20
6 61 33
6 61 42
6 61 50
6 61 51
6 61 60
6 61 61
6 61 64
6 61 74
6 61 90
6 85 40
6 85 41
6 85 46
6 85 55
6 85 62
6 85 66
6 85 70
6 85 72
6 85 73
6 85 81
6 85 83
6 85 91
6 85 92
6 85 93
6 85 94
6 85 95
6 85 97
7 4 0
7 4 1
7 4 2
7 4 4
7 4 6
7 4 11
7 4 13
7 4 14
7 4 15
7 4 16
7 4 17
7 4 18
7 4 21
7 4 22
7 4 23
7 4 24
7 4 30
7 4 31
7 4 33
7 4 35
7 4 36
7 4 37
7 4 44
7 4 48
7 4 52
7 4 71
7 59 8
7 59 19
7 59 28
7 59 29
7 59 38
7 59 39
7 59 45
7 59 46
7 59 49
7 59 54
7 59 56
7 59 58
7 59 66
7 59 77
7 59 78
7 59 79
7 59 88
7 59 89
7 61 10
7 61 20
7 61 41
7 61 50
7 61 51
7 61 55
7 61 60
7 61 61
7 61 63
7 61 64
7 61 65
7 61 72
7 61 83
7 61 90
7 85 53
7 85 62
7 85 67
7 85 73
7 85 74
7 85 81
7 85 84
7 85 85
7 85 91
7 85 92
7 85 94
7 85 97
8 4 0
8 4 3
8 4 4
8 4 5
8 4 7
8 4 12
8 4 13
8 4 17
8 4 18
8 4 21
8 4 23
8 4 25
8 4 32
8 4 34
8 59 8
8 59 19
8 59 27
8 59 28
8 59 29
8 59 39
8 59 45
8 59 47
8 59 49
8 59 56
8 59 59
8 59 78
8 59 79
8 59 87
8 59 89
8 61 42
8 61 50
8 61 51
8 61 53
8 61 60
8 61 61
8 61 62
8 61 64
8 61 70
8 61 72
8 61 73
8 61 76
8 61 82
8 61 90
8 61 91
8 61 92
8 61 93
8 61 96
8 85 40
8 85 44
8 85 55
8 85 57
8 85 63
8 85 74
8 85 75
8 85 85
8 85 94
8 85 98
8 85 99
9 4 3
9 4 4
9 4 5
9 4 7
9 4 9
9 4 11
9 4 12
9 4 14
9 4 18
9 4 21
9 4 25
9 4 30
9 4 31
9 4 37
9 4 48
9 4 52
9 59 8
9 59 19
9 59 29
9 59 39
9 59 43
9 59 46
9 59 49
9 59 55
9 59 56
9 59 57
9 59 58
9 59 59
9 59 67
9 59 69
9 59 79
9 59 86
9 59 87
9 59 88
9 59 89
9 59 98
9 59 99
9 61 10
9 61 41
9 61 42
9 61 53
9 61 71
9 61 72
9 61 74
9 61 81
9 61 83
9 61 90
9 61 92
9 85 47
9 85 84
9 85 85
9 85 94
10 4 9
10 4 15
10 4 16
10 4 23
10 4 24
10 4 26
10 4 36
10 59 19
10 59 34
10 59 43
10 59 49
10 59 57
10 59 58
10 59 59
10 59 65
10 59 66
10 59 69
10 59 77
10 59 78
10 59 79
10 59 86
10 59 87
10 59 98
10 61 32
10 61 60
10 61 61
10 61 74
10 61 81
10 61 82
10 61 90
10 61 96
10 85 63
10 85 84
10 85 97
11 4 3
11 4 13
11 4 17
11 59 58
11 61 42
11 61 53
11 61 65
11 85 84
--- Done ---
