0 58 79
0 58 87
0 58 88
0 58 89
0 58 97
0 58 98
0 77 77
0 77 78
1 4 8
1 4 11
1 4 14
1 4 15
1 4 16
1 4 17
1 4 22
1 4 24
1 4 25
1 4 33
1 4 34
1 4 44
1 4 50
1 4 52
1 58 18
1 58 19
1 58 27
1 58 28
1 58 29
1 58 36
1 58 37
1 58 38
1 58 39
1 58 45
1 58 48
1 58 49
1 58 57
1 58 58
1 77 63
1 77 65
1 77 66
1 77 67
1 77 71
1 77 72
1 77 74
1 77 75
1 77 78
1 77 83
1 77 84
1 77 85
1 77 87
1 77 91
1 77 92
1 77 93
1 77 97
1 77 98
2 4 0
2 4 2
2 4 3
2 4 4
2 4 6
2 4 10
2 4 12
2 4 13
2 4 22
2 4 23
2 4 24
2 4 30
2 4 32
2 4 33
2 4 35
2 4 41
2 4 42
2 4 43
2 4 44
2 4 51
2 58 19
2 58 29
2 58 37
2 58 45
2 58 47
2 58 48
2 58 49
2 58 58
2 58 68
2 58 69
2 77 53
2 77 54
2 77 61
2 77 63
2 77 66
2 77 72
2 77 74
2 77 78
2 77 80
2 77 81
2 77 86
2 77 88
2 77 92
2 77 93
2 77 94
2 77 98
3 4 1
3 4 9
3 4 10
3 4 14
3 4 21
3 4 24
3 4 25
3 4 32
3 4 50
3 4 52
3 58 18
3 58 19
3 58 36
3 58 37
3 58 45
3 58 46
3 58 47
3 58 56
3 58 57
3 58 58
3 58 59
3 58 68
3 58 69
3 77 54
3 77 55
3 77 61
3 77 62
3 77 63
3 77 64
3 77 66
3 77 67
3 77 72
3 77 74
3 77 77
3 77 79
3 77 80
3 77 84
3 77 86
3 77 87
3 77 91
3 77 94
3 77 96
3 77 98
3 77 99
4 4 2
4 4 5
4 4 8
4 4 9
4 4 10
4 4 11
4 4 17
4 4 20
4 4 22
4 4 23
4 4 24
4 4 25
4 4 26
4 4 34
4 4 35
4 4 40
4 4 44
4 4 51
4 58 27
4 58 29
4 58 36
4 58 39
4 58 47
4 58 48
4 58 49
4 58 59
4 58 69
4 77 55
4 77 60
4 77 62
4 77 63
4 77 65
4 77 67
4 77 72
4 77 74
4 77 79
4 77 81
4 77 82
4 77 84
4 77 87
4 77 88
4 77 89
4 77 91
4 77 92
4 77 94
4 77 96
5 4 0
5 4 1
5 4 2
5 4 4
5 4 5
5 4 12
5 4 17
5 4 21
5 4 22
5 4 23
5 4 34
5 4 40
5 4 42
5 58 27
5 58 29
5 58 36
5 58 37
5 58 38
5 58 39
5 58 46
5 58 56
5 58 57
5 58 58
5 77 53
5 77 54
5 77 60
5 77 63
5 77 65
5 77 70
5 77 71
5 77 72
5 77 74
5 77 78
5 77 79
5 77 82
5 77 84
5 77 86
5 77 87
5 77 89
5 77 90
5 77 91
5 77 94
5 77 95
5 77 96
5 77 98
5 77 99
6 4 0
6 4 1
6 4 4
6 4 12
6 4 14
6 4 15
6 4 16
6 4 20
6 4 25
6 4 30
6 4 34
6 4 41
6 4 42
6 4 51
6 58 19
6 58 27
6 58 29
6 58 37
6 58 38
6 58 39
6 58 47
6 58 49
6 58 56
6 58 57
6 58 69
6 77 53
6 77 54
6 77 55
6 77 62
6 77 63
6 77 65
6 77 67
6 77 76
6 77 78
6 77 80
6 77 81
6 77 82
6 77 88
6 77 89
6 77 90
6 77 96
6 77 97
6 77 98
7 4 0
7 4 2
7 4 3
7 4 4
7 4 5
7 4 6
7 4 7
7 4 9
7 4 11
7 4 13
7 4 14
7 4 15
7 4 20
7 4 21
7 4 22
7 4 25
7 4 26
7 4 31
7 4 32
7 4 34
7 4 40
7 4 43
7 4 44
7 4 51
7 4 52
7 58 19
7 58 29
7 58 36
7 58 37
7 58 39
7 58 45
7 58 47
7 58 48
7 58 58
7 58 59
7 58 68
7 58 69
7 77 60
7 77 61
7 77 62
7 77 65
7 77 66
7 77 70
7 77 74
7 77 76
7 77 78
7 77 79
7 77 84
7 77 86
7 77 87
7 77 97
8 4 2
8 4 3
8 4 4
8 4 7
8 4 9
8 4 11
8 4 15
8 4 16
8 4 21
8 4 22
8 4 23
8 4 26
8 4 30
8 4 31
8 4 33
8 4 42
8 4 43
8 4 50
8 58 27
8 58 28
8 58 37
8 58 39
8 58 45
8 58 47
8 58 48
8 58 56
8 58 58
8 58 69
8 77 53
8 77 60
8 77 61
8 77 63
8 77 66
8 77 67
8 77 70
8 77 71
8 77 75
8 77 76
8 77 77
8 77 78
8 77 79
8 77 81
8 77 82
8 77 91
8 77 92
8 77 98
9 4 3
9 4 6
9 4 11
9 4 12
9 4 15
9 4 21
9 4 23
9 4 32
9 4 33
9 4 34
9 4 35
9 4 44
9 58 27
9 58 36
9 58 37
9 58 38
9 58 45
9 58 47
9 58 48
9 58 56
9 58 69
9 77 53
9 77 54
9 77 55
9 77 62
9 77 64
9 77 65
9 77 66
9 77 67
9 77 71
9 77 73
9 77 74
9 77 75
9 77 76
9 77 77
9 77 78
9 77 79
9 77 85
9 77 87
9 77 88
9 77 93
9 77 97
9 77 99
--- Done ---
