0 62 98
0 67 77
0 67 78
0 67 79
0 67 87
0 67 88
0 67 89
0 67 97
1 4 11
1 4 14
1 4 15
1 4 16
1 4 17
1 4 18
1 4 22
1 4 24
1 4 25
1 4 33
1 4 34
1 4 36
1 4 48
1 4 52
1 4 71
1 44 8
1 44 27
1 44 37
1 44 39
1 44 44
1 44 45
1 44 57
1 44 58
1 44 87
1 62 50
1 62 63
1 62 66
1 62 72
1 62 74
1 62 75
1 62 83
1 62 84
1 62 91
1 62 92
1 62 93
1 62 98
1 67 19
1 67 28
1 67 29
1 67 38
1 67 49
1 67 65
1 67 67
1 67 78
1 67 85
1 67 97
2 4 0
2 4 2
2 4 3
2 4 4
2 4 6
2 4 12
2 4 13
2 4 22
2 4 23
2 4 24
2 4 30
2 4 32
2 4 33
2 4 35
2 4 37
2 4 48
2 44 10
2 44 41
2 44 42
2 44 43
2 44 44
2 44 45
2 44 47
2 44 53
2 44 61
2 44 63
2 44 66
2 44 80
2 44 81
2 44 94
2 57 19
2 57 29
2 57 49
2 57 51
2 57 54
2 57 58
2 57 68
2 57 69
2 57 72
2 57 74
2 57 78
2 57 86
2 57 88
2 57 92
2 57 93
2 57 98
3 4 1
3 4 9
3 4 14
3 4 18
3 4 21
3 4 24
3 4 25
3 4 32
3 4 36
3 52 10
3 52 47
3 52 50
3 52 52
3 52 54
3 52 55
3 52 61
3 52 62
3 52 63
3 52 67
3 52 72
3 52 80
3 52 91
3 52 94
3 57 19
3 57 37
3 57 45
3 57 46
3 57 57
3 57 58
3 57 69
3 57 74
3 57 77
3 57 86
3 57 87
3 57 99
3 68 56
3 68 59
3 68 64
3 68 66
3 68 68
3 68 79
3 68 84
3 68 96
3 68 98
4 4 2
4 4 5
4 4 9
4 4 11
4 4 17
4 4 22
4 4 23
4 4 24
4 4 25
4 4 26
4 4 34
4 4 35
4 4 48
4 52 10
4 52 20
4 52 49
4 52 91
4 63 8
4 63 27
4 63 29
4 63 36
4 63 40
4 63 44
4 63 51
4 63 60
4 63 62
4 63 63
4 63 72
4 63 74
4 63 81
4 63 82
4 63 84
4 63 88
4 63 92
4 63 94
4 68 39
4 68 47
4 68 55
4 68 59
4 68 65
4 68 67
4 68 69
4 68 79
4 68 87
4 68 89
4 68 96
5 4 0
5 4 1
5 4 2
5 4 4
5 4 5
5 4 12
5 4 17
5 4 21
5 4 22
5 4 23
5 4 34
5 4 36
5 4 37
5 4 71
5 63 27
5 63 29
5 63 40
5 63 42
5 63 53
5 63 54
5 63 56
5 63 57
5 63 60
5 63 63
5 63 65
5 63 70
5 63 72
5 63 74
5 63 82
5 63 84
5 63 90
5 63 91
5 63 94
5 63 95
5 63 98
5 68 38
5 68 39
5 68 46
5 68 58
5 68 78
5 68 79
5 68 86
5 68 87
5 68 89
5 68 96
5 68 99
6 4 0
6 4 1
6 4 4
6 4 12
6 4 14
6 4 15
6 4 16
6 4 25
6 4 30
6 4 34
6 4 37
6 27 19
6 27 20
6 27 27
6 27 29
6 27 38
6 27 39
6 27 41
6 27 57
6 27 63
6 64 42
6 64 47
6 64 49
6 64 51
6 64 53
6 64 55
6 64 62
6 64 65
6 64 69
6 64 76
6 64 80
6 64 81
6 64 82
6 64 90
6 64 96
6 64 97
6 68 54
6 68 56
6 68 67
6 68 78
6 68 88
6 68 89
6 68 98
7 4 0
7 4 2
7 4 3
7 4 4
7 4 5
7 4 6
7 4 7
7 4 9
7 4 11
7 4 13
7 4 14
7 4 15
7 4 21
7 4 22
7 4 25
7 4 26
7 4 31
7 4 32
7 4 34
7 4 36
7 4 37
7 4 44
7 4 48
7 4 52
7 27 19
7 27 20
7 27 29
7 27 39
7 27 43
7 27 47
7 27 58
7 27 68
7 27 79
7 27 87
7 64 40
7 64 45
7 64 51
7 64 59
7 64 60
7 64 61
7 64 62
7 64 65
7 64 66
7 64 69
7 64 70
7 64 74
7 64 76
7 64 78
7 64 84
7 64 86
7 64 97
8 4 2
8 4 3
8 4 4
8 4 7
8 4 9
8 4 11
8 4 15
8 4 16
8 4 21
8 4 22
8 4 23
8 4 26
8 4 30
8 4 33
8 4 37
8 4 48
8 4 71
8 63 27
8 63 31
8 63 42
8 63 43
8 63 50
8 63 53
8 63 56
8 63 60
8 63 61
8 63 63
8 63 66
8 63 67
8 63 70
8 63 81
8 63 82
8 63 91
8 63 92
8 63 98
8 68 28
8 68 39
8 68 45
8 68 47
8 68 58
8 68 69
8 68 75
8 68 76
8 68 77
8 68 78
8 68 79
9 4 3
9 4 6
9 4 11
9 4 12
9 4 15
9 4 21
9 4 23
9 4 33
9 4 34
9 4 35
9 4 36
9 4 37
9 4 44
9 4 48
9 4 71
9 63 27
9 63 32
9 63 45
9 63 53
9 63 56
9 63 62
9 63 64
9 63 66
9 63 67
9 63 73
9 63 74
9 63 75
9 63 93
9 68 38
9 68 47
9 68 54
9 68 55
9 68 65
9 68 69
9 68 76
9 68 77
9 68 78
9 68 79
9 68 85
9 68 87
9 68 88
9 68 97
9 68 99
--- Done ---
