0 7 -1
0 75 78
0 75 87
0 99 79
0 99 88
0 99 89
0 99 98
1 7 5
1 7 6
1 7 8
1 7 18
1 7 26
1 7 27
1 7 35
1 7 24
1 21 2
1 21 13
1 21 20
1 21 31
1 21 30
1 21 40
1 21 42
1 36 25
1 36 39
1 36 44
1 51 50
1 75 67
1 75 74
1 75 76
1 75 78
1 75 85
1 75 87
1 75 94
1 75 62
1 75 72
1 80 90
1 99 79
1 99 88
1 99 89
1 99 97
1 99 99
2 7 3
2 7 9
2 7 7
2 7 35
2 7 24
2 17 19
2 17 29
2 17 5
2 17 6
2 17 8
2 17 15
2 17 18
2 17 28
2 17 49
2 17 59
2 17 16
2 17 17
2 21 11
2 21 13
2 21 20
2 21 30
2 21 40
2 21 42
2 21 54
2 21 32
2 36 36
2 36 45
2 51 43
2 51 51
2 57 48
2 57 68
2 57 47
2 57 78
2 57 85
2 57 87
2 57 65
2 75 76
2 75 83
2 80 70
2 80 90
2 80 60
2 80 81
2 80 92
2 80 71
2 82 93
2 99 79
2 99 88
2 99 89
2 99 98
2 99 99
3 7 9
3 7 5
3 7 6
3 7 7
3 7 8
3 7 28
3 7 16
3 7 24
3 7 26
3 7 27
3 12 4
3 12 1
3 12 2
3 12 3
3 12 13
3 12 20
3 12 22
3 17 19
3 17 17
3 21 31
3 36 36
3 36 44
3 36 15
3 36 45
3 51 43
3 51 50
3 51 52
3 51 54
3 51 60
3 51 64
3 51 71
3 57 55
3 57 57
3 57 69
3 57 38
3 57 47
3 57 56
3 57 59
3 57 66
3 57 67
3 57 78
3 57 86
3 57 25
3 57 37
3 57 46
3 75 63
3 75 73
3 75 75
3 75 83
3 75 87
3 75 94
3 75 32
3 75 62
3 80 70
3 80 90
3 80 81
3 80 91
3 80 80
3 82 82
3 99 77
3 99 79
3 99 88
3 99 89
3 99 96
3 99 97
3 99 98
3 99 99
4 7 9
4 7 7
4 12 4
4 12 0
4 12 1
4 12 12
4 12 13
4 12 14
4 17 19
4 17 29
4 17 5
4 17 18
4 17 28
4 17 38
4 17 49
4 17 59
4 17 17
4 21 31
4 21 33
4 21 21
4 36 36
4 36 39
4 36 44
4 36 15
4 36 34
4 36 35
4 36 45
4 36 16
4 36 23
4 36 25
4 36 26
4 36 37
4 36 46
4 36 65
4 36 27
4 51 41
4 51 43
4 51 52
4 51 42
4 51 51
4 51 53
4 51 54
4 51 61
4 51 64
4 51 30
4 51 32
4 51 62
4 51 71
4 57 48
4 57 55
4 57 68
4 57 69
4 57 66
4 57 67
4 75 63
4 75 74
4 75 84
4 75 73
4 75 83
4 75 86
4 75 87
4 80 70
4 80 90
4 80 81
4 80 91
4 80 92
4 80 72
4 82 93
4 95 78
4 95 94
4 99 88
4 99 89
4 99 99
4 99 77
5 7 9
5 7 7
5 12 4
5 12 3
5 12 12
5 17 19
5 17 29
5 17 5
5 17 8
5 17 15
5 17 18
5 17 28
5 17 38
5 17 59
5 17 17
5 17 25
5 17 26
5 17 27
5 21 10
5 21 31
5 21 33
5 21 0
5 21 1
5 21 2
5 21 11
5 21 13
5 21 20
5 21 21
5 21 40
5 21 54
5 36 39
5 36 44
5 36 35
5 36 45
5 36 47
5 36 37
5 36 65
5 51 41
5 51 43
5 51 52
5 51 51
5 51 53
5 51 60
5 51 61
5 51 64
5 51 24
5 51 30
5 51 32
5 51 46
5 51 62
5 57 48
5 57 55
5 57 68
5 57 58
5 57 66
5 57 85
5 57 86
5 57 87
5 75 63
5 75 74
5 75 76
5 75 84
5 75 72
5 75 73
5 75 75
5 75 78
5 80 90
5 80 81
5 80 91
5 80 92
5 80 80
5 82 82
5 82 93
5 82 94
5 95 -1
5 99 79
5 99 88
5 99 89
5 99 97
5 99 98
5 99 99
5 99 96
6 7 9
6 7 3
6 7 5
6 7 6
6 7 8
6 7 16
6 7 24
6 7 26
6 12 4
6 12 12
6 17 19
6 17 29
6 17 15
6 17 38
6 17 49
6 21 10
6 21 31
6 21 33
6 21 0
6 21 1
6 21 2
6 21 13
6 21 20
6 21 21
6 21 22
6 21 40
6 21 42
6 21 54
6 21 23
6 21 30
6 36 44
6 51 41
6 51 50
6 51 52
6 51 51
6 51 60
6 51 61
6 51 64
6 51 32
6 51 62
6 57 55
6 57 57
6 57 68
6 57 69
6 57 47
6 57 56
6 57 58
6 57 59
6 57 66
6 57 67
6 57 37
6 57 46
6 57 78
6 57 86
6 57 27
6 75 74
6 80 70
6 80 90
6 80 81
6 80 91
6 80 92
6 80 72
6 82 93
6 82 73
6 82 83
6 82 94
6 95 95
6 99 79
6 99 88
6 99 97
6 99 98
6 99 77
7 7 -1
7 12 4
7 17 19
7 17 29
7 17 6
7 17 8
7 17 14
7 17 18
7 17 28
7 17 38
7 17 49
7 17 16
7 17 17
7 21 10
7 21 31
7 21 33
7 21 0
7 21 1
7 21 2
7 21 11
7 21 13
7 21 20
7 21 21
7 21 22
7 21 54
7 21 23
7 21 30
7 36 36
7 36 39
7 36 44
7 36 15
7 36 35
7 36 45
7 36 37
7 36 65
7 51 41
7 51 50
7 51 52
7 51 51
7 51 53
7 51 60
7 51 61
7 51 64
7 51 24
7 51 46
7 51 62
7 51 71
7 57 48
7 57 55
7 57 56
7 57 58
7 57 66
7 57 67
7 75 63
7 75 74
7 75 84
7 75 72
7 75 73
7 75 78
7 75 83
7 75 85
7 75 94
7 80 90
7 80 81
7 80 91
7 80 92
7 82 -1
7 95 -1
7 99 79
7 99 88
7 99 89
7 99 97
7 99 77
8 7 7
8 12 4
8 12 0
8 12 3
8 12 12
8 12 13
8 12 23
8 17 19
8 17 29
8 17 5
8 17 8
8 17 18
8 17 28
8 17 34
8 17 49
8 17 59
8 17 17
8 17 25
8 17 27
8 21 21
8 21 40
8 21 42
8 36 39
8 36 44
8 36 45
8 36 47
8 51 50
8 51 51
8 51 53
8 51 60
8 51 61
8 51 64
8 51 32
8 51 62
8 57 55
8 57 57
8 57 56
8 75 63
8 75 74
8 75 76
8 75 73
8 75 75
8 75 78
8 75 85
8 75 87
8 75 94
8 80 70
8 80 90
8 80 91
8 80 92
8 80 72
8 82 82
8 82 93
8 95 -1
8 99 79
8 99 89
8 99 98
8 99 99
8 99 96
9 7 9
9 7 7
9 12 4
9 12 3
9 12 11
9 12 12
9 12 14
9 17 19
9 17 29
9 17 5
9 17 8
9 17 18
9 17 49
9 21 10
9 21 31
9 21 21
9 36 39
9 51 41
9 51 43
9 51 52
9 51 42
9 51 53
9 51 30
9 51 46
9 51 71
9 57 48
9 57 55
9 57 57
9 57 69
9 57 47
9 57 56
9 57 58
9 57 59
9 57 67
9 57 25
9 57 37
9 57 85
9 57 86
9 57 87
9 75 74
9 75 84
9 75 83
9 75 94
9 80 90
9 80 81
9 80 92
9 80 72
9 82 -1
9 95 -1
9 99 79
9 99 88
9 99 89
9 99 98
9 99 99
10 7 9
10 12 -1
10 17 19
10 21 -1
10 36 36
10 36 15
10 36 34
10 36 16
10 36 23
10 36 24
10 36 26
10 51 43
10 51 60
10 51 61
10 51 32
10 57 57
10 57 69
10 57 49
10 57 58
10 57 59
10 57 66
10 57 65
10 57 78
10 57 86
10 57 87
10 75 63
10 75 74
10 75 84
10 80 90
10 80 81
10 82 82
10 95 -1
10 99 79
10 99 97
10 99 98
10 99 77
10 99 96
11 7 3
11 12 13
11 17 17
11 21 42
11 36 -1
11 51 53
11 57 58
11 57 65
11 75 84
11 80 -1
11 82 -1
11 95 -1
11 99 -1
--- Done ---
