0 7 78
0 7 79
0 7 87
0 7 88
0 7 89
0 7 98
0 53 -1
0 77 -1
1 7 2
1 7 5
1 7 6
1 7 8
1 7 18
1 7 24
1 7 25
1 7 26
1 7 27
1 7 39
1 53 13
1 53 20
1 53 30
1 53 31
1 53 35
1 53 40
1 53 42
1 53 44
1 53 50
1 53 62
1 53 72
1 53 74
1 53 90
1 53 94
1 64 -1
1 77 67
1 77 76
1 77 78
1 77 79
1 77 85
1 77 87
1 77 88
1 77 89
1 77 97
1 77 99
2 7 3
2 7 5
2 7 6
2 7 7
2 7 8
2 7 9
2 7 15
2 7 16
2 7 17
2 7 18
2 7 19
2 7 24
2 7 28
2 7 29
2 7 48
2 7 49
2 53 11
2 53 13
2 53 20
2 53 30
2 53 32
2 53 35
2 53 36
2 53 40
2 53 42
2 53 43
2 53 54
2 53 60
2 53 70
2 53 71
2 64 45
2 64 51
2 64 59
2 64 65
2 64 81
2 64 83
2 64 90
2 64 92
2 64 93
2 77 47
2 77 68
2 77 76
2 77 78
2 77 79
2 77 85
2 77 87
2 77 88
2 77 89
2 77 98
2 77 99
3 7 1
3 7 2
3 7 3
3 7 4
3 7 5
3 7 6
3 7 7
3 7 8
3 7 9
3 7 15
3 7 16
3 7 17
3 7 19
3 7 24
3 7 25
3 7 26
3 7 27
3 7 28
3 7 37
3 13 -1
3 36 -1
3 53 13
3 53 20
3 53 31
3 53 32
3 53 36
3 53 43
3 53 44
3 53 50
3 53 52
3 53 54
3 53 60
3 53 62
3 53 70
3 53 71
3 53 75
3 53 82
3 53 91
3 53 94
3 64 22
3 64 45
3 64 46
3 64 55
3 64 59
3 64 63
3 64 64
3 64 73
3 64 80
3 64 81
3 64 83
3 64 90
3 67 -1
3 77 38
3 77 47
3 77 56
3 77 57
3 77 66
3 77 67
3 77 69
3 77 77
3 77 78
3 77 79
3 77 86
3 77 87
3 77 88
3 77 89
3 77 96
3 77 97
3 77 98
3 77 99
4 7 7
4 7 9
4 7 16
4 7 17
4 7 18
4 7 28
4 7 29
4 7 48
4 8 -1
4 11 -1
4 13 0
4 13 1
4 13 4
4 13 5
4 13 12
4 13 13
4 13 14
4 13 15
4 13 21
4 13 23
4 13 33
4 13 41
4 15 -1
4 17 -1
4 20 -1
4 25 -1
4 35 -1
4 36 19
4 36 25
4 36 26
4 36 27
4 36 30
4 36 34
4 36 36
4 36 37
4 36 38
4 36 39
4 36 44
4 36 46
4 41 -1
4 49 -1
4 53 31
4 53 32
4 53 35
4 53 42
4 53 43
4 53 52
4 53 53
4 53 54
4 53 62
4 53 70
4 53 71
4 53 72
4 53 91
4 53 94
4 54 -1
4 59 -1
4 64 45
4 64 51
4 64 55
4 64 59
4 64 61
4 64 63
4 64 64
4 64 65
4 64 73
4 64 74
4 64 81
4 64 83
4 64 84
4 64 90
4 64 92
4 64 93
4 67 49
4 67 66
4 67 67
4 67 68
4 67 69
4 67 89
4 68 -1
4 69 -1
4 70 -1
4 75 -1
4 77 77
4 77 78
4 77 86
4 77 87
4 77 88
4 77 99
4 80 -1
4 84 -1
4 85 -1
4 92 -1
4 96 -1
5 7 7
5 7 9
5 8 8
5 8 18
5 8 19
5 11 0
5 11 1
5 11 2
5 11 11
5 11 21
5 13 3
5 13 12
5 13 13
5 13 33
5 15 4
5 15 5
5 15 15
5 17 17
5 17 27
5 17 28
5 17 29
5 20 10
5 20 20
5 25 24
5 25 25
5 25 26
5 35 35
5 35 45
5 36 37
5 36 46
5 41 30
5 41 31
5 41 32
5 41 40
5 41 41
5 41 51
5 41 52
5 49 38
5 49 39
5 49 47
5 49 48
5 49 89
5 53 43
5 53 53
5 53 62
5 54 44
5 54 54
5 54 55
5 59 59
5 59 79
5 59 98
5 64 61
5 64 63
5 64 64
5 64 73
5 67 66
5 68 58
5 68 68
5 68 78
5 69 -1
5 70 60
5 75 65
5 75 75
5 77 76
5 77 87
5 77 88
5 77 99
5 80 72
5 80 80
5 80 81
5 80 90
5 84 74
5 84 84
5 85 85
5 85 86
5 85 94
5 92 82
5 92 91
5 92 92
5 92 93
5 96 96
5 96 97
6 7 6
6 7 9
6 8 8
6 8 19
6 11 0
6 11 1
6 11 2
6 11 21
6 11 22
6 13 3
6 13 12
6 13 13
6 13 23
6 13 33
6 15 4
6 15 5
6 15 15
6 17 16
6 17 27
6 17 29
6 20 10
6 20 20
6 25 24
6 25 26
6 35 -1
6 36 37
6 36 46
6 41 30
6 41 31
6 41 32
6 41 40
6 41 41
6 41 50
6 41 51
6 41 52
6 49 38
6 49 47
6 49 49
6 53 42
6 53 62
6 54 44
6 54 54
6 54 55
6 59 59
6 59 79
6 59 98
6 64 61
6 64 64
6 64 73
6 67 57
6 67 66
6 67 67
6 68 58
6 68 68
6 68 78
6 69 69
6 70 60
6 70 70
6 75 -1
6 77 56
6 77 77
6 77 88
6 80 72
6 80 81
6 80 90
6 84 74
6 84 83
6 85 86
6 85 94
6 85 95
6 92 91
6 92 92
6 92 93
6 96 97
7 7 6
7 8 8
7 8 18
7 8 19
7 11 0
7 11 1
7 11 2
7 11 11
7 11 21
7 11 22
7 13 13
7 13 14
7 13 23
7 13 33
7 15 4
7 15 15
7 17 16
7 17 17
7 17 28
7 17 29
7 20 10
7 20 20
7 25 24
7 35 35
7 35 45
7 36 36
7 36 37
7 36 46
7 41 30
7 41 31
7 41 41
7 41 50
7 41 51
7 41 52
7 49 38
7 49 39
7 49 48
7 49 49
7 49 89
7 53 53
7 53 62
7 54 44
7 54 54
7 54 55
7 59 79
7 64 61
7 64 63
7 64 64
7 64 73
7 67 66
7 67 67
7 68 58
7 68 78
7 69 -1
7 70 60
7 70 71
7 75 65
7 77 56
7 77 77
7 77 88
7 80 72
7 80 81
7 80 90
7 84 74
7 84 83
7 84 84
7 85 85
7 85 94
7 92 91
7 92 92
7 96 97
8 7 7
8 8 8
8 8 18
8 8 19
8 11 0
8 11 21
8 13 3
8 13 12
8 13 13
8 13 23
8 15 4
8 15 5
8 17 17
8 17 27
8 17 28
8 17 29
8 20 -1
8 25 25
8 35 34
8 35 45
8 36 -1
8 41 32
8 41 40
8 41 50
8 41 51
8 49 39
8 49 47
8 49 49
8 49 89
8 53 42
8 53 53
8 53 62
8 54 44
8 54 55
8 59 59
8 59 79
8 59 98
8 64 61
8 64 63
8 64 64
8 64 73
8 67 57
8 68 78
8 69 -1
8 70 60
8 70 70
8 75 75
8 77 56
8 77 76
8 77 87
8 77 99
8 80 72
8 80 90
8 84 74
8 85 85
8 85 94
8 92 82
8 92 91
8 92 92
8 92 93
8 96 96
9 7 7
9 7 9
9 8 8
9 8 18
9 8 19
9 11 11
9 11 21
9 13 3
9 13 12
9 13 14
9 15 4
9 15 5
9 17 29
9 20 10
9 25 25
9 35 -1
9 36 37
9 36 46
9 41 30
9 41 31
9 41 41
9 41 52
9 49 39
9 49 47
9 49 48
9 49 49
9 49 89
9 53 42
9 53 43
9 53 53
9 54 55
9 59 59
9 59 79
9 59 98
9 64 -1
9 67 57
9 67 67
9 68 58
9 69 69
9 70 71
9 75 -1
9 77 56
9 77 87
9 77 88
9 77 99
9 80 72
9 80 81
9 80 90
9 84 74
9 84 83
9 84 84
9 85 85
9 85 86
9 85 94
9 92 92
9 96 -1
10 7 9
10 8 19
10 11 -1
10 13 23
10 15 15
10 17 16
10 20 -1
10 25 24
10 25 26
10 35 34
10 36 36
10 41 32
10 49 49
10 53 43
10 54 -1
10 59 59
10 59 79
10 59 98
10 64 61
10 64 63
10 67 57
10 67 66
10 68 58
10 68 78
10 69 69
10 70 60
10 75 65
10 77 77
10 77 87
10 80 81
10 80 90
10 84 74
10 84 84
10 85 86
10 92 82
10 96 96
10 96 97
11 7 -1
11 8 -1
11 11 -1
11 13 3
11 13 13
11 15 -1
11 17 17
11 20 -1
11 25 -1
11 35 -1
11 36 -1
11 41 -1
11 49 -1
11 53 42
11 53 53
11 54 -1
11 59 -1
11 64 -1
11 67 -1
11 68 58
11 69 -1
11 70 -1
11 75 65
11 77 -1
11 80 -1
11 84 84
11 85 -1
11 92 -1
11 96 -1
--- Done ---
