0 4 -1
0 67 78
0 67 88
0 67 89
0 67 98
0 97 79
0 97 87
1 4 2
1 4 5
1 4 6
1 4 8
1 4 13
1 4 18
1 4 20
1 4 24
1 4 25
1 4 27
1 4 30
1 4 31
1 4 35
1 4 40
1 4 42
1 4 44
1 4 90
1 67 26
1 67 50
1 67 62
1 67 67
1 67 72
1 67 76
1 67 78
1 67 79
1 67 85
1 97 39
1 97 74
1 97 87
1 97 88
1 97 89
1 97 94
1 97 97
1 97 99
2 4 3
2 4 5
2 4 6
2 4 7
2 4 8
2 4 9
2 4 11
2 4 13
2 4 15
2 4 16
2 4 17
2 4 18
2 4 20
2 4 24
2 4 30
2 4 32
2 4 35
2 4 40
2 4 42
2 4 51
2 4 71
2 4 90
2 67 19
2 67 28
2 67 29
2 67 36
2 67 43
2 67 45
2 67 47
2 67 48
2 67 49
2 67 54
2 67 59
2 67 60
2 67 65
2 67 68
2 67 70
2 67 76
2 67 78
2 67 79
2 67 83
2 67 85
2 97 81
2 97 87
2 97 88
2 97 89
2 97 92
2 97 93
2 97 98
2 97 99
3 4 1
3 4 2
3 4 3
3 4 4
3 4 5
3 4 6
3 4 7
3 4 8
3 4 9
3 4 13
3 4 15
3 4 16
3 4 17
3 4 20
3 4 22
3 4 24
3 4 25
3 4 27
3 4 31
3 4 32
3 4 37
3 4 44
3 4 52
3 4 71
3 4 73
3 4 90
3 67 19
3 67 26
3 67 28
3 67 36
3 67 38
3 67 43
3 67 45
3 67 46
3 67 47
3 67 50
3 67 54
3 67 55
3 67 56
3 67 57
3 67 59
3 67 60
3 67 62
3 67 63
3 67 64
3 67 66
3 67 67
3 67 69
3 67 70
3 67 75
3 67 77
3 67 78
3 67 80
3 97 79
3 97 81
3 97 82
3 97 83
3 97 86
3 97 87
3 97 88
3 97 89
3 97 91
3 97 94
3 97 96
3 97 97
3 97 98
3 97 99
4 4 0
4 4 1
4 4 4
4 4 5
4 4 7
4 4 9
4 4 12
4 4 13
4 4 14
4 4 15
4 4 16
4 4 17
4 4 18
4 4 21
4 4 23
4 4 25
4 4 27
4 4 30
4 4 31
4 4 32
4 4 33
4 4 34
4 4 35
4 4 37
4 4 41
4 4 42
4 4 44
4 4 51
4 4 52
4 4 71
4 4 73
4 4 90
4 67 19
4 67 26
4 67 28
4 67 29
4 67 36
4 67 38
4 67 43
4 67 45
4 67 46
4 67 48
4 67 49
4 67 53
4 67 54
4 67 55
4 67 59
4 67 62
4 67 63
4 67 64
4 67 65
4 67 66
4 67 67
4 67 68
4 67 69
4 67 70
4 67 72
4 67 77
4 67 83
4 67 91
4 67 93
4 67 99
4 97 39
4 97 61
4 97 74
4 97 78
4 97 81
4 97 84
4 97 86
4 97 87
4 97 88
4 97 89
4 97 92
4 97 94
5 4 0
5 4 1
5 4 2
5 4 3
5 4 4
5 4 5
5 4 7
5 4 8
5 4 9
5 4 10
5 4 11
5 4 12
5 4 13
5 4 15
5 4 17
5 4 18
5 4 20
5 4 21
5 4 24
5 4 25
5 4 27
5 4 30
5 4 31
5 4 32
5 4 33
5 4 35
5 4 37
5 4 40
5 4 41
5 4 44
5 4 51
5 4 52
5 4 73
5 4 90
5 67 19
5 67 26
5 67 28
5 67 29
5 67 38
5 67 43
5 67 45
5 67 46
5 67 47
5 67 48
5 67 53
5 67 54
5 67 55
5 67 58
5 67 59
5 67 60
5 67 62
5 67 63
5 67 64
5 67 65
5 67 66
5 67 68
5 67 72
5 97 39
5 97 61
5 97 74
5 97 75
5 97 76
5 97 78
5 97 79
5 97 80
5 97 81
5 97 82
5 97 84
5 97 85
5 97 86
5 97 87
5 97 88
5 97 89
5 97 91
5 97 92
6 4 0
6 4 1
6 4 2
6 4 3
6 4 4
6 4 5
6 4 6
6 4 8
6 4 9
6 4 10
6 4 12
6 4 13
6 4 15
6 4 16
6 4 20
6 4 21
6 4 22
6 4 23
6 4 24
6 4 27
6 4 30
6 4 31
6 4 32
6 4 37
6 4 40
6 67 19
6 67 26
6 67 29
6 67 33
6 67 38
6 67 41
6 67 44
6 67 46
6 67 47
6 67 49
6 67 50
6 67 51
6 67 54
6 67 55
6 67 56
6 67 57
6 67 58
6 67 59
6 67 60
6 67 62
6 67 64
6 67 66
6 67 67
6 67 68
6 67 69
6 67 70
6 67 72
6 67 77
6 97 42
6 97 52
6 97 61
6 97 73
6 97 74
6 97 78
6 97 79
6 97 81
6 97 83
6 97 86
6 97 88
6 97 90
6 97 91
6 97 92
6 97 93
6 97 94
6 97 95
6 97 97
6 97 98
7 4 0
7 4 1
7 4 2
7 4 4
7 4 6
7 4 8
7 4 10
7 4 11
7 4 13
7 4 14
7 4 15
7 4 16
7 4 17
7 4 18
7 4 20
7 4 21
7 4 22
7 4 23
7 4 24
7 4 30
7 4 31
7 4 33
7 4 35
7 4 37
7 4 41
7 4 44
7 4 51
7 4 52
7 4 71
7 4 73
7 4 90
7 67 19
7 67 28
7 67 29
7 67 36
7 67 38
7 67 45
7 67 46
7 67 48
7 67 49
7 67 50
7 67 53
7 67 54
7 67 55
7 67 56
7 67 58
7 67 60
7 67 62
7 67 63
7 67 64
7 67 65
7 67 66
7 67 67
7 67 72
7 67 77
7 67 78
7 67 79
7 67 83
7 67 85
7 67 91
7 97 39
7 97 61
7 97 74
7 97 81
7 97 84
7 97 88
7 97 89
7 97 92
7 97 94
7 97 97
8 4 0
8 4 3
8 4 4
8 4 5
8 4 7
8 4 8
8 4 12
8 4 13
8 4 17
8 4 18
8 4 21
8 4 23
8 4 25
8 4 27
8 4 32
8 4 34
8 4 40
8 4 42
8 4 44
8 4 51
8 4 73
8 4 90
8 67 19
8 67 28
8 67 29
8 67 45
8 67 47
8 67 49
8 67 50
8 67 53
8 67 55
8 67 56
8 67 57
8 67 59
8 67 60
8 67 62
8 67 63
8 67 64
8 67 70
8 67 72
8 67 75
8 67 76
8 67 78
8 67 79
8 67 85
8 67 91
8 97 39
8 97 61
8 97 74
8 97 82
8 97 87
8 97 89
8 97 92
8 97 93
8 97 94
8 97 96
8 97 98
8 97 99
9 4 3
9 4 4
9 4 5
9 4 7
9 4 8
9 4 9
9 4 10
9 4 11
9 4 12
9 4 14
9 4 18
9 4 21
9 4 25
9 4 30
9 4 31
9 4 37
9 4 41
9 4 42
9 4 52
9 4 71
9 4 90
9 67 19
9 67 29
9 67 43
9 67 46
9 67 47
9 67 48
9 67 49
9 67 53
9 67 55
9 67 56
9 67 57
9 67 58
9 67 59
9 67 67
9 67 69
9 67 72
9 67 79
9 67 83
9 67 85
9 97 39
9 97 74
9 97 81
9 97 84
9 97 86
9 97 87
9 97 88
9 97 89
9 97 92
9 97 94
9 97 98
9 97 99
10 4 9
10 4 15
10 4 16
10 4 23
10 4 24
10 4 32
10 4 34
10 4 90
10 67 19
10 67 26
10 67 36
10 67 43
10 67 49
10 67 57
10 67 58
10 67 59
10 67 60
10 67 63
10 67 65
10 67 66
10 67 69
10 67 77
10 67 78
10 67 79
10 97 61
10 97 74
10 97 81
10 97 82
10 97 84
10 97 86
10 97 87
10 97 96
10 97 97
10 97 98
11 4 3
11 4 13
11 4 17
11 4 42
11 67 53
11 67 58
11 67 65
11 97 84
--- Done ---
