0 54 62
0 54 63
1 54 0
1 54 2
1 54 3
1 54 5
1 54 6
1 54 13
1 54 14
1 54 15
1 54 17
1 54 18
1 54 25
1 54 28
1 54 42
1 54 51
1 54 52
1 54 54
1 54 57
1 54 58
1 54 61
1 54 63
1 54 68
1 54 69
1 54 72
1 54 74
1 54 76
1 54 83
1 54 84
2 54 0
2 54 2
2 54 3
2 54 10
2 54 11
2 54 12
2 54 13
2 54 14
2 54 15
2 54 16
2 54 24
2 54 26
2 54 27
2 54 28
2 54 30
2 54 31
2 54 33
2 54 34
2 54 35
2 54 36
2 54 40
2 54 42
2 54 45
2 54 48
2 54 49
2 54 50
2 54 51
2 54 54
3 54 0
3 54 1
3 54 2
3 54 3
3 54 6
3 54 7
3 54 8
3 54 9
3 54 10
3 54 11
3 54 16
3 54 18
3 54 19
3 54 20
3 54 21
3 54 24
3 54 31
3 54 33
3 54 34
3 54 36
3 54 37
3 54 38
3 54 40
3 54 41
3 54 43
3 54 44
4 54 0
4 54 1
4 54 4
4 54 6
4 54 7
4 54 8
4 54 9
4 54 11
4 54 12
4 54 13
4 54 15
4 54 16
4 54 18
4 54 19
4 54 22
4 54 25
4 54 27
4 54 28
4 54 29
4 54 30
4 54 31
4 54 33
4 54 35
5 54 0
5 54 1
5 54 2
5 54 3
5 54 4
5 54 5
5 54 6
5 54 7
5 54 8
5 54 9
5 54 10
5 54 11
5 54 14
5 54 15
5 54 16
5 54 18
5 54 19
5 54 20
5 54 22
5 54 23
5 54 24
6 54 0
6 54 2
6 54 4
6 54 5
6 54 6
6 54 7
6 54 8
6 54 9
6 54 10
6 54 12
6 54 13
6 54 15
6 54 16
6 54 17
6 54 18
6 54 19
6 54 20
6 54 21
6 54 22
6 54 25
7 54 0
7 54 1
7 54 2
7 54 3
7 54 4
7 54 5
7 54 6
7 54 7
7 54 8
7 54 10
7 54 11
7 54 13
7 54 15
7 54 16
7 54 17
7 54 18
7 54 19
7 54 20
7 54 22
7 54 23
7 54 24
7 54 25
7 54 28
7 54 34
8 54 1
8 54 6
8 54 7
8 54 8
8 54 10
8 54 13
8 54 15
8 54 16
8 54 18
8 54 19
8 54 20
8 54 22
8 54 23
8 54 24
8 54 26
8 54 28
8 54 29
8 54 30
8 54 31
8 54 32
8 54 33
8 54 35
8 54 36
8 54 39
9 54 0
9 54 1
9 54 4
9 54 6
9 54 7
9 54 9
9 54 13
9 54 14
9 54 15
9 54 20
9 54 22
9 54 27
9 54 28
9 54 31
9 54 34
9 54 39
9 54 40
9 54 41
9 54 42
9 54 48
9 54 54
9 54 57
9 54 58
9 54 59
9 54 61
9 54 63
9 54 64
9 54 65
10 54 0
10 54 1
10 54 3
10 54 4
10 54 12
10 54 15
10 54 25
10 54 28
10 54 34
10 54 37
10 54 38
10 54 47
10 54 49
10 54 50
10 54 57
10 54 62
10 54 63
10 54 65
10 54 67
10 54 68
10 54 71
10 54 80
10 54 81
10 54 82
10 54 86
10 54 90
10 54 96
10 54 97
10 54 98
10 54 99
11 54 5
11 54 28
11 54 30
11 54 36
11 54 47
11 54 56
11 54 71
11 54 75
11 54 81
11 54 95
--- Done ---
