0 54 62
0 54 63
1 40 0
1 40 2
1 40 62
1 40 72
1 40 95
1 40 63
1 47 3
1 47 5
1 47 6
1 47 17
1 47 18
1 47 69
1 47 98
1 54 13
1 54 14
1 54 15
1 54 74
1 54 76
1 54 84
1 54 25
1 54 28
1 54 42
1 54 51
1 54 52
1 54 54
1 54 57
1 54 58
1 54 61
1 54 68
1 54 83
1 54 86
2 40 0
2 40 2
2 40 12
2 40 92
2 40 40
2 40 62
2 40 81
2 40 35
2 40 36
2 40 63
2 40 64
2 40 66
2 47 3
2 47 48
2 47 59
2 47 69
2 47 98
2 47 99
2 47 24
2 47 26
2 47 27
2 47 28
2 47 30
2 47 34
2 47 45
2 47 49
2 54 13
2 54 14
2 54 15
2 54 16
2 54 82
2 54 84
2 54 10
2 54 11
2 54 31
2 54 33
2 54 42
2 54 50
2 54 51
2 54 52
2 54 53
2 54 54
2 54 57
2 54 60
2 54 61
2 54 71
2 54 72
2 54 77
2 54 78
2 54 79
2 54 86
2 54 87
2 54 93
3 3 1
3 3 3
3 3 8
3 40 90
3 40 92
3 40 2
3 40 20
3 40 21
3 40 40
3 40 50
3 40 51
3 40 61
3 40 72
3 40 95
3 40 0
3 40 10
3 40 11
3 40 52
3 40 60
3 40 31
3 40 33
3 40 41
3 45 97
3 45 45
3 47 9
3 47 38
3 47 59
3 47 69
3 47 94
3 47 99
3 47 18
3 47 19
3 47 47
3 47 67
3 47 83
3 47 86
3 47 87
3 47 6
3 47 37
3 47 56
3 47 79
3 47 7
3 47 34
3 47 36
3 47 63
3 47 66
3 47 73
3 47 43
3 47 44
3 47 46
3 47 54
3 54 84
3 54 91
3 54 74
3 54 75
3 54 76
3 54 16
3 54 62
3 54 65
3 54 68
3 54 77
3 54 78
3 54 24
4 3 1
4 3 4
4 3 8
4 40 70
4 40 80
4 40 90
4 40 40
4 40 51
4 40 61
4 40 72
4 40 93
4 40 95
4 40 0
4 40 11
4 40 12
4 40 52
4 40 22
4 40 36
4 40 63
4 40 64
4 45 97
4 45 78
4 45 79
4 45 7
4 45 25
4 45 34
4 45 44
4 45 45
4 45 46
4 45 54
4 45 66
4 45 71
4 45 73
4 45 31
4 45 33
4 45 35
4 45 41
4 45 53
4 47 9
4 47 59
4 47 94
4 47 98
4 47 99
4 47 18
4 47 19
4 47 29
4 47 30
4 47 39
4 47 47
4 47 67
4 47 81
4 47 83
4 47 86
4 47 87
4 47 89
4 47 6
4 47 27
4 47 28
4 47 37
4 47 48
4 47 57
4 47 68
4 54 82
4 54 91
4 54 74
4 54 75
4 54 76
4 54 96
4 54 13
4 54 15
4 54 16
4 54 62
4 54 65
4 54 77
5 3 1
5 3 4
5 3 3
5 3 8
5 3 20
5 3 0
5 3 11
5 3 14
5 3 15
5 3 16
5 3 25
5 3 34
5 3 44
5 3 46
5 3 54
5 3 55
5 3 23
5 3 31
5 40 70
5 40 80
5 40 90
5 40 92
5 40 2
5 40 40
5 40 52
5 40 60
5 40 62
5 40 71
5 40 22
5 40 36
5 40 53
5 45 97
5 45 45
5 45 63
5 45 64
5 45 66
5 45 32
5 45 33
5 45 35
5 45 41
5 45 43
5 47 9
5 47 38
5 47 59
5 47 69
5 47 98
5 47 99
5 47 18
5 47 19
5 47 29
5 47 47
5 47 49
5 47 81
5 47 89
5 47 5
5 47 6
5 47 26
5 47 28
5 47 56
5 47 58
5 47 65
5 47 77
5 47 78
5 47 79
5 47 7
5 47 24
5 54 82
5 54 84
5 54 85
5 54 91
5 54 51
5 54 61
5 54 72
5 54 74
5 54 75
5 54 76
5 54 83
5 54 86
5 54 87
5 54 95
5 54 96
5 54 10
6 3 4
6 3 8
6 3 48
6 3 23
6 3 24
6 3 25
6 3 33
6 3 34
6 3 35
6 3 44
6 3 54
6 5 5
6 40 70
6 40 90
6 40 92
6 40 20
6 40 40
6 40 51
6 40 61
6 40 72
6 40 0
6 40 2
6 40 10
6 40 21
6 40 30
6 40 60
6 40 71
6 40 12
6 40 22
6 40 31
6 40 32
6 40 42
6 40 64
6 40 73
6 45 97
6 45 45
6 47 59
6 47 94
6 47 98
6 47 99
6 47 9
6 47 38
6 47 39
6 47 89
6 47 17
6 47 18
6 47 19
6 47 29
6 47 57
6 47 67
6 47 68
6 47 77
6 47 79
6 47 6
6 47 26
6 47 27
6 47 28
6 47 58
6 54 84
6 54 85
6 54 91
6 54 74
6 54 75
6 54 76
6 54 83
6 54 86
6 54 87
6 54 13
6 54 15
6 54 16
6 54 53
6 54 66
6 54 36
6 54 43
6 54 63
6 54 7
7 3 1
7 3 4
7 3 3
7 3 8
7 3 13
7 3 15
7 3 16
7 3 24
7 3 25
7 3 34
7 3 48
7 3 54
7 5 5
7 40 70
7 40 92
7 40 20
7 40 40
7 40 0
7 40 2
7 40 41
7 40 42
7 40 36
7 40 43
7 40 23
7 45 97
7 45 45
7 47 59
7 47 98
7 47 99
7 47 38
7 47 39
7 47 81
7 47 89
7 47 17
7 47 18
7 47 19
7 47 30
7 47 47
7 47 79
7 47 22
7 47 27
7 47 28
7 47 37
7 47 56
7 47 73
7 47 6
7 47 7
7 54 82
7 54 84
7 54 85
7 54 91
7 54 50
7 54 61
7 54 72
7 54 74
7 54 75
7 54 76
7 54 86
7 54 88
7 54 93
7 54 95
7 54 96
7 54 10
7 54 11
7 54 49
7 54 52
7 54 57
7 54 60
7 54 62
7 54 65
7 54 68
7 54 71
7 54 78
8 3 1
8 3 8
8 5 -1
8 40 90
8 40 92
8 40 20
8 40 50
8 40 23
8 45 97
8 47 59
8 47 69
8 47 98
8 47 99
8 47 38
8 47 39
8 47 81
8 47 83
8 47 89
8 47 18
8 47 19
8 47 29
8 47 30
8 47 49
8 47 57
8 47 65
8 47 77
8 47 79
8 47 6
8 47 22
8 47 26
8 47 28
8 47 56
8 47 58
8 54 82
8 54 84
8 54 74
8 54 76
8 54 95
8 54 96
8 54 10
8 54 52
8 54 71
8 54 13
8 54 15
8 54 16
8 54 31
8 54 32
8 54 41
8 54 42
8 54 53
8 54 64
8 54 66
8 54 7
8 54 24
8 54 36
8 54 44
8 54 46
8 54 55
8 54 63
8 54 33
8 54 35
9 3 1
9 3 4
9 5 -1
9 40 80
9 40 92
9 40 20
9 40 40
9 40 61
9 40 93
9 40 95
9 40 0
9 40 31
9 40 41
9 40 42
9 45 -1
9 47 59
9 47 94
9 47 98
9 47 9
9 47 39
9 47 87
9 47 89
9 47 57
9 47 65
9 47 67
9 47 78
9 47 6
9 47 22
9 47 27
9 47 28
9 47 48
9 47 58
9 47 64
9 47 73
9 47 7
9 47 34
9 47 63
9 54 82
9 54 85
9 54 74
9 54 75
9 54 76
9 54 96
9 54 13
9 54 14
9 54 15
9 54 54
10 3 1
10 3 4
10 3 3
10 3 15
10 5 -1
10 40 80
10 40 90
10 40 50
10 40 81
10 40 0
10 40 62
10 40 71
10 40 12
10 45 97
10 47 98
10 47 99
10 47 38
10 47 86
10 47 47
10 47 49
10 47 57
10 47 65
10 47 67
10 47 68
10 47 28
10 47 37
10 47 25
10 47 34
10 47 63
10 54 82
10 54 96
11 3 -1
11 5 5
11 40 -1
11 45 -1
11 47 81
11 47 30
11 47 47
11 47 28
11 47 56
11 47 36
11 54 75
11 54 95
11 54 71
--- Done ---
