0 54 62
0 54 63
1 13 0
1 13 2
1 13 3
1 13 13
1 13 14
1 13 15
1 13 17
1 26 5
1 26 6
1 26 18
1 26 28
1 54 25
1 54 42
1 54 52
1 54 54
1 54 62
1 54 63
1 54 74
1 54 76
1 72 51
1 72 61
1 72 72
1 72 83
1 72 84
1 78 57
1 78 58
1 78 68
1 78 69
1 96 86
1 96 95
1 96 98
2 13 0
2 13 2
2 13 11
2 13 12
2 13 13
2 13 14
2 13 15
2 13 24
2 13 33
2 13 34
2 19 28
2 19 49
2 26 3
2 26 16
2 26 26
2 26 27
2 26 36
2 26 48
2 40 10
2 40 30
2 40 40
2 40 50
2 40 51
2 40 60
2 40 61
2 54 31
2 54 35
2 54 42
2 54 45
2 54 52
2 54 53
2 54 54
2 54 62
2 54 63
2 54 64
2 54 66
2 72 71
2 72 72
2 72 81
2 72 82
2 72 84
2 72 92
2 78 57
2 78 59
2 78 69
2 78 78
2 78 79
2 78 99
2 96 77
2 96 86
2 96 87
2 96 93
2 96 98
3 13 0
3 13 1
3 13 2
3 13 3
3 13 11
3 13 21
3 13 33
3 13 34
3 19 7
3 19 8
3 19 9
3 19 18
3 19 19
3 19 24
3 19 37
3 19 38
3 26 6
3 26 16
3 26 36
3 26 47
3 40 10
3 40 20
3 40 31
3 40 40
3 40 41
3 40 50
3 40 51
3 40 52
3 40 60
3 40 61
3 54 43
3 54 44
3 54 45
3 54 46
3 54 54
3 54 56
3 54 62
3 54 63
3 54 65
3 54 66
3 54 74
3 54 76
3 54 95
3 72 72
3 72 73
3 72 83
3 72 84
3 72 90
3 72 91
3 72 92
3 78 59
3 78 67
3 78 68
3 78 69
3 78 77
3 78 78
3 78 79
3 78 99
3 96 75
3 96 86
3 96 87
3 96 94
3 96 97
4 13 0
4 13 1
4 13 11
4 13 12
4 13 13
4 13 22
4 19 7
4 19 8
4 19 9
4 19 19
4 19 29
4 26 4
4 26 6
4 26 15
4 26 16
4 26 18
4 26 25
4 26 27
4 26 28
4 26 34
4 26 36
4 26 37
4 26 39
4 26 47
4 26 48
4 26 63
4 40 30
4 40 31
4 40 40
4 40 41
4 40 51
4 40 61
4 54 33
4 54 35
4 54 44
4 54 45
4 54 46
4 54 52
4 54 53
4 54 54
4 54 64
4 54 65
4 54 66
4 54 74
4 54 76
4 72 62
4 72 70
4 72 71
4 72 72
4 72 73
4 72 80
4 72 81
4 72 82
4 72 83
4 72 90
4 72 91
4 78 57
4 78 59
4 78 67
4 78 68
4 78 78
4 78 79
4 78 87
4 78 89
4 78 99
4 96 75
4 96 77
4 96 86
4 96 93
4 96 94
4 96 95
4 96 96
4 96 97
4 96 98
5 13 0
5 13 1
5 13 2
5 13 11
5 13 14
5 13 22
5 13 24
5 13 32
5 13 33
5 19 7
5 19 8
5 19 9
5 19 19
5 19 29
5 19 49
5 26 3
5 26 4
5 26 5
5 26 6
5 26 15
5 26 16
5 26 18
5 26 25
5 26 26
5 26 28
5 26 34
5 26 35
5 26 36
5 26 38
5 26 47
5 26 55
5 40 10
5 40 20
5 40 31
5 40 40
5 40 41
5 40 51
5 40 52
5 40 60
5 40 61
5 54 43
5 54 44
5 54 45
5 54 46
5 54 53
5 54 54
5 54 56
5 54 62
5 54 64
5 54 65
5 54 66
5 54 74
5 72 63
5 72 70
5 72 71
5 72 72
5 72 80
5 72 81
5 72 82
5 72 83
5 72 84
5 72 90
5 72 91
5 72 92
5 78 58
5 78 59
5 78 69
5 78 77
5 78 78
5 78 79
5 78 85
5 78 89
5 78 99
5 96 23
5 96 75
5 96 76
5 96 86
5 96 87
5 96 95
5 96 96
5 96 97
5 96 98
6 13 0
6 13 2
6 13 4
6 13 12
6 13 13
6 13 15
6 13 17
6 13 20
6 13 21
6 13 22
6 13 23
6 13 24
6 13 32
6 13 34
6 19 7
6 19 8
6 19 9
6 19 19
6 19 28
6 19 29
6 26 5
6 26 6
6 26 16
6 26 18
6 26 26
6 26 27
6 26 36
6 26 38
6 26 39
6 26 48
6 40 10
6 40 30
6 40 40
6 40 51
6 54 25
6 54 31
6 54 33
6 54 35
6 54 42
6 54 43
6 54 44
6 54 45
6 54 53
6 54 54
6 54 63
6 54 64
6 54 66
6 54 74
6 54 76
6 72 60
6 72 61
6 72 70
6 72 71
6 72 72
6 72 73
6 72 83
6 72 84
6 72 90
6 72 91
6 72 92
6 78 57
6 78 58
6 78 59
6 78 67
6 78 68
6 78 77
6 78 79
6 78 87
6 78 89
6 78 99
6 96 75
6 96 85
6 96 86
6 96 94
6 96 97
6 96 98
7 13 0
7 13 1
7 13 2
7 13 3
7 13 4
7 13 11
7 13 13
7 13 15
7 13 17
7 13 20
7 13 22
7 13 24
7 13 34
7 19 7
7 19 8
7 19 18
7 19 19
7 19 27
7 19 28
7 19 37
7 19 38
7 19 39
7 19 49
7 26 5
7 26 6
7 26 16
7 26 36
7 26 47
7 26 48
7 40 10
7 40 30
7 40 40
7 40 41
7 40 50
7 40 61
7 54 25
7 54 42
7 54 43
7 54 45
7 54 52
7 54 54
7 54 56
7 54 62
7 54 65
7 54 74
7 54 76
7 54 95
7 72 60
7 72 70
7 72 71
7 72 72
7 72 73
7 72 81
7 72 82
7 72 84
7 72 91
7 72 92
7 78 57
7 78 59
7 78 68
7 78 78
7 78 79
7 78 89
7 78 99
7 96 23
7 96 75
7 96 85
7 96 86
7 96 88
7 96 93
7 96 96
7 96 97
7 96 98
8 13 1
8 13 13
8 13 15
8 13 22
8 13 32
8 19 7
8 19 8
8 19 18
8 19 19
8 19 24
8 19 28
8 19 29
8 19 38
8 19 39
8 19 49
8 26 6
8 26 16
8 26 26
8 26 36
8 40 10
8 40 20
8 40 30
8 40 41
8 40 50
8 54 31
8 54 33
8 54 35
8 54 42
8 54 44
8 54 46
8 54 52
8 54 53
8 54 55
8 54 56
8 54 63
8 54 64
8 54 65
8 54 66
8 54 74
8 54 76
8 54 95
8 72 71
8 72 81
8 72 82
8 72 83
8 72 84
8 72 90
8 72 92
8 78 57
8 78 58
8 78 59
8 78 69
8 78 77
8 78 79
8 78 89
8 78 99
8 96 23
8 96 96
8 96 97
8 96 98
9 13 0
9 13 1
9 13 13
9 13 14
9 13 15
9 13 22
9 13 34
9 19 7
9 19 9
9 19 27
9 19 28
9 19 39
9 26 4
9 26 6
9 26 48
9 40 20
9 40 40
9 40 61
9 54 31
9 54 42
9 54 54
9 54 63
9 54 64
9 54 65
9 54 74
9 54 76
9 54 95
9 72 41
9 72 73
9 72 80
9 72 82
9 72 92
9 78 57
9 78 58
9 78 59
9 78 67
9 78 78
9 78 85
9 78 89
9 96 75
9 96 87
9 96 93
9 96 94
9 96 96
9 96 98
10 13 0
10 13 1
10 13 4
10 13 12
10 13 15
10 13 34
10 19 28
10 19 37
10 19 38
10 19 49
10 26 3
10 26 47
10 40 50
10 54 25
10 54 62
10 54 63
10 54 65
10 72 71
10 72 80
10 72 81
10 72 82
10 72 90
10 78 57
10 78 67
10 78 68
10 78 99
10 96 86
10 96 96
10 96 97
10 96 98
11 13 -1
11 19 -1
11 26 5
11 26 28
11 26 36
11 26 47
11 40 30
11 54 56
11 54 95
11 72 71
11 72 81
11 78 -1
11 96 75
--- Done ---
