0 54 62
0 54 63
1 14 0
1 14 2
1 14 3
1 14 5
1 14 6
1 14 13
1 14 15
1 14 17
1 14 18
1 14 14
1 14 25
1 14 57
1 54 42
1 54 52
1 54 54
1 54 95
1 54 51
1 54 62
1 54 63
1 54 76
1 68 58
1 68 68
1 68 69
1 68 86
1 68 98
1 68 28
1 81 61
1 81 72
1 81 83
1 81 84
1 81 74
2 14 0
2 14 2
2 14 3
2 14 11
2 14 12
2 14 13
2 14 16
2 14 15
2 14 24
2 14 14
2 38 87
2 54 10
2 54 40
2 54 42
2 54 52
2 54 53
2 54 54
2 54 31
2 54 33
2 54 34
2 54 45
2 54 51
2 54 60
2 54 64
2 54 66
2 54 77
2 54 78
2 54 27
2 54 28
2 54 35
2 54 57
2 68 79
2 68 86
2 68 98
2 68 99
2 68 48
2 68 49
2 68 59
2 68 69
2 68 26
2 68 36
2 81 30
2 81 50
2 81 61
2 81 81
2 81 82
2 81 92
2 81 93
2 81 62
2 81 63
2 81 71
2 81 72
2 81 84
3 8 7
3 8 9
3 8 19
3 8 6
3 8 8
3 8 16
3 8 18
3 14 2
3 14 3
3 20 20
3 20 41
3 20 0
3 20 1
3 20 11
3 20 21
3 38 87
3 38 24
3 38 38
3 54 43
3 54 52
3 54 54
3 54 95
3 54 10
3 54 33
3 54 34
3 54 40
3 54 44
3 54 45
3 54 46
3 54 51
3 54 63
3 54 65
3 54 66
3 54 72
3 54 73
3 54 75
3 54 76
3 54 77
3 54 78
3 54 83
3 54 84
3 54 31
3 54 56
3 54 60
3 68 68
3 68 79
3 68 86
3 68 97
3 68 99
3 68 47
3 68 59
3 68 67
3 68 69
3 68 74
3 68 36
3 68 37
3 81 61
3 81 90
3 81 91
3 81 92
3 81 94
3 81 50
3 81 62
4 8 7
4 8 9
4 8 19
4 8 6
4 8 8
4 8 16
4 8 29
4 8 15
4 8 18
4 14 13
4 14 4
4 20 41
4 20 0
4 20 1
4 20 11
4 20 12
4 20 22
4 20 31
4 20 62
4 38 87
4 38 96
4 38 35
4 54 52
4 54 53
4 54 54
4 54 95
4 54 25
4 54 33
4 54 34
4 54 40
4 54 44
4 54 45
4 54 46
4 54 51
4 54 63
4 54 64
4 54 65
4 54 66
4 68 68
4 68 79
4 68 86
4 68 89
4 68 97
4 68 98
4 68 99
4 68 39
4 68 47
4 68 48
4 68 59
4 68 76
4 68 77
4 68 78
4 68 57
4 68 67
4 68 74
4 68 27
4 68 28
4 68 36
4 68 37
4 81 61
4 81 70
4 81 80
4 81 81
4 81 82
4 81 90
4 81 91
4 81 93
4 81 94
4 81 30
4 81 71
4 81 72
4 81 73
4 81 75
4 81 83
5 8 7
5 8 9
5 8 19
5 8 8
5 8 29
5 14 2
5 14 3
5 14 0
5 14 1
5 14 4
5 14 5
5 14 6
5 14 11
5 14 16
5 14 22
5 14 23
5 14 24
5 14 25
5 14 33
5 14 34
5 14 44
5 14 45
5 14 14
5 14 31
5 14 35
5 14 15
5 14 18
5 14 26
5 20 20
5 20 41
5 20 62
5 20 32
5 38 87
5 38 38
5 38 96
5 54 43
5 54 52
5 54 53
5 54 54
5 54 95
5 54 10
5 54 40
5 54 46
5 54 51
5 54 63
5 54 64
5 54 65
5 54 66
5 54 71
5 68 79
5 68 86
5 68 89
5 68 97
5 68 98
5 68 99
5 68 47
5 68 49
5 68 58
5 68 59
5 68 69
5 68 76
5 68 77
5 68 78
5 68 85
5 68 55
5 68 56
5 68 74
5 68 28
5 68 36
5 81 61
5 81 70
5 81 80
5 81 81
5 81 82
5 81 90
5 81 91
5 81 92
5 81 72
5 81 75
5 81 83
5 81 84
5 81 60
6 8 7
6 8 9
6 8 19
6 8 8
6 8 29
6 8 15
6 8 18
6 14 2
6 14 13
6 14 0
6 14 4
6 14 5
6 14 6
6 14 12
6 14 16
6 14 21
6 14 22
6 14 23
6 14 24
6 14 25
6 14 33
6 14 34
6 14 44
6 14 45
6 14 17
6 14 31
6 20 20
6 38 87
6 38 38
6 54 43
6 54 53
6 54 54
6 54 10
6 54 40
6 54 42
6 54 35
6 54 32
6 68 68
6 68 79
6 68 86
6 68 89
6 68 97
6 68 98
6 68 99
6 68 39
6 68 48
6 68 58
6 68 59
6 68 64
6 68 66
6 68 67
6 68 76
6 68 77
6 68 85
6 68 26
6 68 57
6 68 36
6 68 27
6 68 28
6 81 61
6 81 70
6 81 90
6 81 91
6 81 92
6 81 94
6 81 30
6 81 51
6 81 63
6 81 71
6 81 72
6 81 73
6 81 75
6 81 83
6 81 84
6 81 60
6 81 74
7 8 7
7 8 19
7 8 8
7 14 2
7 14 3
7 14 13
7 14 0
7 14 1
7 14 4
7 14 5
7 14 6
7 14 11
7 14 16
7 14 22
7 14 23
7 14 24
7 14 25
7 14 34
7 14 45
7 14 15
7 14 17
7 14 18
7 14 57
7 14 37
7 20 20
7 20 41
7 38 38
7 54 43
7 54 52
7 54 54
7 54 95
7 54 10
7 54 40
7 54 42
7 54 96
7 68 68
7 68 79
7 68 86
7 68 88
7 68 89
7 68 97
7 68 98
7 68 99
7 68 39
7 68 47
7 68 48
7 68 49
7 68 59
7 68 65
7 68 76
7 68 78
7 68 85
7 68 56
7 68 74
7 68 27
7 68 28
7 68 36
7 81 61
7 81 70
7 81 81
7 81 82
7 81 91
7 81 92
7 81 93
7 81 30
7 81 50
7 81 71
7 81 72
7 81 73
7 81 75
7 81 84
7 81 60
7 81 62
8 8 7
8 8 19
8 8 6
8 8 8
8 8 16
8 8 29
8 8 15
8 8 18
8 14 13
8 14 24
8 20 20
8 20 41
8 20 1
8 20 10
8 20 22
8 20 23
8 20 30
8 20 42
8 20 50
8 20 31
8 20 32
8 38 38
8 54 52
8 54 53
8 54 95
8 54 33
8 54 44
8 54 46
8 54 63
8 54 71
8 54 83
8 54 84
8 54 96
8 54 35
8 68 79
8 68 89
8 68 97
8 68 98
8 68 99
8 68 39
8 68 49
8 68 58
8 68 59
8 68 64
8 68 65
8 68 66
8 68 69
8 68 76
8 68 77
8 68 26
8 68 55
8 68 56
8 68 57
8 68 74
8 68 28
8 68 36
8 81 81
8 81 82
8 81 90
8 81 92
9 8 7
9 8 9
9 8 6
9 14 13
9 14 4
9 14 34
9 14 14
9 14 15
9 20 20
9 20 41
9 20 0
9 20 1
9 20 22
9 20 40
9 20 42
9 20 31
9 38 87
9 54 54
9 54 95
9 54 96
9 68 89
9 68 98
9 68 39
9 68 48
9 68 58
9 68 59
9 68 64
9 68 65
9 68 67
9 68 76
9 68 78
9 68 85
9 68 57
9 68 74
9 68 27
9 68 28
9 81 61
9 81 80
9 81 82
9 81 92
9 81 93
9 81 94
9 81 63
9 81 73
9 81 75
10 8 -1
10 14 3
10 14 0
10 14 1
10 14 4
10 14 12
10 14 25
10 14 34
10 14 15
10 14 57
10 14 37
10 20 -1
10 38 38
10 38 96
10 54 -1
10 68 68
10 68 86
10 68 97
10 68 98
10 68 99
10 68 47
10 68 49
10 68 65
10 68 67
10 68 28
10 81 80
10 81 81
10 81 82
10 81 90
10 81 50
10 81 63
10 81 71
10 81 62
11 8 -1
11 14 5
11 20 -1
11 38 47
11 38 36
11 54 95
11 54 56
11 54 28
11 68 -1
11 81 81
11 81 30
11 81 71
11 81 75
--- Done ---
