0 54 62
0 54 63
1 17 0
1 17 6
1 17 14
1 17 17
1 17 18
1 17 25
1 17 28
1 17 57
1 23 2
1 23 3
1 23 5
1 23 13
1 23 15
1 23 42
1 23 51
1 23 52
1 23 61
1 54 54
1 54 62
1 54 63
1 54 95
1 78 58
1 78 68
1 78 69
1 78 76
1 78 86
1 78 98
1 81 72
1 81 74
1 81 83
1 81 84
2 17 0
2 17 36
2 23 2
2 23 3
2 23 10
2 23 11
2 23 12
2 23 13
2 23 14
2 23 15
2 23 24
2 23 26
2 23 31
2 23 33
2 23 35
2 23 45
2 23 51
2 23 52
2 23 61
2 54 27
2 54 28
2 54 34
2 54 40
2 54 42
2 54 53
2 54 54
2 54 57
2 54 60
2 54 63
2 54 64
2 54 66
2 54 71
2 54 77
2 54 84
2 78 16
2 78 48
2 78 49
2 78 59
2 78 69
2 78 78
2 78 79
2 78 86
2 78 87
2 78 98
2 78 99
2 81 30
2 81 50
2 81 62
2 81 72
2 81 81
2 81 82
2 81 92
2 81 93
3 17 0
3 17 6
3 17 7
3 17 8
3 17 9
3 17 16
3 17 18
3 17 19
3 17 36
3 17 37
3 17 38
3 17 59
3 23 1
3 23 2
3 23 3
3 23 11
3 23 20
3 23 21
3 23 24
3 23 31
3 23 33
3 23 34
3 23 41
3 23 43
3 23 44
3 23 45
3 23 51
3 23 52
3 23 65
3 23 73
3 54 10
3 54 40
3 54 46
3 54 54
3 54 56
3 54 60
3 54 62
3 54 63
3 54 66
3 54 74
3 54 75
3 54 95
3 78 47
3 78 67
3 78 68
3 78 69
3 78 76
3 78 77
3 78 78
3 78 79
3 78 86
3 78 87
3 78 97
3 78 99
3 81 50
3 81 61
3 81 72
3 81 83
3 81 84
3 81 90
3 81 91
3 81 92
3 81 94
4 17 0
4 17 4
4 17 6
4 17 7
4 17 8
4 17 9
4 17 15
4 17 16
4 17 18
4 17 19
4 17 25
4 17 27
4 17 28
4 17 29
4 17 35
4 17 36
4 17 37
4 17 39
4 17 47
4 17 57
4 17 59
4 23 1
4 23 11
4 23 12
4 23 13
4 23 22
4 23 30
4 23 31
4 23 33
4 23 34
4 23 41
4 23 44
4 23 45
4 23 51
4 23 61
4 23 64
4 23 65
4 23 73
4 54 40
4 54 46
4 54 52
4 54 53
4 54 54
4 54 63
4 54 72
4 54 75
4 54 76
4 54 83
4 54 95
4 54 96
4 78 48
4 78 66
4 78 67
4 78 68
4 78 77
4 78 78
4 78 79
4 78 86
4 78 87
4 78 89
4 78 97
4 78 98
4 78 99
4 81 62
4 81 70
4 81 71
4 81 74
4 81 80
4 81 81
4 81 82
4 81 90
4 81 91
4 81 93
4 81 94
5 17 0
5 17 4
5 17 5
5 17 6
5 17 7
5 17 8
5 17 9
5 17 14
5 17 15
5 17 16
5 17 18
5 17 19
5 17 24
5 17 25
5 17 26
5 17 29
5 17 36
5 17 38
5 17 43
5 17 47
5 17 56
5 17 59
5 23 1
5 23 2
5 23 3
5 23 10
5 23 11
5 23 20
5 23 22
5 23 23
5 23 33
5 23 34
5 23 41
5 23 44
5 23 45
5 23 52
5 23 53
5 23 55
5 23 65
5 54 28
5 54 31
5 54 32
5 54 40
5 54 54
5 54 60
5 54 64
5 54 66
5 54 71
5 54 72
5 54 74
5 54 76
5 54 77
5 54 83
5 54 84
5 54 85
5 54 95
5 78 35
5 78 46
5 78 49
5 78 58
5 78 69
5 78 78
5 78 79
5 78 86
5 78 87
5 78 89
5 78 96
5 78 97
5 78 98
5 78 99
5 81 51
5 81 61
5 81 62
5 81 63
5 81 70
5 81 75
5 81 80
5 81 81
5 81 82
5 81 90
5 81 91
5 81 92
6 17 0
6 17 4
6 17 5
6 17 6
6 17 7
6 17 8
6 17 9
6 17 17
6 17 18
6 17 19
6 17 24
6 17 25
6 17 27
6 17 29
6 17 36
6 17 38
6 17 39
6 17 43
6 17 59
6 23 2
6 23 12
6 23 13
6 23 15
6 23 20
6 23 21
6 23 22
6 23 23
6 23 26
6 23 33
6 23 42
6 54 10
6 54 28
6 54 31
6 54 32
6 54 34
6 54 40
6 54 44
6 54 45
6 54 51
6 54 53
6 54 54
6 54 57
6 54 64
6 54 72
6 54 73
6 54 74
6 54 75
6 54 76
6 54 83
6 54 84
6 78 16
6 78 35
6 78 48
6 78 58
6 78 66
6 78 67
6 78 68
6 78 77
6 78 79
6 78 85
6 78 86
6 78 87
6 78 89
6 78 97
6 78 98
6 78 99
6 81 30
6 81 60
6 81 61
6 81 63
6 81 70
6 81 71
6 81 90
6 81 91
6 81 92
6 81 94
7 17 0
7 17 4
7 17 5
7 17 6
7 17 7
7 17 8
7 17 15
7 17 16
7 17 17
7 17 18
7 17 19
7 17 24
7 17 25
7 17 36
7 17 37
7 17 38
7 17 39
7 23 1
7 23 2
7 23 3
7 23 11
7 23 13
7 23 20
7 23 22
7 23 23
7 23 30
7 23 41
7 54 10
7 54 27
7 54 28
7 54 34
7 54 40
7 54 42
7 54 43
7 54 45
7 54 52
7 54 54
7 54 56
7 54 57
7 54 60
7 54 62
7 54 65
7 54 71
7 54 72
7 54 73
7 54 74
7 54 75
7 54 76
7 54 84
7 54 85
7 54 95
7 54 96
7 78 47
7 78 48
7 78 49
7 78 59
7 78 68
7 78 78
7 78 79
7 78 86
7 78 88
7 78 89
7 78 97
7 78 98
7 78 99
7 81 50
7 81 61
7 81 70
7 81 81
7 81 82
7 81 91
7 81 92
7 81 93
8 17 6
8 17 7
8 17 8
8 17 15
8 17 16
8 17 18
8 17 19
8 17 24
8 17 26
8 17 29
8 17 36
8 17 38
8 17 39
8 17 59
8 23 1
8 23 13
8 23 20
8 23 22
8 23 23
8 23 30
8 23 33
8 23 41
8 23 42
8 23 65
8 54 10
8 54 28
8 54 31
8 54 32
8 54 35
8 54 44
8 54 46
8 54 52
8 54 53
8 54 55
8 54 56
8 54 57
8 54 63
8 54 64
8 54 66
8 54 71
8 54 74
8 54 76
8 54 77
8 54 83
8 54 84
8 54 95
8 54 96
8 78 49
8 78 58
8 78 69
8 78 79
8 78 89
8 78 97
8 78 98
8 78 99
8 81 50
8 81 81
8 81 82
8 81 90
8 81 92
9 17 0
9 17 6
9 17 7
9 17 9
9 17 15
9 17 39
9 17 57
9 17 59
9 23 1
9 23 4
9 23 13
9 23 20
9 23 22
9 23 41
9 23 42
9 23 64
9 54 14
9 54 27
9 54 28
9 54 31
9 54 34
9 54 40
9 54 54
9 54 63
9 54 65
9 54 73
9 54 75
9 54 76
9 54 85
9 54 95
9 54 96
9 78 48
9 78 58
9 78 67
9 78 78
9 78 87
9 78 89
9 78 98
9 81 61
9 81 74
9 81 80
9 81 82
9 81 92
9 81 93
9 81 94
10 17 0
10 17 4
10 17 15
10 17 37
10 17 38
10 17 47
10 23 1
10 23 3
10 23 12
10 23 65
10 54 25
10 54 28
10 54 34
10 54 57
10 54 62
10 54 71
10 54 96
10 78 49
10 78 67
10 78 68
10 78 86
10 78 97
10 78 98
10 78 99
10 81 50
10 81 63
10 81 80
10 81 81
10 81 82
10 81 90
11 17 5
11 17 36
11 17 47
11 23 -1
11 54 28
11 54 56
11 54 71
11 54 75
11 54 95
11 78 -1
11 81 30
11 81 81
--- Done ---
