0 60 -1
0 71 75
0 71 53
0 71 54
0 71 64
0 71 65
1 24 5
1 24 10
1 24 14
1 24 13
1 24 18
1 24 34
1 24 47
1 24 58
1 24 77
1 24 23
1 24 50
1 24 55
1 24 64
1 24 52
1 24 53
1 24 54
1 24 63
1 60 73
1 67 69
1 67 99
1 67 75
1 67 85
1 67 65
1 71 71
2 24 2
2 24 6
2 24 10
2 24 11
2 24 14
2 24 16
2 24 17
2 24 25
2 24 28
2 24 49
2 24 4
2 24 7
2 24 18
2 24 20
2 24 24
2 24 26
2 24 36
2 24 38
2 24 23
2 24 31
2 24 64
2 24 53
2 24 54
2 24 63
2 24 92
2 60 1
2 60 40
2 60 51
2 60 61
2 60 80
2 60 81
2 60 82
2 60 83
2 67 29
2 67 59
2 67 69
2 67 78
2 67 89
2 67 66
2 67 75
2 67 93
2 67 94
2 67 95
2 67 65
2 67 72
2 71 -1
3 15 0
3 15 8
3 15 9
3 15 2
3 15 3
3 15 5
3 15 6
3 15 12
3 15 16
3 15 19
3 15 28
3 15 49
3 15 34
3 24 11
3 24 24
3 60 1
3 60 40
3 60 51
3 60 60
3 60 61
3 60 70
3 60 80
3 60 81
3 60 83
3 60 90
3 60 91
3 60 30
3 60 43
3 60 50
3 60 64
3 60 54
3 67 59
3 67 69
3 67 89
3 67 98
3 67 99
3 67 58
3 67 68
3 67 75
3 67 76
3 67 87
3 67 93
3 67 94
3 67 95
3 67 4
3 67 7
3 67 18
3 67 38
3 67 46
3 67 48
3 67 55
3 67 72
3 67 92
3 71 65
3 71 22
3 71 31
3 71 41
3 71 42
3 71 71
4 15 0
4 15 8
4 15 9
4 15 2
4 15 3
4 15 5
4 15 6
4 15 12
4 15 14
4 15 15
4 15 21
4 15 25
4 15 39
4 15 13
4 15 27
4 15 36
4 15 37
4 15 38
4 15 46
4 15 66
4 15 97
4 24 11
4 24 20
4 24 24
4 24 55
4 24 33
4 24 45
4 24 32
4 24 41
4 24 43
4 24 50
4 24 52
4 24 53
4 24 54
4 24 62
4 24 63
4 24 64
4 24 92
4 60 1
4 60 40
4 60 60
4 60 61
4 60 73
4 60 80
4 60 81
4 60 82
4 60 83
4 60 90
4 60 91
4 60 65
4 60 72
4 60 23
4 60 31
4 67 57
4 67 59
4 67 67
4 67 69
4 67 78
4 67 79
4 67 88
4 67 89
4 67 96
4 67 98
4 67 99
4 67 58
4 67 75
4 67 76
4 67 77
4 67 85
4 67 87
4 67 94
4 67 95
4 67 7
4 67 26
4 71 -1
5 15 0
5 15 8
5 15 9
5 15 2
5 15 5
5 15 6
5 15 12
5 15 15
5 15 16
5 15 17
5 15 19
5 15 21
5 15 39
5 15 49
5 15 13
5 15 18
5 15 27
5 15 36
5 15 37
5 15 38
5 15 46
5 15 47
5 15 48
5 15 56
5 15 45
5 24 11
5 24 20
5 24 55
5 24 77
5 24 32
5 24 41
5 24 44
5 24 54
5 24 62
5 24 64
5 24 74
5 24 92
5 60 83
5 60 65
5 60 23
5 60 34
5 60 40
5 60 43
5 60 22
5 60 31
5 67 29
5 67 59
5 67 69
5 67 78
5 67 86
5 67 88
5 67 89
5 67 96
5 67 98
5 67 99
5 67 58
5 67 68
5 67 75
5 67 79
5 67 85
5 67 95
5 67 4
5 67 7
5 67 26
5 71 66
5 71 93
5 71 94
5 71 97
5 71 51
5 71 60
5 71 61
5 71 70
5 71 71
5 71 72
5 71 73
5 71 81
5 71 82
5 71 84
5 71 90
5 71 91
5 71 42
5 71 50
5 71 52
5 71 53
5 71 63
5 80 76
6 15 0
6 15 9
6 15 2
6 15 3
6 15 5
6 15 6
6 15 10
6 15 12
6 15 14
6 15 15
6 15 16
6 15 17
6 15 19
6 15 25
6 15 28
6 15 49
6 15 13
6 15 27
6 15 36
6 15 47
6 24 11
6 24 24
6 24 38
6 24 46
6 24 48
6 24 56
6 24 23
6 24 33
6 24 34
6 24 35
6 24 45
6 24 55
6 24 77
6 24 31
6 24 41
6 24 43
6 60 1
6 60 20
6 60 32
6 60 40
6 60 44
6 60 54
6 60 42
6 60 51
6 60 52
6 60 53
6 60 60
6 60 62
6 60 63
6 60 64
6 60 73
6 60 82
6 60 84
6 60 90
6 67 29
6 67 59
6 67 69
6 67 78
6 67 88
6 67 96
6 67 99
6 67 58
6 67 68
6 67 75
6 67 79
6 67 85
6 67 87
6 67 95
6 67 4
6 67 7
6 67 18
6 67 26
6 71 66
6 71 93
6 71 94
6 71 71
6 80 76
7 15 0
7 15 8
7 15 3
7 15 5
7 15 6
7 15 10
7 15 12
7 15 14
7 15 15
7 15 19
7 15 28
7 15 49
7 15 13
7 15 34
7 15 48
7 15 56
7 15 66
7 15 97
7 15 23
7 15 33
7 15 45
7 15 22
7 15 31
7 15 32
7 15 62
7 24 11
7 24 24
7 24 55
7 24 77
7 60 1
7 60 83
7 60 40
7 60 51
7 60 61
7 60 70
7 60 72
7 60 73
7 60 82
7 60 90
7 60 91
7 60 41
7 60 42
7 60 44
7 60 50
7 60 63
7 60 64
7 60 74
7 60 92
7 60 52
7 60 53
7 67 57
7 67 59
7 67 67
7 67 69
7 67 78
7 67 86
7 67 88
7 67 89
7 67 96
7 67 98
7 67 58
7 67 68
7 67 75
7 67 79
7 67 85
7 67 95
7 67 4
7 67 7
7 67 26
7 67 27
7 67 36
7 67 38
7 67 46
7 67 47
7 71 94
7 71 71
7 80 80
8 15 0
8 15 9
8 15 5
8 15 10
8 15 14
8 15 15
8 15 16
8 15 17
8 15 21
8 15 13
8 15 18
8 15 26
8 15 34
8 15 35
8 15 37
8 15 46
8 15 47
8 15 48
8 15 56
8 15 66
8 15 97
8 15 22
8 15 41
8 15 44
8 24 11
8 24 24
8 24 43
8 60 40
8 60 60
8 60 81
8 60 82
8 60 90
8 60 91
8 60 30
8 60 32
8 60 50
8 60 64
8 67 57
8 67 67
8 67 69
8 67 88
8 67 89
8 67 96
8 67 98
8 67 99
8 67 68
8 67 55
8 67 65
8 67 77
8 67 94
8 67 72
8 67 42
8 67 54
8 67 52
8 67 53
8 67 62
8 67 63
8 67 74
8 67 92
8 71 -1
8 80 -1
9 15 0
9 15 8
9 15 2
9 15 3
9 15 6
9 15 15
9 15 16
9 15 17
9 15 19
9 15 21
9 15 28
9 15 39
9 15 4
9 15 18
9 15 26
9 15 27
9 15 35
9 15 36
9 15 37
9 15 38
9 15 46
9 15 48
9 15 56
9 15 97
9 15 22
9 15 32
9 15 33
9 15 44
9 15 54
9 15 52
9 24 11
9 24 20
9 60 40
9 60 61
9 60 82
9 60 50
9 60 64
9 67 29
9 67 57
9 67 59
9 67 69
9 67 86
9 67 96
9 67 98
9 67 99
9 67 58
9 67 68
9 67 79
9 67 87
9 67 55
9 67 93
9 67 42
9 67 74
9 71 71
9 80 -1
10 15 0
10 15 2
10 15 3
10 15 10
10 15 19
10 15 21
10 15 25
10 15 4
10 15 7
10 15 18
10 15 26
10 15 27
10 15 34
10 15 36
10 15 46
10 15 48
10 15 56
10 15 97
10 15 22
10 15 23
10 15 45
10 15 44
10 15 53
10 24 20
10 60 51
10 60 61
10 60 81
10 60 90
10 67 57
10 67 67
10 67 78
10 67 86
10 67 75
10 67 63
10 67 92
10 71 -1
10 80 -1
11 15 16
11 15 13
11 15 34
11 15 46
11 15 48
11 15 31
11 15 41
11 15 45
11 24 -1
11 60 60
11 60 64
11 67 89
11 67 99
11 67 4
11 71 -1
11 80 -1
--- Done ---
