0 54 -1
0 60 53
0 60 54
0 60 64
0 60 65
0 60 75
1 4 -1
1 54 5
1 54 13
1 54 14
1 54 23
1 54 34
1 54 47
1 54 53
1 54 54
1 54 55
1 54 58
1 54 63
1 54 64
1 54 65
1 54 69
1 54 73
1 54 75
1 54 77
1 54 85
1 54 99
1 60 10
1 60 18
1 60 50
1 60 52
1 60 71
1 68 -1
2 4 1
2 4 2
2 4 4
2 4 6
2 4 7
2 4 10
2 4 11
2 4 14
2 4 16
2 4 17
2 4 18
2 4 23
2 4 24
2 4 25
2 17 -1
2 31 -1
2 54 26
2 54 31
2 54 36
2 54 38
2 54 53
2 54 54
2 54 63
2 54 64
2 54 65
2 54 72
2 54 75
2 54 83
2 54 93
2 54 94
2 60 20
2 60 40
2 60 51
2 60 61
2 60 80
2 60 81
2 60 82
2 60 92
2 68 28
2 68 29
2 68 49
2 68 59
2 68 66
2 68 69
2 68 78
2 68 89
2 68 95
2 72 -1
3 4 2
3 4 3
3 4 4
3 4 5
3 4 6
3 4 11
3 4 12
3 4 24
3 17 7
3 17 8
3 17 9
3 17 16
3 17 18
3 17 19
3 17 28
3 17 46
3 17 48
3 18 -1
3 31 0
3 31 1
3 31 22
3 31 30
3 31 31
3 31 40
3 31 41
3 31 42
3 42 -1
3 46 -1
3 54 34
3 54 38
3 54 43
3 54 54
3 54 55
3 54 64
3 54 65
3 54 76
3 54 87
3 60 50
3 60 51
3 60 60
3 60 61
3 60 70
3 60 80
3 60 90
3 68 49
3 68 58
3 68 59
3 68 68
3 68 69
3 68 89
3 68 98
3 68 99
3 72 71
3 72 72
3 72 75
3 72 81
3 72 83
3 72 91
3 72 92
3 72 93
3 72 94
3 72 95
3 76 -1
4 4 2
4 4 3
4 4 5
4 4 11
4 4 12
4 4 13
4 4 14
4 4 15
4 4 23
4 4 24
4 17 7
4 17 8
4 17 25
4 17 26
4 18 6
4 18 9
4 18 27
4 31 0
4 31 1
4 31 20
4 31 21
4 31 31
4 31 40
4 31 41
4 42 32
4 42 33
4 42 43
4 42 52
4 46 36
4 46 37
4 46 38
4 46 39
4 46 46
4 46 55
4 54 45
4 54 53
4 54 54
4 54 64
4 54 65
4 60 50
4 60 60
4 60 61
4 60 80
4 60 90
4 68 57
4 68 58
4 68 59
4 68 67
4 68 69
4 68 78
4 68 79
4 68 89
4 68 97
4 68 98
4 68 99
4 72 62
4 72 63
4 72 72
4 72 73
4 72 81
4 72 82
4 72 83
4 72 91
4 72 92
4 72 94
4 76 66
4 76 75
4 76 76
4 76 77
4 76 85
4 76 87
4 76 88
4 76 95
4 76 96
5 4 2
5 4 4
5 4 5
5 4 11
5 4 12
5 4 13
5 4 15
5 4 23
5 5 -1
5 8 -1
5 17 7
5 17 8
5 17 16
5 17 17
5 17 26
5 18 6
5 18 9
5 18 18
5 18 19
5 18 27
5 18 29
5 25 -1
5 30 -1
5 31 0
5 31 20
5 31 21
5 31 22
5 31 31
5 31 40
5 31 41
5 37 -1
5 38 -1
5 39 -1
5 42 32
5 42 42
5 42 43
5 42 52
5 43 -1
5 44 -1
5 46 36
5 46 37
5 46 38
5 46 39
5 46 46
5 46 47
5 46 48
5 46 55
5 46 56
5 53 -1
5 54 34
5 54 44
5 54 45
5 54 53
5 54 54
5 54 64
5 54 65
5 60 50
5 60 51
5 60 60
5 60 61
5 60 70
5 60 90
5 68 49
5 68 58
5 68 59
5 68 68
5 68 69
5 68 78
5 68 79
5 68 89
5 68 97
5 68 98
5 68 99
5 71 -1
5 72 62
5 72 63
5 72 71
5 72 72
5 72 73
5 72 74
5 72 81
5 72 82
5 72 83
5 72 84
5 72 91
5 72 92
5 72 93
5 72 94
5 75 -1
5 76 66
5 76 75
5 76 76
5 76 77
5 76 85
5 76 86
5 76 88
5 76 95
5 76 96
5 83 -1
5 86 -1
5 87 -1
5 90 -1
5 93 -1
5 95 -1
6 4 2
6 4 3
6 4 4
6 4 11
6 4 12
6 4 13
6 5 5
6 5 6
6 5 15
6 8 9
6 8 19
6 17 7
6 17 16
6 17 17
6 18 18
6 18 27
6 25 14
6 25 23
6 25 25
6 25 35
6 25 36
6 25 45
6 30 0
6 30 10
6 30 20
6 30 40
6 31 1
6 31 31
6 31 41
6 37 26
6 37 47
6 38 28
6 38 38
6 38 48
6 39 29
6 39 49
6 42 32
6 42 42
6 42 52
6 43 24
6 43 33
6 43 43
6 44 34
6 44 44
6 46 46
6 46 55
6 46 56
6 53 53
6 53 63
6 54 54
6 54 64
6 60 51
6 60 60
6 68 58
6 68 59
6 68 68
6 68 69
6 68 78
6 68 79
6 68 99
6 71 71
6 71 82
6 72 62
6 72 73
6 75 75
6 76 66
6 76 76
6 76 77
6 83 84
6 86 85
6 86 96
6 87 87
6 87 88
6 90 90
6 93 93
6 93 94
6 95 95
7 4 3
7 4 4
7 4 11
7 4 12
7 4 13
7 5 5
7 5 6
7 5 15
7 8 8
7 8 19
7 17 7
7 18 27
7 25 14
7 25 23
7 25 36
7 25 45
7 30 0
7 30 10
7 30 40
7 31 1
7 31 22
7 31 31
7 31 41
7 37 26
7 37 47
7 38 28
7 38 38
7 38 48
7 39 49
7 42 32
7 42 42
7 42 52
7 43 24
7 43 33
7 44 34
7 44 44
7 46 46
7 46 55
7 46 56
7 53 53
7 53 63
7 54 64
7 60 50
7 60 51
7 60 61
7 60 70
7 68 57
7 68 58
7 68 59
7 68 67
7 68 68
7 68 69
7 68 78
7 68 79
7 68 89
7 71 71
7 71 82
7 72 62
7 72 72
7 72 73
7 75 74
7 75 75
7 76 66
7 76 77
7 83 83
7 86 85
7 86 86
7 86 96
7 86 98
7 87 88
7 87 97
7 90 80
7 90 90
7 90 91
7 93 92
7 93 94
7 95 95
8 4 11
8 4 13
8 5 5
8 5 15
8 8 9
8 17 16
8 17 17
8 18 18
8 25 14
8 25 35
8 30 0
8 30 10
8 30 30
8 30 40
8 31 21
8 31 22
8 31 41
8 37 26
8 37 37
8 37 47
8 38 48
8 39 -1
8 42 32
8 42 42
8 42 52
8 43 24
8 43 43
8 44 34
8 44 44
8 46 46
8 46 55
8 46 56
8 53 53
8 53 63
8 54 54
8 54 64
8 60 50
8 60 60
8 68 57
8 68 67
8 68 68
8 68 69
8 68 89
8 68 99
8 71 82
8 72 62
8 72 72
8 75 65
8 75 74
8 76 66
8 76 77
8 83 -1
8 86 96
8 86 98
8 87 88
8 87 97
8 90 81
8 90 90
8 90 91
8 93 92
8 93 94
8 95 -1
9 4 2
9 4 3
9 4 4
9 4 11
9 5 6
9 5 15
9 8 8
9 8 19
9 17 16
9 17 17
9 18 18
9 18 27
9 25 35
9 25 36
9 30 0
9 30 20
9 30 40
9 31 21
9 31 22
9 37 26
9 37 37
9 38 28
9 38 38
9 38 48
9 39 29
9 39 39
9 42 32
9 42 42
9 42 52
9 43 33
9 44 44
9 46 46
9 46 55
9 46 56
9 53 -1
9 54 54
9 54 64
9 60 50
9 60 61
9 68 57
9 68 58
9 68 59
9 68 68
9 68 69
9 68 79
9 68 99
9 71 71
9 71 82
9 72 -1
9 75 74
9 76 -1
9 83 -1
9 86 86
9 86 96
9 86 98
9 87 87
9 87 97
9 90 -1
9 93 93
9 95 -1
10 4 2
10 4 3
10 4 4
10 5 -1
10 8 19
10 17 7
10 18 18
10 18 27
10 25 23
10 25 25
10 25 36
10 25 45
10 30 0
10 30 10
10 30 20
10 31 21
10 31 22
10 37 26
10 38 48
10 39 -1
10 42 -1
10 43 -1
10 44 34
10 44 44
10 46 46
10 46 56
10 53 53
10 53 63
10 54 -1
10 60 51
10 60 61
10 68 57
10 68 67
10 68 78
10 71 -1
10 72 -1
10 75 75
10 76 -1
10 83 -1
10 86 86
10 87 97
10 90 81
10 90 90
10 93 92
10 95 -1
11 4 4
11 4 13
11 5 -1
11 8 -1
11 17 16
11 18 -1
11 25 45
11 30 -1
11 31 31
11 31 41
11 37 -1
11 38 48
11 39 -1
11 42 -1
11 43 -1
11 44 34
11 46 46
11 53 -1
11 54 64
11 60 60
11 68 89
11 68 99
11 71 -1
11 72 -1
11 75 -1
11 76 -1
11 83 -1
11 86 -1
11 87 -1
11 90 -1
11 93 -1
11 95 -1
--- Done ---
