0 34 -1
0 60 53
0 60 54
0 60 64
0 60 65
0 60 75
1 34 5
1 34 10
1 34 13
1 34 14
1 34 18
1 34 23
1 34 34
1 34 47
1 34 54
1 34 55
1 34 58
1 34 64
1 34 65
1 34 69
1 34 75
1 34 77
1 34 85
1 34 99
1 60 50
1 60 52
1 60 53
1 60 63
1 60 71
1 60 73
1 76 -1
2 13 -1
2 34 2
2 34 4
2 34 7
2 34 10
2 34 11
2 34 14
2 34 16
2 34 18
2 34 23
2 34 24
2 34 25
2 34 26
2 34 28
2 34 29
2 34 36
2 34 54
2 53 -1
2 60 1
2 60 6
2 60 20
2 60 31
2 60 40
2 60 51
2 60 53
2 60 61
2 60 72
2 60 80
2 60 81
2 60 82
2 60 83
2 60 92
2 76 17
2 76 38
2 76 49
2 76 59
2 76 63
2 76 64
2 76 65
2 76 66
2 76 69
2 76 75
2 76 78
2 76 89
2 76 93
2 76 94
2 76 95
3 13 0
3 13 2
3 13 3
3 13 4
3 13 5
3 13 6
3 13 11
3 13 12
3 13 22
3 13 30
3 13 31
3 13 38
3 34 8
3 34 9
3 34 16
3 34 18
3 34 24
3 34 28
3 34 34
3 34 42
3 34 46
3 34 58
3 53 7
3 53 19
3 53 43
3 53 49
3 53 54
3 53 55
3 53 72
3 53 83
3 60 1
3 60 40
3 60 41
3 60 50
3 60 51
3 60 60
3 60 61
3 60 70
3 60 71
3 60 80
3 60 81
3 60 90
3 60 91
3 60 92
3 75 -1
3 76 48
3 76 59
3 76 64
3 76 65
3 76 68
3 76 69
3 76 75
3 76 76
3 76 87
3 76 89
3 76 93
3 76 94
3 76 95
3 76 98
3 76 99
4 13 0
4 13 2
4 13 3
4 13 5
4 13 6
4 13 11
4 13 12
4 13 13
4 13 14
4 13 20
4 13 21
4 13 23
4 13 25
4 13 27
4 13 31
4 13 38
4 34 8
4 34 9
4 34 15
4 34 24
4 34 26
4 34 33
4 34 36
4 34 45
4 34 46
4 34 58
4 53 7
4 53 32
4 53 43
4 53 52
4 53 53
4 53 54
4 53 55
4 53 62
4 53 63
4 53 72
4 53 83
4 60 1
4 60 40
4 60 41
4 60 50
4 60 60
4 60 61
4 60 80
4 60 81
4 60 82
4 60 90
4 60 91
4 60 92
4 75 57
4 75 65
4 75 75
4 75 85
4 75 94
4 75 95
4 75 97
4 76 37
4 76 39
4 76 59
4 76 64
4 76 66
4 76 67
4 76 69
4 76 73
4 76 76
4 76 77
4 76 78
4 76 79
4 76 87
4 76 88
4 76 89
4 76 96
4 76 98
4 76 99
5 13 0
5 13 2
5 13 4
5 13 5
5 13 6
5 13 11
5 13 12
5 13 13
5 13 17
5 13 20
5 13 21
5 13 22
5 13 23
5 13 27
5 13 31
5 13 38
5 34 8
5 34 9
5 34 15
5 34 16
5 34 18
5 34 26
5 34 29
5 34 34
5 34 36
5 34 42
5 34 44
5 34 45
5 34 46
5 34 58
5 47 -1
5 53 7
5 53 19
5 53 32
5 53 43
5 53 49
5 53 52
5 53 53
5 53 54
5 53 55
5 53 62
5 53 63
5 53 72
5 53 83
5 55 -1
5 60 40
5 60 41
5 60 50
5 60 51
5 60 60
5 60 61
5 60 70
5 60 71
5 60 81
5 60 82
5 60 90
5 60 91
5 60 92
5 63 -1
5 75 47
5 75 56
5 75 65
5 75 74
5 75 75
5 75 84
5 75 85
5 75 93
5 75 94
5 75 95
5 75 97
5 76 37
5 76 39
5 76 48
5 76 59
5 76 64
5 76 66
5 76 68
5 76 69
5 76 73
5 76 76
5 76 77
5 76 78
5 76 79
5 76 86
5 76 88
5 76 89
5 76 96
5 76 98
5 76 99
5 97 -1
6 13 0
6 13 2
6 13 3
6 13 4
6 13 5
6 13 6
6 13 10
6 13 11
6 13 12
6 13 13
6 13 14
6 13 20
6 13 23
6 13 25
6 13 27
6 13 31
6 34 9
6 34 15
6 34 16
6 34 18
6 34 24
6 34 26
6 34 33
6 34 34
6 34 42
6 47 7
6 47 17
6 47 19
6 47 28
6 47 29
6 47 35
6 47 36
6 47 38
6 47 46
6 47 47
6 47 48
6 47 49
6 47 58
6 47 59
6 47 69
6 53 32
6 53 43
6 53 52
6 53 53
6 53 54
6 55 44
6 55 45
6 55 55
6 55 56
6 60 1
6 60 40
6 60 41
6 60 51
6 60 60
6 60 71
6 60 90
6 63 62
6 63 63
6 63 64
6 63 73
6 63 82
6 63 84
6 63 93
6 75 75
6 75 85
6 75 95
6 76 66
6 76 76
6 76 77
6 76 78
6 76 79
6 97 68
6 97 87
6 97 88
6 97 94
6 97 96
6 97 99
7 13 0
7 13 3
7 13 4
7 13 5
7 13 6
7 13 10
7 13 11
7 13 12
7 13 13
7 13 14
7 13 22
7 13 23
7 13 27
7 13 31
7 34 8
7 34 15
7 34 24
7 34 26
7 34 33
7 34 34
7 34 42
7 47 7
7 47 19
7 47 28
7 47 36
7 47 38
7 47 46
7 47 47
7 47 48
7 47 49
7 47 57
7 47 58
7 47 59
7 47 69
7 53 32
7 53 52
7 53 53
7 55 44
7 55 45
7 55 55
7 55 56
7 60 1
7 60 40
7 60 41
7 60 50
7 60 51
7 60 61
7 60 70
7 60 71
7 60 80
7 60 90
7 60 91
7 60 92
7 63 62
7 63 63
7 63 64
7 63 72
7 63 73
7 63 82
7 63 83
7 75 74
7 75 75
7 75 85
7 75 95
7 76 66
7 76 67
7 76 77
7 76 78
7 76 79
7 76 89
7 97 68
7 97 86
7 97 88
7 97 94
7 97 96
7 97 97
7 97 98
8 13 0
8 13 5
8 13 10
8 13 11
8 13 13
8 13 14
8 13 21
8 13 22
8 13 30
8 34 9
8 34 15
8 34 16
8 34 18
8 34 24
8 34 26
8 34 34
8 34 42
8 47 17
8 47 35
8 47 37
8 47 46
8 47 47
8 47 48
8 47 57
8 47 69
8 53 32
8 53 43
8 53 52
8 53 53
8 53 54
8 55 44
8 55 55
8 55 56
8 55 65
8 60 40
8 60 41
8 60 50
8 60 60
8 60 90
8 60 91
8 60 92
8 63 62
8 63 63
8 63 64
8 63 72
8 63 81
8 63 82
8 75 74
8 76 66
8 76 67
8 76 77
8 76 89
8 97 68
8 97 88
8 97 94
8 97 96
8 97 97
8 97 98
8 97 99
9 13 0
9 13 2
9 13 3
9 13 4
9 13 6
9 13 11
9 13 20
9 13 21
9 13 22
9 13 27
9 34 8
9 34 15
9 34 16
9 34 18
9 34 26
9 34 33
9 34 42
9 47 17
9 47 19
9 47 28
9 47 29
9 47 35
9 47 36
9 47 37
9 47 38
9 47 46
9 47 48
9 47 57
9 47 58
9 47 59
9 47 69
9 53 32
9 53 52
9 53 54
9 55 44
9 55 55
9 55 56
9 60 40
9 60 50
9 60 61
9 60 71
9 63 64
9 63 82
9 63 93
9 75 74
9 76 39
9 76 79
9 97 68
9 97 86
9 97 87
9 97 96
9 97 97
9 97 98
9 97 99
10 13 0
10 13 2
10 13 3
10 13 4
10 13 10
10 13 20
10 13 21
10 13 22
10 13 23
10 13 25
10 13 27
10 34 18
10 34 26
10 34 34
10 47 7
10 47 19
10 47 36
10 47 46
10 47 48
10 47 57
10 53 53
10 55 44
10 55 45
10 55 56
10 60 51
10 60 61
10 60 90
10 60 92
10 63 63
10 63 81
10 75 75
10 76 67
10 76 78
10 97 86
10 97 97
11 13 4
11 13 13
11 13 31
11 34 16
11 34 34
11 47 46
11 47 48
11 53 -1
11 55 45
11 60 41
11 60 60
11 63 64
11 75 -1
11 76 89
11 97 99
--- Done ---
