0 60 -1
0 71 75
0 71 53
0 71 54
0 71 64
0 71 65
1 44 5
1 44 10
1 44 14
1 44 13
1 44 18
1 44 34
1 44 47
1 44 58
1 44 23
1 44 55
1 44 64
1 44 73
1 44 75
1 44 85
1 44 52
1 44 53
1 44 54
1 44 63
1 60 50
1 67 69
1 67 77
1 67 99
1 67 65
1 71 71
2 44 2
2 44 6
2 44 10
2 44 14
2 44 17
2 44 25
2 44 28
2 44 7
2 44 18
2 44 26
2 44 29
2 44 38
2 44 23
2 44 24
2 44 31
2 44 36
2 44 40
2 44 51
2 44 61
2 44 64
2 44 66
2 44 75
2 44 78
2 44 83
2 44 89
2 44 93
2 44 53
2 44 63
2 44 82
2 44 72
2 60 20
2 60 1
2 60 80
2 60 81
2 60 92
2 67 4
2 67 94
2 71 -1
2 88 11
2 88 16
2 88 49
2 88 59
2 88 69
2 88 95
2 88 54
2 88 65
3 34 0
3 34 3
3 34 8
3 34 9
3 34 2
3 34 4
3 34 5
3 34 16
3 34 28
3 34 1
3 34 7
3 34 18
3 34 30
3 34 46
3 34 50
3 34 22
3 34 24
3 34 31
3 34 34
3 34 40
3 34 41
3 34 43
3 34 48
3 34 58
3 44 6
3 44 12
3 44 38
3 44 55
3 44 75
3 44 93
3 44 65
3 60 70
3 60 80
3 60 81
3 60 90
3 60 91
3 60 83
3 60 92
3 60 51
3 60 60
3 60 61
3 60 64
3 60 42
3 60 54
3 60 72
3 67 19
3 67 94
3 71 71
3 88 11
3 88 49
3 88 59
3 88 69
3 88 98
3 88 99
3 88 89
3 88 95
3 88 68
3 88 76
3 88 87
4 34 0
4 34 3
4 34 8
4 34 9
4 34 15
4 34 2
4 34 5
4 34 14
4 34 20
4 34 21
4 34 25
4 34 27
4 34 1
4 34 7
4 34 13
4 34 26
4 34 37
4 34 46
4 34 50
4 34 77
4 34 23
4 44 6
4 44 12
4 44 38
4 44 39
4 44 33
4 44 55
4 44 66
4 44 75
4 44 65
4 44 72
4 60 80
4 60 81
4 60 90
4 60 91
4 60 83
4 60 92
4 60 31
4 60 32
4 60 40
4 60 41
4 60 43
4 60 60
4 60 61
4 60 64
4 60 52
4 60 53
4 60 62
4 60 63
4 60 73
4 60 82
4 67 67
4 67 94
4 71 -1
4 88 11
4 88 59
4 88 69
4 88 79
4 88 88
4 88 96
4 88 98
4 88 99
4 88 78
4 88 89
4 88 95
4 88 97
4 88 24
4 88 36
4 88 57
4 88 58
4 88 76
4 88 45
4 88 85
4 88 87
4 88 54
5 34 0
5 34 8
5 34 9
5 34 15
5 34 2
5 34 4
5 34 5
5 34 16
5 34 20
5 34 21
5 34 27
5 34 7
5 34 13
5 34 18
5 34 26
5 34 29
5 34 37
5 34 46
5 34 47
5 34 50
5 34 77
5 34 22
5 34 31
5 44 6
5 44 12
5 44 17
5 44 38
5 44 39
5 44 83
5 44 23
5 44 32
5 44 40
5 44 41
5 44 43
5 44 44
5 44 51
5 44 55
5 44 61
5 44 64
5 44 93
5 60 70
5 60 81
5 60 90
5 60 91
5 60 92
5 60 60
5 60 73
5 60 82
5 67 19
5 67 94
5 67 66
5 67 68
5 67 75
5 67 76
5 67 42
5 67 85
5 67 52
5 67 53
5 67 54
5 67 62
5 67 63
5 71 65
5 71 71
5 71 72
5 71 74
5 71 84
5 88 11
5 88 49
5 88 59
5 88 69
5 88 79
5 88 86
5 88 88
5 88 96
5 88 98
5 88 99
5 88 78
5 88 89
5 88 95
5 88 97
5 88 34
5 88 36
5 88 48
5 88 56
5 88 58
5 88 45
6 34 0
6 34 3
6 34 9
6 34 15
6 34 2
6 34 4
6 34 5
6 34 10
6 34 14
6 34 16
6 34 20
6 34 25
6 34 27
6 34 28
6 34 1
6 34 7
6 34 13
6 34 18
6 34 35
6 44 6
6 44 12
6 44 17
6 44 38
6 44 26
6 44 29
6 44 46
6 44 47
6 44 23
6 44 24
6 44 31
6 44 32
6 44 33
6 44 34
6 44 36
6 44 40
6 44 41
6 44 43
6 60 90
6 60 51
6 60 60
6 60 64
6 67 19
6 67 94
6 67 44
6 67 55
6 67 66
6 67 75
6 67 93
6 67 42
6 67 52
6 67 53
6 67 62
6 67 63
6 67 85
6 67 87
6 67 95
6 67 84
6 71 71
6 88 11
6 88 49
6 88 59
6 88 69
6 88 79
6 88 88
6 88 96
6 88 99
6 88 77
6 88 48
6 88 56
6 88 58
6 88 68
6 88 76
6 88 78
6 88 45
6 88 73
6 88 82
6 88 54
7 34 0
7 34 3
7 34 8
7 34 15
7 34 4
7 34 5
7 34 10
7 34 14
7 34 27
7 34 28
7 34 1
7 34 7
7 34 13
7 34 26
7 34 46
7 34 47
7 34 50
7 34 77
7 34 22
7 34 23
7 34 24
7 34 31
7 34 32
7 34 33
7 34 34
7 34 36
7 44 6
7 44 12
7 44 38
7 44 44
7 44 55
7 44 66
7 44 75
7 60 70
7 60 80
7 60 90
7 60 91
7 60 83
7 60 92
7 60 40
7 60 41
7 60 51
7 60 61
7 60 64
7 60 42
7 60 52
7 60 53
7 60 62
7 60 63
7 67 19
7 67 67
7 67 94
7 71 71
7 88 11
7 88 49
7 88 59
7 88 69
7 88 79
7 88 86
7 88 88
7 88 96
7 88 98
7 88 78
7 88 89
7 88 95
7 88 97
7 88 48
7 88 56
7 88 57
7 88 58
7 88 68
7 88 45
7 88 73
7 88 82
7 88 85
7 88 72
7 88 74
8 34 0
8 34 9
8 34 15
8 34 5
8 34 10
8 34 14
8 34 16
8 34 21
8 34 13
8 34 18
8 34 26
8 34 30
8 34 35
8 34 37
8 34 46
8 34 47
8 34 50
8 34 77
8 34 22
8 34 24
8 34 32
8 34 34
8 34 40
8 44 17
8 44 44
8 60 81
8 60 90
8 60 91
8 60 41
8 60 43
8 60 60
8 60 64
8 60 82
8 67 67
8 67 69
8 67 94
8 67 96
8 67 98
8 67 99
8 67 89
8 67 92
8 67 97
8 67 48
8 67 55
8 67 56
8 67 57
8 67 66
8 67 68
8 67 42
8 67 52
8 67 53
8 67 62
8 67 63
8 67 54
8 67 65
8 67 72
8 67 74
8 71 -1
8 88 11
8 88 88
9 34 0
9 34 3
9 34 8
9 34 15
9 34 2
9 34 4
9 34 16
9 34 20
9 34 21
9 34 27
9 34 28
9 34 18
9 34 26
9 34 29
9 34 35
9 34 37
9 34 46
9 34 50
9 34 22
9 34 32
9 34 33
9 34 36
9 34 40
9 34 48
9 34 55
9 34 56
9 34 57
9 34 58
9 34 61
9 34 64
9 34 93
9 44 6
9 44 17
9 44 38
9 44 39
9 44 44
9 44 82
9 60 -1
9 67 19
9 67 59
9 67 69
9 67 79
9 67 86
9 67 96
9 67 98
9 67 99
9 67 97
9 67 68
9 67 87
9 67 42
9 67 52
9 67 54
9 67 74
9 71 71
9 88 11
10 34 0
10 34 3
10 34 2
10 34 4
10 34 10
10 34 20
10 34 21
10 34 25
10 34 27
10 34 7
10 34 18
10 34 26
10 34 46
10 34 22
10 34 23
10 34 34
10 34 36
10 34 48
10 34 51
10 34 56
10 34 57
10 34 61
10 34 75
10 34 45
10 34 53
10 34 63
10 44 44
10 60 81
10 60 90
10 67 19
10 67 67
10 67 86
10 67 78
10 67 92
10 67 97
10 71 -1
10 88 -1
11 34 4
11 34 16
11 34 13
11 34 46
11 34 31
11 34 34
11 34 41
11 34 48
11 34 64
11 34 45
11 44 -1
11 60 60
11 67 99
11 67 89
11 71 -1
11 88 -1
--- Done ---
