0 60 53
0 92 54
0 92 64
0 92 65
0 92 75
1 4 10
1 4 13
1 4 18
1 4 63
1 35 34
1 35 55
1 35 5
1 35 14
1 35 23
1 35 47
1 35 52
1 35 53
1 35 64
1 35 54
1 35 65
1 60 50
1 60 71
1 78 58
1 78 69
1 78 77
1 78 85
1 78 99
1 78 75
1 78 73
1 92 -1
2 4 4
2 9 28
2 9 29
2 9 6
2 9 7
2 9 18
2 9 38
2 32 20
2 32 2
2 32 10
2 32 11
2 32 31
2 32 40
2 32 51
2 32 61
2 32 1
2 32 23
2 32 24
2 32 25
2 32 53
2 32 17
2 32 54
2 35 36
2 35 14
2 35 16
2 35 64
2 35 66
2 35 26
2 60 -1
2 78 49
2 78 59
2 78 69
2 78 89
2 78 75
2 78 78
2 92 83
2 92 93
2 92 94
2 92 72
2 92 80
2 92 81
2 92 82
2 92 92
2 92 95
2 92 65
2 92 63
3 4 4
3 9 8
3 9 9
3 9 19
3 9 28
3 9 7
3 9 18
3 9 38
3 9 6
3 14 0
3 14 3
3 14 5
3 14 16
3 32 30
3 32 40
3 32 41
3 32 43
3 32 46
3 32 50
3 32 51
3 32 55
3 32 61
3 32 2
3 32 11
3 32 12
3 32 22
3 32 31
3 32 34
3 32 42
3 32 70
3 32 1
3 32 24
3 32 54
3 35 65
3 60 60
3 78 49
3 78 58
3 78 59
3 78 68
3 78 69
3 78 76
3 78 87
3 78 89
3 78 98
3 78 99
3 78 75
3 78 95
3 78 48
3 92 83
3 92 91
3 92 93
3 92 94
3 92 64
3 92 71
3 92 72
3 92 80
3 92 81
3 92 90
3 92 92
4 4 -1
4 9 8
4 9 9
4 9 39
4 9 7
4 9 38
4 9 6
4 9 37
4 14 0
4 14 27
4 14 3
4 14 5
4 14 14
4 14 15
4 14 25
4 14 26
4 32 20
4 32 62
4 32 21
4 32 40
4 32 41
4 32 43
4 32 46
4 32 50
4 32 55
4 32 61
4 32 2
4 32 11
4 32 12
4 32 13
4 32 31
4 32 32
4 32 52
4 32 53
4 32 73
4 32 1
4 32 23
4 32 24
4 32 33
4 35 36
4 60 60
4 60 63
4 78 58
4 78 59
4 78 67
4 78 69
4 78 76
4 78 77
4 78 79
4 78 85
4 78 87
4 78 88
4 78 89
4 78 96
4 78 97
4 78 98
4 78 99
4 78 57
4 78 66
4 78 75
4 78 78
4 78 95
4 78 45
4 92 83
4 92 91
4 92 94
4 92 64
4 92 72
4 92 80
4 92 81
4 92 82
4 92 90
4 92 92
4 92 65
4 92 54
5 4 4
5 9 8
5 9 9
5 9 19
5 9 29
5 9 39
5 9 7
5 9 18
5 9 38
5 9 6
5 9 37
5 9 17
5 9 26
5 14 0
5 14 27
5 14 48
5 14 44
5 14 23
5 14 42
5 32 20
5 32 62
5 32 74
5 32 21
5 32 40
5 32 41
5 32 43
5 32 46
5 32 50
5 32 51
5 32 55
5 32 61
5 32 2
5 32 11
5 32 12
5 32 13
5 32 31
5 32 32
5 35 36
5 35 78
5 35 45
5 35 65
5 35 5
5 35 15
5 35 16
5 35 22
5 35 34
5 60 60
5 60 52
5 60 53
5 78 49
5 78 58
5 78 59
5 78 68
5 78 69
5 78 76
5 78 77
5 78 79
5 78 85
5 78 86
5 78 88
5 78 89
5 78 96
5 78 97
5 78 98
5 78 99
5 78 47
5 78 56
5 78 66
5 92 83
5 92 84
5 92 91
5 92 93
5 92 94
5 92 64
5 92 75
5 92 95
5 92 71
5 92 72
5 92 81
5 92 82
5 92 90
5 92 92
5 92 54
5 92 70
5 92 73
5 92 63
6 4 4
6 9 9
6 9 19
6 9 28
6 9 29
6 9 7
6 9 18
6 9 38
6 9 6
6 14 0
6 14 27
6 14 48
6 14 3
6 14 5
6 14 14
6 14 15
6 14 16
6 14 42
6 14 44
6 14 1
6 14 23
6 14 24
6 14 25
6 14 33
6 14 17
6 14 26
6 32 20
6 32 62
6 32 10
6 32 40
6 32 41
6 32 43
6 32 46
6 32 51
6 32 55
6 32 2
6 32 11
6 32 12
6 32 13
6 32 31
6 32 32
6 32 34
6 32 53
6 35 36
6 35 45
6 35 35
6 35 52
6 60 60
6 78 49
6 78 58
6 78 59
6 78 68
6 78 69
6 78 76
6 78 77
6 78 79
6 78 85
6 78 87
6 78 88
6 78 96
6 78 99
6 78 47
6 78 56
6 78 66
6 78 75
6 78 78
6 78 95
6 92 84
6 92 93
6 92 94
6 92 64
6 92 71
6 92 82
6 92 90
6 92 54
6 92 73
6 92 63
7 4 4
7 9 8
7 9 19
7 9 28
7 9 7
7 9 38
7 9 6
7 9 26
7 14 0
7 14 27
7 14 3
7 14 5
7 14 14
7 14 15
7 14 44
7 32 62
7 32 74
7 32 10
7 32 40
7 32 41
7 32 46
7 32 50
7 32 51
7 32 55
7 32 61
7 32 11
7 32 12
7 32 13
7 32 22
7 32 31
7 32 32
7 32 34
7 32 42
7 32 52
7 32 53
7 32 70
7 32 1
7 32 23
7 32 24
7 32 33
7 32 73
7 35 36
7 60 -1
7 78 49
7 78 58
7 78 59
7 78 67
7 78 68
7 78 69
7 78 77
7 78 79
7 78 85
7 78 86
7 78 88
7 78 89
7 78 96
7 78 97
7 78 98
7 78 47
7 78 56
7 78 57
7 78 66
7 78 75
7 78 78
7 78 95
7 78 45
7 78 48
7 92 83
7 92 91
7 92 94
7 92 64
7 92 71
7 92 72
7 92 80
7 92 82
7 92 90
7 92 92
7 92 63
8 4 -1
8 9 9
8 9 18
8 14 0
8 14 5
8 14 14
8 14 15
8 14 16
8 14 26
8 32 62
8 32 74
8 32 10
8 32 21
8 32 30
8 32 40
8 32 41
8 32 43
8 32 46
8 32 50
8 32 55
8 32 11
8 32 13
8 32 22
8 32 32
8 32 34
8 32 42
8 32 52
8 32 53
8 32 24
8 32 63
8 32 17
8 35 35
8 60 60
8 78 67
8 78 68
8 78 69
8 78 77
8 78 88
8 78 89
8 78 96
8 78 97
8 78 98
8 78 99
8 78 47
8 78 56
8 78 57
8 78 66
8 78 48
8 78 65
8 78 37
8 78 44
8 78 54
8 92 91
8 92 94
8 92 64
8 92 72
8 92 81
8 92 82
8 92 90
8 92 92
9 4 4
9 9 8
9 9 19
9 9 28
9 9 29
9 9 39
9 9 18
9 9 38
9 9 6
9 9 26
9 14 0
9 14 21
9 14 27
9 14 3
9 14 15
9 14 16
9 32 20
9 32 74
9 32 40
9 32 46
9 32 50
9 32 55
9 32 61
9 32 2
9 32 11
9 32 22
9 32 32
9 32 42
9 32 52
9 32 33
9 32 17
9 35 36
9 35 64
9 35 35
9 60 -1
9 78 58
9 78 59
9 78 68
9 78 69
9 78 79
9 78 86
9 78 87
9 78 96
9 78 97
9 78 98
9 78 99
9 78 56
9 78 57
9 78 48
9 78 37
9 78 44
9 78 54
9 92 93
9 92 71
9 92 82
10 4 4
10 9 19
10 9 7
10 9 18
10 14 0
10 14 21
10 14 27
10 14 2
10 14 3
10 14 22
10 14 34
10 14 23
10 14 25
10 14 26
10 14 44
10 32 20
10 32 10
10 32 46
10 32 51
10 32 61
10 32 53
10 32 63
10 35 36
10 60 81
10 60 90
10 78 67
10 78 86
10 78 97
10 78 56
10 78 57
10 78 75
10 78 78
10 78 45
10 78 48
10 92 92
11 4 4
11 9 -1
11 14 -1
11 32 41
11 32 46
11 32 13
11 32 31
11 32 34
11 35 64
11 35 16
11 35 45
11 35 48
11 60 60
11 78 89
11 78 99
11 92 -1
--- Done ---
