0 60 53
0 92 54
0 92 64
0 92 65
0 92 75
1 4 10
1 4 13
1 4 18
1 4 63
1 35 34
1 35 55
1 35 5
1 35 14
1 35 23
1 35 47
1 35 52
1 35 53
1 35 64
1 35 54
1 35 65
1 60 50
1 60 71
1 78 58
1 78 69
1 78 77
1 78 85
1 78 99
1 78 75
1 78 73
1 92 -1
2 4 2
2 4 10
2 4 11
2 4 4
2 4 6
2 4 16
2 4 18
2 4 24
2 4 14
2 4 17
2 4 23
2 4 25
2 4 26
2 27 28
2 27 29
2 27 38
2 27 7
2 27 36
2 35 -1
2 45 20
2 60 31
2 60 40
2 60 51
2 60 61
2 60 1
2 60 72
2 60 80
2 60 81
2 60 82
2 60 53
2 78 49
2 78 59
2 78 75
2 78 78
2 78 89
2 78 95
2 78 66
2 78 69
2 78 54
2 92 93
2 92 94
2 92 83
2 92 92
2 92 64
2 92 65
2 92 63
3 4 2
3 4 4
3 4 11
3 4 12
3 4 5
3 21 0
3 21 22
3 21 30
3 21 31
3 21 40
3 21 41
3 21 42
3 21 51
3 21 1
3 21 3
3 21 61
3 21 43
3 21 24
3 27 8
3 27 19
3 27 28
3 27 6
3 27 7
3 27 16
3 27 18
3 27 38
3 27 34
3 35 -1
3 45 -1
3 56 9
3 56 46
3 56 55
3 56 65
3 56 54
3 60 50
3 60 60
3 78 49
3 78 87
3 78 98
3 78 99
3 78 59
3 78 68
3 78 76
3 78 89
3 78 95
3 78 58
3 78 69
3 78 75
3 78 48
3 92 91
3 92 93
3 92 94
3 92 70
3 92 71
3 92 72
3 92 80
3 92 81
3 92 83
3 92 90
3 92 92
3 92 64
4 4 2
4 21 0
4 21 21
4 21 11
4 21 12
4 21 31
4 21 40
4 21 41
4 21 1
4 21 3
4 21 13
4 21 20
4 21 61
4 21 32
4 21 43
4 21 23
4 21 24
4 21 33
4 21 14
4 27 8
4 27 39
4 27 6
4 27 5
4 27 7
4 27 38
4 27 25
4 27 27
4 27 36
4 27 15
4 27 26
4 27 37
4 27 63
4 35 -1
4 45 62
4 45 46
4 45 52
4 45 55
4 45 53
4 45 45
4 56 9
4 60 50
4 60 60
4 78 79
4 78 87
4 78 88
4 78 96
4 78 97
4 78 98
4 78 99
4 78 59
4 78 76
4 78 85
4 78 89
4 78 95
4 78 58
4 78 67
4 78 69
4 78 73
4 78 75
4 78 77
4 78 78
4 78 66
4 78 57
4 92 91
4 92 94
4 92 72
4 92 80
4 92 81
4 92 82
4 92 83
4 92 90
4 92 92
4 92 64
4 92 65
4 92 54
5 4 2
5 4 4
5 4 11
5 4 12
5 4 5
5 21 0
5 21 21
5 21 22
5 21 31
5 21 40
5 21 41
5 21 42
5 21 51
5 21 13
5 21 20
5 21 61
5 21 32
5 21 43
5 27 8
5 27 19
5 27 29
5 27 39
5 27 6
5 27 7
5 27 16
5 27 18
5 27 38
5 27 48
5 27 17
5 27 27
5 27 34
5 27 36
5 27 37
5 27 47
5 27 23
5 35 -1
5 45 62
5 45 74
5 45 46
5 45 52
5 45 55
5 45 44
5 45 66
5 45 53
5 45 45
5 56 9
5 56 78
5 56 56
5 56 65
5 56 15
5 56 26
5 56 54
5 56 63
5 60 50
5 60 60
5 78 49
5 78 79
5 78 88
5 78 96
5 78 97
5 78 98
5 78 99
5 78 59
5 78 68
5 78 76
5 78 85
5 78 86
5 78 89
5 78 95
5 78 58
5 78 69
5 78 73
5 78 77
5 92 91
5 92 93
5 92 94
5 92 70
5 92 71
5 92 72
5 92 81
5 92 82
5 92 83
5 92 84
5 92 90
5 92 92
5 92 64
5 92 75
6 4 2
6 4 4
6 4 10
6 4 11
6 4 12
6 21 0
6 21 31
6 21 40
6 21 41
6 21 42
6 21 51
6 21 1
6 21 3
6 21 13
6 21 20
6 21 32
6 21 43
6 21 23
6 21 24
6 21 33
6 21 54
6 27 19
6 27 28
6 27 29
6 27 6
6 27 5
6 27 7
6 27 16
6 27 18
6 27 38
6 27 17
6 27 25
6 27 27
6 27 34
6 27 36
6 27 48
6 27 47
6 27 14
6 35 35
6 45 62
6 45 46
6 45 52
6 45 55
6 45 64
6 45 53
6 45 15
6 45 26
6 45 45
6 45 63
6 56 9
6 56 56
6 60 60
6 78 49
6 78 79
6 78 87
6 78 88
6 78 96
6 78 99
6 78 59
6 78 68
6 78 76
6 78 85
6 78 95
6 78 58
6 78 69
6 78 73
6 78 75
6 78 77
6 78 78
6 78 44
6 78 66
6 92 93
6 92 94
6 92 71
6 92 82
6 92 84
6 92 90
7 4 4
7 21 0
7 21 10
7 21 11
7 21 12
7 21 22
7 21 31
7 21 40
7 21 41
7 21 42
7 21 51
7 21 1
7 21 3
7 21 13
7 21 61
7 21 32
7 21 23
7 21 24
7 21 33
7 21 14
7 27 8
7 27 19
7 27 28
7 27 6
7 27 5
7 27 7
7 27 38
7 27 27
7 27 34
7 27 36
7 27 15
7 27 26
7 27 63
7 35 -1
7 45 62
7 45 74
7 45 83
7 45 46
7 45 55
7 45 64
7 45 45
7 56 56
7 60 50
7 60 70
7 60 71
7 60 72
7 60 80
7 60 82
7 60 90
7 60 52
7 60 53
7 78 49
7 78 79
7 78 88
7 78 96
7 78 97
7 78 98
7 78 59
7 78 68
7 78 85
7 78 86
7 78 89
7 78 95
7 78 58
7 78 67
7 78 69
7 78 73
7 78 75
7 78 77
7 78 78
7 78 44
7 78 48
7 78 66
7 78 47
7 78 57
7 92 91
7 92 94
7 92 92
8 4 5
8 4 16
8 4 18
8 4 17
8 21 0
8 21 21
8 21 10
8 21 11
8 21 22
8 21 30
8 21 40
8 21 41
8 21 42
8 21 13
8 21 32
8 21 43
8 21 24
8 21 14
8 27 -1
8 35 35
8 45 62
8 45 52
8 56 9
8 56 74
8 56 46
8 56 55
8 56 34
8 56 53
8 56 56
8 56 15
8 56 26
8 56 63
8 60 50
8 60 60
8 78 88
8 78 96
8 78 97
8 78 98
8 78 99
8 78 68
8 78 89
8 78 67
8 78 69
8 78 77
8 78 44
8 78 48
8 78 66
8 78 37
8 78 47
8 78 57
8 78 65
8 78 54
8 92 91
8 92 94
8 92 72
8 92 81
8 92 82
8 92 90
8 92 92
8 92 64
9 4 2
9 4 4
9 4 11
9 21 0
9 21 21
9 21 22
9 21 40
9 21 42
9 21 3
9 21 20
9 21 61
9 21 32
9 21 33
9 27 8
9 27 19
9 27 28
9 27 29
9 27 39
9 27 6
9 27 16
9 27 18
9 27 38
9 27 69
9 27 17
9 27 27
9 27 36
9 27 48
9 27 15
9 27 26
9 27 37
9 27 57
9 35 35
9 45 74
9 45 46
9 45 55
9 45 64
9 56 56
9 60 50
9 60 71
9 60 82
9 60 52
9 78 79
9 78 87
9 78 96
9 78 97
9 78 98
9 78 99
9 78 59
9 78 68
9 78 86
9 78 58
9 78 44
9 78 54
9 92 93
10 4 2
10 4 4
10 4 18
10 4 25
10 4 26
10 4 63
10 21 0
10 21 21
10 21 10
10 21 22
10 21 51
10 21 3
10 21 20
10 21 61
10 21 23
10 27 19
10 27 7
10 27 27
10 27 34
10 27 36
10 35 46
10 45 45
10 56 56
10 60 81
10 60 90
10 60 53
10 78 97
10 78 86
10 78 67
10 78 75
10 78 78
10 78 44
10 78 48
10 78 57
10 92 92
11 4 4
11 4 16
11 21 31
11 21 41
11 21 13
11 27 -1
11 35 46
11 35 64
11 35 34
11 35 48
11 45 45
11 56 -1
11 60 60
11 78 99
11 78 89
11 92 -1
--- Done ---
