0 60 -1
0 74 54
0 74 64
0 74 65
0 74 75
0 74 53
1 1 10
1 4 5
1 4 14
1 4 13
1 4 23
1 36 18
1 36 34
1 36 47
1 36 58
1 60 50
1 60 52
1 60 71
1 74 64
1 74 65
1 74 73
1 74 85
1 74 54
1 74 55
1 74 63
1 74 75
1 74 53
1 81 -1
1 88 69
1 88 77
1 88 99
2 1 10
2 1 20
2 1 1
2 1 2
2 1 11
2 4 6
2 4 14
2 4 4
2 4 16
2 4 17
2 4 23
2 4 24
2 4 25
2 36 18
2 36 26
2 36 36
2 39 28
2 39 29
2 39 59
2 39 7
2 39 38
2 39 49
2 60 31
2 60 40
2 60 51
2 60 63
2 60 80
2 60 53
2 74 64
2 74 65
2 74 66
2 74 94
2 74 54
2 74 61
2 74 72
2 74 82
2 81 92
2 81 75
2 81 81
2 81 83
2 81 93
2 88 69
2 88 78
2 88 89
2 88 95
3 1 0
3 1 1
3 1 2
3 1 22
3 1 3
3 1 11
3 1 12
3 4 4
3 17 8
3 17 9
3 17 19
3 17 5
3 17 6
3 17 18
3 17 28
3 17 46
3 17 48
3 17 7
3 17 16
3 21 30
3 21 43
3 21 24
3 36 34
3 36 55
3 39 59
3 39 38
3 39 49
3 39 58
3 60 50
3 60 51
3 60 60
3 60 31
3 60 40
3 60 41
3 60 61
3 60 70
3 60 71
3 60 80
3 60 42
3 74 64
3 74 65
3 74 94
3 74 54
3 81 90
3 81 92
3 81 72
3 81 75
3 81 83
3 81 91
3 81 93
3 81 81
3 88 69
3 88 87
3 88 89
3 88 95
3 88 98
3 88 99
3 88 76
3 88 68
4 1 0
4 1 1
4 1 2
4 4 14
4 4 15
4 17 8
4 17 9
4 17 5
4 17 6
4 17 26
4 17 27
4 17 45
4 17 46
4 17 7
4 17 25
4 17 37
4 21 32
4 21 33
4 21 43
4 21 20
4 21 21
4 21 31
4 21 40
4 21 41
4 21 3
4 21 11
4 21 12
4 21 13
4 21 23
4 21 24
4 36 36
4 39 39
4 39 59
4 39 38
4 39 58
4 60 50
4 60 52
4 60 60
4 60 53
4 74 62
4 74 64
4 74 65
4 74 66
4 74 73
4 74 85
4 74 94
4 74 54
4 74 55
4 74 61
4 74 63
4 74 82
4 81 90
4 81 92
4 81 72
4 81 75
4 81 80
4 81 81
4 81 83
4 81 91
4 88 69
4 88 77
4 88 78
4 88 79
4 88 87
4 88 88
4 88 89
4 88 95
4 88 96
4 88 97
4 88 98
4 88 99
4 88 67
4 88 76
4 88 57
5 1 0
5 1 2
5 1 20
5 1 11
5 1 13
5 1 23
5 1 12
5 4 15
5 4 4
5 17 8
5 17 9
5 17 19
5 17 5
5 17 6
5 17 18
5 17 26
5 17 27
5 17 29
5 17 45
5 17 46
5 17 47
5 17 48
5 17 7
5 17 16
5 17 17
5 17 37
5 21 21
5 36 36
5 39 39
5 39 59
5 39 38
5 39 49
5 39 58
5 43 62
5 43 64
5 43 74
5 43 32
5 43 34
5 43 43
5 43 44
5 43 52
5 43 54
5 43 55
5 43 22
5 43 31
5 43 41
5 43 53
5 43 42
5 60 50
5 60 51
5 60 60
5 60 61
5 60 63
5 60 40
5 74 65
5 74 66
5 74 73
5 74 84
5 74 85
5 74 94
5 81 90
5 81 92
5 81 72
5 81 75
5 81 82
5 81 83
5 81 91
5 81 93
5 81 70
5 81 71
5 81 81
5 88 69
5 88 77
5 88 78
5 88 79
5 88 88
5 88 89
5 88 56
5 88 76
5 88 86
5 88 95
5 88 96
5 88 97
5 88 98
5 88 99
5 88 68
6 1 0
6 1 1
6 1 2
6 1 10
6 1 20
6 1 3
6 1 11
6 1 13
6 1 23
6 1 12
6 4 14
6 4 15
6 4 4
6 17 9
6 17 19
6 17 5
6 17 6
6 17 18
6 17 26
6 17 27
6 17 28
6 17 29
6 17 45
6 17 46
6 17 47
6 17 48
6 17 7
6 17 16
6 17 17
6 21 32
6 21 33
6 21 40
6 36 34
6 36 35
6 36 38
6 36 44
6 36 49
6 36 58
6 36 25
6 36 36
6 36 24
6 36 42
6 39 59
6 43 43
6 60 51
6 60 60
6 60 52
6 60 71
6 60 31
6 60 41
6 74 66
6 74 73
6 74 84
6 74 85
6 74 94
6 74 62
6 74 63
6 74 64
6 74 75
6 74 82
6 74 93
6 74 54
6 74 55
6 74 53
6 81 90
6 88 69
6 88 77
6 88 78
6 88 79
6 88 87
6 88 88
6 88 95
6 88 96
6 88 99
6 88 56
6 88 68
6 88 76
7 1 0
7 1 1
7 1 10
7 1 22
7 4 14
7 4 15
7 4 3
7 4 4
7 4 11
7 4 13
7 4 23
7 4 12
7 4 24
7 17 8
7 17 19
7 17 5
7 17 6
7 17 26
7 17 27
7 17 28
7 17 45
7 17 46
7 17 47
7 17 48
7 17 7
7 21 32
7 21 33
7 36 34
7 36 38
7 36 44
7 36 49
7 36 58
7 36 36
7 39 59
7 43 -1
7 60 50
7 60 51
7 60 40
7 60 52
7 60 61
7 60 63
7 60 70
7 60 71
7 60 80
7 60 31
7 60 41
7 60 42
7 74 66
7 74 73
7 74 85
7 74 94
7 74 62
7 74 64
7 74 72
7 74 74
7 74 75
7 74 82
7 74 83
7 74 86
7 74 91
7 74 55
7 74 53
7 81 90
7 81 92
7 88 69
7 88 77
7 88 78
7 88 79
7 88 88
7 88 89
7 88 95
7 88 96
7 88 97
7 88 98
7 88 56
7 88 67
7 88 68
7 88 57
8 1 0
8 1 10
8 4 14
8 4 15
8 17 9
8 17 5
8 17 18
8 17 26
8 17 46
8 17 47
8 17 48
8 17 16
8 17 17
8 17 37
8 21 21
8 21 30
8 21 32
8 21 40
8 21 11
8 21 13
8 21 22
8 21 41
8 21 24
8 21 42
8 36 34
8 36 35
8 36 44
8 39 -1
8 43 43
8 60 50
8 60 60
8 60 52
8 74 65
8 74 66
8 74 94
8 74 62
8 74 63
8 74 64
8 74 72
8 74 74
8 74 82
8 74 91
8 74 54
8 74 55
8 74 53
8 81 90
8 81 92
8 81 81
8 88 69
8 88 77
8 88 88
8 88 89
8 88 96
8 88 97
8 88 98
8 88 99
8 88 56
8 88 67
8 88 68
8 88 57
9 1 0
9 1 2
9 1 20
9 1 3
9 1 11
9 1 22
9 4 15
9 4 4
9 17 8
9 17 19
9 17 6
9 17 18
9 17 26
9 17 27
9 17 28
9 17 29
9 17 46
9 17 48
9 17 16
9 17 17
9 17 37
9 21 21
9 21 32
9 21 33
9 21 40
9 36 35
9 36 44
9 36 36
9 39 39
9 39 59
9 39 38
9 39 58
9 43 64
9 60 50
9 60 52
9 60 61
9 60 71
9 60 42
9 74 74
9 74 82
9 74 93
9 74 54
9 74 55
9 81 -1
9 88 69
9 88 79
9 88 87
9 88 96
9 88 97
9 88 98
9 88 99
9 88 56
9 88 68
9 88 86
9 88 57
10 1 0
10 1 2
10 1 10
10 1 20
10 1 3
10 1 22
10 1 23
10 4 4
10 17 19
10 17 18
10 17 26
10 17 27
10 17 45
10 17 46
10 17 48
10 17 7
10 17 25
10 21 21
10 36 34
10 36 44
10 36 36
10 36 53
10 39 -1
10 43 -1
10 60 51
10 60 61
10 60 63
10 74 -1
10 81 90
10 81 92
10 81 75
10 81 81
10 88 78
10 88 97
10 88 56
10 88 67
10 88 86
10 88 57
11 1 -1
11 4 4
11 4 13
11 17 48
11 21 -1
11 36 34
11 36 45
11 36 46
11 36 16
11 39 -1
11 43 64
11 43 31
11 43 41
11 60 60
11 74 -1
11 81 -1
11 88 89
11 88 99
--- Done ---
