0 7 -1
0 60 61
0 60 72
0 60 82
0 70 62
0 70 71
1 7 3
1 7 14
1 7 15
1 7 17
1 7 48
1 7 69
1 60 20
1 60 21
1 60 22
1 60 23
1 60 32
1 60 60
1 60 61
1 60 62
1 60 67
1 60 72
1 60 73
1 60 82
1 60 86
1 60 98
1 70 10
1 70 54
1 70 58
1 70 63
1 70 71
1 70 87
2 7 2
2 7 3
2 7 4
2 7 6
2 7 14
2 7 16
2 7 18
2 7 25
2 7 37
2 7 47
2 7 49
2 7 56
2 7 57
2 7 77
2 7 99
2 60 1
2 60 11
2 60 22
2 60 23
2 60 34
2 60 41
2 60 42
2 60 55
2 60 59
2 60 61
2 60 62
2 60 67
2 60 72
2 60 73
2 60 82
2 60 84
2 70 10
2 70 45
2 70 51
2 70 53
2 70 71
2 70 76
2 70 79
2 70 80
2 70 85
2 70 87
2 70 88
2 70 95
3 7 3
3 7 4
3 7 6
3 7 7
3 7 8
3 7 12
3 7 14
3 7 29
3 7 35
3 7 37
3 7 47
3 7 48
3 7 56
3 7 57
3 7 69
3 7 88
3 7 89
3 7 96
3 60 0
3 60 1
3 60 20
3 60 32
3 60 33
3 60 39
3 60 50
3 60 52
3 60 55
3 60 60
3 60 61
3 60 67
3 60 72
3 60 73
3 60 74
3 60 75
3 60 78
3 60 84
3 60 86
3 60 91
3 60 92
3 60 95
3 60 98
3 70 10
3 70 31
3 70 44
3 70 54
3 70 58
3 70 70
3 70 71
3 70 79
3 70 80
3 70 81
3 70 82
4 7 2
4 7 3
4 7 4
4 7 6
4 7 7
4 7 9
4 7 12
4 7 14
4 7 15
4 7 19
4 7 24
4 7 26
4 7 27
4 7 28
4 7 35
4 7 36
4 7 46
4 7 47
4 7 48
4 7 57
4 7 68
4 7 69
4 7 77
4 7 89
4 7 97
4 60 0
4 60 11
4 60 20
4 60 21
4 60 34
4 60 40
4 60 41
4 60 52
4 60 55
4 60 60
4 60 61
4 60 62
4 60 64
4 60 72
4 60 73
4 60 75
4 60 84
4 60 86
4 60 91
4 60 93
4 60 99
4 70 10
4 70 31
4 70 38
4 70 44
4 70 45
4 70 54
4 70 58
4 70 63
4 70 70
4 70 71
4 70 76
4 70 79
4 70 80
4 70 81
4 70 83
4 70 85
4 70 87
4 70 88
4 70 90
4 70 92
4 70 96
5 7 2
5 7 3
5 7 4
5 7 5
5 7 6
5 7 7
5 7 8
5 7 9
5 7 12
5 7 13
5 7 14
5 7 16
5 7 18
5 7 24
5 7 25
5 7 26
5 7 27
5 7 28
5 7 29
5 7 35
5 7 36
5 7 46
5 7 47
5 7 49
5 7 56
5 60 0
5 60 1
5 60 20
5 60 22
5 60 32
5 60 33
5 60 34
5 60 39
5 60 41
5 60 42
5 60 50
5 60 52
5 60 55
5 60 59
5 60 61
5 60 67
5 60 68
5 60 69
5 60 73
5 60 77
5 60 83
5 70 10
5 70 31
5 70 38
5 70 45
5 70 51
5 70 54
5 70 58
5 70 66
5 70 70
5 70 71
5 70 72
5 70 76
5 70 79
5 70 80
5 70 81
6 7 2
6 7 4
6 7 6
6 7 7
6 7 8
6 7 12
6 7 14
6 7 15
6 7 16
6 7 19
6 7 24
6 7 26
6 7 27
6 7 29
6 7 35
6 7 36
6 7 37
6 7 46
6 7 47
6 7 49
6 60 0
6 60 20
6 60 21
6 60 22
6 60 23
6 60 30
6 60 32
6 60 34
6 60 39
6 60 41
6 60 42
6 60 50
6 60 55
6 60 57
6 60 59
6 60 62
6 60 64
6 60 65
6 60 67
6 60 68
6 60 69
6 60 73
6 60 75
6 60 78
6 70 10
6 70 31
6 70 38
6 70 43
6 70 44
6 70 45
6 70 51
6 70 53
6 70 54
6 70 58
6 70 63
6 70 66
6 70 70
6 70 71
6 70 80
6 70 81
6 70 82
6 70 83
6 70 84
6 70 86
6 70 88
6 70 89
7 7 2
7 7 3
7 7 4
7 7 7
7 7 9
7 7 12
7 7 13
7 7 16
7 7 19
7 7 24
7 7 26
7 7 27
7 7 28
7 7 29
7 7 35
7 7 36
7 7 37
7 7 46
7 7 49
7 7 56
7 7 57
7 7 66
7 60 0
7 60 1
7 60 11
7 60 20
7 60 22
7 60 32
7 60 33
7 60 34
7 60 39
7 60 41
7 60 42
7 60 50
7 60 52
7 60 61
7 60 62
7 60 64
7 60 68
7 60 69
7 60 74
7 60 75
7 60 77
7 60 78
7 60 84
7 60 94
7 70 31
7 70 38
7 70 43
7 70 44
7 70 45
7 70 51
7 70 53
7 70 54
7 70 58
7 70 76
7 70 79
7 70 80
7 70 81
7 70 85
7 70 87
7 70 88
7 70 90
7 70 92
7 70 96
7 70 97
7 70 99
8 7 2
8 7 5
8 7 6
8 7 7
8 7 8
8 7 9
8 7 12
8 7 13
8 7 24
8 7 25
8 7 26
8 7 29
8 7 35
8 7 36
8 7 46
8 7 48
8 7 49
8 7 66
8 7 68
8 7 69
8 7 97
8 60 1
8 60 11
8 60 21
8 60 32
8 60 41
8 60 42
8 60 55
8 60 62
8 60 65
8 60 67
8 60 73
8 60 74
8 60 75
8 60 82
8 60 84
8 60 86
8 60 91
8 60 99
8 70 10
8 70 31
8 70 38
8 70 44
8 70 51
8 70 54
8 70 70
8 70 71
8 70 79
8 70 80
8 70 81
8 70 85
8 70 87
8 70 88
8 70 90
8 70 92
8 70 96
9 7 2
9 7 4
9 7 5
9 7 6
9 7 8
9 7 13
9 7 14
9 7 24
9 7 26
9 7 28
9 7 35
9 7 36
9 7 37
9 7 46
9 7 47
9 7 56
9 7 57
9 7 68
9 7 89
9 60 0
9 60 11
9 60 20
9 60 30
9 60 32
9 60 33
9 60 41
9 60 42
9 60 50
9 60 59
9 60 60
9 60 62
9 60 65
9 60 72
9 60 73
9 60 78
9 60 98
9 70 10
9 70 31
9 70 43
9 70 58
9 70 63
9 70 81
9 70 90
9 70 92
10 7 2
10 7 3
10 7 5
10 7 6
10 7 8
10 7 13
10 7 16
10 7 46
10 7 68
10 7 77
10 7 97
10 60 1
10 60 22
10 60 23
10 60 30
10 60 41
10 60 42
10 60 50
10 60 59
10 60 65
10 60 67
10 60 78
10 60 91
10 60 93
10 60 98
10 70 53
10 70 80
10 70 83
10 70 90
10 70 95
10 70 96
11 7 8
11 7 47
11 7 69
11 7 77
11 7 89
11 60 20
11 60 40
11 60 42
11 60 52
11 60 62
11 60 98
11 70 81
11 70 83
--- Done ---
