0 72 62
0 72 71
0 72 72
0 72 73
0 72 82
1 7 4
1 7 15
1 7 16
1 7 35
1 7 36
1 7 48
1 22 0
1 22 1
1 22 3
1 22 12
1 22 20
1 22 22
1 22 24
1 22 30
1 22 31
1 22 32
1 22 41
1 22 42
1 22 61
1 68 46
1 68 47
1 68 49
1 68 57
1 68 66
1 68 79
1 68 86
1 68 87
1 68 89
1 72 54
1 72 60
1 72 62
1 72 72
1 72 73
1 72 82
1 75 40
1 75 45
1 75 53
1 75 55
1 75 56
1 75 74
1 75 75
1 75 84
1 75 85
1 75 95
2 7 4
2 7 9
2 7 14
2 7 16
2 7 18
2 7 27
2 7 28
2 7 35
2 7 36
2 22 2
2 22 12
2 22 21
2 22 22
2 22 24
2 22 41
2 22 42
2 66 63
2 66 65
2 66 84
2 68 29
2 68 49
2 68 55
2 68 56
2 68 59
2 68 76
2 68 77
2 68 78
2 68 86
2 68 89
2 68 97
2 68 99
2 72 51
2 72 61
2 72 62
2 72 70
2 72 74
2 72 82
2 72 91
2 72 93
3 7 4
3 7 16
3 7 26
3 7 36
3 7 37
3 21 0
3 21 10
3 21 21
3 21 32
3 21 43
3 21 51
3 21 52
3 66 25
3 66 34
3 66 44
3 66 47
3 66 49
3 66 56
3 66 57
3 66 74
3 66 77
3 66 83
3 66 88
3 66 95
3 68 78
3 68 89
3 68 96
3 71 33
3 71 40
3 71 54
3 71 55
3 71 62
3 71 63
3 71 71
3 71 72
3 71 73
3 71 80
3 71 82
3 71 91
3 71 93
4 7 6
4 7 7
4 7 14
4 7 15
4 7 16
4 7 36
4 7 37
4 7 48
4 21 1
4 21 10
4 21 12
4 21 20
4 21 22
4 21 24
4 21 30
4 21 31
4 21 42
4 27 27
4 27 39
4 27 44
4 27 45
4 27 46
4 27 53
4 27 56
4 27 58
4 71 43
4 71 60
4 71 62
4 71 70
4 71 71
4 71 74
4 71 80
4 71 82
4 71 83
4 71 90
4 71 93
4 77 57
4 77 66
4 77 67
4 77 68
4 77 77
4 77 78
5 7 6
5 7 17
5 7 18
5 7 19
5 7 28
5 7 35
5 7 36
5 21 1
5 21 2
5 21 11
5 21 21
5 21 31
5 21 33
5 21 40
5 27 24
5 27 27
5 27 39
5 27 44
5 27 45
5 27 46
5 27 49
5 27 56
5 27 58
5 71 51
5 71 52
5 71 60
5 71 62
5 71 65
5 71 71
5 71 80
5 71 81
5 71 82
5 71 83
5 71 94
5 77 53
5 77 57
5 77 67
5 77 76
5 77 85
5 77 95
5 77 98
6 7 6
6 7 17
6 7 19
6 7 26
6 7 35
6 7 36
6 7 37
6 7 48
6 21 1
6 21 10
6 21 13
6 21 21
6 21 24
6 21 30
6 21 31
6 21 32
6 21 33
6 21 42
6 66 34
6 66 45
6 66 53
6 66 61
6 66 84
6 66 95
6 68 29
6 68 55
6 68 65
6 68 67
6 68 75
6 68 77
6 68 78
6 68 86
6 68 87
6 68 99
6 71 50
6 71 51
6 71 60
6 71 62
6 71 71
6 71 73
6 71 80
6 71 81
6 71 91
6 71 92
6 71 93
7 7 6
7 7 14
7 7 16
7 7 27
7 7 35
7 7 37
7 7 48
7 21 0
7 21 11
7 21 12
7 21 20
7 21 21
7 21 22
7 21 23
7 21 30
7 21 31
7 21 42
7 66 25
7 66 44
7 66 45
7 66 49
7 66 53
7 66 54
7 66 55
7 66 58
7 66 63
7 66 66
7 66 75
7 66 84
7 66 95
7 68 38
7 68 39
7 68 46
7 68 64
7 68 67
7 68 69
7 68 76
7 68 86
7 68 87
7 68 88
7 68 96
7 71 33
7 71 60
7 71 61
7 71 70
7 71 71
7 71 91
7 71 92
8 7 5
8 7 6
8 7 8
8 7 15
8 7 17
8 7 37
8 7 48
8 32 2
8 32 3
8 32 12
8 32 21
8 32 23
8 32 24
8 32 32
8 32 41
8 32 45
8 32 54
8 66 25
8 66 34
8 66 49
8 66 52
8 66 56
8 66 57
8 66 59
8 66 61
8 66 64
8 66 67
8 66 74
8 66 75
8 66 76
8 66 86
8 66 87
8 66 95
8 66 96
8 66 99
8 71 51
8 71 62
8 71 71
8 71 80
8 71 81
8 71 82
8 71 83
8 71 92
9 7 4
9 7 5
9 7 6
9 7 7
9 7 16
9 7 17
9 7 18
9 32 1
9 32 11
9 32 13
9 32 20
9 32 23
9 32 31
9 32 41
9 32 42
9 32 60
9 32 70
9 33 0
9 33 3
9 33 24
9 33 25
9 33 30
9 33 33
9 33 46
9 33 52
9 33 53
9 68 29
9 68 38
9 68 39
9 68 47
9 68 55
9 68 65
9 68 69
9 68 96
9 68 99
9 84 63
9 84 66
9 84 71
9 84 76
9 84 83
9 84 84
9 84 86
9 84 91
9 84 92
9 84 94
--- Done ---
