0 73 62
0 73 71
0 73 72
0 73 73
0 73 82
1 7 16
1 7 35
1 21 0
1 21 1
1 21 12
1 21 20
1 21 22
1 21 30
1 21 31
1 21 32
1 21 40
1 21 41
1 21 42
1 24 3
1 24 4
1 24 15
1 24 24
1 24 45
1 47 36
1 47 46
1 47 47
1 47 48
1 47 49
1 47 55
1 47 56
1 47 57
1 47 66
1 73 53
1 73 54
1 73 62
1 73 73
1 73 74
1 73 82
1 73 84
1 73 85
1 80 60
1 80 61
1 80 72
1 87 75
1 87 79
1 87 86
1 87 87
1 87 89
1 87 95
2 7 14
2 7 18
2 7 27
2 7 35
2 21 12
2 21 21
2 21 22
2 21 41
2 24 2
2 24 4
2 24 16
2 24 24
2 38 9
2 47 28
2 47 29
2 47 36
2 47 49
2 47 55
2 47 56
2 47 59
2 73 42
2 73 51
2 73 62
2 73 63
2 73 65
2 73 74
2 73 84
2 73 93
2 80 61
2 80 70
2 80 82
2 80 91
2 87 76
2 87 77
2 87 78
2 87 86
2 87 89
2 87 97
2 87 99
3 7 16
3 21 0
3 21 10
3 21 21
3 21 33
3 21 40
3 24 4
3 24 25
3 24 32
3 24 34
3 24 43
3 38 36
3 47 26
3 47 37
3 47 47
3 47 49
3 47 55
3 47 56
3 47 57
3 73 44
3 73 51
3 73 52
3 73 54
3 73 62
3 73 63
3 73 72
3 73 73
3 73 74
3 73 82
3 73 93
3 73 95
3 80 71
3 80 80
3 80 83
3 80 91
3 87 77
3 87 78
3 87 88
3 87 89
3 87 96
4 7 6
4 7 7
4 7 14
4 7 16
4 21 1
4 21 10
4 21 12
4 21 20
4 21 22
4 21 30
4 21 31
4 24 15
4 24 24
4 24 43
4 24 44
4 24 45
4 38 27
4 38 36
4 38 37
4 38 39
4 38 46
4 47 48
4 47 56
4 47 57
4 47 66
4 47 68
4 73 42
4 73 53
4 73 62
4 73 71
4 73 74
4 73 82
4 73 83
4 73 93
4 80 60
4 80 70
4 80 80
4 80 90
4 87 58
4 87 67
4 87 77
4 87 78
5 7 6
5 7 17
5 7 18
5 7 19
5 7 27
5 7 28
5 7 35
5 21 1
5 21 2
5 21 11
5 21 21
5 21 31
5 21 33
5 21 40
5 24 24
5 24 44
5 24 45
5 38 58
5 47 36
5 47 39
5 47 46
5 47 49
5 47 56
5 47 57
5 73 51
5 73 52
5 73 53
5 73 62
5 73 65
5 73 71
5 73 82
5 73 85
5 73 95
5 80 60
5 80 80
5 80 81
5 80 83
5 87 67
5 87 76
5 87 94
5 87 98
6 7 6
6 7 17
6 7 19
6 21 1
6 21 10
6 21 21
6 21 30
6 21 31
6 24 13
6 24 24
6 24 32
6 24 33
6 24 34
6 24 35
6 24 45
6 38 37
6 47 26
6 47 29
6 47 36
6 47 48
6 47 55
6 47 67
6 73 42
6 73 51
6 73 53
6 73 62
6 73 65
6 73 73
6 73 84
6 73 93
6 80 50
6 80 60
6 80 61
6 80 71
6 80 80
6 80 81
6 80 91
6 80 92
6 87 75
6 87 77
6 87 78
6 87 86
6 87 87
6 87 95
6 87 99
7 7 6
7 7 14
7 7 16
7 7 27
7 7 35
7 21 0
7 21 11
7 21 12
7 21 20
7 21 21
7 21 22
7 21 30
7 21 31
7 24 23
7 24 25
7 24 33
7 24 45
7 38 38
7 38 46
7 47 37
7 47 39
7 47 48
7 47 49
7 47 55
7 47 66
7 73 42
7 73 44
7 73 53
7 73 54
7 73 63
7 73 64
7 73 84
7 73 92
7 73 95
7 80 60
7 80 61
7 80 70
7 80 71
7 80 91
7 87 58
7 87 67
7 87 69
7 87 75
7 87 76
7 87 86
7 87 87
7 87 88
7 87 96
8 7 5
8 7 6
8 7 8
8 7 17
8 21 2
8 21 12
8 21 21
8 21 23
8 21 32
8 21 41
8 24 3
8 24 15
8 24 24
8 24 25
8 24 34
8 24 45
8 38 37
8 38 48
8 38 59
8 47 49
8 47 56
8 73 51
8 73 52
8 73 54
8 73 62
8 73 64
8 73 71
8 73 74
8 80 61
8 80 80
8 80 81
8 80 82
8 80 83
8 80 92
8 87 57
8 87 67
8 87 75
8 87 76
8 87 86
8 87 87
8 87 95
8 87 96
8 87 99
9 7 5
9 7 6
9 7 7
9 7 16
9 7 17
9 7 18
9 21 0
9 21 1
9 21 11
9 21 20
9 21 30
9 21 31
9 21 41
9 21 42
9 21 52
9 24 3
9 24 4
9 24 13
9 24 23
9 24 24
9 24 25
9 24 33
9 38 38
9 47 29
9 47 39
9 47 46
9 47 47
9 47 55
9 47 66
9 73 53
9 73 63
9 73 65
9 73 71
9 73 83
9 73 84
9 73 94
9 80 60
9 80 70
9 80 91
9 80 92
9 87 69
9 87 76
9 87 86
9 87 96
9 87 99
--- Done ---
