0 7 -1
0 67 -1
0 73 61
0 73 62
0 73 71
0 73 72
0 73 82
1 3 3
1 3 10
1 3 17
1 3 20
1 3 21
1 3 22
1 3 23
1 7 14
1 7 15
1 7 48
1 67 54
1 67 58
1 67 67
1 67 69
1 67 86
1 67 87
1 67 98
1 73 32
1 73 60
1 73 61
1 73 62
1 73 63
1 73 71
1 73 72
1 73 73
1 73 82
2 3 1
2 3 3
2 3 10
2 3 11
2 3 22
2 3 23
2 3 25
2 3 34
2 7 4
2 7 6
2 7 14
2 7 16
2 7 18
2 7 37
2 50 2
2 50 41
2 50 42
2 50 51
2 50 53
2 50 61
2 50 62
2 50 71
2 50 72
2 50 80
2 67 45
2 67 47
2 67 55
2 67 56
2 67 59
2 67 67
2 67 76
2 67 77
2 67 85
2 68 49
2 68 57
2 68 79
2 68 87
2 68 88
2 68 99
2 73 73
2 73 82
2 73 84
2 73 95
3 3 0
3 3 1
3 3 3
3 3 10
3 3 12
3 3 20
3 3 31
3 3 33
3 7 4
3 7 6
3 7 7
3 7 8
3 7 14
3 7 35
3 7 37
3 7 48
3 50 32
3 50 44
3 50 50
3 50 52
3 50 60
3 50 61
3 50 70
3 50 71
3 50 72
3 50 80
3 67 47
3 67 54
3 67 55
3 67 56
3 67 57
3 67 67
3 67 69
3 67 74
3 67 86
3 67 95
3 67 98
3 68 29
3 68 39
3 68 58
3 68 75
3 68 78
3 68 79
3 68 88
3 68 89
3 68 96
3 73 73
3 73 81
3 73 82
3 73 84
3 73 91
3 73 92
4 3 0
4 3 3
4 3 11
4 3 12
4 3 20
4 3 24
4 3 34
4 3 41
4 7 4
4 7 6
4 7 7
4 7 9
4 7 14
4 7 15
4 7 19
4 7 26
4 7 27
4 7 28
4 7 35
4 7 36
4 7 48
4 50 2
4 50 10
4 50 21
4 50 31
4 50 40
4 50 44
4 50 45
4 50 52
4 50 60
4 50 61
4 50 62
4 50 70
4 50 71
4 50 72
4 50 80
4 50 90
4 67 38
4 67 54
4 67 57
4 67 58
4 67 75
4 67 85
4 67 86
4 67 87
4 67 88
4 67 96
4 68 46
4 68 47
4 68 55
4 68 64
4 68 68
4 68 69
4 68 76
4 68 77
4 68 79
4 68 89
4 68 97
4 68 99
4 73 63
4 73 73
4 73 81
4 73 82
4 73 83
4 73 84
4 73 91
4 73 92
4 73 93
5 3 0
5 3 1
5 3 2
5 3 3
5 3 10
5 3 12
5 3 13
5 3 20
5 3 22
5 3 24
5 3 25
5 3 31
5 3 33
5 3 34
5 3 41
5 7 4
5 7 5
5 7 6
5 7 7
5 7 8
5 7 9
5 7 14
5 7 16
5 7 18
5 7 26
5 7 27
5 7 28
5 7 35
5 7 36
5 50 32
5 50 42
5 50 45
5 50 50
5 50 51
5 50 52
5 50 61
5 50 70
5 50 71
5 50 72
5 50 80
5 50 90
5 67 54
5 67 67
5 67 85
5 68 29
5 68 38
5 68 39
5 68 46
5 68 47
5 68 49
5 68 55
5 68 56
5 68 58
5 68 59
5 68 66
5 68 68
5 68 69
5 68 76
5 68 77
5 68 79
5 68 86
5 68 88
5 68 89
5 68 96
5 68 97
5 68 99
5 73 73
5 73 81
5 73 82
5 73 83
5 73 91
5 73 92
5 73 94
5 73 95
6 3 0
6 3 2
6 3 4
6 3 10
6 3 12
6 3 20
6 3 22
6 3 23
6 3 24
6 3 31
6 3 34
6 3 41
6 7 6
6 7 7
6 7 8
6 7 14
6 7 15
6 7 16
6 7 19
6 7 26
6 7 27
6 7 35
6 7 36
6 50 21
6 50 30
6 50 32
6 50 42
6 50 43
6 50 44
6 50 45
6 50 50
6 50 51
6 50 53
6 50 62
6 50 70
6 50 71
6 50 80
6 50 90
6 67 39
6 67 54
6 67 67
6 67 98
6 68 29
6 68 37
6 68 38
6 68 46
6 68 47
6 68 49
6 68 55
6 68 57
6 68 58
6 68 59
6 68 64
6 68 65
6 68 66
6 68 68
6 68 69
6 68 75
6 68 78
6 68 86
6 68 88
6 68 89
6 68 96
6 68 97
6 68 99
6 73 63
6 73 73
6 73 81
6 73 82
6 73 83
6 73 84
6 73 94
6 73 95
7 3 0
7 3 1
7 3 2
7 3 3
7 3 12
7 3 13
7 3 20
7 3 22
7 3 24
7 3 33
7 3 34
7 3 41
7 7 4
7 7 7
7 7 9
7 7 16
7 7 19
7 7 26
7 7 27
7 7 28
7 7 35
7 7 36
7 7 37
7 50 11
7 50 31
7 50 42
7 50 44
7 50 50
7 50 51
7 50 52
7 50 53
7 50 61
7 50 62
7 50 80
7 50 90
7 67 39
7 67 45
7 67 46
7 67 54
7 67 57
7 67 64
7 67 66
7 67 74
7 67 76
7 67 78
7 67 85
7 68 29
7 68 38
7 68 49
7 68 56
7 68 58
7 68 68
7 68 69
7 68 75
7 68 77
7 68 79
7 68 87
7 68 88
7 68 96
7 68 97
7 68 99
7 73 32
7 73 43
7 73 81
7 73 84
7 73 92
7 73 94
8 3 1
8 3 2
8 3 5
8 3 10
8 3 11
8 3 12
8 3 13
8 3 21
8 3 24
8 3 25
8 3 31
8 3 41
8 7 6
8 7 7
8 7 8
8 7 9
8 7 26
8 7 35
8 7 36
8 7 48
8 50 32
8 50 44
8 50 51
8 50 62
8 50 70
8 50 80
8 50 90
8 67 66
8 67 67
8 67 88
8 68 29
8 68 38
8 68 46
8 68 49
8 68 55
8 68 65
8 68 68
8 68 69
8 68 79
8 68 86
8 68 87
8 68 96
8 68 97
8 68 99
8 73 42
8 73 54
8 73 71
8 73 73
8 73 74
8 73 75
8 73 81
8 73 82
8 73 84
8 73 85
8 73 91
8 73 92
9 3 0
9 3 2
9 3 10
9 3 11
9 3 13
9 3 20
9 3 24
9 3 31
9 3 33
9 3 41
9 7 4
9 7 5
9 7 6
9 7 8
9 7 14
9 7 26
9 7 28
9 7 35
9 7 36
9 7 37
9 50 30
9 50 32
9 50 50
9 50 60
9 50 90
9 67 46
9 67 56
9 67 57
9 67 59
9 67 65
9 67 98
9 68 47
9 68 58
9 68 68
9 68 78
9 68 89
9 73 42
9 73 43
9 73 62
9 73 63
9 73 72
9 73 73
9 73 81
9 73 92
10 3 1
10 3 3
10 3 13
10 3 22
10 3 23
10 3 41
10 7 5
10 7 6
10 7 8
10 7 16
10 50 2
10 50 30
10 50 50
10 50 53
10 50 80
10 50 90
10 67 46
10 67 65
10 67 67
10 67 77
10 67 78
10 67 95
10 67 98
10 68 59
10 68 68
10 68 96
10 68 97
10 73 42
10 73 83
10 73 91
10 73 93
11 3 20
11 7 8
11 50 40
11 50 52
11 67 69
11 67 98
11 68 47
11 68 77
11 68 89
11 73 42
11 73 62
11 73 81
11 73 83
--- Done ---
