0 40 71
0 82 62
0 82 72
0 82 73
0 82 82
1 7 16
1 7 35
1 12 0
1 12 1
1 12 3
1 12 4
1 12 12
1 12 15
1 12 22
1 12 32
1 37 24
1 37 36
1 37 46
1 37 47
1 37 48
1 37 49
1 37 55
1 37 56
1 37 57
1 40 20
1 40 30
1 40 31
1 40 40
1 40 60
1 40 61
1 53 41
1 53 42
1 53 45
1 53 53
1 53 54
1 53 62
1 53 66
1 53 73
1 53 74
1 82 72
1 82 82
1 82 84
1 82 85
1 87 75
1 87 79
1 87 86
1 87 87
1 87 89
1 87 95
2 7 14
2 7 16
2 7 27
2 7 28
2 7 35
2 12 2
2 12 12
2 12 21
2 12 22
2 12 41
2 18 4
2 18 9
2 18 18
2 18 29
2 18 36
2 18 59
2 37 24
2 37 49
2 37 55
2 37 56
2 53 42
2 53 51
2 53 61
2 53 63
2 53 74
2 82 62
2 82 65
2 82 70
2 82 82
2 82 84
2 82 91
2 82 93
2 87 76
2 87 77
2 87 78
2 87 86
2 87 89
2 87 97
2 87 99
3 7 16
3 18 4
3 18 36
3 21 0
3 21 10
3 21 21
3 21 32
3 21 33
3 21 40
3 37 25
3 37 26
3 37 37
3 37 47
3 37 49
3 37 55
3 37 56
3 37 57
3 53 34
3 53 43
3 53 44
3 53 51
3 53 52
3 53 54
3 53 62
3 53 63
3 53 73
3 53 74
3 87 77
3 87 78
3 87 88
3 87 89
3 87 95
3 87 96
3 92 71
3 92 72
3 92 80
3 92 82
3 92 83
3 92 91
3 92 93
4 7 6
4 7 7
4 7 14
4 7 16
4 7 27
4 21 1
4 21 10
4 21 12
4 21 20
4 21 22
4 21 24
4 21 30
4 21 31
4 21 42
4 55 15
4 55 36
4 55 37
4 55 44
4 55 45
4 55 46
4 55 53
4 55 57
4 55 58
4 55 66
4 55 67
4 55 74
4 59 39
4 59 48
4 59 56
4 59 68
4 59 77
4 59 78
4 71 43
4 71 60
4 71 62
4 71 70
4 71 71
4 71 80
4 71 82
4 71 83
4 71 93
4 92 90
5 7 6
5 7 17
5 7 18
5 7 19
5 7 27
5 7 28
5 7 35
5 21 1
5 21 2
5 21 11
5 21 21
5 21 24
5 21 31
5 21 33
5 21 40
5 21 52
5 55 36
5 55 44
5 55 45
5 55 46
5 55 53
5 55 58
5 55 65
5 59 39
5 59 49
5 59 56
5 59 67
5 71 51
5 71 60
5 71 62
5 71 71
5 71 80
5 71 81
5 71 82
5 71 83
5 87 57
5 87 76
5 87 85
5 87 94
5 87 95
5 87 98
6 7 6
6 7 17
6 7 19
6 7 35
6 21 1
6 21 10
6 21 21
6 21 30
6 21 31
6 37 26
6 37 29
6 37 34
6 37 36
6 37 37
6 37 48
6 44 13
6 44 24
6 44 32
6 44 33
6 44 42
6 44 51
6 44 53
6 44 55
6 44 65
6 80 50
6 80 60
6 80 61
6 80 71
6 80 80
6 80 81
6 80 91
6 80 92
6 84 45
6 84 62
6 84 73
6 84 84
6 84 93
6 87 67
6 87 75
6 87 77
6 87 78
6 87 86
6 87 87
6 87 95
6 87 99
7 7 6
7 7 14
7 7 16
7 7 27
7 7 35
7 21 0
7 21 11
7 21 12
7 21 20
7 21 21
7 21 22
7 21 23
7 21 30
7 21 31
7 21 33
7 21 42
7 37 25
7 37 37
7 37 38
7 37 39
7 37 48
7 37 49
7 37 55
7 44 44
7 44 46
7 44 53
7 44 54
7 44 64
7 44 66
7 80 60
7 80 61
7 80 70
7 80 71
7 80 91
7 84 45
7 84 63
7 84 75
7 84 76
7 84 84
7 84 92
7 87 58
7 87 67
7 87 69
7 87 86
7 87 87
7 87 88
7 87 95
7 87 96
8 7 5
8 7 6
8 7 8
8 7 17
8 13 2
8 13 3
8 13 12
8 13 15
8 13 21
8 13 23
8 13 24
8 13 25
8 47 37
8 47 48
8 47 49
8 47 56
8 47 59
8 47 67
8 53 32
8 53 34
8 53 41
8 53 45
8 53 52
8 53 54
8 53 64
8 53 74
8 53 75
8 81 51
8 81 61
8 81 62
8 81 71
8 81 80
8 81 81
8 81 82
8 81 83
8 81 92
8 87 57
8 87 76
8 87 86
8 87 87
8 87 95
8 87 96
8 87 99
9 7 5
9 7 6
9 7 7
9 7 16
9 7 17
9 7 18
9 13 3
9 13 4
9 13 13
9 13 23
9 13 25
9 13 31
9 13 33
9 21 0
9 21 1
9 21 11
9 21 20
9 21 24
9 21 30
9 21 41
9 21 42
9 21 52
9 47 29
9 47 38
9 47 39
9 47 46
9 47 47
9 47 55
9 47 69
9 53 53
9 53 63
9 53 65
9 53 66
9 81 60
9 81 70
9 81 71
9 81 83
9 81 91
9 95 76
9 95 84
9 95 86
9 95 92
9 95 94
9 95 96
9 95 99
--- Done ---
