0 61 62
0 61 71
0 61 72
0 61 73
0 61 82
1 7 15
1 7 16
1 22 0
1 22 1
1 22 3
1 22 4
1 22 12
1 22 20
1 22 22
1 22 24
1 22 30
1 22 31
1 22 32
1 22 42
1 57 35
1 57 36
1 57 46
1 57 47
1 57 48
1 57 49
1 57 56
1 57 57
1 57 79
1 57 89
1 61 40
1 61 41
1 61 53
1 61 60
1 61 61
1 61 62
1 61 72
1 61 73
1 61 82
1 65 45
1 65 54
1 65 55
1 65 66
1 65 74
1 65 75
1 65 84
1 65 85
1 65 86
1 65 87
1 65 95
2 7 9
2 7 16
2 7 18
2 7 27
2 7 28
2 7 29
2 22 2
2 22 4
2 22 12
2 22 14
2 22 21
2 22 22
2 22 24
2 22 42
2 57 35
2 57 36
2 57 49
2 57 56
2 57 59
2 57 77
2 57 78
2 57 89
2 57 99
2 61 41
2 61 51
2 61 61
2 61 62
2 61 63
2 61 70
2 61 82
2 61 91
2 61 93
2 65 55
2 65 65
2 65 74
2 65 76
2 65 84
2 65 86
2 65 97
3 7 16
3 7 25
3 7 26
3 22 0
3 22 4
3 22 10
3 22 21
3 22 32
3 22 33
3 22 34
3 22 43
3 57 36
3 57 37
3 57 47
3 57 49
3 57 56
3 57 57
3 57 77
3 57 78
3 57 88
3 57 89
3 61 40
3 61 51
3 61 52
3 61 62
3 61 63
3 61 71
3 61 72
3 61 73
3 61 80
3 61 82
3 61 83
3 61 91
3 61 93
3 65 44
3 65 54
3 65 55
3 65 74
3 65 95
3 65 96
4 7 6
4 7 7
4 7 15
4 7 16
4 7 27
4 22 1
4 22 10
4 22 12
4 22 14
4 22 20
4 22 22
4 22 24
4 22 30
4 22 31
4 22 42
4 22 43
4 57 36
4 57 37
4 57 39
4 57 46
4 57 48
4 57 56
4 57 57
4 57 58
4 57 67
4 57 68
4 57 77
4 57 78
4 61 53
4 61 60
4 61 62
4 61 70
4 61 71
4 61 80
4 61 82
4 61 83
4 61 90
4 61 93
4 65 44
4 65 45
4 65 66
4 65 74
5 7 6
5 7 17
5 7 18
5 7 19
5 7 27
5 7 28
5 22 1
5 22 2
5 22 11
5 22 21
5 22 24
5 22 31
5 22 33
5 57 35
5 57 36
5 57 39
5 57 46
5 57 49
5 57 56
5 57 57
5 57 58
5 57 67
5 57 98
5 61 40
5 61 51
5 61 52
5 61 53
5 61 60
5 61 62
5 61 71
5 61 80
5 61 81
5 61 82
5 61 83
5 65 44
5 65 45
5 65 65
5 65 76
5 65 85
5 65 94
5 65 95
6 7 6
6 7 17
6 7 19
6 7 26
6 7 29
6 22 1
6 22 10
6 22 13
6 22 21
6 22 24
6 22 30
6 22 31
6 22 32
6 22 33
6 22 34
6 22 42
6 57 35
6 57 36
6 57 37
6 57 48
6 57 67
6 57 77
6 57 78
6 57 99
6 61 50
6 61 51
6 61 53
6 61 60
6 61 61
6 61 62
6 61 71
6 61 73
6 61 80
6 61 81
6 61 91
6 61 92
6 61 93
6 65 45
6 65 55
6 65 65
6 65 75
6 65 84
6 65 86
6 65 87
6 65 95
7 7 6
7 7 16
7 7 25
7 7 27
7 22 0
7 22 11
7 22 12
7 22 14
7 22 20
7 22 21
7 22 22
7 22 23
7 22 30
7 22 31
7 22 33
7 22 42
7 57 35
7 57 37
7 57 38
7 57 39
7 57 46
7 57 48
7 57 49
7 57 58
7 57 67
7 57 69
7 57 88
7 61 53
7 61 60
7 61 61
7 61 63
7 61 70
7 61 71
7 61 91
7 61 92
7 65 44
7 65 45
7 65 54
7 65 55
7 65 64
7 65 66
7 65 75
7 65 76
7 65 84
7 65 86
7 65 87
7 65 95
7 65 96
8 7 5
8 7 6
8 7 8
8 7 15
8 7 17
8 7 25
8 22 2
8 22 3
8 22 12
8 22 21
8 22 23
8 22 24
8 22 32
8 22 34
8 57 37
8 57 48
8 57 49
8 57 56
8 57 57
8 57 59
8 57 67
8 57 99
8 61 41
8 61 51
8 61 52
8 61 61
8 61 62
8 61 71
8 61 80
8 61 81
8 61 82
8 61 83
8 61 92
8 65 45
8 65 54
8 65 64
8 65 74
8 65 75
8 65 76
8 65 86
8 65 87
8 65 95
8 65 96
9 7 5
9 7 6
9 7 7
9 7 16
9 7 17
9 7 18
9 7 25
9 7 29
9 22 0
9 22 1
9 22 3
9 22 4
9 22 11
9 22 13
9 22 20
9 22 23
9 22 24
9 22 30
9 22 31
9 22 33
9 22 42
9 57 38
9 57 39
9 57 46
9 57 47
9 57 69
9 57 99
9 61 41
9 61 52
9 61 53
9 61 60
9 61 63
9 61 70
9 61 71
9 61 83
9 61 91
9 61 92
9 65 55
9 65 65
9 65 66
9 65 76
9 65 84
9 65 86
9 65 94
9 65 96
--- Done ---
