0 33 62
0 76 71
0 76 72
0 76 73
0 76 82
1 7 4
1 7 12
1 7 15
1 7 16
1 7 24
1 7 35
1 7 36
1 7 46
1 7 47
1 7 48
1 7 49
1 7 57
1 33 0
1 33 1
1 33 3
1 33 20
1 33 22
1 33 30
1 33 31
1 33 32
1 33 40
1 33 41
1 33 45
1 33 53
1 33 54
1 33 56
1 33 60
1 33 61
1 76 42
1 76 55
1 76 62
1 76 66
1 76 72
1 76 73
1 76 74
1 76 75
1 76 79
1 76 82
1 76 84
1 76 85
1 76 86
1 76 87
1 76 89
1 76 95
2 7 4
2 7 9
2 7 12
2 7 14
2 7 16
2 7 18
2 7 24
2 7 27
2 7 28
2 7 35
2 7 36
2 7 49
2 7 74
2 21 2
2 21 21
2 21 42
2 21 51
2 21 61
2 21 63
2 21 70
2 64 22
2 64 29
2 64 41
2 64 55
2 64 56
2 64 62
2 64 65
2 64 76
2 64 77
2 64 78
2 64 89
2 64 91
2 64 97
2 95 59
2 95 82
2 95 84
2 95 86
2 95 93
2 95 99
3 7 4
3 7 16
3 7 25
3 7 26
3 7 36
3 7 47
3 7 49
3 7 57
3 7 74
3 21 0
3 21 10
3 21 21
3 21 32
3 21 34
3 21 51
3 21 52
3 21 63
3 64 33
3 64 37
3 64 40
3 64 43
3 64 44
3 64 54
3 64 55
3 64 62
3 64 71
3 64 72
3 64 73
3 64 77
3 64 82
3 64 89
3 64 93
3 95 56
3 95 78
3 95 80
3 95 83
3 95 88
3 95 91
3 95 95
3 95 96
4 7 6
4 7 7
4 7 12
4 7 14
4 7 15
4 7 16
4 7 24
4 7 27
4 7 30
4 7 37
4 7 48
4 7 67
4 7 74
4 44 1
4 44 20
4 44 22
4 44 31
4 44 36
4 44 39
4 44 42
4 44 43
4 44 44
4 44 46
4 44 53
4 44 56
4 44 57
4 44 58
4 44 60
4 44 62
4 44 66
4 44 71
4 44 77
4 44 80
4 44 90
4 75 10
4 75 45
4 75 68
4 75 70
4 75 78
4 75 82
4 75 83
4 75 93
5 7 6
5 7 17
5 7 18
5 7 19
5 7 24
5 7 28
5 7 49
5 7 57
5 44 1
5 44 2
5 44 11
5 44 21
5 44 27
5 44 31
5 44 33
5 44 35
5 44 36
5 44 39
5 44 44
5 44 45
5 44 51
5 44 52
5 44 53
5 44 60
5 44 62
5 44 65
5 44 67
5 44 71
5 44 76
5 44 80
5 44 82
5 44 83
5 44 85
5 75 40
5 75 46
5 75 56
5 75 58
5 75 81
5 75 94
5 75 95
5 75 98
6 7 6
6 7 13
6 7 17
6 7 19
6 7 24
6 7 26
6 7 30
6 7 36
6 7 37
6 7 48
6 7 67
6 32 1
6 32 10
6 32 21
6 32 29
6 32 31
6 32 32
6 32 33
6 32 34
6 32 35
6 32 42
6 32 45
6 32 50
6 32 51
6 32 53
6 32 60
6 32 61
6 32 71
6 32 80
6 75 55
6 75 62
6 75 65
6 75 73
6 75 75
6 75 78
6 75 86
6 95 77
6 95 81
6 95 84
6 95 87
6 95 91
6 95 92
6 95 93
6 95 95
6 95 99
7 7 6
7 7 12
7 7 14
7 7 16
7 7 25
7 7 27
7 7 30
7 7 37
7 7 46
7 7 48
7 7 49
7 7 67
7 32 0
7 32 11
7 32 20
7 32 21
7 32 22
7 32 23
7 32 31
7 32 33
7 32 35
7 32 42
7 32 44
7 32 45
7 32 53
7 32 54
7 32 60
7 32 61
7 32 63
7 32 70
7 32 71
7 32 86
7 66 38
7 66 39
7 66 55
7 66 58
7 66 64
7 66 66
7 66 69
7 66 75
7 66 76
7 66 84
7 66 87
7 66 91
7 66 96
7 95 88
7 95 92
7 95 95
8 7 5
8 7 6
8 7 8
8 7 12
8 7 15
8 7 17
8 7 24
8 7 25
8 7 37
8 7 48
8 7 49
8 7 57
8 7 67
8 7 74
8 32 2
8 32 3
8 32 21
8 32 23
8 32 32
8 32 34
8 32 41
8 32 45
8 32 51
8 32 52
8 32 54
8 32 61
8 32 71
8 32 80
8 32 86
8 66 56
8 66 59
8 66 62
8 66 64
8 66 75
8 66 76
8 66 82
8 66 83
8 66 96
8 66 99
8 95 81
8 95 87
8 95 92
8 95 95
9 7 4
9 7 5
9 7 6
9 7 7
9 7 13
9 7 16
9 7 17
9 7 18
9 7 24
9 7 25
9 7 46
9 7 47
9 32 0
9 32 3
9 32 20
9 32 23
9 32 29
9 32 30
9 32 33
9 32 60
9 32 70
9 32 71
9 62 1
9 62 11
9 62 31
9 62 41
9 62 42
9 62 52
9 62 55
9 62 83
9 62 91
9 62 92
9 62 94
9 66 38
9 66 39
9 66 53
9 66 63
9 66 65
9 66 66
9 66 69
9 66 76
9 66 84
9 66 86
9 66 96
9 66 99
--- Done ---
