0 7 -1
0 44 61
0 44 62
0 44 71
0 44 72
0 44 82
1 7 10
1 7 14
1 7 17
1 7 48
1 7 67
1 7 82
1 7 98
1 44 3
1 44 15
1 44 20
1 44 21
1 44 22
1 44 23
1 44 32
1 44 54
1 44 58
1 44 60
1 44 61
1 44 62
1 44 63
1 44 69
1 44 71
1 44 72
1 44 73
1 44 86
1 44 87
2 7 4
2 7 6
2 7 10
2 7 14
2 7 16
2 7 18
2 7 47
2 7 49
2 7 67
2 7 82
2 7 87
2 7 88
2 7 95
2 7 99
2 44 1
2 44 2
2 44 3
2 44 11
2 44 22
2 44 23
2 44 25
2 44 34
2 44 37
2 44 41
2 44 42
2 44 45
2 44 51
2 44 53
2 44 55
2 44 56
2 44 57
2 44 59
2 44 61
2 44 62
2 44 71
2 44 72
2 44 73
2 44 76
2 44 77
2 44 79
2 44 80
2 44 84
2 44 85
3 7 4
3 7 6
3 7 7
3 7 8
3 7 10
3 7 14
3 7 29
3 7 47
3 7 48
3 7 67
3 7 71
3 7 72
3 7 73
3 7 74
3 7 75
3 7 78
3 7 79
3 7 80
3 7 81
3 7 84
3 7 86
3 7 88
3 7 89
3 44 0
3 44 1
3 44 3
3 44 12
3 44 20
3 44 31
3 44 32
3 44 33
3 44 35
3 44 37
3 44 39
3 44 44
3 44 50
3 44 52
3 44 54
3 44 55
3 44 56
3 44 57
3 44 58
3 44 60
3 44 61
3 44 69
3 44 70
4 7 4
4 7 6
4 7 7
4 7 9
4 7 10
4 7 14
4 7 19
4 7 26
4 7 27
4 7 28
4 7 47
4 7 48
4 7 58
4 7 60
4 7 61
4 7 62
4 7 63
4 7 64
4 7 68
4 7 69
4 7 70
4 7 71
4 7 72
4 7 75
4 7 76
4 44 0
4 44 2
4 44 3
4 44 11
4 44 12
4 44 15
4 44 20
4 44 21
4 44 24
4 44 31
4 44 34
4 44 35
4 44 36
4 44 38
4 44 40
4 44 41
4 44 44
4 44 45
4 44 46
4 44 52
4 44 54
4 44 55
4 44 57
5 7 4
5 7 5
5 7 6
5 7 7
5 7 8
5 7 9
5 7 10
5 7 14
5 7 16
5 7 18
5 7 26
5 7 27
5 7 28
5 7 29
5 7 47
5 7 49
5 7 50
5 7 52
5 7 55
5 7 56
5 7 58
5 7 59
5 44 0
5 44 1
5 44 2
5 44 3
5 44 12
5 44 13
5 44 20
5 44 22
5 44 24
5 44 25
5 44 31
5 44 32
5 44 33
5 44 34
5 44 35
5 44 36
5 44 38
5 44 39
5 44 41
5 44 42
5 44 45
5 44 46
5 44 51
5 44 54
6 7 4
6 7 6
6 7 7
6 7 8
6 7 10
6 7 14
6 7 16
6 7 19
6 7 26
6 7 27
6 7 29
6 7 42
6 7 43
6 7 44
6 7 46
6 7 47
6 7 49
6 7 50
6 7 51
6 7 53
6 7 54
6 7 55
6 44 0
6 44 2
6 44 12
6 44 15
6 44 20
6 44 21
6 44 22
6 44 23
6 44 24
6 44 30
6 44 31
6 44 32
6 44 34
6 44 35
6 44 36
6 44 37
6 44 38
6 44 39
6 44 41
6 44 45
7 7 4
7 7 7
7 7 9
7 7 16
7 7 19
7 7 26
7 7 27
7 7 28
7 7 29
7 7 49
7 7 50
7 7 52
7 7 53
7 7 54
7 7 56
7 7 57
7 7 58
7 7 61
7 7 62
7 7 64
7 7 66
7 7 68
7 7 69
7 44 0
7 44 1
7 44 2
7 44 3
7 44 11
7 44 12
7 44 13
7 44 20
7 44 22
7 44 24
7 44 31
7 44 32
7 44 33
7 44 34
7 44 35
7 44 36
7 44 37
7 44 38
7 44 39
7 44 41
7 44 42
7 44 43
7 44 44
7 44 45
7 44 46
7 44 51
8 7 5
8 7 6
8 7 7
8 7 8
8 7 9
8 7 10
8 7 26
8 7 29
8 7 48
8 7 49
8 7 67
8 7 71
8 7 73
8 7 74
8 7 75
8 7 79
8 7 80
8 7 81
8 7 82
8 7 84
8 7 85
8 7 86
8 7 87
8 7 88
8 7 90
8 7 91
8 7 92
8 7 96
8 7 97
8 44 1
8 44 2
8 44 11
8 44 12
8 44 13
8 44 21
8 44 24
8 44 25
8 44 31
8 44 32
8 44 35
8 44 36
8 44 38
8 44 41
8 44 42
8 44 44
8 44 46
8 44 51
8 44 54
8 44 55
8 44 62
8 44 65
8 44 66
8 44 68
8 44 69
8 44 70
9 7 4
9 7 5
9 7 6
9 7 8
9 7 10
9 7 14
9 7 26
9 7 28
9 7 47
9 7 73
9 7 81
9 7 89
9 7 90
9 7 92
9 7 98
9 44 0
9 44 2
9 44 11
9 44 13
9 44 20
9 44 24
9 44 30
9 44 31
9 44 32
9 44 33
9 44 35
9 44 36
9 44 37
9 44 41
9 44 42
9 44 43
9 44 46
9 44 50
9 44 56
9 44 57
9 44 58
9 44 59
9 44 60
9 44 62
9 44 63
9 44 65
9 44 68
9 44 72
9 44 78
10 7 5
10 7 6
10 7 8
10 7 16
10 7 67
10 7 98
10 44 1
10 44 2
10 44 3
10 44 13
10 44 22
10 44 23
10 44 30
10 44 41
10 44 42
10 44 46
10 44 50
10 44 53
10 44 59
10 44 65
10 44 68
10 44 77
10 44 78
10 44 80
10 44 83
10 44 90
10 44 91
10 44 93
10 44 95
10 44 96
10 44 97
11 7 8
11 7 47
11 7 98
11 44 20
11 44 40
11 44 42
11 44 52
11 44 62
11 44 69
11 44 77
11 44 81
11 44 83
11 44 89
--- Done ---
