0 45 -1
0 73 34
0 73 35
0 73 44
0 73 45
0 73 46
0 73 54
0 73 55
1 22 -1
1 45 1
1 45 3
1 45 4
1 45 9
1 45 11
1 45 18
1 45 19
1 45 23
1 45 24
1 45 25
1 45 34
1 45 35
1 45 36
1 45 38
1 45 42
1 45 44
1 45 45
1 45 46
1 45 53
1 45 54
1 45 55
1 45 57
1 45 59
1 45 99
1 57 -1
1 73 0
1 73 50
1 73 51
1 73 52
1 73 63
1 73 70
1 73 81
1 73 82
1 73 94
2 22 0
2 22 1
2 22 2
2 22 6
2 22 11
2 22 20
2 22 22
2 22 23
2 22 30
2 22 33
2 44 -1
2 45 14
2 45 15
2 45 17
2 45 24
2 45 25
2 45 26
2 45 43
2 45 44
2 45 45
2 45 46
2 45 53
2 45 55
2 45 99
2 57 8
2 57 9
2 57 18
2 57 29
2 57 37
2 57 38
2 57 49
2 57 56
2 57 57
2 57 59
2 57 75
2 57 77
2 57 79
2 57 88
2 73 50
2 73 60
2 73 62
2 73 63
2 73 64
2 73 72
2 73 73
2 73 74
2 73 81
2 73 82
2 73 83
2 73 85
2 73 90
2 73 93
2 73 94
2 73 95
2 73 96
3 22 1
3 22 2
3 22 3
3 22 7
3 22 10
3 22 12
3 22 20
3 22 21
3 22 22
3 22 23
3 22 30
3 22 32
3 44 16
3 44 19
3 44 25
3 44 34
3 44 40
3 44 42
3 44 43
3 44 44
3 44 54
3 44 55
3 44 65
3 45 5
3 45 14
3 45 15
3 45 17
3 45 26
3 45 27
3 45 35
3 45 45
3 45 98
3 45 99
3 57 18
3 57 28
3 57 37
3 57 48
3 57 56
3 57 58
3 57 59
3 57 68
3 57 69
3 57 77
3 57 78
3 57 79
3 57 87
3 57 88
3 57 89
3 73 50
3 73 51
3 73 61
3 73 62
3 73 63
3 73 64
3 73 70
3 73 72
3 73 74
3 73 81
3 73 82
3 73 83
3 73 85
3 73 90
3 73 91
3 73 92
3 73 93
3 73 94
3 73 97
4 22 0
4 22 1
4 22 2
4 22 3
4 22 4
4 22 6
4 22 7
4 22 10
4 22 11
4 22 12
4 22 20
4 22 22
4 22 30
4 22 31
4 22 32
4 44 16
4 44 34
4 44 40
4 44 43
4 44 44
4 44 53
4 44 54
4 44 55
4 44 65
4 45 5
4 45 14
4 45 17
4 45 26
4 45 27
4 45 35
4 45 36
4 45 45
4 45 46
4 45 98
4 45 99
4 57 8
4 57 18
4 57 29
4 57 38
4 57 47
4 57 56
4 57 57
4 57 58
4 57 66
4 57 69
4 57 77
4 57 78
4 57 79
4 57 87
4 57 89
4 73 41
4 73 50
4 73 51
4 73 60
4 73 62
4 73 64
4 73 70
4 73 73
4 73 74
4 73 76
4 73 80
4 73 81
4 73 82
4 73 83
4 73 84
4 73 85
4 73 86
4 73 91
4 73 92
4 73 93
4 73 94
4 73 95
4 73 96
5 22 0
5 22 4
5 22 6
5 22 7
5 22 10
5 22 12
5 22 13
5 22 20
5 22 21
5 22 22
5 22 23
5 22 30
5 22 31
5 22 32
5 35 -1
5 44 16
5 44 19
5 44 25
5 44 33
5 44 34
5 44 40
5 44 42
5 44 44
5 44 52
5 44 54
5 44 55
5 45 14
5 45 15
5 45 17
5 45 24
5 45 26
5 45 27
5 45 35
5 45 36
5 45 45
5 45 46
5 45 98
5 45 99
5 57 8
5 57 9
5 57 18
5 57 28
5 57 29
5 57 37
5 57 38
5 57 39
5 57 48
5 57 49
5 57 56
5 57 57
5 57 58
5 57 59
5 57 66
5 57 67
5 57 68
5 57 69
5 57 75
5 57 77
5 57 78
5 57 79
5 57 87
5 73 41
5 73 50
5 73 51
5 73 60
5 73 61
5 73 62
5 73 63
5 73 71
5 73 72
5 73 73
5 73 74
5 73 76
5 73 80
5 73 81
5 73 82
5 73 83
5 73 84
5 73 90
5 73 92
5 73 94
5 73 95
5 73 96
5 73 97
6 22 1
6 22 2
6 22 3
6 22 4
6 22 7
6 22 10
6 22 11
6 22 12
6 22 20
6 22 21
6 22 22
6 22 23
6 22 30
6 22 32
6 35 5
6 35 9
6 35 14
6 35 18
6 35 24
6 35 25
6 35 26
6 35 34
6 35 35
6 35 36
6 35 37
6 35 98
6 44 16
6 44 19
6 44 33
6 44 40
6 44 42
6 44 43
6 44 44
6 44 52
6 44 53
6 44 54
6 44 65
6 45 17
6 45 45
6 45 46
6 45 99
6 57 8
6 57 28
6 57 29
6 57 38
6 57 49
6 57 56
6 57 57
6 57 59
6 57 66
6 57 68
6 57 69
6 57 75
6 57 77
6 57 78
6 57 79
6 57 88
6 57 89
6 73 41
6 73 50
6 73 60
6 73 61
6 73 62
6 73 63
6 73 64
6 73 70
6 73 71
6 73 72
6 73 73
6 73 74
6 73 76
6 73 80
6 73 81
6 73 82
6 73 83
6 73 84
6 73 85
6 73 86
6 73 90
6 73 91
6 73 92
6 73 93
6 73 94
6 73 96
6 73 97
6 85 -1
7 22 0
7 22 2
7 22 3
7 22 7
7 22 11
7 22 12
7 22 13
7 22 21
7 22 22
7 22 23
7 22 30
7 22 31
7 35 5
7 35 9
7 35 14
7 35 15
7 35 18
7 35 25
7 35 27
7 35 34
7 35 35
7 35 36
7 35 39
7 44 16
7 44 33
7 44 40
7 44 43
7 44 44
7 44 54
7 44 55
7 45 17
7 45 45
7 45 46
7 57 8
7 57 49
7 57 56
7 57 57
7 57 66
7 57 68
7 57 69
7 57 78
7 73 41
7 73 50
7 73 51
7 73 61
7 73 62
7 73 63
7 73 64
7 73 70
7 73 72
7 73 73
7 73 74
7 73 80
7 73 81
7 73 83
7 73 90
7 73 91
7 73 92
7 85 75
7 85 77
7 85 84
7 85 85
7 85 86
7 85 96
8 22 0
8 22 1
8 22 2
8 22 3
8 22 11
8 22 22
8 22 23
8 22 30
8 35 6
8 35 14
8 35 15
8 35 18
8 35 24
8 35 26
8 35 34
8 35 35
8 35 37
8 44 19
8 44 40
8 44 42
8 44 43
8 44 44
8 44 52
8 44 54
8 44 65
8 45 17
8 45 46
8 45 99
8 57 8
8 57 28
8 57 29
8 57 38
8 57 47
8 57 49
8 57 57
8 57 58
8 57 59
8 57 66
8 57 67
8 57 68
8 57 69
8 57 79
8 57 88
8 57 89
8 73 41
8 73 51
8 73 60
8 73 61
8 73 64
8 73 70
8 73 71
8 73 80
8 73 81
8 73 82
8 73 83
8 73 91
8 73 93
8 85 75
8 85 76
8 85 84
8 85 85
8 85 86
8 85 87
8 85 94
9 22 0
9 22 1
9 22 2
9 22 3
9 22 10
9 22 11
9 22 20
9 22 22
9 22 23
9 35 9
9 35 24
9 35 34
9 35 35
9 35 39
9 44 19
9 44 42
9 44 54
9 44 65
9 45 45
9 57 8
9 57 28
9 57 29
9 57 48
9 57 49
9 57 56
9 57 57
9 57 59
9 57 68
9 57 69
9 57 88
9 57 89
9 73 41
9 73 50
9 73 60
9 73 61
9 73 64
9 73 70
9 73 80
9 73 81
9 73 83
9 73 90
9 85 76
9 85 94
9 85 95
9 85 97
9 85 98
10 22 0
10 22 3
10 22 10
10 35 6
10 35 24
10 35 25
10 35 36
10 35 39
10 44 33
10 44 43
10 44 53
10 44 54
10 45 17
10 45 46
10 57 28
10 57 47
10 57 48
10 57 49
10 57 56
10 57 66
10 57 67
10 57 69
10 57 88
10 73 41
10 73 50
10 73 63
10 73 64
10 73 70
10 73 71
10 73 72
10 73 80
10 73 92
10 85 75
10 85 77
10 85 95
11 22 -1
11 35 -1
11 44 -1
11 45 -1
11 57 8
11 73 -1
11 85 -1
--- Done ---
