0 36 34
0 36 35
0 36 44
0 36 45
0 36 46
0 36 54
0 36 55
0 73 -1
1 2 0
1 2 1
1 2 3
1 2 4
1 2 11
1 8 9
1 8 18
1 8 19
1 17 -1
1 33 23
1 33 24
1 33 42
1 33 25
1 33 53
1 36 36
1 46 59
1 46 35
1 46 45
1 46 57
1 46 34
1 46 38
1 46 44
1 46 46
1 46 54
1 46 55
1 60 50
1 60 70
1 60 81
1 60 51
1 60 52
1 73 -1
1 76 94
1 76 99
1 76 63
1 76 82
2 2 0
2 2 1
2 2 2
2 2 11
2 2 14
2 2 22
2 8 6
2 8 8
2 8 9
2 8 18
2 17 15
2 17 17
2 17 29
2 33 20
2 33 23
2 33 24
2 33 30
2 33 25
2 33 43
2 33 33
2 33 44
2 33 53
2 33 62
2 36 45
2 36 57
2 36 26
2 36 37
2 36 38
2 36 55
2 46 46
2 46 56
2 60 50
2 60 60
2 60 72
2 60 81
2 67 49
2 67 59
2 73 73
2 73 93
2 76 94
2 76 63
2 76 74
2 76 75
2 76 79
2 76 99
2 76 77
2 76 82
2 76 83
2 76 85
2 76 88
2 76 64
2 87 95
2 87 96
2 91 90
3 2 1
3 2 2
3 2 3
3 2 10
3 2 12
3 2 14
3 2 21
3 2 22
3 8 -1
3 17 5
3 17 7
3 17 15
3 17 17
3 17 18
3 17 19
3 17 28
3 17 16
3 17 27
3 17 26
3 17 37
3 33 23
3 33 30
3 33 20
3 33 25
3 33 32
3 33 42
3 33 34
3 33 43
3 33 44
3 33 62
3 36 35
3 36 45
3 36 54
3 36 55
3 46 59
3 46 56
3 52 40
3 60 50
3 60 72
3 60 51
3 60 61
3 67 -1
3 73 -1
3 76 94
3 76 48
3 76 68
3 76 58
3 76 63
3 76 74
3 76 77
3 76 78
3 76 82
3 76 83
3 76 85
3 76 88
3 76 97
3 76 65
3 76 64
3 87 98
3 87 69
3 87 79
3 87 89
3 87 99
3 87 87
3 91 90
3 91 70
3 91 91
3 91 92
3 91 93
3 91 81
4 2 0
4 2 1
4 2 2
4 2 3
4 2 4
4 2 10
4 2 11
4 2 12
4 2 14
4 2 22
4 8 8
4 17 5
4 17 6
4 17 7
4 17 17
4 17 18
4 17 29
4 17 16
4 17 27
4 17 26
4 17 38
4 33 30
4 36 35
4 36 45
4 36 34
4 36 57
4 36 66
4 36 36
4 36 55
4 46 46
4 46 56
4 46 58
4 46 65
4 52 40
4 52 20
4 52 31
4 52 32
4 52 41
4 52 43
4 52 51
4 52 74
4 52 81
4 52 44
4 52 53
4 52 54
4 52 62
4 52 64
4 60 50
4 60 60
4 60 70
4 60 80
4 67 -1
4 73 73
4 76 94
4 76 84
4 76 76
4 87 95
4 87 96
4 87 98
4 87 69
4 87 79
4 87 86
4 87 89
4 87 99
4 87 77
4 87 78
4 87 85
4 87 87
4 87 47
4 91 91
4 91 92
4 91 93
4 91 82
4 91 83
5 2 0
5 2 4
5 2 10
5 2 12
5 2 13
5 2 14
5 2 21
5 2 22
5 8 7
5 8 8
5 8 9
5 8 18
5 8 19
5 8 6
5 8 16
5 8 27
5 17 17
5 17 28
5 17 29
5 17 15
5 17 38
5 33 23
5 33 24
5 33 30
5 33 20
5 33 31
5 33 32
5 33 42
5 33 25
5 33 33
5 33 41
5 33 34
5 33 44
5 33 62
5 36 36
5 46 46
5 46 55
5 47 39
5 47 49
5 47 35
5 47 45
5 47 48
5 47 59
5 47 68
5 47 56
5 47 57
5 47 58
5 47 66
5 47 26
5 47 37
5 47 54
5 52 40
5 52 52
5 52 63
5 52 74
5 52 75
5 60 50
5 60 60
5 60 72
5 60 51
5 60 61
5 60 71
5 60 80
5 60 81
5 67 67
5 73 73
5 76 94
5 76 84
5 76 76
5 87 95
5 87 96
5 87 98
5 87 69
5 87 79
5 87 99
5 87 77
5 87 78
5 87 87
5 87 97
5 91 90
5 91 92
5 91 82
5 91 83
6 2 1
6 2 2
6 2 3
6 2 4
6 2 10
6 2 11
6 2 12
6 2 14
6 2 21
6 2 22
6 8 8
6 17 5
6 17 7
6 17 9
6 17 17
6 17 18
6 17 19
6 17 28
6 17 29
6 17 16
6 17 38
6 17 26
6 17 37
6 33 23
6 33 24
6 33 30
6 33 20
6 33 32
6 33 42
6 33 25
6 33 33
6 33 41
6 33 43
6 33 34
6 33 44
6 33 53
6 33 62
6 33 64
6 36 36
6 46 46
6 47 49
6 47 35
6 47 45
6 47 59
6 47 68
6 47 56
6 47 57
6 47 66
6 47 54
6 52 40
6 52 52
6 60 50
6 60 60
6 60 70
6 60 72
6 60 61
6 60 71
6 60 80
6 60 81
6 67 -1
6 73 73
6 76 94
6 76 84
6 76 63
6 76 74
6 76 75
6 76 82
6 76 83
6 76 65
6 76 76
6 87 96
6 87 98
6 87 69
6 87 79
6 87 86
6 87 89
6 87 99
6 87 77
6 87 78
6 87 85
6 87 88
6 87 97
6 91 90
6 91 91
6 91 92
6 91 93
7 2 0
7 2 2
7 2 3
7 2 11
7 2 12
7 2 13
7 2 14
7 2 21
7 2 22
7 8 8
7 17 5
7 17 7
7 17 9
7 17 17
7 17 18
7 17 15
7 17 16
7 17 27
7 33 23
7 33 30
7 33 31
7 33 25
7 33 33
7 33 41
7 33 43
7 33 34
7 33 44
7 36 36
7 46 46
7 47 39
7 47 49
7 47 35
7 47 45
7 47 68
7 47 57
7 47 66
7 52 40
7 52 75
7 60 50
7 60 70
7 60 72
7 60 51
7 60 61
7 60 81
7 67 -1
7 73 84
7 73 63
7 73 73
7 73 74
7 73 80
7 73 83
7 73 56
7 73 62
7 73 54
7 73 64
7 73 55
7 76 -1
7 87 96
7 87 69
7 87 86
7 87 77
7 87 78
7 87 85
7 91 90
7 91 91
7 91 92
8 2 0
8 2 1
8 2 2
8 2 3
8 2 11
8 2 14
8 2 22
8 8 8
8 8 18
8 8 19
8 8 6
8 17 17
8 17 28
8 17 29
8 17 15
8 33 23
8 33 24
8 33 30
8 33 42
8 33 41
8 33 43
8 33 34
8 33 44
8 36 -1
8 46 89
8 46 35
8 46 59
8 46 38
8 46 46
8 46 57
8 46 26
8 46 37
8 46 54
8 47 49
8 47 47
8 52 40
8 52 52
8 60 60
8 60 70
8 60 51
8 60 61
8 60 71
8 60 80
8 60 81
8 67 69
8 67 67
8 73 -1
8 76 94
8 76 79
8 76 84
8 76 86
8 76 99
8 76 68
8 76 75
8 76 82
8 76 83
8 76 85
8 76 88
8 76 58
8 76 65
8 76 66
8 76 76
8 76 64
8 87 87
8 91 91
8 91 93
9 2 0
9 2 1
9 2 2
9 2 3
9 2 10
9 2 11
9 2 22
9 8 8
9 8 9
9 8 19
9 17 28
9 17 29
9 33 23
9 33 24
9 33 20
9 33 42
9 33 41
9 33 34
9 33 64
9 36 -1
9 46 -1
9 47 39
9 47 49
9 47 35
9 47 45
9 47 48
9 47 59
9 47 68
9 47 56
9 47 57
9 47 54
9 52 -1
9 60 50
9 60 60
9 60 70
9 60 61
9 60 80
9 60 81
9 67 -1
9 73 -1
9 76 94
9 76 83
9 76 65
9 76 76
9 87 95
9 87 98
9 87 69
9 87 89
9 87 88
9 87 97
9 91 90
10 2 0
10 2 3
10 2 10
10 8 -1
10 17 17
10 17 28
10 17 6
10 33 24
10 33 33
10 33 43
10 33 53
10 33 64
10 36 36
10 46 46
10 47 39
10 47 49
10 47 25
10 47 48
10 47 56
10 47 66
10 47 54
10 47 47
10 52 75
10 60 50
10 60 70
10 60 72
10 60 41
10 60 71
10 60 80
10 67 67
10 73 92
10 73 63
10 76 -1
10 87 95
10 87 69
10 87 77
10 87 88
10 91 -1
11 2 -1
11 8 8
11 17 -1
11 33 -1
11 36 -1
11 46 -1
11 47 -1
11 52 -1
11 60 -1
11 67 -1
11 73 -1
11 76 -1
11 87 -1
11 91 -1
--- Done ---
