0 53 34
0 53 35
0 53 44
0 53 45
0 53 46
0 53 54
0 53 55
1 13 0
1 13 1
1 13 3
1 13 4
1 13 11
1 13 24
1 13 34
1 13 36
1 13 46
1 13 52
1 53 23
1 53 25
1 53 35
1 53 42
1 53 44
1 53 45
1 53 50
1 53 51
1 53 53
1 53 55
1 53 81
1 53 94
1 57 9
1 57 18
1 57 19
1 57 38
1 57 57
1 57 59
1 57 99
1 93 54
1 93 63
1 93 70
1 93 82
2 13 0
2 13 1
2 13 6
2 13 11
2 13 20
2 13 45
2 13 55
2 53 2
2 53 14
2 53 15
2 53 22
2 53 23
2 53 24
2 53 25
2 53 30
2 53 33
2 53 37
2 53 50
2 53 53
2 53 60
2 53 62
2 53 64
2 53 72
2 53 73
2 53 75
2 53 77
2 53 83
2 53 85
2 53 90
2 53 95
2 57 8
2 57 9
2 57 17
2 57 18
2 57 26
2 57 29
2 57 38
2 57 46
2 57 49
2 57 57
2 57 59
2 57 79
2 57 88
2 57 99
2 93 43
2 93 44
2 93 56
2 93 63
2 93 74
2 93 81
2 93 82
2 93 93
2 93 94
2 93 96
3 13 1
3 13 2
3 13 3
3 13 5
3 13 7
3 13 10
3 13 14
3 13 20
3 13 23
3 13 32
3 13 35
3 13 43
3 13 45
3 13 63
3 53 12
3 53 15
3 53 21
3 53 22
3 53 25
3 53 30
3 53 34
3 53 37
3 53 40
3 53 42
3 53 48
3 53 50
3 53 55
3 53 62
3 53 65
3 53 72
3 53 77
3 53 83
3 53 85
3 53 94
3 53 97
3 57 16
3 57 17
3 57 18
3 57 19
3 57 26
3 57 27
3 57 28
3 57 44
3 57 54
3 57 58
3 57 59
3 57 68
3 57 69
3 57 78
3 57 79
3 57 87
3 57 88
3 57 89
3 57 99
3 93 51
3 93 56
3 93 61
3 93 64
3 93 70
3 93 74
3 93 81
3 93 82
3 93 90
3 93 91
3 93 92
3 93 93
3 93 98
4 13 0
4 13 1
4 13 3
4 13 5
4 13 6
4 13 7
4 13 8
4 13 10
4 13 11
4 13 14
4 13 16
4 13 17
4 13 20
4 13 22
4 13 26
4 13 27
4 13 34
4 13 35
4 13 36
4 13 65
4 53 2
4 53 4
4 53 12
4 53 30
4 53 31
4 53 32
4 53 40
4 53 41
4 53 45
4 53 46
4 53 47
4 53 50
4 53 53
4 53 54
4 53 60
4 53 66
4 53 77
4 53 95
4 57 18
4 57 29
4 57 38
4 57 55
4 57 57
4 57 58
4 57 69
4 57 78
4 57 79
4 57 85
4 57 87
4 57 99
4 93 43
4 93 44
4 93 51
4 93 56
4 93 62
4 93 64
4 93 70
4 93 73
4 93 74
4 93 76
4 93 80
4 93 81
4 93 82
4 93 83
4 93 84
4 93 86
4 93 89
4 93 91
4 93 92
4 93 93
4 93 94
4 93 96
4 93 98
5 13 0
5 13 6
5 13 7
5 13 8
5 13 10
5 13 13
5 13 14
5 13 15
5 13 21
5 13 25
5 13 26
5 13 27
5 13 31
5 13 33
5 13 36
5 13 42
5 13 66
5 53 4
5 53 12
5 53 37
5 53 45
5 53 48
5 53 55
5 53 67
5 53 77
5 53 97
5 57 9
5 57 16
5 57 17
5 57 18
5 57 19
5 57 28
5 57 29
5 57 38
5 57 39
5 57 46
5 57 49
5 57 57
5 57 58
5 57 59
5 57 69
5 57 78
5 57 79
5 57 99
5 61 20
5 61 22
5 61 23
5 61 30
5 61 32
5 61 34
5 61 35
5 61 40
5 61 41
5 61 50
5 61 51
5 61 52
5 61 54
5 61 60
5 61 61
5 61 63
5 61 83
5 61 94
5 93 24
5 93 44
5 93 56
5 93 62
5 93 68
5 93 71
5 93 72
5 93 73
5 93 74
5 93 75
5 93 76
5 93 80
5 93 81
5 93 82
5 93 84
5 93 87
5 93 90
5 93 92
5 93 95
5 93 96
5 93 98
6 13 1
6 13 3
6 13 5
6 13 7
6 13 11
6 13 16
6 13 20
6 13 21
6 13 23
6 13 24
6 13 25
6 13 26
6 13 30
6 13 33
6 13 34
6 13 41
6 13 42
6 13 44
6 13 45
6 13 46
6 13 65
6 53 2
6 53 4
6 53 12
6 53 14
6 53 22
6 53 32
6 53 35
6 53 36
6 53 37
6 53 40
6 53 50
6 53 53
6 53 60
6 53 63
6 53 64
6 53 66
6 53 73
6 53 77
6 53 81
6 53 83
6 53 90
6 53 97
6 57 8
6 57 9
6 57 17
6 57 18
6 57 19
6 57 28
6 57 29
6 57 38
6 57 49
6 57 56
6 57 57
6 57 59
6 57 68
6 57 69
6 57 78
6 57 79
6 57 88
6 57 89
6 57 96
6 57 99
6 61 61
6 61 70
6 61 76
6 93 10
6 93 43
6 93 52
6 93 54
6 93 62
6 93 71
6 93 72
6 93 74
6 93 75
6 93 80
6 93 82
6 93 84
6 93 85
6 93 86
6 93 91
6 93 92
6 93 93
6 93 94
6 93 98
7 13 0
7 13 3
7 13 5
7 13 7
7 13 11
7 13 13
7 13 31
7 13 41
7 13 46
7 13 55
7 53 2
7 53 12
7 53 14
7 53 15
7 53 21
7 53 22
7 53 23
7 53 25
7 53 30
7 53 35
7 53 36
7 53 40
7 53 43
7 53 44
7 53 45
7 53 50
7 53 51
7 53 63
7 53 64
7 53 66
7 53 72
7 53 77
7 53 81
7 53 83
7 53 84
7 53 85
7 53 90
7 57 8
7 57 9
7 57 16
7 57 17
7 57 18
7 57 27
7 57 33
7 57 34
7 57 39
7 57 49
7 57 54
7 57 56
7 57 57
7 57 69
7 57 73
7 57 75
7 57 78
7 57 96
7 61 61
7 93 62
7 93 68
7 93 70
7 93 74
7 93 80
7 93 86
7 93 91
7 93 92
8 13 0
8 13 1
8 13 3
8 13 6
8 13 11
8 13 17
8 13 34
8 13 35
8 13 42
8 53 2
8 53 14
8 53 15
8 53 22
8 53 23
8 53 30
8 53 37
8 53 40
8 53 41
8 53 43
8 53 46
8 53 47
8 53 51
8 53 52
8 53 54
8 53 60
8 53 64
8 53 65
8 53 66
8 53 71
8 53 75
8 53 76
8 53 81
8 53 83
8 53 84
8 53 85
8 53 94
8 57 8
8 57 18
8 57 19
8 57 26
8 57 28
8 57 29
8 57 38
8 57 49
8 57 57
8 57 58
8 57 59
8 57 67
8 57 68
8 57 69
8 57 79
8 57 87
8 57 88
8 57 89
8 57 99
8 61 61
8 61 70
8 61 91
8 93 24
8 93 44
8 93 80
8 93 82
8 93 86
8 93 93
9 13 0
9 13 1
9 13 3
9 13 8
9 13 11
9 13 23
9 13 34
9 53 2
9 53 10
9 53 22
9 53 24
9 53 35
9 53 41
9 53 42
9 53 45
9 53 48
9 53 50
9 53 54
9 53 60
9 53 64
9 53 65
9 53 76
9 53 83
9 53 90
9 53 94
9 53 95
9 53 97
9 57 9
9 57 19
9 57 28
9 57 29
9 57 39
9 57 49
9 57 56
9 57 57
9 57 59
9 57 69
9 57 88
9 61 20
9 61 61
9 61 81
9 93 68
9 93 70
9 93 80
9 93 89
9 93 98
10 13 0
10 13 3
10 13 6
10 13 17
10 13 24
10 13 33
10 13 43
10 13 46
10 13 63
10 53 25
10 53 41
10 53 47
10 53 48
10 53 50
10 53 53
10 53 54
10 53 64
10 53 66
10 53 72
10 53 75
10 53 77
10 53 95
10 57 28
10 57 36
10 57 39
10 57 49
10 57 56
10 57 67
10 57 69
10 57 88
10 61 71
10 61 80
10 93 10
10 93 70
10 93 92
11 13 -1
11 53 -1
11 57 8
11 61 -1
11 93 -1
--- Done ---
