0 31 35
0 31 34
0 31 44
0 31 45
0 31 54
0 31 55
0 73 46
1 17 9
1 17 19
1 17 38
1 17 59
1 17 99
1 17 4
1 17 18
1 17 36
1 17 57
1 17 11
1 17 23
1 17 24
1 17 25
1 17 35
1 17 46
1 17 34
1 17 44
1 31 0
1 31 3
1 31 81
1 31 42
1 31 45
1 31 50
1 31 51
1 31 52
1 31 53
1 31 54
1 31 63
1 31 70
1 43 1
1 43 82
1 43 55
1 73 94
2 17 6
2 17 9
2 17 17
2 17 29
2 17 59
2 17 99
2 17 8
2 17 18
2 17 38
2 17 11
2 17 14
2 17 15
2 17 23
2 17 26
2 17 37
2 17 57
2 17 44
2 31 0
2 31 20
2 31 81
2 31 90
2 31 22
2 31 30
2 31 55
2 43 93
2 43 82
2 43 85
2 43 43
2 44 2
2 44 1
2 44 77
2 44 88
2 44 83
2 44 94
2 44 96
2 44 60
2 44 62
2 44 72
2 44 74
2 44 75
2 44 24
2 44 25
2 44 45
2 44 46
2 44 50
2 44 53
2 44 56
2 44 63
2 44 64
2 44 33
2 65 49
2 65 79
2 65 95
2 73 73
3 17 17
3 17 59
3 17 99
3 17 7
3 17 18
3 17 19
3 17 28
3 17 5
3 17 58
3 17 56
3 17 32
3 17 34
3 17 55
3 17 65
3 31 10
3 31 20
3 31 81
3 31 90
3 31 3
3 31 12
3 31 22
3 31 30
3 31 70
3 31 14
3 31 15
3 31 23
3 31 40
3 31 16
3 31 25
3 31 35
3 31 42
3 31 45
3 31 50
3 31 51
3 31 54
3 31 61
3 31 63
3 43 43
3 44 2
3 44 1
3 44 64
3 44 44
3 65 78
3 65 79
3 65 89
3 65 68
3 65 69
3 65 77
3 65 88
3 65 91
3 65 98
3 65 27
3 65 48
3 65 82
3 65 83
3 65 85
3 65 87
3 65 94
3 65 97
3 65 21
3 65 26
3 65 37
3 65 62
3 65 72
3 65 74
3 73 92
3 73 93
4 17 6
4 17 17
4 17 29
4 17 99
4 17 7
4 17 8
4 17 18
4 17 4
4 17 5
4 17 27
4 17 38
4 17 47
4 17 58
4 17 11
4 17 14
4 17 26
4 17 36
4 17 16
4 17 32
4 17 35
4 17 46
4 17 34
4 31 0
4 31 10
4 31 20
4 31 81
4 31 70
4 31 31
4 31 55
4 43 43
4 44 2
4 44 1
4 44 77
4 44 3
4 44 12
4 44 22
4 44 30
4 44 83
4 44 94
4 44 96
4 44 40
4 44 41
4 44 57
4 44 60
4 44 62
4 44 66
4 44 76
4 65 78
4 65 79
4 65 89
4 65 69
4 65 80
4 65 86
4 65 91
4 65 95
4 65 98
4 65 82
4 65 85
4 65 87
4 65 74
4 65 45
4 65 50
4 65 51
4 65 53
4 65 54
4 65 56
4 65 64
4 65 65
4 65 84
4 65 44
4 73 92
4 73 93
4 73 73
5 17 6
5 17 9
5 17 17
5 17 29
5 17 59
5 17 99
5 17 7
5 17 8
5 17 18
5 17 19
5 17 28
5 17 4
5 17 58
5 17 26
5 17 36
5 17 37
5 17 57
5 17 13
5 17 14
5 17 15
5 17 24
5 31 0
5 31 10
5 31 20
5 31 81
5 31 90
5 31 12
5 31 22
5 31 30
5 31 21
5 31 16
5 31 23
5 31 25
5 31 35
5 31 31
5 31 32
5 31 33
5 31 34
5 31 40
5 43 -1
5 44 44
5 44 55
5 44 63
5 44 71
5 44 84
5 65 49
5 65 78
5 65 79
5 65 67
5 65 68
5 65 69
5 65 77
5 65 80
5 65 95
5 65 98
5 65 27
5 65 38
5 65 39
5 65 48
5 65 82
5 65 83
5 65 87
5 65 94
5 65 96
5 65 97
5 73 92
5 73 62
5 73 66
5 73 72
5 73 73
5 73 74
5 73 75
5 73 76
5 73 46
5 73 56
5 73 41
5 73 42
5 73 45
5 73 50
5 73 51
5 73 52
5 73 54
5 73 60
5 73 61
6 17 9
6 17 17
6 17 29
6 17 59
6 17 99
6 17 7
6 17 8
6 17 18
6 17 19
6 17 28
6 17 4
6 17 5
6 17 38
6 17 11
6 17 14
6 17 23
6 17 57
6 17 16
6 17 24
6 17 25
6 17 35
6 17 46
6 17 56
6 17 32
6 31 10
6 31 20
6 31 81
6 31 90
6 31 3
6 31 12
6 31 22
6 31 30
6 31 70
6 31 40
6 31 41
6 31 60
6 31 42
6 31 45
6 31 50
6 31 52
6 31 53
6 31 54
6 31 61
6 43 43
6 44 2
6 44 1
6 44 66
6 44 72
6 44 74
6 44 75
6 44 76
6 44 63
6 44 64
6 44 71
6 44 84
6 44 33
6 44 34
6 44 44
6 44 65
6 65 49
6 65 78
6 65 79
6 65 89
6 65 68
6 65 69
6 65 77
6 65 80
6 65 86
6 65 88
6 65 91
6 65 98
6 65 82
6 65 83
6 65 85
6 65 94
6 65 96
6 65 97
6 65 21
6 65 26
6 65 36
6 65 37
6 65 62
6 73 92
6 73 93
6 73 73
7 17 9
7 17 17
7 17 7
7 17 8
7 17 18
7 17 5
7 17 11
7 17 13
7 17 14
7 17 15
7 17 23
7 17 16
7 17 25
7 17 35
7 17 46
7 17 56
7 17 33
7 17 34
7 17 55
7 31 0
7 31 81
7 31 90
7 31 3
7 31 12
7 31 22
7 31 30
7 31 70
7 31 40
7 31 41
7 31 45
7 31 50
7 31 51
7 31 54
7 31 61
7 31 63
7 31 64
7 31 84
7 31 31
7 43 43
7 44 2
7 44 44
7 65 49
7 65 78
7 65 68
7 65 69
7 65 77
7 65 80
7 65 86
7 65 91
7 65 27
7 65 39
7 65 83
7 65 85
7 65 96
7 65 21
7 65 36
7 65 57
7 65 62
7 65 66
7 73 92
7 73 72
7 73 73
7 73 74
7 73 75
8 17 6
8 17 17
8 17 29
8 17 59
8 17 99
8 17 8
8 17 18
8 17 19
8 17 28
8 17 58
8 17 11
8 17 14
8 17 15
8 17 23
8 17 35
8 17 46
8 17 65
8 17 34
8 31 0
8 31 81
8 31 3
8 31 22
8 31 30
8 31 70
8 31 40
8 31 41
8 31 60
8 31 42
8 31 51
8 31 52
8 31 54
8 31 61
8 31 64
8 31 71
8 31 84
8 43 93
8 43 43
8 44 2
8 44 1
8 44 44
8 65 49
8 65 79
8 65 89
8 65 67
8 65 68
8 65 69
8 65 80
8 65 86
8 65 88
8 65 91
8 65 38
8 65 47
8 65 82
8 65 83
8 65 85
8 65 87
8 65 94
8 65 26
8 65 37
8 65 57
8 65 66
8 65 75
8 65 76
8 65 24
8 73 -1
9 17 9
9 17 29
9 17 59
9 17 8
9 17 19
9 17 28
9 17 11
9 17 23
9 31 0
9 31 10
9 31 20
9 31 81
9 31 90
9 31 3
9 31 22
9 31 70
9 31 41
9 31 60
9 43 -1
9 44 2
9 44 1
9 65 49
9 65 89
9 65 68
9 65 69
9 65 80
9 65 88
9 65 95
9 65 98
9 65 39
9 65 48
9 65 83
9 65 94
9 65 97
9 65 57
9 65 76
9 65 24
9 65 35
9 65 42
9 65 45
9 65 50
9 65 54
9 65 56
9 65 61
9 65 64
9 65 65
9 65 34
9 73 -1
10 17 6
10 17 17
10 17 28
10 31 0
10 31 10
10 31 3
10 31 70
10 31 41
10 43 43
10 44 -1
10 65 49
10 65 67
10 65 69
10 65 77
10 65 80
10 65 88
10 65 95
10 65 39
10 65 47
10 65 48
10 65 36
10 65 66
10 65 72
10 65 75
10 65 24
10 65 25
10 65 46
10 65 50
10 65 53
10 65 54
10 65 56
10 65 63
10 65 64
10 65 71
10 65 33
10 73 92
11 17 8
11 31 -1
11 43 -1
11 44 -1
11 65 -1
11 73 -1
--- Done ---
