0 36 34
0 36 35
0 36 44
0 36 45
0 36 46
0 36 54
0 36 55
0 73 -1
1 0 0
1 0 1
1 0 11
1 0 3
1 5 -1
1 17 9
1 17 19
1 17 18
1 32 42
1 32 4
1 32 23
1 32 24
1 32 25
1 32 34
1 32 44
1 32 63
1 32 51
1 36 45
1 36 35
1 36 54
1 36 55
1 36 57
1 36 36
1 36 38
1 36 46
1 48 59
1 60 50
1 60 52
1 60 70
1 60 81
1 73 53
1 73 82
1 97 94
1 97 99
2 0 0
2 0 1
2 0 2
2 0 11
2 0 20
2 5 14
2 5 24
2 5 25
2 5 23
2 17 8
2 17 9
2 17 17
2 17 6
2 17 15
2 17 18
2 17 29
2 31 22
2 31 30
2 31 50
2 31 63
2 31 81
2 32 -1
2 36 45
2 36 44
2 36 57
2 36 26
2 36 33
2 36 37
2 36 38
2 36 46
2 36 43
2 48 49
2 48 59
2 60 60
2 70 90
2 70 82
2 70 72
2 73 53
2 73 64
2 73 73
2 73 74
2 73 83
2 73 93
2 73 55
2 73 56
2 73 62
2 87 79
2 97 75
2 97 94
2 97 77
2 97 85
2 97 88
2 97 95
2 97 96
2 97 99
3 0 1
3 0 2
3 0 10
3 0 3
3 0 20
3 5 5
3 5 14
3 5 25
3 5 35
3 17 17
3 17 19
3 17 7
3 17 15
3 17 18
3 17 16
3 17 26
3 17 27
3 17 28
3 17 37
3 31 -1
3 32 12
3 32 22
3 32 30
3 32 32
3 32 34
3 32 42
3 32 44
3 32 21
3 32 23
3 32 40
3 32 63
3 32 43
3 32 51
3 36 45
3 48 48
3 48 58
3 48 59
3 48 68
3 48 69
3 60 -1
3 70 90
3 70 70
3 70 50
3 70 72
3 70 81
3 73 64
3 73 65
3 73 74
3 73 83
3 73 91
3 73 93
3 73 55
3 73 56
3 73 62
3 73 82
3 73 92
3 73 54
3 73 61
3 87 79
3 87 89
3 87 77
3 87 78
3 87 87
3 87 88
3 87 98
3 87 99
3 87 85
3 97 94
3 97 97
4 0 0
4 0 1
4 0 2
4 0 10
4 0 3
4 0 11
4 0 20
4 5 5
4 5 14
4 17 8
4 17 17
4 17 6
4 17 7
4 17 18
4 17 29
4 31 31
4 32 12
4 32 4
4 32 22
4 32 30
4 32 32
4 32 34
4 32 44
4 32 40
4 32 41
4 32 43
4 32 51
4 36 45
4 36 66
4 36 35
4 36 54
4 36 57
4 36 16
4 36 26
4 36 27
4 36 36
4 36 38
4 36 46
4 36 47
4 48 58
4 60 62
4 60 60
4 70 82
4 70 92
4 70 70
4 70 80
4 70 50
4 70 81
4 73 53
4 73 64
4 73 65
4 73 73
4 73 74
4 73 83
4 73 84
4 73 91
4 73 93
4 73 55
4 73 56
4 87 79
4 87 89
4 87 69
4 87 77
4 87 78
4 87 85
4 87 86
4 87 87
4 87 95
4 87 96
4 87 98
4 87 99
4 87 76
4 97 94
5 0 0
5 0 10
5 0 20
5 5 13
5 5 14
5 17 8
5 17 9
5 17 17
5 17 19
5 17 6
5 17 7
5 17 15
5 17 29
5 17 36
5 31 31
5 31 50
5 31 52
5 31 54
5 31 81
5 32 12
5 32 4
5 32 22
5 32 24
5 32 25
5 32 30
5 32 32
5 32 21
5 32 23
5 32 40
5 32 42
5 32 33
5 32 41
5 32 63
5 32 51
5 36 66
5 36 45
5 36 55
5 36 57
5 36 16
5 36 26
5 36 27
5 36 28
5 36 34
5 36 35
5 36 38
5 36 44
5 48 39
5 48 48
5 48 49
5 48 58
5 48 59
5 48 68
5 48 18
5 48 69
5 48 37
5 48 46
5 48 67
5 48 76
5 53 -1
5 60 60
5 70 90
5 73 74
5 73 84
5 73 73
5 73 82
5 73 83
5 73 92
5 73 62
5 73 80
5 73 61
5 73 71
5 73 72
5 87 79
5 87 87
5 97 75
5 97 94
5 97 56
5 97 77
5 97 78
5 97 95
5 97 96
5 97 97
5 97 98
5 97 99
6 0 1
6 0 2
6 0 10
6 0 3
6 0 11
6 0 20
6 5 5
6 5 14
6 17 8
6 17 9
6 17 17
6 17 19
6 17 7
6 17 18
6 17 29
6 17 16
6 17 26
6 17 28
6 17 37
6 17 38
6 17 46
6 31 -1
6 32 12
6 32 4
6 32 22
6 32 24
6 32 25
6 32 30
6 32 32
6 32 21
6 32 23
6 32 34
6 32 40
6 32 42
6 32 44
6 32 33
6 32 41
6 32 43
6 32 63
6 36 66
6 36 45
6 36 57
6 36 35
6 36 36
6 48 49
6 48 59
6 48 68
6 48 69
6 53 53
6 53 52
6 53 81
6 60 60
6 70 90
6 70 70
6 70 50
6 73 74
6 73 84
6 73 91
6 73 93
6 73 56
6 73 64
6 73 65
6 73 73
6 73 82
6 73 83
6 73 92
6 73 62
6 73 80
6 73 85
6 73 54
6 73 61
6 73 71
6 73 72
6 73 76
6 87 79
6 87 89
6 87 77
6 87 78
6 87 86
6 87 88
6 87 96
6 87 98
6 87 99
6 97 75
6 97 94
6 97 97
7 0 0
7 0 2
7 0 3
7 0 11
7 0 21
7 5 5
7 5 13
7 5 14
7 5 15
7 5 25
7 5 23
7 5 35
7 17 8
7 17 9
7 17 17
7 17 7
7 17 18
7 17 16
7 17 27
7 17 46
7 31 31
7 32 12
7 32 22
7 32 30
7 32 34
7 32 40
7 32 44
7 32 33
7 32 41
7 32 43
7 36 66
7 36 45
7 36 36
7 48 39
7 48 49
7 48 68
7 48 57
7 48 69
7 53 -1
7 60 -1
7 70 90
7 70 70
7 70 50
7 70 81
7 73 74
7 73 84
7 73 91
7 73 55
7 73 56
7 73 64
7 73 73
7 73 83
7 73 92
7 73 62
7 73 80
7 73 85
7 73 54
7 73 61
7 73 72
7 73 63
7 73 51
7 87 -1
7 97 75
7 97 77
7 97 78
7 97 86
7 97 96
8 0 0
8 0 1
8 0 2
8 0 3
8 0 11
8 5 14
8 5 24
8 5 23
8 5 35
8 17 8
8 17 17
8 17 19
8 17 6
8 17 15
8 17 18
8 17 29
8 17 26
8 17 28
8 17 37
8 17 38
8 17 46
8 17 47
8 31 22
8 31 30
8 31 40
8 31 42
8 31 52
8 31 41
8 31 81
8 31 43
8 32 -1
8 36 66
8 36 34
8 36 44
8 48 49
8 48 58
8 48 59
8 48 68
8 48 57
8 48 69
8 53 -1
8 60 60
8 70 70
8 73 84
8 73 91
8 73 93
8 73 64
8 73 65
8 73 82
8 73 83
8 73 80
8 73 85
8 73 54
8 73 61
8 73 71
8 73 76
8 73 51
8 87 79
8 87 89
8 87 86
8 87 87
8 87 88
8 87 99
8 87 67
8 97 75
8 97 94
9 0 0
9 0 1
9 0 2
9 0 10
9 0 3
9 0 11
9 0 20
9 5 24
9 5 23
9 17 8
9 17 9
9 17 19
9 17 29
9 17 28
9 31 22
9 32 -1
9 36 45
9 48 39
9 48 48
9 48 49
9 48 59
9 48 68
9 48 57
9 48 69
9 48 76
9 53 64
9 53 65
9 53 83
9 53 34
9 53 35
9 53 42
9 53 41
9 53 54
9 53 61
9 53 81
9 60 60
9 70 90
9 70 70
9 70 50
9 70 80
9 73 -1
9 87 89
9 87 88
9 87 95
9 87 98
9 97 94
9 97 56
9 97 97
10 0 0
10 0 10
10 0 3
10 5 24
10 5 25
10 17 17
10 17 6
10 31 -1
10 32 -1
10 36 66
10 36 36
10 48 39
10 48 48
10 48 49
10 48 69
10 48 28
10 48 46
10 48 67
10 48 47
10 53 53
10 53 64
10 53 33
10 53 41
10 53 54
10 53 71
10 53 72
10 53 43
10 53 63
10 60 -1
10 70 70
10 70 92
10 70 50
10 70 80
10 73 -1
10 87 -1
10 97 75
10 97 56
10 97 77
10 97 88
10 97 95
11 0 -1
11 5 -1
11 17 8
11 31 -1
11 32 -1
11 36 -1
11 48 -1
11 53 -1
11 60 -1
11 70 -1
11 73 -1
11 87 -1
11 97 -1
--- Done ---
