0 63 34
0 63 35
0 63 46
0 63 44
0 63 45
0 63 54
0 63 55
0 73 -1
1 21 0
1 21 1
1 21 3
1 21 50
1 21 11
1 21 23
1 27 4
1 27 9
1 27 18
1 27 19
1 27 38
1 27 24
1 27 25
1 27 36
1 27 57
1 27 35
1 27 46
1 27 45
1 33 34
1 63 63
1 73 70
1 73 81
1 73 82
1 73 52
1 73 54
1 73 94
1 73 42
1 73 44
1 73 51
1 73 53
1 73 55
1 77 59
1 77 99
2 21 0
2 21 1
2 21 2
2 21 11
2 21 20
2 21 50
2 21 22
2 21 23
2 21 30
2 21 44
2 27 6
2 27 8
2 27 9
2 27 17
2 27 18
2 27 29
2 27 38
2 27 15
2 27 26
2 27 49
2 27 57
2 27 14
2 27 24
2 27 25
2 27 37
2 27 46
2 27 45
2 33 33
2 53 90
2 53 60
2 53 43
2 53 72
2 53 81
2 53 53
2 53 62
2 53 64
2 53 74
2 53 93
2 63 82
2 63 63
2 73 73
2 77 59
2 77 77
2 77 79
2 77 88
2 77 96
2 77 99
2 77 95
2 77 56
2 77 85
2 77 94
2 77 75
2 77 83
2 77 55
3 21 1
3 21 2
3 21 3
3 21 10
3 21 12
3 21 20
3 21 21
3 21 50
3 21 22
3 21 23
3 21 30
3 21 32
3 27 5
3 27 7
3 27 17
3 27 18
3 27 19
3 27 27
3 27 15
3 27 16
3 27 26
3 27 28
3 27 14
3 27 25
3 27 37
3 27 35
3 33 -1
3 53 90
3 53 34
3 53 43
3 53 55
3 63 63
3 73 70
3 73 91
3 73 82
3 73 92
3 73 40
3 73 61
3 73 72
3 73 81
3 73 54
3 73 42
3 73 44
3 73 51
3 73 45
3 77 59
3 77 68
3 77 69
3 77 77
3 77 78
3 77 79
3 77 88
3 77 89
3 77 97
3 77 98
3 77 99
3 77 48
3 77 58
3 77 87
3 77 56
3 77 85
3 77 94
3 77 65
3 77 83
3 77 62
3 77 64
3 77 74
3 77 93
4 21 0
4 21 1
4 21 2
4 21 3
4 21 10
4 21 11
4 21 12
4 21 20
4 21 50
4 21 22
4 21 30
4 21 31
4 21 32
4 27 4
4 27 5
4 27 6
4 27 7
4 27 8
4 27 17
4 27 18
4 27 27
4 27 29
4 27 38
4 27 16
4 27 26
4 27 47
4 27 57
4 27 58
4 27 14
4 27 36
4 27 46
4 27 35
4 27 45
4 33 34
4 33 43
4 33 64
4 33 74
4 33 84
4 33 93
4 53 53
4 63 -1
4 73 70
4 73 80
4 73 91
4 73 60
4 73 82
4 73 92
4 73 40
4 73 56
4 73 73
4 73 76
4 73 81
4 73 85
4 73 94
4 73 54
4 73 65
4 73 83
4 73 41
4 73 44
4 73 51
4 73 62
4 77 69
4 77 77
4 77 78
4 77 79
4 77 89
4 77 96
4 77 98
4 77 99
4 77 86
4 77 87
4 77 95
4 77 66
4 77 55
5 21 0
5 21 12
5 21 13
5 21 20
5 21 21
5 21 50
5 21 22
5 21 23
5 21 30
5 27 4
5 27 6
5 27 7
5 27 8
5 27 9
5 27 17
5 27 18
5 27 19
5 27 27
5 27 29
5 27 38
5 27 39
5 27 15
5 27 16
5 27 26
5 27 28
5 27 48
5 27 49
5 27 57
5 27 58
5 27 14
5 27 24
5 27 25
5 27 35
5 33 33
5 33 46
5 33 55
5 33 45
5 33 51
5 53 90
5 53 10
5 53 60
5 53 34
5 53 36
5 53 37
5 53 61
5 53 71
5 53 72
5 53 81
5 53 75
5 53 83
5 53 31
5 53 32
5 53 52
5 53 54
5 53 62
5 53 74
5 53 84
5 53 41
5 53 42
5 53 44
5 63 63
5 73 80
5 73 82
5 73 92
5 73 40
5 73 73
5 77 59
5 77 68
5 77 69
5 77 77
5 77 78
5 77 79
5 77 96
5 77 97
5 77 98
5 77 99
5 77 67
5 77 87
5 77 95
5 77 56
5 77 66
5 77 76
5 77 94
6 21 1
6 21 2
6 21 3
6 21 10
6 21 11
6 21 12
6 21 20
6 21 21
6 21 50
6 21 22
6 21 23
6 21 30
6 21 32
6 27 4
6 27 5
6 27 7
6 27 8
6 27 9
6 27 17
6 27 18
6 27 19
6 27 29
6 27 38
6 27 16
6 27 26
6 27 28
6 27 14
6 27 24
6 27 25
6 27 36
6 27 37
6 27 46
6 27 35
6 27 45
6 33 33
6 33 34
6 33 43
6 53 90
6 53 53
6 63 63
6 73 70
6 73 80
6 73 91
6 73 60
6 73 82
6 73 92
6 73 40
6 73 61
6 73 71
6 73 72
6 73 73
6 73 81
6 73 65
6 73 75
6 73 83
6 73 52
6 73 54
6 73 62
6 73 64
6 73 74
6 73 84
6 73 93
6 73 41
6 73 42
6 73 44
6 77 59
6 77 68
6 77 69
6 77 77
6 77 78
6 77 79
6 77 88
6 77 89
6 77 96
6 77 97
6 77 98
6 77 99
6 77 49
6 77 57
6 77 86
6 77 56
6 77 66
6 77 76
6 77 85
6 77 94
7 21 0
7 21 2
7 21 3
7 21 11
7 21 12
7 21 13
7 21 21
7 21 50
7 21 22
7 21 23
7 21 30
7 21 31
7 21 41
7 21 44
7 21 51
7 27 5
7 27 7
7 27 8
7 27 9
7 27 17
7 27 18
7 27 27
7 27 39
7 27 15
7 27 16
7 27 49
7 27 57
7 27 14
7 27 25
7 27 36
7 27 46
7 27 35
7 27 45
7 33 33
7 33 34
7 33 43
7 53 90
7 63 63
7 73 70
7 73 80
7 73 91
7 73 92
7 73 40
7 73 61
7 73 72
7 73 73
7 73 81
7 73 54
7 73 84
7 77 68
7 77 69
7 77 77
7 77 78
7 77 96
7 77 86
7 77 56
7 77 66
7 77 85
7 77 75
7 77 83
7 77 55
7 77 62
7 77 64
7 77 74
8 21 0
8 21 1
8 21 2
8 21 3
8 21 11
8 21 22
8 21 23
8 21 30
8 27 6
8 27 8
8 27 17
8 27 18
8 27 19
8 27 29
8 27 38
8 27 15
8 27 26
8 27 28
8 27 47
8 27 49
8 27 57
8 27 58
8 27 14
8 27 24
8 27 37
8 27 46
8 27 35
8 33 34
8 33 43
8 53 -1
8 63 -1
8 73 70
8 73 80
8 73 91
8 73 60
8 73 82
8 73 40
8 73 61
8 73 71
8 73 81
8 73 52
8 73 54
8 73 41
8 73 42
8 73 44
8 73 51
8 77 59
8 77 68
8 77 69
8 77 79
8 77 88
8 77 89
8 77 99
8 77 67
8 77 86
8 77 87
8 77 66
8 77 76
8 77 85
8 77 94
8 77 65
8 77 75
8 77 83
8 77 64
8 77 84
8 77 93
9 21 0
9 21 1
9 21 2
9 21 3
9 21 10
9 21 11
9 21 20
9 21 50
9 21 22
9 21 23
9 21 41
9 21 42
9 21 45
9 27 8
9 27 9
9 27 19
9 27 29
9 27 39
9 27 28
9 27 48
9 27 49
9 27 57
9 27 24
9 27 35
9 33 -1
9 53 90
9 53 34
9 63 -1
9 73 70
9 73 80
9 73 60
9 73 61
9 73 81
9 73 54
9 77 59
9 77 68
9 77 69
9 77 88
9 77 89
9 77 97
9 77 98
9 77 95
9 77 56
9 77 76
9 77 94
9 77 65
9 77 83
9 77 64
10 21 0
10 21 3
10 21 10
10 21 50
10 27 6
10 27 17
10 27 39
10 27 28
10 27 47
10 27 48
10 27 49
10 27 24
10 27 25
10 27 36
10 27 46
10 33 33
10 33 43
10 53 53
10 63 63
10 73 70
10 73 80
10 73 92
10 73 95
10 73 56
10 73 71
10 73 72
10 73 54
10 73 75
10 73 41
10 73 64
10 77 69
10 77 77
10 77 88
10 77 67
10 77 66
11 21 -1
11 27 8
11 33 -1
11 53 -1
11 63 -1
11 73 -1
11 77 -1
--- Done ---
