0 31 35
0 31 34
0 31 44
0 31 45
0 31 54
0 31 55
0 73 46
1 17 9
1 17 19
1 17 38
1 17 59
1 17 99
1 17 4
1 17 18
1 17 36
1 17 57
1 17 11
1 17 23
1 17 24
1 17 25
1 17 35
1 17 46
1 17 34
1 17 44
1 31 0
1 31 3
1 31 81
1 31 42
1 31 45
1 31 50
1 31 51
1 31 52
1 31 53
1 31 54
1 31 63
1 31 70
1 43 1
1 43 82
1 43 55
1 73 94
2 13 2
2 13 0
2 13 1
2 13 8
2 13 20
2 13 22
2 13 30
2 13 11
2 13 14
2 13 23
2 13 24
2 13 25
2 13 46
2 13 63
2 13 33
2 13 44
2 17 9
2 17 29
2 17 17
2 31 -1
2 43 43
2 66 49
2 66 77
2 66 79
2 66 88
2 66 38
2 66 59
2 66 83
2 66 94
2 66 96
2 66 99
2 66 6
2 66 18
2 66 37
2 66 57
2 66 62
2 66 72
2 66 74
2 66 75
2 66 82
2 66 85
2 66 93
2 66 26
2 66 56
2 66 64
2 66 15
2 66 45
2 66 53
2 73 95
2 73 73
2 73 81
2 73 90
2 73 50
2 73 60
2 73 55
3 13 2
3 13 1
3 13 7
3 13 3
3 13 5
3 13 10
3 13 12
3 13 20
3 13 21
3 13 22
3 13 30
3 13 26
3 13 14
3 13 15
3 13 16
3 13 23
3 13 25
3 13 35
3 17 19
3 17 17
3 17 55
3 31 -1
3 43 43
3 66 77
3 66 78
3 66 79
3 66 88
3 66 89
3 66 28
3 66 48
3 66 59
3 66 68
3 66 69
3 66 83
3 66 92
3 66 94
3 66 97
3 66 98
3 66 99
3 66 18
3 66 27
3 66 37
3 66 62
3 66 72
3 66 74
3 66 82
3 66 85
3 73 91
3 73 81
3 73 90
3 73 40
3 73 50
3 73 61
3 73 70
3 73 87
3 73 93
3 73 51
3 73 54
3 73 56
3 73 58
3 73 64
3 73 42
3 73 45
3 73 63
3 73 65
3 73 32
3 73 34
3 73 44
4 13 2
4 13 0
4 13 1
4 13 7
4 13 8
4 13 3
4 13 4
4 13 5
4 13 10
4 13 12
4 13 20
4 13 22
4 13 27
4 13 30
4 13 11
4 13 14
4 13 26
4 13 35
4 13 36
4 17 29
4 17 17
4 17 16
4 17 65
4 17 32
4 17 34
4 17 44
4 17 55
4 31 31
4 43 43
4 43 84
4 66 77
4 66 78
4 66 79
4 66 89
4 66 38
4 66 47
4 66 69
4 66 83
4 66 86
4 66 92
4 66 94
4 66 96
4 66 98
4 66 99
4 66 6
4 66 18
4 66 57
4 66 62
4 66 74
4 66 76
4 66 82
4 66 85
4 66 87
4 66 93
4 66 66
4 73 80
4 73 91
4 73 95
4 73 73
4 73 81
4 73 40
4 73 50
4 73 60
4 73 70
4 73 41
4 73 45
4 73 46
4 73 51
4 73 53
4 73 54
4 73 56
4 73 58
4 73 64
5 13 0
5 13 10
5 13 12
5 13 20
5 13 21
5 13 22
5 13 30
5 13 13
5 13 42
5 13 45
5 13 46
5 13 63
5 13 33
5 17 9
5 17 19
5 17 29
5 17 39
5 17 7
5 17 8
5 17 28
5 17 38
5 17 48
5 17 59
5 17 4
5 17 17
5 17 26
5 17 36
5 17 14
5 17 15
5 17 16
5 17 23
5 17 24
5 17 25
5 17 35
5 17 34
5 17 44
5 31 31
5 31 55
5 43 -1
5 66 49
5 66 67
5 66 77
5 66 78
5 66 79
5 66 68
5 66 69
5 66 83
5 66 92
5 66 94
5 66 96
5 66 97
5 66 98
5 66 99
5 66 6
5 66 18
5 66 27
5 66 37
5 66 57
5 66 74
5 73 80
5 73 95
5 73 73
5 73 81
5 73 90
5 73 40
5 73 50
5 73 60
5 73 61
5 73 62
5 73 71
5 73 72
5 73 75
5 73 76
5 73 82
5 73 87
5 73 51
5 73 54
5 73 56
5 73 58
5 73 66
5 73 84
5 73 41
5 73 52
5 73 32
6 13 2
6 13 1
6 13 3
6 13 10
6 13 12
6 13 20
6 13 21
6 13 22
6 13 30
6 13 26
6 13 36
6 13 11
6 13 14
6 13 16
6 13 23
6 13 24
6 13 25
6 13 35
6 13 42
6 13 45
6 13 52
6 17 9
6 17 19
6 17 29
6 17 7
6 17 8
6 17 4
6 17 5
6 17 17
6 17 57
6 17 46
6 17 65
6 17 32
6 17 33
6 17 34
6 17 44
6 31 -1
6 43 43
6 43 53
6 43 63
6 66 49
6 66 77
6 66 78
6 66 79
6 66 88
6 66 89
6 66 28
6 66 38
6 66 59
6 66 68
6 66 69
6 66 83
6 66 86
6 66 92
6 66 94
6 66 96
6 66 97
6 66 98
6 66 99
6 66 18
6 66 37
6 66 62
6 73 80
6 73 91
6 73 73
6 73 81
6 73 90
6 73 40
6 73 50
6 73 60
6 73 61
6 73 72
6 73 74
6 73 75
6 73 76
6 73 82
6 73 85
6 73 93
6 73 54
6 73 56
6 73 64
6 73 66
6 73 70
6 73 71
6 73 84
6 73 41
7 13 2
7 13 0
7 13 7
7 13 8
7 13 3
7 13 5
7 13 12
7 13 21
7 13 22
7 13 27
7 13 30
7 13 41
7 13 11
7 13 13
7 13 14
7 13 23
7 13 25
7 13 34
7 13 35
7 13 36
7 13 45
7 13 46
7 13 15
7 17 9
7 17 39
7 17 17
7 17 18
7 31 31
7 43 43
7 66 49
7 66 77
7 66 78
7 66 69
7 66 72
7 66 74
7 66 75
7 66 51
7 66 54
7 66 56
7 66 64
7 66 66
7 66 84
7 66 63
7 66 16
7 66 33
7 66 44
7 66 55
7 73 80
7 73 91
7 73 68
7 73 73
7 73 81
7 73 83
7 73 86
7 73 90
7 73 92
7 73 96
7 73 40
7 73 50
7 73 57
7 73 61
7 73 62
7 73 70
7 73 85
8 13 2
8 13 0
8 13 1
8 13 8
8 13 3
8 13 22
8 13 30
8 13 26
8 13 11
8 13 14
8 13 15
8 13 23
8 13 24
8 13 35
8 17 19
8 17 29
8 17 17
8 31 -1
8 43 43
8 66 49
8 66 67
8 66 79
8 66 88
8 66 89
8 66 28
8 66 38
8 66 47
8 66 59
8 66 68
8 66 69
8 66 83
8 66 86
8 66 94
8 66 99
8 66 6
8 66 18
8 66 37
8 66 57
8 66 75
8 66 76
8 66 82
8 66 85
8 73 80
8 73 91
8 73 81
8 73 40
8 73 60
8 73 61
8 73 70
8 73 71
8 73 87
8 73 93
8 73 51
8 73 54
8 73 58
8 73 64
8 73 66
8 73 84
8 73 41
8 73 42
8 73 46
8 73 52
8 73 65
8 73 34
8 73 44
9 13 2
9 13 0
9 13 1
9 13 3
9 13 10
9 13 20
9 13 22
9 17 9
9 17 19
9 17 29
9 17 39
9 17 8
9 17 28
9 17 48
9 17 59
9 17 57
9 17 11
9 17 23
9 17 24
9 17 35
9 17 56
9 17 34
9 17 65
9 31 -1
9 43 -1
9 66 49
9 66 88
9 66 89
9 66 68
9 66 69
9 66 83
9 66 94
9 66 97
9 66 98
9 66 76
9 73 80
9 73 95
9 73 81
9 73 90
9 73 50
9 73 60
9 73 61
9 73 70
9 73 41
9 73 42
9 73 54
9 73 64
9 73 45
10 13 0
10 13 3
10 13 10
10 13 24
10 13 25
10 17 39
10 17 17
10 31 -1
10 43 43
10 66 49
10 66 67
10 66 77
10 66 88
10 66 28
10 66 47
10 66 48
10 66 69
10 66 92
10 66 6
10 66 72
10 66 75
10 66 36
10 66 54
10 66 56
10 66 64
10 66 66
10 66 46
10 66 53
10 66 63
10 66 33
10 73 80
10 73 95
10 73 50
10 73 70
10 73 71
10 73 41
11 13 8
11 17 -1
11 31 -1
11 43 -1
11 66 -1
11 73 -1
--- Done ---
