0 54 -1
0 91 66
0 91 67
0 91 76
0 91 77
0 91 86
0 91 87
1 22 -1
1 54 1
1 54 3
1 54 5
1 54 14
1 54 18
1 54 22
1 54 25
1 54 35
1 54 36
1 54 40
1 54 46
1 54 49
1 54 50
1 54 56
1 54 59
1 54 67
1 54 75
1 54 76
1 54 77
1 54 82
1 54 85
1 54 86
1 54 96
1 56 -1
1 91 60
1 91 90
1 91 91
1 91 92
1 91 94
2 22 0
2 22 4
2 22 6
2 22 10
2 22 12
2 22 14
2 22 18
2 22 23
2 22 24
2 22 28
2 22 32
2 26 -1
2 54 25
2 54 27
2 54 33
2 54 34
2 54 52
2 54 53
2 54 61
2 54 75
2 56 7
2 56 29
2 56 37
2 56 46
2 56 47
2 56 55
2 56 56
2 56 59
2 56 66
2 56 67
2 56 68
2 56 70
2 56 76
2 56 77
2 56 86
2 56 87
2 66 -1
2 91 60
2 91 71
2 91 83
2 91 90
2 91 92
2 91 94
3 22 1
3 22 10
3 22 11
3 22 13
3 22 22
3 22 23
3 22 24
3 22 30
3 22 31
3 22 40
3 22 42
3 26 6
3 26 7
3 26 14
3 26 15
3 26 19
3 26 25
3 26 28
3 26 29
3 26 38
3 26 39
3 54 5
3 54 8
3 54 33
3 54 43
3 54 44
3 54 52
3 54 54
3 54 61
3 54 65
3 54 74
3 54 97
3 56 35
3 56 47
3 56 56
3 56 58
3 56 69
3 56 73
3 56 77
3 56 96
3 66 57
3 66 66
3 66 76
3 66 78
3 66 79
3 66 85
3 66 86
3 66 87
3 66 95
3 66 99
3 91 51
3 91 72
3 91 80
3 91 81
3 91 90
3 91 91
3 91 92
3 91 93
3 91 94
4 22 0
4 22 1
4 22 2
4 22 10
4 22 11
4 22 12
4 22 20
4 22 22
4 22 23
4 22 30
4 22 31
4 22 40
4 22 41
4 22 42
4 22 50
4 26 3
4 26 6
4 26 9
4 26 14
4 26 15
4 26 16
4 26 17
4 26 18
4 26 19
4 26 26
4 26 27
4 26 29
4 26 36
4 26 37
4 26 39
4 26 48
4 26 49
4 54 5
4 54 33
4 54 34
4 54 43
4 54 52
4 54 53
4 54 61
4 54 63
4 54 64
4 54 65
4 54 82
4 56 35
4 56 46
4 56 47
4 56 55
4 56 58
4 56 59
4 56 70
4 56 73
4 56 77
4 56 89
4 56 96
4 56 98
4 66 66
4 66 67
4 66 68
4 66 75
4 66 76
4 66 79
4 66 84
4 66 86
4 66 87
4 66 95
4 66 99
4 91 51
4 91 60
4 91 62
4 91 72
4 91 80
4 91 81
4 91 90
4 91 91
4 91 92
4 91 93
5 22 0
5 22 1
5 22 4
5 22 10
5 22 11
5 22 13
5 22 20
5 22 22
5 22 24
5 22 30
5 22 31
5 22 32
5 22 40
5 22 41
5 22 42
5 26 6
5 26 7
5 26 9
5 26 14
5 26 15
5 26 16
5 26 17
5 26 18
5 26 19
5 26 25
5 26 26
5 26 27
5 26 29
5 26 37
5 26 39
5 26 48
5 26 49
5 54 5
5 54 8
5 54 33
5 54 34
5 54 43
5 54 44
5 54 45
5 54 52
5 54 53
5 54 54
5 54 61
5 54 63
5 54 64
5 54 65
5 54 74
5 54 82
5 54 97
5 56 35
5 56 46
5 56 55
5 56 56
5 56 59
5 56 69
5 56 77
5 56 89
5 56 98
5 66 57
5 66 67
5 66 68
5 66 75
5 66 76
5 66 78
5 66 79
5 66 85
5 66 86
5 66 87
5 66 88
5 66 95
5 66 99
5 91 51
5 91 60
5 91 62
5 91 72
5 91 80
5 91 81
5 91 83
5 91 91
5 91 92
5 91 93
5 91 94
6 22 0
6 22 10
6 22 11
6 22 13
6 22 20
6 22 22
6 22 23
6 22 24
6 22 30
6 22 31
6 22 32
6 22 40
6 22 41
6 22 42
6 22 50
6 26 3
6 26 6
6 26 7
6 26 9
6 26 14
6 26 17
6 26 18
6 26 19
6 26 25
6 26 26
6 26 27
6 26 29
6 26 36
6 26 37
6 26 38
6 26 39
6 26 48
6 26 49
6 54 5
6 54 8
6 54 33
6 54 34
6 54 43
6 54 44
6 54 45
6 54 52
6 54 63
6 54 64
6 54 65
6 54 74
6 54 97
6 56 46
6 56 47
6 56 55
6 56 58
6 56 59
6 56 69
6 56 70
6 56 73
6 56 77
6 56 96
6 56 98
6 66 57
6 66 66
6 66 68
6 66 75
6 66 76
6 66 79
6 66 85
6 66 86
6 66 87
6 66 95
6 66 99
6 91 51
6 91 60
6 91 62
6 91 72
6 91 80
6 91 83
6 91 91
6 91 92
6 91 93
6 91 94
7 22 0
7 22 1
7 22 2
7 22 10
7 22 11
7 22 12
7 22 23
7 22 24
7 22 30
7 22 40
7 22 42
7 26 3
7 26 6
7 26 7
7 26 9
7 26 16
7 26 17
7 26 18
7 26 19
7 26 25
7 26 26
7 26 27
7 26 37
7 26 38
7 26 39
7 26 48
7 54 5
7 54 8
7 54 33
7 54 43
7 54 44
7 54 52
7 54 53
7 54 61
7 54 74
7 54 97
7 56 47
7 56 55
7 56 56
7 56 58
7 56 59
7 56 69
7 56 70
7 56 73
7 56 77
7 56 89
7 56 98
7 66 66
7 66 67
7 66 75
7 66 84
7 66 86
7 66 87
7 66 88
7 91 51
7 91 60
7 91 62
7 91 71
7 91 90
7 91 91
7 91 92
7 91 93
7 91 94
8 22 0
8 22 1
8 22 2
8 22 4
8 22 10
8 22 11
8 22 12
8 22 13
8 22 21
8 22 23
8 22 24
8 22 32
8 22 42
8 26 3
8 26 6
8 26 16
8 26 17
8 26 18
8 26 19
8 26 26
8 26 27
8 26 28
8 26 29
8 26 36
8 26 39
8 26 48
8 26 49
8 54 5
8 54 8
8 54 33
8 54 43
8 54 52
8 54 54
8 54 61
8 54 65
8 56 35
8 56 55
8 56 56
8 56 59
8 56 69
8 56 77
8 56 89
8 56 96
8 66 66
8 66 67
8 66 75
8 66 76
8 66 78
8 66 79
8 66 84
8 66 86
8 66 88
8 66 99
8 91 62
8 91 81
8 91 83
8 91 90
8 91 91
9 22 0
9 22 4
9 22 20
9 22 21
9 22 22
9 22 23
9 22 40
9 22 41
9 26 3
9 26 16
9 26 17
9 26 18
9 26 25
9 26 29
9 26 36
9 26 38
9 26 48
9 54 5
9 54 8
9 54 34
9 54 53
9 54 54
9 54 61
9 54 74
9 54 82
9 54 97
9 56 46
9 56 56
9 56 89
9 56 98
9 66 57
9 66 66
9 66 67
9 66 68
9 66 87
9 66 88
9 66 95
9 91 62
9 91 71
9 91 72
9 91 90
9 91 93
9 91 94
10 22 1
10 22 12
10 22 21
10 22 22
10 22 24
10 22 30
10 22 31
10 26 9
10 26 16
10 26 25
10 26 37
10 26 38
10 54 61
10 54 63
10 56 35
10 56 46
10 56 47
10 56 55
10 56 59
10 56 69
10 56 77
10 56 98
10 66 87
10 91 81
10 91 90
10 91 93
11 22 10
11 22 12
11 22 23
11 22 50
11 26 16
11 26 28
11 54 8
11 54 64
11 56 59
11 66 -1
11 91 72
--- Done ---
