0 34 -1
0 76 -1
0 91 66
0 91 67
0 91 76
0 91 77
0 91 86
0 91 87
1 31 -1
1 34 1
1 34 3
1 34 5
1 34 14
1 34 22
1 34 25
1 34 35
1 34 36
1 34 46
1 34 49
1 34 50
1 38 -1
1 76 18
1 76 56
1 76 59
1 76 67
1 76 75
1 76 76
1 76 77
1 76 85
1 76 86
1 76 94
1 76 96
1 91 40
1 91 60
1 91 82
1 91 90
1 91 91
1 91 92
2 2 -1
2 31 0
2 31 10
2 31 32
2 31 52
2 31 60
2 31 61
2 34 4
2 34 12
2 34 14
2 34 23
2 34 24
2 34 25
2 34 33
2 34 34
2 34 46
2 34 53
2 38 6
2 38 7
2 38 18
2 38 27
2 38 28
2 38 29
2 38 37
2 38 47
2 38 59
2 76 55
2 76 56
2 76 66
2 76 67
2 76 68
2 76 75
2 76 76
2 76 77
2 76 83
2 76 86
2 76 87
2 76 94
2 77 -1
2 91 70
2 91 71
2 91 90
2 91 92
3 2 1
3 2 6
3 2 10
3 2 11
3 2 13
3 31 22
3 31 30
3 31 31
3 31 40
3 31 42
3 31 51
3 31 52
3 31 61
3 34 5
3 34 14
3 34 15
3 34 23
3 34 24
3 34 25
3 34 33
3 34 35
3 34 43
3 34 44
3 34 54
3 38 7
3 38 8
3 38 19
3 38 28
3 38 29
3 38 38
3 38 39
3 38 47
3 38 57
3 38 58
3 38 69
3 76 56
3 76 65
3 76 66
3 76 73
3 76 74
3 76 76
3 76 85
3 76 86
3 76 94
3 76 95
3 76 97
3 76 99
3 77 77
3 77 78
3 77 79
3 77 87
3 77 96
3 91 72
3 91 80
3 91 81
3 91 90
3 91 91
3 91 92
3 91 93
4 2 0
4 2 1
4 2 2
4 2 3
4 2 6
4 2 10
4 2 11
4 2 12
4 31 20
4 31 22
4 31 30
4 31 31
4 31 40
4 31 41
4 31 42
4 31 50
4 31 51
4 31 52
4 31 60
4 31 61
4 31 63
4 34 5
4 34 14
4 34 15
4 34 16
4 34 23
4 34 33
4 34 34
4 34 35
4 34 36
4 34 43
4 34 46
4 34 53
4 38 9
4 38 17
4 38 18
4 38 19
4 38 26
4 38 27
4 38 29
4 38 37
4 38 39
4 38 47
4 38 48
4 38 49
4 38 58
4 76 55
4 76 64
4 76 65
4 76 66
4 76 68
4 76 73
4 76 75
4 76 76
4 76 84
4 76 86
4 76 95
4 76 98
4 76 99
4 77 59
4 77 67
4 77 77
4 77 79
4 77 87
4 77 89
4 77 96
4 91 62
4 91 70
4 91 72
4 91 80
4 91 81
4 91 82
4 91 90
4 91 91
4 91 92
4 91 93
5 2 0
5 2 1
5 2 4
5 2 6
5 2 10
5 2 11
5 2 13
5 31 20
5 31 22
5 31 30
5 31 31
5 31 32
5 31 40
5 31 41
5 31 42
5 31 51
5 31 52
5 31 60
5 31 61
5 31 63
5 34 5
5 34 14
5 34 15
5 34 16
5 34 24
5 34 25
5 34 33
5 34 34
5 34 35
5 34 43
5 34 44
5 34 45
5 34 46
5 34 53
5 34 54
5 38 7
5 38 8
5 38 9
5 38 17
5 38 18
5 38 19
5 38 26
5 38 27
5 38 29
5 38 37
5 38 39
5 38 48
5 38 49
5 38 57
5 38 69
5 76 55
5 76 56
5 76 64
5 76 65
5 76 68
5 76 74
5 76 75
5 76 76
5 76 83
5 76 85
5 76 86
5 76 94
5 76 95
5 76 97
5 76 98
5 76 99
5 77 59
5 77 67
5 77 77
5 77 78
5 77 79
5 77 87
5 77 88
5 77 89
5 91 62
5 91 72
5 91 80
5 91 81
5 91 82
5 91 91
5 91 92
5 91 93
6 2 0
6 2 3
6 2 6
6 2 10
6 2 11
6 2 13
6 31 20
6 31 22
6 31 30
6 31 31
6 31 32
6 31 40
6 31 41
6 31 42
6 31 50
6 31 51
6 31 52
6 31 60
6 31 63
6 34 5
6 34 14
6 34 23
6 34 24
6 34 25
6 34 33
6 34 34
6 34 36
6 34 43
6 34 44
6 34 45
6 34 46
6 38 7
6 38 8
6 38 9
6 38 17
6 38 18
6 38 19
6 38 26
6 38 27
6 38 29
6 38 37
6 38 38
6 38 39
6 38 47
6 38 48
6 38 49
6 38 57
6 38 58
6 38 69
6 76 55
6 76 64
6 76 65
6 76 66
6 76 68
6 76 73
6 76 74
6 76 75
6 76 76
6 76 83
6 76 85
6 76 86
6 76 94
6 76 95
6 76 97
6 76 98
6 76 99
6 77 59
6 77 77
6 77 79
6 77 87
6 77 96
6 91 62
6 91 70
6 91 72
6 91 80
6 91 91
6 91 92
6 91 93
7 2 0
7 2 1
7 2 2
7 2 3
7 2 6
7 2 10
7 2 11
7 2 12
7 31 30
7 31 40
7 31 42
7 31 51
7 31 52
7 31 60
7 31 61
7 34 5
7 34 16
7 34 23
7 34 24
7 34 25
7 34 33
7 34 43
7 34 44
7 34 53
7 38 7
7 38 8
7 38 9
7 38 17
7 38 18
7 38 19
7 38 26
7 38 27
7 38 37
7 38 38
7 38 39
7 38 47
7 38 48
7 38 58
7 38 69
7 76 55
7 76 56
7 76 66
7 76 73
7 76 74
7 76 75
7 76 84
7 76 86
7 76 94
7 76 97
7 76 98
7 77 59
7 77 67
7 77 77
7 77 87
7 77 88
7 77 89
7 91 62
7 91 70
7 91 71
7 91 90
7 91 91
7 91 92
7 91 93
8 2 0
8 2 1
8 2 2
8 2 3
8 2 4
8 2 6
8 2 10
8 2 11
8 2 12
8 2 13
8 31 21
8 31 32
8 31 42
8 31 52
8 31 61
8 34 5
8 34 16
8 34 23
8 34 24
8 34 33
8 34 35
8 34 36
8 34 43
8 34 54
8 38 8
8 38 17
8 38 18
8 38 19
8 38 26
8 38 27
8 38 28
8 38 29
8 38 39
8 38 48
8 38 49
8 38 69
8 76 55
8 76 56
8 76 65
8 76 66
8 76 75
8 76 76
8 76 83
8 76 84
8 76 86
8 76 99
8 77 59
8 77 67
8 77 77
8 77 78
8 77 79
8 77 88
8 77 89
8 77 96
8 91 62
8 91 81
8 91 90
8 91 91
9 2 0
9 2 3
9 2 4
9 31 20
9 31 21
9 31 22
9 31 40
9 31 41
9 31 61
9 34 5
9 34 16
9 34 23
9 34 25
9 34 34
9 34 36
9 34 46
9 34 53
9 34 54
9 38 8
9 38 17
9 38 18
9 38 29
9 38 38
9 38 48
9 38 57
9 76 56
9 76 66
9 76 68
9 76 74
9 76 94
9 76 95
9 76 97
9 76 98
9 77 67
9 77 87
9 77 88
9 77 89
9 91 62
9 91 71
9 91 72
9 91 82
9 91 90
9 91 93
10 2 1
10 2 12
10 31 21
10 31 22
10 31 30
10 31 31
10 31 61
10 31 63
10 34 16
10 34 24
10 34 25
10 34 35
10 34 46
10 38 9
10 38 37
10 38 38
10 38 47
10 38 69
10 76 55
10 76 98
10 77 59
10 77 77
10 77 87
10 91 81
10 91 90
10 91 93
11 2 10
11 2 12
11 31 50
11 34 16
11 34 23
11 38 8
11 38 28
11 76 64
11 77 59
11 91 72
--- Done ---
