0 34 66
0 76 67
0 76 76
0 76 77
0 76 86
0 76 87
1 0 1
1 0 3
1 0 40
1 34 5
1 34 14
1 34 22
1 34 25
1 34 35
1 34 46
1 47 18
1 47 36
1 47 49
1 47 56
1 47 59
1 47 86
1 60 50
1 60 60
1 60 82
1 60 90
1 60 91
1 60 92
1 76 67
1 76 75
1 76 76
1 76 77
1 76 85
1 76 94
1 76 96
2 0 0
2 0 4
2 0 10
2 34 7
2 34 12
2 34 14
2 34 23
2 34 24
2 34 25
2 34 27
2 34 32
2 34 33
2 34 34
2 34 52
2 34 53
2 34 55
2 34 56
2 34 66
2 47 6
2 47 18
2 47 28
2 47 29
2 47 37
2 47 46
2 47 47
2 47 59
2 47 77
2 60 60
2 60 61
2 60 70
2 60 71
2 60 83
2 60 90
2 60 92
2 76 67
2 76 68
2 76 75
2 76 76
2 76 86
2 76 87
2 76 94
3 0 1
3 0 10
3 0 11
3 0 30
3 28 6
3 28 8
3 28 19
3 28 28
3 28 29
3 28 39
3 28 57
3 28 58
3 28 69
3 34 5
3 34 7
3 34 13
3 34 14
3 34 22
3 34 23
3 34 24
3 34 25
3 34 31
3 34 33
3 34 35
3 34 38
3 34 42
3 34 43
3 34 44
3 34 52
3 34 54
3 34 56
3 34 65
3 34 66
3 47 15
3 47 47
3 47 78
3 47 79
3 47 86
3 60 40
3 60 51
3 60 61
3 60 72
3 60 73
3 60 74
3 60 80
3 60 81
3 60 90
3 60 91
3 60 92
3 60 93
3 76 76
3 76 77
3 76 85
3 76 87
3 76 94
3 76 95
3 76 96
3 76 97
3 76 99
4 0 0
4 0 1
4 0 3
4 0 10
4 0 11
4 0 20
4 0 30
4 28 6
4 28 9
4 28 17
4 28 18
4 28 19
4 28 26
4 28 27
4 28 29
4 28 35
4 28 37
4 28 39
4 28 46
4 28 48
4 28 49
4 28 58
4 28 59
4 34 2
4 34 5
4 34 12
4 34 14
4 34 15
4 34 16
4 34 22
4 34 23
4 34 31
4 34 33
4 34 34
4 34 36
4 34 41
4 34 42
4 34 43
4 34 52
4 34 53
4 34 55
4 34 62
4 34 64
4 34 65
4 34 66
4 47 47
4 47 77
4 47 79
4 47 86
4 60 40
4 60 50
4 60 51
4 60 60
4 60 61
4 60 63
4 60 70
4 60 72
4 60 73
4 60 80
4 60 81
4 60 82
4 60 90
4 60 91
4 60 92
4 60 93
4 76 67
4 76 68
4 76 75
4 76 76
4 76 84
4 76 87
4 76 89
4 76 95
4 76 96
4 76 98
4 76 99
5 0 0
5 0 1
5 0 4
5 0 10
5 0 11
5 0 13
5 0 20
5 0 22
5 0 30
5 0 40
5 0 52
5 28 5
5 28 6
5 28 8
5 28 9
5 28 15
5 28 16
5 28 17
5 28 19
5 28 24
5 28 26
5 28 27
5 28 29
5 28 35
5 28 37
5 28 39
5 28 46
5 28 48
5 28 49
5 28 57
5 28 59
5 28 69
5 34 7
5 34 14
5 34 25
5 34 31
5 34 32
5 34 33
5 34 34
5 34 41
5 34 42
5 34 43
5 34 44
5 34 45
5 34 53
5 34 54
5 34 55
5 34 56
5 34 62
5 34 64
5 34 65
5 47 18
5 47 67
5 47 68
5 47 78
5 47 79
5 47 86
5 60 51
5 60 60
5 60 61
5 60 63
5 60 72
5 60 74
5 60 80
5 60 81
5 60 82
5 60 83
5 60 91
5 60 92
5 60 93
5 76 75
5 76 76
5 76 77
5 76 85
5 76 87
5 76 88
5 76 89
5 76 94
5 76 95
5 76 97
5 76 98
5 76 99
6 0 0
6 0 3
6 0 10
6 0 11
6 0 20
6 0 30
6 28 5
6 28 6
6 28 8
6 28 9
6 28 17
6 28 18
6 28 19
6 28 24
6 28 26
6 28 29
6 28 37
6 28 38
6 28 39
6 28 46
6 28 49
6 28 57
6 28 59
6 28 69
6 34 7
6 34 13
6 34 14
6 34 22
6 34 23
6 34 25
6 34 27
6 34 32
6 34 33
6 34 34
6 34 36
6 34 41
6 34 42
6 34 43
6 34 44
6 34 45
6 34 48
6 34 55
6 34 62
6 34 64
6 34 65
6 34 66
6 47 47
6 47 58
6 47 68
6 47 77
6 47 79
6 47 86
6 60 31
6 60 40
6 60 50
6 60 51
6 60 52
6 60 60
6 60 63
6 60 70
6 60 72
6 60 73
6 60 74
6 60 80
6 60 83
6 60 91
6 60 92
6 60 93
6 76 75
6 76 76
6 76 85
6 76 87
6 76 94
6 76 95
6 76 96
6 76 97
6 76 98
6 76 99
7 0 0
7 0 1
7 0 2
7 0 3
7 0 10
7 0 11
7 0 12
7 0 30
7 28 5
7 28 8
7 28 9
7 28 18
7 28 19
7 28 37
7 28 39
7 28 58
7 28 59
7 28 69
7 34 7
7 34 16
7 34 23
7 34 24
7 34 25
7 34 26
7 34 33
7 34 38
7 34 42
7 34 43
7 34 44
7 34 48
7 34 53
7 34 56
7 47 6
7 47 17
7 47 27
7 47 47
7 47 66
7 60 40
7 60 51
7 60 52
7 60 60
7 60 61
7 60 62
7 60 70
7 60 71
7 60 73
7 60 74
7 60 90
7 60 91
7 60 92
7 60 93
7 76 55
7 76 67
7 76 75
7 76 77
7 76 84
7 76 86
7 76 87
7 76 88
7 76 89
7 76 94
7 76 97
7 76 98
8 0 0
8 0 1
8 0 3
8 0 4
8 0 10
8 0 11
8 0 21
8 28 6
8 28 8
8 28 18
8 28 19
8 28 28
8 28 29
8 28 39
8 28 49
8 34 2
8 34 5
8 34 12
8 34 13
8 34 16
8 34 23
8 34 24
8 34 26
8 34 27
8 34 32
8 34 33
8 34 35
8 34 36
8 34 42
8 34 43
8 34 48
8 34 52
8 34 54
8 34 55
8 34 56
8 34 62
8 34 65
8 47 17
8 47 59
8 47 66
8 47 77
8 47 79
8 60 61
8 60 81
8 60 90
8 60 91
8 76 67
8 76 69
8 76 75
8 76 76
8 76 78
8 76 83
8 76 84
8 76 86
8 76 88
8 76 89
8 76 96
8 76 99
9 0 0
9 0 3
9 0 4
9 0 20
9 0 21
9 28 8
9 28 29
9 34 5
9 34 16
9 34 22
9 34 23
9 34 25
9 34 34
9 34 36
9 34 38
9 34 41
9 34 46
9 34 48
9 34 53
9 34 54
9 34 62
9 34 66
9 47 17
9 47 18
9 47 56
9 47 57
9 47 67
9 60 40
9 60 61
9 60 71
9 60 72
9 60 74
9 60 82
9 60 90
9 60 93
9 76 68
9 76 87
9 76 88
9 76 89
9 76 94
9 76 95
9 76 97
9 76 98
10 0 1
10 0 21
10 0 22
10 0 30
10 28 9
10 28 37
10 28 59
10 34 12
10 34 16
10 34 24
10 34 25
10 34 31
10 34 35
10 34 38
10 34 46
10 34 55
10 47 47
10 47 69
10 47 77
10 60 61
10 60 63
10 60 81
10 60 90
10 60 93
10 76 87
10 76 98
11 0 10
11 28 8
11 28 28
11 34 12
11 34 16
11 34 23
11 34 64
11 47 59
11 60 50
11 60 72
11 76 -1
--- Done ---
