0 63 66
0 63 67
0 63 77
0 63 86
0 63 87
0 63 76
0 91 -1
1 37 1
1 37 5
1 37 18
1 37 22
1 37 25
1 37 49
1 37 56
1 37 59
1 37 14
1 37 35
1 37 36
1 37 46
1 37 67
1 63 3
1 63 50
1 63 86
1 63 96
1 63 40
1 63 60
1 63 76
1 63 77
1 63 82
1 63 90
1 63 92
1 63 75
1 63 85
1 91 94
1 91 91
2 37 18
2 37 27
2 37 29
2 37 56
2 37 59
2 37 4
2 37 6
2 37 7
2 37 14
2 37 25
2 37 28
2 37 37
2 37 67
2 37 68
2 37 33
2 37 34
2 37 46
2 37 47
2 37 55
2 37 66
2 37 75
2 37 53
2 42 0
2 42 10
2 42 60
2 42 61
2 42 71
2 42 76
2 63 86
2 63 12
2 63 23
2 63 32
2 63 52
2 63 70
2 63 77
2 63 83
2 63 87
2 63 90
2 63 92
2 63 24
2 91 94
3 37 5
3 37 8
3 37 15
3 37 19
3 37 29
3 37 1
3 37 6
3 37 7
3 37 14
3 37 22
3 37 25
3 37 28
3 37 38
3 37 39
3 37 56
3 37 58
3 37 69
3 37 78
3 37 24
3 37 33
3 37 44
3 37 57
3 37 43
3 37 47
3 37 85
3 42 10
3 42 11
3 42 30
3 42 13
3 42 23
3 42 31
3 42 52
3 42 40
3 42 51
3 42 74
3 42 42
3 42 61
3 42 66
3 42 72
3 42 73
3 42 76
3 42 65
3 63 -1
3 76 79
3 76 97
3 76 99
3 76 86
3 76 94
3 76 95
3 76 96
3 76 77
3 76 81
3 76 87
3 76 93
3 76 35
3 76 54
3 91 80
3 91 90
3 91 92
3 91 91
4 37 5
4 37 9
4 37 15
4 37 18
4 37 19
4 37 29
4 37 49
4 37 14
4 37 16
4 37 17
4 37 26
4 37 27
4 37 39
4 37 58
4 37 59
4 37 36
4 37 37
4 37 67
4 37 68
4 37 34
4 37 35
4 37 43
4 37 46
4 37 47
4 37 55
4 37 84
4 37 64
4 42 0
4 42 2
4 42 10
4 42 11
4 42 30
4 42 1
4 42 6
4 42 12
4 42 20
4 42 22
4 42 23
4 42 31
4 42 41
4 42 50
4 42 52
4 42 33
4 42 40
4 42 48
4 42 51
4 42 60
4 42 87
4 63 3
4 63 70
4 63 90
4 63 92
4 63 63
4 63 73
4 63 76
4 63 82
4 63 93
4 63 53
4 63 65
4 63 75
4 76 79
4 76 89
4 76 98
4 76 99
4 76 86
4 76 95
4 76 96
4 76 77
4 76 81
4 76 42
4 76 61
4 76 62
4 76 66
4 76 72
4 91 80
4 91 91
5 37 5
5 37 8
5 37 9
5 37 15
5 37 18
5 37 19
5 37 29
5 37 49
5 37 1
5 37 4
5 37 6
5 37 7
5 37 14
5 37 16
5 37 17
5 37 22
5 37 25
5 37 26
5 37 27
5 37 39
5 37 56
5 37 59
5 37 69
5 37 37
5 42 0
5 42 10
5 42 11
5 42 30
5 42 13
5 42 20
5 42 31
5 42 32
5 42 41
5 42 52
5 42 24
5 42 33
5 42 44
5 42 48
5 42 57
5 42 34
5 63 35
5 63 45
5 63 46
5 63 54
5 63 55
5 63 63
5 63 74
5 63 87
5 63 40
5 63 42
5 63 43
5 63 51
5 63 53
5 63 60
5 63 61
5 63 62
5 63 64
5 63 65
5 63 72
5 63 75
5 63 81
5 63 82
5 76 79
5 76 88
5 76 89
5 76 97
5 76 98
5 76 99
5 76 78
5 76 86
5 76 94
5 76 95
5 76 67
5 76 68
5 76 77
5 91 80
5 91 92
5 91 76
5 91 83
5 91 85
5 91 91
5 91 93
6 37 5
6 37 8
6 37 9
6 37 18
6 37 19
6 37 29
6 37 49
6 37 6
6 37 7
6 37 14
6 37 17
6 37 22
6 37 25
6 37 26
6 37 27
6 37 39
6 37 24
6 37 33
6 37 36
6 37 44
6 37 58
6 42 0
6 42 10
6 42 11
6 42 30
6 42 13
6 42 20
6 42 23
6 42 31
6 42 32
6 42 41
6 42 50
6 42 52
6 42 40
6 42 51
6 42 34
6 42 37
6 42 43
6 42 45
6 42 46
6 42 48
6 63 3
6 63 63
6 63 95
6 63 96
6 76 79
6 76 97
6 76 98
6 76 99
6 76 38
6 76 59
6 76 69
6 76 47
6 76 57
6 76 74
6 76 42
6 76 55
6 76 62
6 76 64
6 76 66
6 76 68
6 76 72
6 76 73
6 76 77
6 76 83
6 76 86
6 76 87
6 89 -1
6 91 80
6 91 70
6 91 92
6 91 94
6 91 60
6 91 91
6 91 93
6 91 65
6 91 75
6 91 76
6 91 85
7 37 5
7 37 8
7 37 9
7 37 18
7 37 19
7 37 1
7 37 6
7 37 7
7 37 16
7 37 17
7 37 25
7 37 26
7 37 27
7 37 39
7 37 56
7 37 24
7 37 33
7 37 38
7 37 44
7 37 58
7 37 59
7 37 69
7 37 37
7 37 47
7 42 0
7 42 2
7 42 10
7 42 11
7 42 30
7 42 12
7 42 23
7 42 52
7 42 40
7 42 51
7 42 60
7 42 74
7 42 42
7 42 43
7 42 48
7 42 84
7 42 53
7 42 55
7 42 61
7 42 62
7 42 66
7 63 3
7 63 70
7 63 90
7 63 92
7 76 88
7 76 94
7 76 97
7 76 98
7 76 86
7 76 93
7 76 67
7 76 77
7 76 71
7 76 73
7 76 87
7 76 75
7 89 89
7 91 91
8 37 5
8 37 8
8 37 18
8 37 19
8 37 29
8 37 49
8 37 1
8 37 4
8 37 6
8 37 16
8 37 17
8 37 26
8 37 27
8 37 28
8 37 39
8 37 56
8 37 21
8 37 24
8 37 33
8 37 36
8 37 59
8 37 69
8 37 78
8 37 35
8 37 43
8 37 48
8 37 54
8 37 67
8 42 0
8 42 2
8 42 10
8 42 11
8 42 12
8 42 13
8 42 23
8 42 32
8 42 52
8 42 42
8 42 61
8 42 62
8 42 84
8 42 55
8 42 66
8 42 65
8 63 3
8 63 90
8 76 79
8 76 88
8 76 99
8 76 81
8 76 83
8 76 86
8 76 96
8 76 77
8 76 75
8 76 76
8 89 89
8 91 91
9 37 5
9 37 8
9 37 18
9 37 29
9 37 4
9 37 16
9 37 17
9 37 22
9 37 25
9 37 56
9 37 21
9 37 36
9 37 38
9 37 34
9 37 46
9 37 48
9 37 54
9 37 57
9 37 67
9 37 68
9 37 53
9 37 66
9 42 0
9 42 20
9 42 23
9 42 41
9 42 40
9 42 74
9 42 61
9 42 62
9 42 71
9 42 72
9 42 82
9 42 87
9 63 3
9 63 90
9 76 88
9 76 94
9 76 97
9 76 98
9 76 93
9 76 95
9 89 89
9 91 -1
10 37 9
10 37 1
10 37 16
10 37 22
10 37 25
10 37 21
10 37 24
10 37 38
10 37 59
10 37 69
10 37 35
10 37 37
10 37 46
10 37 47
10 37 77
10 37 55
10 42 30
10 42 12
10 42 31
10 42 61
10 42 87
10 63 90
10 63 81
10 63 93
10 63 63
10 76 98
10 89 -1
10 91 -1
11 37 8
11 37 16
11 37 28
11 37 59
11 42 10
11 42 12
11 42 23
11 42 50
11 42 72
11 42 64
11 63 -1
11 76 -1
11 89 -1
11 91 -1
--- Done ---
