0 34 -1
0 58 67
0 85 66
0 85 76
0 85 77
0 85 86
0 85 87
1 15 3
1 15 18
1 21 1
1 21 40
1 21 50
1 34 5
1 34 14
1 34 22
1 34 25
1 34 35
1 34 36
1 34 56
1 58 46
1 58 49
1 58 59
1 58 67
1 58 77
1 71 60
1 71 82
1 71 90
1 71 91
1 71 92
1 85 75
1 85 76
1 85 85
1 85 86
1 85 94
1 85 96
2 15 4
2 15 6
2 21 0
2 21 10
2 29 7
2 29 18
2 29 28
2 29 29
2 34 12
2 34 14
2 34 23
2 34 24
2 34 25
2 34 27
2 34 32
2 34 33
2 34 34
2 34 53
2 34 56
2 58 37
2 58 46
2 58 47
2 58 59
2 58 67
2 58 68
2 58 77
2 71 52
2 71 60
2 71 61
2 71 70
2 71 71
2 71 90
2 71 92
2 85 55
2 85 66
2 85 75
2 85 76
2 85 83
2 85 86
2 85 87
2 85 94
3 15 6
3 15 15
3 21 1
3 21 10
3 21 11
3 21 30
3 21 31
3 21 40
3 21 52
3 21 54
3 29 7
3 29 8
3 29 19
3 29 28
3 29 29
3 29 38
3 29 39
3 34 5
3 34 13
3 34 14
3 34 22
3 34 23
3 34 24
3 34 25
3 34 33
3 34 35
3 34 42
3 34 43
3 34 44
3 34 56
3 58 47
3 58 57
3 58 58
3 58 65
3 58 66
3 58 69
3 58 77
3 58 78
3 58 79
3 71 51
3 71 61
3 71 72
3 71 73
3 71 80
3 71 81
3 71 90
3 71 91
3 71 92
3 71 95
3 85 74
3 85 85
3 85 93
3 85 94
3 85 96
3 88 76
3 88 86
3 88 87
3 88 97
3 88 99
4 15 3
4 15 6
4 15 15
4 21 0
4 21 1
4 21 2
4 21 10
4 21 11
4 21 12
4 21 20
4 21 22
4 21 30
4 21 31
4 21 40
4 21 41
4 21 42
4 21 50
4 29 9
4 29 17
4 29 18
4 29 19
4 29 29
4 29 37
4 29 39
4 29 49
4 34 5
4 34 14
4 34 16
4 34 23
4 34 26
4 34 27
4 34 33
4 34 34
4 34 35
4 34 36
4 34 43
4 34 53
4 58 46
4 58 47
4 58 48
4 58 58
4 58 59
4 58 65
4 58 66
4 58 67
4 58 77
4 58 79
4 71 51
4 71 52
4 71 60
4 71 61
4 71 62
4 71 63
4 71 70
4 71 72
4 71 73
4 71 80
4 71 81
4 71 82
4 71 90
4 71 91
4 71 92
4 85 55
4 85 64
4 85 75
4 85 84
4 85 93
4 85 96
4 88 68
4 88 76
4 88 86
4 88 87
4 88 89
4 88 95
4 88 98
4 88 99
5 15 4
5 15 5
5 15 6
5 15 14
5 15 15
5 15 16
5 15 17
5 15 22
5 15 24
5 15 25
5 15 26
5 15 27
5 15 35
5 21 0
5 21 1
5 21 10
5 21 11
5 21 20
5 21 30
5 21 31
5 21 32
5 21 40
5 21 41
5 21 42
5 21 54
5 29 7
5 29 8
5 29 9
5 29 18
5 29 19
5 29 29
5 29 39
5 29 49
5 34 13
5 34 33
5 34 34
5 34 43
5 34 44
5 34 45
5 34 53
5 34 56
5 58 37
5 58 46
5 58 48
5 58 57
5 58 59
5 58 65
5 58 67
5 58 68
5 58 69
5 58 77
5 58 78
5 71 51
5 71 52
5 71 60
5 71 61
5 71 62
5 71 63
5 71 72
5 71 80
5 71 81
5 71 82
5 71 91
5 71 92
5 71 95
5 85 55
5 85 64
5 85 74
5 85 75
5 85 76
5 85 83
5 85 85
5 85 86
5 85 87
5 85 93
5 85 94
5 88 79
5 88 88
5 88 89
5 88 97
5 88 98
5 88 99
6 15 3
6 15 5
6 15 6
6 15 17
6 15 23
6 15 26
6 21 0
6 21 10
6 21 11
6 21 20
6 21 30
6 21 31
6 21 40
6 21 41
6 21 50
6 29 7
6 29 8
6 29 9
6 29 18
6 29 19
6 29 29
6 29 38
6 29 39
6 34 13
6 34 14
6 34 22
6 34 24
6 34 25
6 34 27
6 34 32
6 34 33
6 34 34
6 34 36
6 34 42
6 34 43
6 34 44
6 34 45
6 58 37
6 58 46
6 58 47
6 58 48
6 58 49
6 58 57
6 58 58
6 58 59
6 58 65
6 58 66
6 58 68
6 58 69
6 58 77
6 58 79
6 71 51
6 71 52
6 71 60
6 71 62
6 71 63
6 71 70
6 71 72
6 71 73
6 71 80
6 71 91
6 71 92
6 71 95
6 85 55
6 85 64
6 85 74
6 85 75
6 85 76
6 85 83
6 85 85
6 85 86
6 85 87
6 85 93
6 85 94
6 85 96
6 88 97
6 88 98
6 88 99
7 15 3
7 15 6
7 15 17
7 15 18
7 21 0
7 21 1
7 21 2
7 21 10
7 21 11
7 21 30
7 21 40
7 29 7
7 29 8
7 29 9
7 29 19
7 29 38
7 29 39
7 34 5
7 34 12
7 34 16
7 34 23
7 34 24
7 34 25
7 34 26
7 34 27
7 34 33
7 34 42
7 34 43
7 34 44
7 34 53
7 34 56
7 58 37
7 58 47
7 58 48
7 58 58
7 58 59
7 58 67
7 58 69
7 71 51
7 71 52
7 71 60
7 71 61
7 71 62
7 71 70
7 71 71
7 71 73
7 71 90
7 71 91
7 71 92
7 85 55
7 85 66
7 85 74
7 85 75
7 85 84
7 85 86
7 85 93
7 85 94
7 88 77
7 88 87
7 88 88
7 88 89
7 88 97
7 88 98
8 15 3
8 15 4
8 15 6
8 15 17
8 15 18
8 21 0
8 21 1
8 21 2
8 21 10
8 21 11
8 21 21
8 21 52
8 21 54
8 29 8
8 29 19
8 29 28
8 29 29
8 29 39
8 34 5
8 34 12
8 34 13
8 34 16
8 34 23
8 34 24
8 34 26
8 34 27
8 34 32
8 34 33
8 34 35
8 34 36
8 34 42
8 34 43
8 34 56
8 58 48
8 58 49
8 58 59
8 58 65
8 58 66
8 58 67
8 58 69
8 58 77
8 58 78
8 58 79
8 71 61
8 71 62
8 71 81
8 71 90
8 71 91
8 85 55
8 85 75
8 85 83
8 85 84
8 85 96
8 88 76
8 88 86
8 88 88
8 88 89
8 88 99
9 15 3
9 15 4
9 15 18
9 21 0
9 21 20
9 21 21
9 21 40
9 21 54
9 29 8
9 29 17
9 29 29
9 29 38
9 34 5
9 34 16
9 34 22
9 34 23
9 34 25
9 34 34
9 34 36
9 34 53
9 34 56
9 58 46
9 58 48
9 58 57
9 58 67
9 71 41
9 71 61
9 71 62
9 71 71
9 71 72
9 71 82
9 71 90
9 85 66
9 85 68
9 85 74
9 85 87
9 85 93
9 85 94
9 85 95
9 88 88
9 88 89
9 88 97
9 88 98
10 15 -1
10 21 1
10 21 21
10 21 30
10 21 31
10 29 9
10 29 37
10 29 38
10 34 12
10 34 16
10 34 22
10 34 24
10 34 25
10 34 35
10 58 46
10 58 47
10 58 59
10 58 69
10 58 77
10 71 61
10 71 63
10 71 81
10 71 90
10 85 55
10 85 93
10 88 87
10 88 98
11 15 -1
11 21 10
11 21 50
11 29 8
11 29 28
11 34 12
11 34 16
11 34 23
11 58 59
11 71 -1
11 85 64
11 85 72
11 88 -1
--- Done ---
