0 34 66
0 34 67
0 34 76
0 34 77
0 34 86
0 73 87
1 5 1
1 5 5
1 5 18
1 5 59
1 34 3
1 34 14
1 34 22
1 34 25
1 34 35
1 34 36
1 34 40
1 34 46
1 34 49
1 34 56
1 34 67
1 34 75
1 34 76
1 34 77
1 34 86
1 73 50
1 73 60
1 73 82
1 73 85
1 73 90
1 73 91
1 73 92
1 73 94
1 73 96
2 5 0
2 5 4
2 5 6
2 5 7
2 5 10
2 5 12
2 5 14
2 5 18
2 5 23
2 5 24
2 5 25
2 5 27
2 5 28
2 5 32
2 5 33
2 5 46
2 5 59
2 34 34
2 34 52
2 34 55
2 34 56
2 34 66
2 34 67
2 34 68
2 34 71
2 34 75
2 34 77
2 34 83
2 47 29
2 47 37
2 47 47
2 47 76
2 73 53
2 73 60
2 73 61
2 73 70
2 73 86
2 73 87
2 73 90
2 73 92
2 73 94
3 5 1
3 5 5
3 5 6
3 5 7
3 5 8
3 5 10
3 5 11
3 5 13
3 5 14
3 5 15
3 5 22
3 5 24
3 5 25
3 5 28
3 5 33
3 5 35
3 5 38
3 5 42
3 5 44
3 5 58
3 5 97
3 34 31
3 34 40
3 34 43
3 34 51
3 34 52
3 34 54
3 34 61
3 34 65
3 34 66
3 34 72
3 34 77
3 47 19
3 47 23
3 47 29
3 47 39
3 47 47
3 47 57
3 47 69
3 47 76
3 47 78
3 47 79
3 47 99
3 73 30
3 73 56
3 73 73
3 73 74
3 73 80
3 73 81
3 73 85
3 73 86
3 73 87
3 73 90
3 73 91
3 73 92
3 73 93
3 73 94
3 73 95
3 73 96
4 5 0
4 5 1
4 5 2
4 5 3
4 5 5
4 5 6
4 5 10
4 5 11
4 5 12
4 5 14
4 5 15
4 5 16
4 5 18
4 5 22
4 5 23
4 5 26
4 5 27
4 5 33
4 5 35
4 5 42
4 5 46
4 5 58
4 5 59
4 34 31
4 34 34
4 34 37
4 34 40
4 34 41
4 34 43
4 34 51
4 34 52
4 34 53
4 34 61
4 34 62
4 34 65
4 34 66
4 34 76
4 34 79
4 47 9
4 47 19
4 47 29
4 47 36
4 47 39
4 47 47
4 47 48
4 47 49
4 47 55
4 47 67
4 47 68
4 47 72
4 47 75
4 47 77
4 47 98
4 47 99
4 73 17
4 73 20
4 73 30
4 73 50
4 73 60
4 73 63
4 73 64
4 73 70
4 73 73
4 73 80
4 73 81
4 73 82
4 73 84
4 73 86
4 73 87
4 73 89
4 73 90
4 73 91
4 73 92
4 73 93
4 73 95
4 73 96
5 5 0
5 5 1
5 5 4
5 5 5
5 5 6
5 5 7
5 5 8
5 5 10
5 5 11
5 5 13
5 5 14
5 5 15
5 5 16
5 5 17
5 5 18
5 5 22
5 5 24
5 5 25
5 5 26
5 5 27
5 5 32
5 5 35
5 5 42
5 5 59
5 34 19
5 34 31
5 34 34
5 34 37
5 34 40
5 34 43
5 34 52
5 34 53
5 34 56
5 34 62
5 34 67
5 34 77
5 34 79
5 47 9
5 47 29
5 47 39
5 47 46
5 47 48
5 47 49
5 47 57
5 47 68
5 47 69
5 47 76
5 47 78
5 47 98
5 47 99
5 73 20
5 73 30
5 73 41
5 73 45
5 73 60
5 73 63
5 73 85
5 73 86
5 73 87
5 73 88
5 73 89
5 73 91
5 73 92
5 73 94
5 73 97
5 82 33
5 82 44
5 82 51
5 82 54
5 82 55
5 82 61
5 82 64
5 82 65
5 82 72
5 82 74
5 82 75
5 82 80
5 82 81
5 82 82
5 82 83
5 82 93
5 82 95
6 5 0
6 5 5
6 5 7
6 5 8
6 5 11
6 5 17
6 5 24
6 5 32
6 5 33
6 5 38
6 5 55
6 5 58
6 5 59
6 5 97
6 34 3
6 34 6
6 34 9
6 34 22
6 34 25
6 34 27
6 34 31
6 34 34
6 34 40
6 34 44
6 34 45
6 34 46
6 34 48
6 34 49
6 34 51
6 34 52
6 34 62
6 34 64
6 34 68
6 34 72
6 34 76
6 34 77
6 34 79
6 34 83
6 47 10
6 47 13
6 47 14
6 47 18
6 47 19
6 47 23
6 47 26
6 47 29
6 47 36
6 47 37
6 47 39
6 47 47
6 47 57
6 47 63
6 47 65
6 47 69
6 47 98
6 47 99
6 73 20
6 73 30
6 73 41
6 73 42
6 73 43
6 73 50
6 73 60
6 73 66
6 73 70
6 73 73
6 73 74
6 73 80
6 73 85
6 73 86
6 73 87
6 73 91
6 73 92
6 73 93
6 73 94
6 73 95
6 73 96
6 82 75
7 5 0
7 5 1
7 5 2
7 5 3
7 5 5
7 5 6
7 5 8
7 5 10
7 5 11
7 5 12
7 5 16
7 5 18
7 5 23
7 5 26
7 5 27
7 34 7
7 34 9
7 34 19
7 34 24
7 34 37
7 34 38
7 34 40
7 34 43
7 34 48
7 34 51
7 34 52
7 34 53
7 34 56
7 34 61
7 34 62
7 34 66
7 34 67
7 34 71
7 34 74
7 34 75
7 34 77
7 34 86
7 47 17
7 47 33
7 47 39
7 47 44
7 47 47
7 47 58
7 47 59
7 47 69
7 47 88
7 47 98
7 73 25
7 73 30
7 73 73
7 73 84
7 73 87
7 73 89
7 73 91
7 73 92
7 73 93
7 73 94
7 73 97
7 82 42
7 82 55
7 82 60
7 82 70
7 82 90
8 5 0
8 5 1
8 5 5
8 5 8
8 5 11
8 5 35
8 34 2
8 34 3
8 34 4
8 34 6
8 34 12
8 34 13
8 34 16
8 34 19
8 34 21
8 34 24
8 34 26
8 34 27
8 34 33
8 34 36
8 34 43
8 34 48
8 34 49
8 34 54
8 34 61
8 34 65
8 34 66
8 34 67
8 34 75
8 34 76
8 34 77
8 34 79
8 47 10
8 47 17
8 47 18
8 47 28
8 47 29
8 47 39
8 47 59
8 47 69
8 47 78
8 47 99
8 73 52
8 73 62
8 73 81
8 73 84
8 73 88
8 73 89
8 73 90
8 73 91
8 73 96
8 82 23
8 82 32
8 82 42
8 82 55
8 82 56
8 82 83
8 82 86
9 5 0
9 5 5
9 5 8
9 5 97
9 34 3
9 34 4
9 34 16
9 34 22
9 34 23
9 34 25
9 34 34
9 34 38
9 34 40
9 34 41
9 34 46
9 34 48
9 34 53
9 34 54
9 34 56
9 34 61
9 34 62
9 34 66
9 34 67
9 34 68
9 34 71
9 34 72
9 34 74
9 47 17
9 47 18
9 47 21
9 47 29
9 47 36
9 47 57
9 47 88
9 47 98
9 73 20
9 73 87
9 73 89
9 73 90
9 73 93
9 73 94
9 82 82
9 82 95
10 5 1
10 5 21
10 5 24
10 5 35
10 5 46
10 5 55
10 5 59
10 34 9
10 34 12
10 34 16
10 34 22
10 34 25
10 34 31
10 34 37
10 47 38
10 47 47
10 47 63
10 47 69
10 47 77
10 47 98
10 73 30
10 73 61
10 73 81
10 73 87
10 73 90
10 82 93
11 5 8
11 5 10
11 5 28
11 34 12
11 34 16
11 34 64
11 34 72
11 47 23
11 47 59
11 73 50
11 82 -1
--- Done ---
