0 47 44
0 47 45
0 47 53
0 47 54
0 47 55
0 47 64
0 47 65
1 44 0
1 44 7
1 44 16
1 44 20
1 44 21
1 44 24
1 44 25
1 44 26
1 44 29
1 44 33
1 44 36
1 44 39
1 44 40
1 44 44
1 44 50
1 44 51
1 44 52
1 44 53
1 44 55
1 44 80
1 44 93
1 44 95
1 47 2
1 47 5
1 47 10
1 47 19
1 47 32
1 47 38
1 47 41
1 47 43
1 47 47
1 47 56
1 47 64
1 47 65
1 47 67
1 47 72
1 47 74
1 47 77
1 47 84
1 47 87
1 47 88
1 47 91
1 47 98
2 44 3
2 44 4
2 44 6
2 44 8
2 44 11
2 44 13
2 44 15
2 44 24
2 44 25
2 44 26
2 44 41
2 44 46
2 44 50
2 44 57
2 44 60
2 44 61
2 44 67
2 44 70
2 44 72
2 44 77
2 44 81
2 44 84
2 44 86
2 44 91
2 47 1
2 47 18
2 47 19
2 47 31
2 47 34
2 47 38
2 47 39
2 47 43
2 47 48
2 47 53
2 47 55
2 47 59
2 47 63
2 47 65
2 47 69
2 47 73
2 47 79
2 47 85
2 47 87
2 47 98
2 47 99
3 34 0
3 34 23
3 34 40
3 34 52
3 34 89
3 34 90
3 47 5
3 47 9
3 47 14
3 47 15
3 47 19
3 47 26
3 47 27
3 47 32
3 47 33
3 47 35
3 47 41
3 47 42
3 47 43
3 47 46
3 47 47
3 47 48
3 47 49
3 47 53
3 47 54
3 47 55
3 47 56
3 47 57
3 47 63
3 47 65
3 47 67
3 47 72
3 47 73
3 47 76
3 47 77
3 47 78
3 47 82
3 47 85
3 47 92
3 47 96
3 47 98
3 74 70
3 74 74
3 74 93
4 34 0
4 34 7
4 34 12
4 34 23
4 34 34
4 34 40
4 47 1
4 47 2
4 47 3
4 47 5
4 47 16
4 47 18
4 47 22
4 47 24
4 47 25
4 47 27
4 47 29
4 47 32
4 47 35
4 47 36
4 47 41
4 47 43
4 47 45
4 47 48
4 47 49
4 47 53
4 47 54
4 47 55
4 47 56
4 47 59
4 47 67
4 47 68
4 47 72
4 47 79
4 47 83
4 47 85
4 47 87
4 47 98
4 47 99
4 74 20
4 74 26
4 74 80
4 74 89
4 74 95
5 35 12
5 35 21
5 35 30
5 35 35
5 35 61
5 35 89
5 35 95
5 44 7
5 44 11
5 44 44
5 44 52
5 44 60
5 44 75
5 47 1
5 47 5
5 47 6
5 47 10
5 47 17
5 47 22
5 47 25
5 47 27
5 47 31
5 47 33
5 47 36
5 47 37
5 47 39
5 47 41
5 47 42
5 47 43
5 47 46
5 47 47
5 47 53
5 47 55
5 47 56
5 47 58
5 47 68
5 47 73
5 47 77
5 47 78
5 47 79
5 47 83
5 47 84
5 47 85
5 47 86
5 47 87
5 47 99
6 35 7
6 35 21
6 35 23
6 35 40
6 35 70
6 35 89
6 35 92
6 35 97
6 35 98
6 44 20
6 44 44
6 44 52
6 47 2
6 47 3
6 47 5
6 47 8
6 47 10
6 47 14
6 47 16
6 47 22
6 47 25
6 47 27
6 47 34
6 47 36
6 47 37
6 47 41
6 47 43
6 47 45
6 47 47
6 47 48
6 47 49
6 47 54
6 47 55
6 47 57
6 47 58
6 47 64
6 47 65
6 47 68
6 47 69
6 47 71
6 47 72
6 47 73
6 47 76
6 47 77
6 47 78
6 47 86
6 47 88
6 47 91
6 47 96
6 47 99
7 44 7
7 44 11
7 44 12
7 44 20
7 44 23
7 44 30
7 44 40
7 44 44
7 44 50
7 44 61
7 44 80
7 47 6
7 47 13
7 47 15
7 47 19
7 47 22
7 47 24
7 47 26
7 47 27
7 47 29
7 47 34
7 47 35
7 47 36
7 47 37
7 47 38
7 47 41
7 47 42
7 47 43
7 47 45
7 47 47
7 47 51
7 47 55
7 47 65
7 47 66
7 47 67
7 47 72
7 47 74
7 47 76
7 47 85
7 47 86
7 47 91
7 47 92
7 47 94
8 33 3
8 33 4
8 33 5
8 33 11
8 33 20
8 33 21
8 33 24
8 33 28
8 33 32
8 33 34
8 33 39
8 33 41
8 33 42
8 33 43
8 33 44
8 33 51
8 33 53
8 33 61
8 33 63
8 33 64
8 33 66
8 33 70
8 33 90
8 33 95
8 33 97
8 47 1
8 47 8
8 47 19
8 47 22
8 47 35
8 47 46
8 47 47
8 47 54
8 47 57
8 47 59
8 47 65
8 47 71
8 47 79
8 47 82
8 47 83
8 47 87
8 47 88
8 47 91
8 47 92
8 47 94
8 47 96
9 33 1
9 33 3
9 33 15
9 33 23
9 33 30
9 33 31
9 33 34
9 33 37
9 33 40
9 33 41
9 33 42
9 33 45
9 33 48
9 33 56
9 33 60
9 33 62
9 33 70
9 33 81
9 33 90
9 33 95
9 47 6
9 47 9
9 47 13
9 47 14
9 47 29
9 47 38
9 47 49
9 47 53
9 47 54
9 47 59
9 47 66
9 47 67
9 47 72
9 47 76
9 47 77
9 47 78
9 47 79
9 47 82
9 47 83
9 47 85
9 47 86
9 47 88
9 47 91
9 47 92
9 47 96
--- Done ---
