0 54 44
0 54 45
0 54 53
0 54 54
0 54 55
0 54 64
0 54 65
1 47 5
1 47 7
1 47 16
1 47 19
1 47 25
1 47 26
1 47 29
1 47 36
1 47 38
1 47 39
1 47 47
1 47 56
1 47 67
1 47 77
1 47 87
1 47 88
1 47 98
1 54 0
1 54 2
1 54 10
1 54 20
1 54 21
1 54 24
1 54 32
1 54 33
1 54 40
1 54 41
1 54 43
1 54 44
1 54 50
1 54 51
1 54 52
1 54 53
1 54 55
1 54 64
1 54 65
1 54 72
1 54 74
1 54 80
1 54 84
1 54 91
1 54 93
1 54 95
2 47 4
2 47 6
2 47 8
2 47 15
2 47 18
2 47 19
2 47 25
2 47 26
2 47 38
2 47 39
2 47 46
2 47 48
2 47 57
2 47 59
2 47 67
2 47 69
2 47 77
2 47 79
2 47 87
2 47 98
2 47 99
2 54 1
2 54 3
2 54 11
2 54 13
2 54 24
2 54 31
2 54 34
2 54 41
2 54 43
2 54 50
2 54 53
2 54 55
2 54 60
2 54 61
2 54 63
2 54 65
2 54 70
2 54 72
2 54 73
2 54 81
2 54 84
2 54 85
2 54 86
2 54 91
3 47 5
3 47 9
3 47 15
3 47 19
3 47 26
3 47 27
3 47 35
3 47 46
3 47 47
3 47 48
3 47 49
3 47 56
3 47 57
3 47 67
3 47 77
3 47 78
3 47 89
3 47 98
3 54 0
3 54 14
3 54 23
3 54 32
3 54 33
3 54 40
3 54 41
3 54 42
3 54 43
3 54 52
3 54 53
3 54 54
3 54 55
3 54 63
3 54 65
3 54 70
3 54 72
3 54 73
3 54 74
3 54 76
3 54 82
3 54 85
3 54 90
3 54 92
3 54 93
3 54 96
4 47 5
4 47 7
4 47 16
4 47 18
4 47 25
4 47 26
4 47 27
4 47 29
4 47 35
4 47 36
4 47 48
4 47 49
4 47 56
4 47 59
4 47 67
4 47 68
4 47 79
4 47 87
4 47 89
4 47 98
4 47 99
4 54 0
4 54 1
4 54 2
4 54 3
4 54 12
4 54 20
4 54 22
4 54 23
4 54 24
4 54 32
4 54 34
4 54 40
4 54 41
4 54 43
4 54 45
4 54 53
4 54 54
4 54 55
4 54 72
4 54 80
4 54 83
4 54 85
4 54 95
5 47 5
5 47 6
5 47 7
5 47 17
5 47 25
5 47 27
5 47 35
5 47 36
5 47 37
5 47 39
5 47 46
5 47 47
5 47 56
5 47 58
5 47 68
5 47 77
5 47 78
5 47 79
5 47 87
5 47 89
5 47 99
5 54 1
5 54 10
5 54 11
5 54 12
5 54 21
5 54 22
5 54 30
5 54 31
5 54 33
5 54 41
5 54 42
5 54 43
5 54 44
5 54 52
5 54 53
5 54 55
5 54 60
5 54 61
5 54 73
5 54 75
5 54 83
5 54 84
5 54 85
5 54 86
5 54 95
6 47 5
6 47 7
6 47 8
6 47 16
6 47 25
6 47 27
6 47 36
6 47 37
6 47 47
6 47 48
6 47 49
6 47 57
6 47 58
6 47 68
6 47 69
6 47 77
6 47 78
6 47 88
6 47 89
6 47 97
6 47 98
6 47 99
6 54 2
6 54 3
6 54 10
6 54 14
6 54 20
6 54 21
6 54 22
6 54 23
6 54 34
6 54 40
6 54 41
6 54 43
6 54 44
6 54 45
6 54 52
6 54 54
6 54 55
6 54 64
6 54 65
6 54 70
6 54 71
6 54 72
6 54 73
6 54 76
6 54 86
6 54 91
6 54 92
6 54 96
7 47 6
7 47 7
7 47 15
7 47 19
7 47 26
7 47 27
7 47 29
7 47 35
7 47 36
7 47 37
7 47 38
7 47 47
7 47 66
7 47 67
7 54 11
7 54 12
7 54 13
7 54 20
7 54 22
7 54 23
7 54 24
7 54 30
7 54 34
7 54 40
7 54 41
7 54 42
7 54 43
7 54 44
7 54 45
7 54 50
7 54 51
7 54 55
7 54 61
7 54 65
7 54 72
7 54 74
7 54 76
7 54 80
7 54 85
7 54 86
7 54 91
7 54 92
7 54 94
8 47 4
8 47 5
8 47 8
8 47 19
8 47 28
8 47 35
8 47 39
8 47 46
8 47 47
8 47 57
8 47 59
8 47 66
8 47 79
8 47 87
8 47 88
8 47 97
8 54 1
8 54 3
8 54 11
8 54 20
8 54 21
8 54 22
8 54 24
8 54 32
8 54 34
8 54 41
8 54 42
8 54 43
8 54 44
8 54 51
8 54 53
8 54 54
8 54 61
8 54 63
8 54 64
8 54 65
8 54 70
8 54 71
8 54 82
8 54 83
8 54 90
8 54 91
8 54 92
8 54 94
8 54 95
8 54 96
9 47 6
9 47 9
9 47 15
9 47 29
9 47 37
9 47 38
9 47 48
9 47 49
9 47 56
9 47 59
9 47 66
9 47 67
9 47 77
9 47 78
9 47 79
9 47 88
9 54 1
9 54 3
9 54 13
9 54 14
9 54 23
9 54 30
9 54 31
9 54 34
9 54 40
9 54 41
9 54 42
9 54 45
9 54 53
9 54 54
9 54 60
9 54 62
9 54 70
9 54 72
9 54 76
9 54 81
9 54 82
9 54 83
9 54 85
9 54 86
9 54 90
9 54 91
9 54 92
9 54 95
9 54 96
--- Done ---
