0 47 44
0 47 45
0 47 53
0 47 54
0 47 55
0 47 64
0 47 65
1 4 0
1 4 2
1 4 10
1 4 19
1 4 20
1 4 21
1 4 24
1 4 25
1 4 26
1 4 29
1 4 32
1 4 36
1 4 38
1 4 39
1 4 40
1 4 41
1 4 43
1 4 44
1 4 50
1 4 53
1 4 56
1 4 64
1 4 65
1 4 67
1 4 72
1 4 74
1 4 77
1 4 80
1 4 84
1 4 91
1 4 93
1 47 5
1 47 7
1 47 16
1 47 33
1 47 47
1 47 51
1 47 52
1 47 55
1 47 87
1 47 88
1 47 95
1 47 98
2 4 1
2 4 3
2 4 4
2 4 6
2 4 8
2 4 11
2 4 13
2 4 18
2 4 19
2 4 24
2 4 25
2 4 26
2 4 31
2 4 34
2 4 39
2 4 41
2 4 43
2 4 48
2 4 50
2 4 53
2 4 59
2 4 60
2 4 61
2 4 65
2 4 67
2 4 69
2 4 72
2 4 73
2 4 81
2 4 84
2 4 85
2 4 86
2 4 91
2 4 99
2 47 15
2 47 38
2 47 46
2 47 55
2 47 57
2 47 63
2 47 70
2 47 77
2 47 79
2 47 87
2 47 98
3 26 0
3 26 5
3 26 14
3 26 15
3 26 23
3 26 26
3 26 27
3 26 40
3 26 41
3 26 48
3 26 49
3 26 52
3 26 76
3 26 78
3 47 9
3 47 19
3 47 32
3 47 33
3 47 35
3 47 42
3 47 43
3 47 46
3 47 47
3 47 53
3 47 54
3 47 55
3 47 56
3 47 57
3 47 63
3 47 65
3 47 67
3 47 70
3 47 72
3 47 73
3 47 74
3 47 77
3 47 82
3 47 85
3 47 89
3 47 90
3 47 92
3 47 93
3 47 96
3 47 98
4 26 0
4 26 2
4 26 22
4 26 23
4 26 26
4 26 80
4 26 98
4 47 1
4 47 3
4 47 5
4 47 7
4 47 12
4 47 16
4 47 18
4 47 20
4 47 24
4 47 25
4 47 27
4 47 29
4 47 32
4 47 34
4 47 35
4 47 36
4 47 40
4 47 41
4 47 43
4 47 45
4 47 48
4 47 49
4 47 53
4 47 54
4 47 55
4 47 56
4 47 59
4 47 67
4 47 68
4 47 72
4 47 79
4 47 83
4 47 85
4 47 87
4 47 89
4 47 95
4 47 99
5 13 6
5 13 10
5 13 11
5 13 17
5 13 21
5 13 22
5 13 25
5 13 33
5 13 35
5 13 36
5 13 41
5 13 42
5 13 52
5 13 56
5 13 58
5 13 60
5 13 61
5 13 75
5 13 87
5 47 1
5 47 5
5 47 7
5 47 12
5 47 27
5 47 30
5 47 31
5 47 37
5 47 39
5 47 43
5 47 44
5 47 46
5 47 47
5 47 53
5 47 55
5 47 68
5 47 77
5 47 78
5 47 79
5 47 83
5 47 84
5 47 85
5 47 86
5 47 89
5 47 95
5 47 99
6 13 2
6 13 3
6 13 5
6 13 7
6 13 8
6 13 10
6 13 14
6 13 16
6 13 21
6 13 22
6 13 23
6 13 25
6 13 27
6 13 34
6 13 36
6 13 37
6 13 40
6 13 41
6 13 43
6 13 44
6 13 45
6 13 48
6 13 52
6 13 72
6 47 20
6 47 47
6 47 49
6 47 54
6 47 55
6 47 57
6 47 58
6 47 64
6 47 65
6 47 68
6 47 69
6 47 70
6 47 71
6 47 73
6 47 76
6 47 77
6 47 78
6 47 86
6 47 88
6 47 89
6 47 91
6 47 92
6 47 96
6 47 97
6 47 98
6 47 99
7 4 6
7 4 7
7 4 12
7 4 13
7 4 15
7 4 19
7 4 20
7 4 22
7 4 23
7 4 24
7 4 26
7 4 27
7 4 29
7 4 34
7 4 35
7 4 36
7 4 37
7 4 40
7 4 42
7 4 44
7 4 45
7 4 50
7 4 61
7 4 65
7 4 66
7 4 67
7 4 80
7 4 85
7 4 86
7 4 91
7 4 92
7 47 11
7 47 30
7 47 38
7 47 41
7 47 43
7 47 47
7 47 51
7 47 55
7 47 72
7 47 74
7 47 76
7 47 94
8 4 1
8 4 3
8 4 4
8 4 5
8 4 8
8 4 11
8 4 19
8 4 20
8 4 21
8 4 24
8 4 28
8 4 32
8 4 35
8 4 39
8 4 42
8 4 43
8 4 44
8 4 46
8 4 53
8 4 57
8 4 59
8 4 61
8 4 65
8 4 88
8 4 90
8 4 92
8 47 22
8 47 34
8 47 41
8 47 47
8 47 51
8 47 54
8 47 63
8 47 64
8 47 66
8 47 70
8 47 71
8 47 79
8 47 82
8 47 83
8 47 87
8 47 91
8 47 94
8 47 95
8 47 96
8 47 97
9 4 1
9 4 3
9 4 9
9 4 13
9 4 14
9 4 15
9 4 23
9 4 29
9 4 30
9 4 31
9 4 34
9 4 37
9 4 38
9 4 40
9 4 41
9 4 42
9 4 45
9 4 48
9 4 53
9 4 60
9 4 72
9 4 77
9 4 78
9 4 82
9 4 86
9 4 88
9 4 90
9 4 92
9 47 6
9 47 49
9 47 54
9 47 56
9 47 59
9 47 62
9 47 66
9 47 67
9 47 70
9 47 76
9 47 79
9 47 81
9 47 83
9 47 85
9 47 91
9 47 95
9 47 96
--- Done ---
