0 47 44
0 47 45
0 47 53
0 47 54
0 47 55
0 47 64
0 47 65
1 44 0
1 44 7
1 44 10
1 44 16
1 44 20
1 44 21
1 44 33
1 44 38
1 44 39
1 44 40
1 44 41
1 44 43
1 44 44
1 44 50
1 44 51
1 44 52
1 44 80
1 44 93
1 44 95
1 47 2
1 47 5
1 47 19
1 47 24
1 47 25
1 47 26
1 47 29
1 47 32
1 47 36
1 47 47
1 47 53
1 47 55
1 47 56
1 47 64
1 47 65
1 47 67
1 47 72
1 47 74
1 47 77
1 47 84
1 47 87
1 47 88
1 47 91
1 47 98
2 44 3
2 44 4
2 44 11
2 44 13
2 44 15
2 44 18
2 44 24
2 44 25
2 44 34
2 44 38
2 44 50
2 44 57
2 44 60
2 44 61
2 44 63
2 44 70
2 44 79
2 44 81
2 44 84
2 47 1
2 47 6
2 47 8
2 47 19
2 47 26
2 47 31
2 47 39
2 47 41
2 47 43
2 47 46
2 47 48
2 47 53
2 47 55
2 47 59
2 47 65
2 47 67
2 47 69
2 47 72
2 47 73
2 47 77
2 47 85
2 47 86
2 47 87
2 47 91
2 47 98
2 47 99
3 44 27
3 44 40
3 44 42
3 44 46
3 44 48
3 44 57
3 44 67
3 47 5
3 47 9
3 47 15
3 47 26
3 47 32
3 47 33
3 47 35
3 47 41
3 47 43
3 47 47
3 47 49
3 47 54
3 47 55
3 47 56
3 47 65
3 47 72
3 47 73
3 47 76
3 47 82
3 47 85
3 47 92
3 47 96
3 64 0
3 64 14
3 64 19
3 64 23
3 64 52
3 64 53
3 64 63
3 64 70
3 64 74
3 64 77
3 64 78
3 64 89
3 64 90
3 64 93
3 64 98
4 44 7
4 44 23
4 44 32
4 44 34
4 44 35
4 44 36
4 44 40
4 44 41
4 44 45
4 44 49
4 44 59
4 47 1
4 47 2
4 47 5
4 47 18
4 47 24
4 47 26
4 47 27
4 47 29
4 47 48
4 47 54
4 47 56
4 47 68
4 47 72
4 47 79
4 47 83
4 47 85
4 47 87
4 47 98
4 47 99
4 64 0
4 64 3
4 64 12
4 64 16
4 64 20
4 64 22
4 64 25
4 64 43
4 64 53
4 64 55
4 64 67
4 64 80
4 64 89
4 64 95
5 44 7
5 44 11
5 44 12
5 44 25
5 44 30
5 44 33
5 44 35
5 44 36
5 44 44
5 44 46
5 44 52
5 44 56
5 44 60
5 44 95
5 47 1
5 47 5
5 47 6
5 47 10
5 47 17
5 47 22
5 47 31
5 47 37
5 47 41
5 47 42
5 47 43
5 47 47
5 47 55
5 47 58
5 47 68
5 47 73
5 47 75
5 47 78
5 47 79
5 47 83
5 47 84
5 47 85
5 47 87
5 47 99
5 64 21
5 64 27
5 64 39
5 64 53
5 64 61
5 64 77
5 64 86
5 64 89
6 44 7
6 44 8
6 44 23
6 44 25
6 44 34
6 44 37
6 44 40
6 44 44
6 44 48
6 44 69
6 44 92
6 47 2
6 47 3
6 47 5
6 47 10
6 47 14
6 47 16
6 47 22
6 47 27
6 47 36
6 47 41
6 47 43
6 47 45
6 47 47
6 47 55
6 47 58
6 47 68
6 47 71
6 47 73
6 47 78
6 47 86
6 47 88
6 47 91
6 47 96
6 47 97
6 64 20
6 64 21
6 64 49
6 64 52
6 64 54
6 64 57
6 64 64
6 64 65
6 64 70
6 64 72
6 64 76
6 64 77
6 64 89
6 64 98
6 64 99
7 44 7
7 44 11
7 44 12
7 44 15
7 44 20
7 44 23
7 44 29
7 44 30
7 44 35
7 44 36
7 44 38
7 44 40
7 44 43
7 44 44
7 44 45
7 44 50
7 44 61
7 44 76
7 44 80
7 44 92
7 47 6
7 47 13
7 47 19
7 47 22
7 47 24
7 47 26
7 47 37
7 47 41
7 47 42
7 47 47
7 47 51
7 47 55
7 47 65
7 47 66
7 47 67
7 47 72
7 47 74
7 47 85
7 47 91
7 47 94
7 64 27
7 64 34
7 64 86
8 44 3
8 44 4
8 44 11
8 44 21
8 44 22
8 44 28
8 44 35
8 44 39
8 44 42
8 44 43
8 44 44
8 44 54
8 44 59
8 44 70
8 44 83
8 44 95
8 47 1
8 47 5
8 47 8
8 47 24
8 47 32
8 47 34
8 47 41
8 47 46
8 47 47
8 47 51
8 47 53
8 47 57
8 47 65
8 47 66
8 47 71
8 47 79
8 47 82
8 47 87
8 47 88
8 47 91
8 47 94
8 47 96
8 47 97
8 64 19
8 64 20
8 64 61
8 64 63
8 64 64
8 64 90
8 64 92
9 44 14
9 44 15
9 44 23
9 44 29
9 44 30
9 44 40
9 44 41
9 44 42
9 44 60
9 44 70
9 44 77
9 44 95
9 47 1
9 47 3
9 47 6
9 47 9
9 47 13
9 47 31
9 47 34
9 47 37
9 47 38
9 47 45
9 47 48
9 47 49
9 47 53
9 47 54
9 47 59
9 47 62
9 47 66
9 47 72
9 47 76
9 47 78
9 47 79
9 47 82
9 47 83
9 47 85
9 47 86
9 47 88
9 47 92
9 47 96
9 64 56
9 64 67
9 64 81
9 64 90
9 64 91
--- Done ---
