0 47 44
0 47 45
0 47 53
0 47 54
0 47 55
0 47 64
0 47 65
1 41 0
1 41 5
1 41 10
1 41 20
1 41 21
1 41 41
1 41 50
1 41 51
1 41 72
1 41 80
1 47 2
1 47 19
1 47 24
1 47 25
1 47 26
1 47 29
1 47 33
1 47 36
1 47 38
1 47 39
1 47 43
1 47 44
1 47 47
1 47 53
1 47 55
1 47 56
1 47 64
1 47 65
1 47 67
1 47 74
1 47 77
1 47 87
1 57 7
1 57 16
1 57 88
1 57 95
1 57 98
1 62 32
1 62 40
1 62 52
1 62 84
1 62 91
1 62 93
2 41 1
2 41 4
2 41 11
2 41 13
2 41 41
2 41 50
2 41 72
2 47 6
2 47 8
2 47 15
2 47 18
2 47 19
2 47 24
2 47 25
2 47 26
2 47 31
2 47 34
2 47 38
2 47 39
2 47 43
2 47 46
2 47 48
2 47 53
2 47 55
2 47 59
2 47 63
2 47 67
2 47 69
2 47 73
2 47 77
2 47 85
2 47 86
2 47 87
2 57 57
2 57 60
2 57 65
2 57 70
2 57 79
2 57 98
2 57 99
2 62 3
2 62 61
2 62 81
2 62 84
2 62 91
3 41 0
3 41 23
3 41 32
3 41 33
3 41 40
3 41 41
3 41 90
3 41 92
3 47 9
3 47 14
3 47 15
3 47 19
3 47 26
3 47 27
3 47 35
3 47 43
3 47 46
3 47 47
3 47 48
3 47 49
3 47 53
3 47 54
3 47 55
3 47 56
3 47 63
3 47 65
3 47 67
3 47 73
3 47 74
3 47 76
3 47 77
3 47 82
3 47 85
3 57 57
3 57 78
3 57 89
3 57 96
3 57 98
3 62 5
3 62 42
3 62 52
3 62 70
3 62 72
3 62 93
4 41 0
4 41 1
4 41 5
4 41 12
4 41 20
4 41 22
4 41 32
4 41 41
4 41 80
4 47 2
4 47 24
4 47 25
4 47 26
4 47 29
4 47 34
4 47 35
4 47 36
4 47 43
4 47 45
4 47 48
4 47 49
4 47 53
4 47 54
4 47 55
4 47 56
4 47 67
4 47 85
4 47 87
4 57 7
4 57 16
4 57 18
4 57 23
4 57 27
4 57 59
4 57 68
4 57 79
4 57 89
4 57 95
4 57 98
4 57 99
4 62 3
4 62 40
4 62 72
4 62 83
5 41 1
5 41 5
5 41 10
5 41 11
5 41 12
5 41 21
5 41 22
5 41 30
5 41 41
5 41 42
5 41 52
5 47 6
5 47 17
5 47 25
5 47 31
5 47 33
5 47 35
5 47 36
5 47 37
5 47 39
5 47 43
5 47 44
5 47 46
5 47 47
5 47 53
5 47 55
5 47 56
5 47 58
5 47 68
5 47 73
5 47 75
5 47 77
5 47 78
5 47 85
5 47 86
5 47 87
5 57 7
5 57 27
5 57 60
5 57 79
5 57 89
5 57 95
5 57 99
5 62 61
5 62 83
5 62 84
6 41 5
6 41 10
6 41 20
6 41 21
6 41 22
6 41 23
6 41 41
6 47 2
6 47 8
6 47 14
6 47 25
6 47 27
6 47 34
6 47 36
6 47 37
6 47 43
6 47 44
6 47 45
6 47 47
6 47 48
6 47 49
6 47 54
6 47 55
6 47 64
6 47 69
6 47 73
6 47 76
6 47 77
6 47 78
6 47 86
6 47 88
6 57 7
6 57 16
6 57 57
6 57 58
6 57 65
6 57 68
6 57 89
6 57 96
6 57 97
6 57 98
6 57 99
6 62 3
6 62 40
6 62 52
6 62 70
6 62 71
6 62 72
6 62 91
6 62 92
7 41 11
7 41 12
7 41 13
7 41 20
7 41 22
7 41 23
7 41 30
7 41 41
7 41 42
7 41 50
7 41 72
7 41 92
7 47 6
7 47 15
7 47 19
7 47 24
7 47 26
7 47 27
7 47 29
7 47 34
7 47 35
7 47 36
7 47 37
7 47 38
7 47 43
7 47 44
7 47 45
7 47 47
7 47 55
7 47 65
7 47 66
7 47 67
7 47 74
7 47 76
7 47 85
7 47 86
7 47 94
7 57 7
7 62 40
7 62 51
7 62 61
7 62 80
7 62 91
8 41 1
8 41 4
8 41 11
8 41 20
8 41 21
8 41 22
8 41 32
8 41 41
8 41 42
8 41 61
8 41 92
8 47 8
8 47 19
8 47 24
8 47 28
8 47 34
8 47 35
8 47 39
8 47 43
8 47 44
8 47 46
8 47 47
8 47 53
8 47 54
8 47 59
8 47 63
8 47 64
8 47 65
8 47 66
8 47 82
8 47 87
8 47 88
8 47 94
8 57 57
8 57 70
8 57 79
8 57 95
8 57 96
8 57 97
8 62 3
8 62 5
8 62 51
8 62 71
8 62 83
8 62 90
8 62 91
9 41 1
9 41 13
9 41 23
9 41 30
9 41 41
9 41 42
9 41 92
9 47 6
9 47 9
9 47 14
9 47 15
9 47 29
9 47 31
9 47 34
9 47 37
9 47 38
9 47 45
9 47 49
9 47 53
9 47 54
9 47 56
9 47 59
9 47 66
9 47 67
9 47 76
9 47 77
9 47 78
9 47 82
9 47 85
9 47 86
9 47 88
9 57 48
9 57 60
9 57 79
9 57 95
9 57 96
9 62 3
9 62 40
9 62 62
9 62 70
9 62 72
9 62 81
9 62 83
9 62 90
9 62 91
--- Done ---
