0 47 45
0 66 44
0 66 53
0 66 54
0 66 55
0 66 64
0 66 65
1 47 0
1 47 2
1 47 5
1 47 7
1 47 10
1 47 16
1 47 19
1 47 21
1 47 24
1 47 25
1 47 26
1 47 29
1 47 33
1 47 36
1 47 38
1 47 39
1 47 47
1 66 20
1 66 32
1 66 40
1 66 41
1 66 43
1 66 44
1 66 50
1 66 51
1 66 52
1 66 53
1 66 55
1 66 56
1 66 64
1 66 65
1 66 67
1 66 72
1 66 74
1 66 77
1 66 80
1 66 84
1 66 87
1 66 88
1 66 91
1 66 93
1 66 95
1 66 98
2 47 1
2 47 3
2 47 4
2 47 6
2 47 8
2 47 11
2 47 13
2 47 15
2 47 18
2 47 19
2 47 24
2 47 25
2 47 26
2 47 34
2 47 38
2 47 39
2 47 46
2 47 48
2 47 57
2 47 59
2 47 69
2 66 31
2 66 41
2 66 43
2 66 50
2 66 53
2 66 55
2 66 60
2 66 61
2 66 63
2 66 65
2 66 67
2 66 70
2 66 72
2 66 73
2 66 77
2 66 79
2 66 81
2 66 84
2 66 85
2 66 86
2 66 87
2 66 91
2 66 98
2 66 99
3 47 0
3 47 5
3 47 9
3 47 14
3 47 15
3 47 19
3 47 23
3 47 26
3 47 27
3 47 33
3 47 35
3 47 46
3 47 47
3 47 48
3 47 49
3 47 57
3 66 32
3 66 40
3 66 41
3 66 42
3 66 43
3 66 52
3 66 53
3 66 54
3 66 55
3 66 56
3 66 63
3 66 65
3 66 67
3 66 70
3 66 72
3 66 73
3 66 74
3 66 76
3 66 77
3 66 78
3 66 82
3 66 85
3 66 89
3 66 90
3 66 92
3 66 93
3 66 96
3 66 98
4 47 0
4 47 1
4 47 2
4 47 3
4 47 5
4 47 7
4 47 12
4 47 16
4 47 18
4 47 22
4 47 23
4 47 24
4 47 25
4 47 26
4 47 27
4 47 29
4 47 34
4 47 35
4 47 36
4 47 45
4 47 48
4 47 49
4 47 59
4 66 20
4 66 32
4 66 40
4 66 41
4 66 43
4 66 53
4 66 54
4 66 55
4 66 56
4 66 67
4 66 68
4 66 72
4 66 79
4 66 80
4 66 83
4 66 85
4 66 87
4 66 89
4 66 95
4 66 98
4 66 99
5 47 1
5 47 5
5 47 6
5 47 7
5 47 10
5 47 11
5 47 12
5 47 17
5 47 21
5 47 22
5 47 25
5 47 27
5 47 33
5 47 35
5 47 36
5 47 37
5 47 39
5 47 46
5 47 47
5 47 58
5 66 30
5 66 31
5 66 41
5 66 42
5 66 43
5 66 44
5 66 52
5 66 53
5 66 55
5 66 56
5 66 60
5 66 61
5 66 68
5 66 73
5 66 75
5 66 77
5 66 78
5 66 79
5 66 83
5 66 84
5 66 85
5 66 86
5 66 87
5 66 89
5 66 95
5 66 99
6 47 2
6 47 3
6 47 5
6 47 7
6 47 8
6 47 10
6 47 14
6 47 16
6 47 21
6 47 22
6 47 23
6 47 25
6 47 27
6 47 34
6 47 36
6 47 37
6 47 45
6 47 47
6 47 48
6 47 49
6 47 57
6 47 58
6 47 69
6 66 20
6 66 40
6 66 41
6 66 43
6 66 44
6 66 52
6 66 54
6 66 55
6 66 64
6 66 65
6 66 68
6 66 70
6 66 71
6 66 72
6 66 73
6 66 76
6 66 77
6 66 78
6 66 86
6 66 88
6 66 89
6 66 91
6 66 92
6 66 96
6 66 97
6 66 98
6 66 99
7 47 6
7 47 7
7 47 11
7 47 12
7 47 13
7 47 15
7 47 19
7 47 22
7 47 23
7 47 24
7 47 26
7 47 27
7 47 29
7 47 34
7 47 35
7 47 36
7 47 37
7 47 38
7 47 45
7 47 47
7 66 20
7 66 30
7 66 40
7 66 41
7 66 42
7 66 43
7 66 44
7 66 50
7 66 51
7 66 55
7 66 61
7 66 65
7 66 66
7 66 67
7 66 72
7 66 74
7 66 76
7 66 80
7 66 85
7 66 86
7 66 91
7 66 92
7 66 94
8 47 1
8 47 3
8 47 4
8 47 5
8 47 8
8 47 11
8 47 19
8 47 21
8 47 22
8 47 24
8 47 28
8 47 34
8 47 35
8 47 39
8 47 46
8 47 47
8 47 57
8 47 59
8 66 20
8 66 32
8 66 41
8 66 42
8 66 43
8 66 44
8 66 51
8 66 53
8 66 54
8 66 61
8 66 63
8 66 64
8 66 65
8 66 66
8 66 70
8 66 71
8 66 79
8 66 82
8 66 83
8 66 87
8 66 88
8 66 90
8 66 91
8 66 92
8 66 94
8 66 95
8 66 96
8 66 97
9 47 1
9 47 3
9 47 6
9 47 9
9 47 13
9 47 14
9 47 15
9 47 23
9 47 29
9 47 34
9 47 37
9 47 38
9 47 45
9 47 48
9 47 49
9 47 59
9 66 30
9 66 31
9 66 40
9 66 41
9 66 42
9 66 53
9 66 54
9 66 56
9 66 60
9 66 62
9 66 66
9 66 67
9 66 70
9 66 72
9 66 76
9 66 77
9 66 78
9 66 79
9 66 81
9 66 82
9 66 83
9 66 85
9 66 86
9 66 88
9 66 90
9 66 91
9 66 92
9 66 95
9 66 96
--- Done ---
