0 33 44
0 33 53
0 33 54
0 47 45
0 75 55
0 75 64
0 75 65
1 33 0
1 33 2
1 33 5
1 33 10
1 33 20
1 33 21
1 33 24
1 33 25
1 33 32
1 33 33
1 33 40
1 33 41
1 33 43
1 33 44
1 33 50
1 33 51
1 33 52
1 33 53
1 47 7
1 47 16
1 47 19
1 47 26
1 47 29
1 47 36
1 47 38
1 47 39
1 47 47
1 47 56
1 47 67
1 75 55
1 75 64
1 75 65
1 75 72
1 75 74
1 75 77
1 75 80
1 75 84
1 75 87
1 75 88
1 75 91
1 75 93
1 75 95
1 75 98
2 33 1
2 33 3
2 33 4
2 33 11
2 33 13
2 33 15
2 33 24
2 33 25
2 33 31
2 33 34
2 33 41
2 33 43
2 33 50
2 33 53
2 33 60
2 33 61
2 33 70
2 47 6
2 47 8
2 47 18
2 47 19
2 47 26
2 47 38
2 47 39
2 47 46
2 47 48
2 47 57
2 47 59
2 47 67
2 47 69
2 47 79
2 75 55
2 75 63
2 75 65
2 75 72
2 75 73
2 75 77
2 75 81
2 75 84
2 75 85
2 75 86
2 75 87
2 75 91
2 75 98
2 75 99
3 33 0
3 33 5
3 33 14
3 33 15
3 33 23
3 33 32
3 33 33
3 33 35
3 33 40
3 33 41
3 33 42
3 33 43
3 33 52
3 33 53
3 33 54
3 33 70
3 47 9
3 47 19
3 47 26
3 47 27
3 47 46
3 47 47
3 47 48
3 47 49
3 47 56
3 47 57
3 47 67
3 75 55
3 75 63
3 75 65
3 75 72
3 75 73
3 75 74
3 75 76
3 75 77
3 75 78
3 75 82
3 75 85
3 75 89
3 75 90
3 75 92
3 75 93
3 75 96
3 75 98
4 33 0
4 33 1
4 33 2
4 33 3
4 33 5
4 33 12
4 33 20
4 33 22
4 33 23
4 33 24
4 33 25
4 33 32
4 33 34
4 33 35
4 33 40
4 33 41
4 33 43
4 33 53
4 33 54
4 47 7
4 47 16
4 47 18
4 47 26
4 47 27
4 47 29
4 47 36
4 47 45
4 47 48
4 47 49
4 47 56
4 47 59
4 47 67
4 47 68
4 47 79
4 75 55
4 75 72
4 75 80
4 75 83
4 75 85
4 75 87
4 75 89
4 75 95
4 75 98
4 75 99
5 33 1
5 33 5
5 33 10
5 33 11
5 33 12
5 33 21
5 33 22
5 33 25
5 33 30
5 33 31
5 33 33
5 33 35
5 33 41
5 33 42
5 33 43
5 33 44
5 33 52
5 33 53
5 33 60
5 33 61
5 47 6
5 47 7
5 47 17
5 47 27
5 47 36
5 47 37
5 47 39
5 47 46
5 47 47
5 47 56
5 47 58
5 47 68
5 47 79
5 75 55
5 75 73
5 75 75
5 75 77
5 75 78
5 75 83
5 75 84
5 75 85
5 75 86
5 75 87
5 75 89
5 75 95
5 75 99
6 33 2
6 33 3
6 33 5
6 33 10
6 33 14
6 33 20
6 33 21
6 33 22
6 33 23
6 33 25
6 33 34
6 33 40
6 33 41
6 33 43
6 33 44
6 33 52
6 33 54
6 33 70
6 47 7
6 47 8
6 47 16
6 47 27
6 47 36
6 47 37
6 47 45
6 47 47
6 47 48
6 47 49
6 47 57
6 47 58
6 47 68
6 47 69
6 75 55
6 75 64
6 75 65
6 75 71
6 75 72
6 75 73
6 75 76
6 75 77
6 75 78
6 75 86
6 75 88
6 75 89
6 75 91
6 75 92
6 75 96
6 75 97
6 75 98
6 75 99
7 33 11
7 33 12
7 33 13
7 33 15
7 33 20
7 33 22
7 33 23
7 33 24
7 33 30
7 33 34
7 33 35
7 33 40
7 33 41
7 33 42
7 33 43
7 33 44
7 33 50
7 33 51
7 33 61
7 47 6
7 47 7
7 47 19
7 47 26
7 47 27
7 47 29
7 47 36
7 47 37
7 47 38
7 47 45
7 47 47
7 47 67
7 75 55
7 75 65
7 75 66
7 75 72
7 75 74
7 75 76
7 75 80
7 75 85
7 75 86
7 75 91
7 75 92
7 75 94
8 33 1
8 33 3
8 33 4
8 33 5
8 33 11
8 33 20
8 33 21
8 33 22
8 33 24
8 33 32
8 33 34
8 33 35
8 33 41
8 33 42
8 33 43
8 33 44
8 33 51
8 33 53
8 33 54
8 33 61
8 33 70
8 47 8
8 47 19
8 47 28
8 47 39
8 47 46
8 47 47
8 47 57
8 47 59
8 47 79
8 75 63
8 75 64
8 75 65
8 75 66
8 75 71
8 75 82
8 75 83
8 75 87
8 75 88
8 75 90
8 75 91
8 75 92
8 75 94
8 75 95
8 75 96
8 75 97
9 33 1
9 33 3
9 33 13
9 33 14
9 33 15
9 33 23
9 33 30
9 33 31
9 33 34
9 33 40
9 33 41
9 33 42
9 33 53
9 33 54
9 33 60
9 33 62
9 33 70
9 47 6
9 47 9
9 47 29
9 47 37
9 47 38
9 47 45
9 47 48
9 47 49
9 47 56
9 47 59
9 47 67
9 47 79
9 75 66
9 75 72
9 75 76
9 75 77
9 75 78
9 75 81
9 75 82
9 75 83
9 75 85
9 75 86
9 75 88
9 75 90
9 75 91
9 75 92
9 75 95
9 75 96
--- Done ---
