0 47 44
0 47 45
0 47 53
0 47 54
0 47 55
0 47 64
0 47 65
1 4 0
1 4 10
1 4 16
1 4 19
1 4 20
1 4 21
1 4 24
1 4 25
1 4 26
1 4 29
1 4 32
1 4 33
1 4 36
1 4 40
1 4 41
1 4 43
1 4 44
1 4 50
1 4 53
1 4 56
1 4 64
1 4 65
1 4 72
1 4 80
1 4 84
1 4 88
1 47 2
1 47 5
1 47 7
1 47 38
1 47 39
1 47 47
1 47 51
1 47 52
1 47 55
1 47 67
1 47 74
1 47 77
1 47 87
1 47 91
1 47 93
1 47 95
1 47 98
2 4 1
2 4 3
2 4 4
2 4 6
2 4 8
2 4 11
2 4 15
2 4 24
2 4 25
2 4 38
2 4 43
2 4 48
2 4 50
2 4 57
2 4 59
2 4 60
2 4 61
2 4 65
2 4 67
2 4 81
2 4 84
2 4 86
2 47 13
2 47 18
2 47 19
2 47 26
2 47 31
2 47 34
2 47 39
2 47 41
2 47 46
2 47 53
2 47 55
2 47 63
2 47 69
2 47 70
2 47 72
2 47 73
2 47 77
2 47 79
2 47 85
2 47 87
2 47 91
2 47 98
2 47 99
3 4 0
3 4 9
3 4 14
3 4 15
3 4 23
3 4 27
3 4 32
3 4 33
3 4 35
3 4 40
3 4 42
3 4 43
3 4 48
3 4 52
3 4 56
3 4 65
3 4 72
3 4 90
3 47 5
3 47 19
3 47 26
3 47 41
3 47 46
3 47 47
3 47 49
3 47 53
3 47 54
3 47 55
3 47 57
3 47 63
3 47 67
3 47 70
3 47 73
3 47 74
3 47 76
3 47 77
3 47 78
3 47 82
3 47 85
3 47 89
3 47 92
3 47 93
3 47 96
3 47 98
4 4 0
4 4 1
4 4 2
4 4 3
4 4 7
4 4 12
4 4 16
4 4 22
4 4 23
4 4 24
4 4 25
4 4 26
4 4 27
4 4 29
4 4 32
4 4 34
4 4 35
4 4 36
4 4 40
4 4 41
4 4 43
4 4 45
4 4 48
4 4 56
4 4 59
4 4 67
4 4 72
4 4 80
4 4 99
4 47 5
4 47 18
4 47 20
4 47 49
4 47 53
4 47 54
4 47 55
4 47 68
4 47 79
4 47 83
4 47 85
4 47 87
4 47 89
4 47 95
4 47 98
5 4 1
5 4 6
5 4 7
5 4 10
5 4 11
5 4 12
5 4 21
5 4 22
5 4 25
5 4 27
5 4 31
5 4 33
5 4 35
5 4 36
5 4 41
5 4 42
5 4 43
5 4 44
5 4 53
5 4 56
5 4 58
5 4 60
5 4 61
5 4 68
5 4 78
5 4 85
5 4 86
5 4 95
5 47 5
5 47 17
5 47 30
5 47 37
5 47 39
5 47 46
5 47 47
5 47 52
5 47 55
5 47 73
5 47 75
5 47 77
5 47 79
5 47 83
5 47 84
5 47 87
5 47 89
5 47 99
6 4 2
6 4 3
6 4 5
6 4 7
6 4 8
6 4 10
6 4 14
6 4 16
6 4 20
6 4 21
6 4 22
6 4 23
6 4 25
6 4 27
6 4 37
6 4 40
6 4 43
6 4 44
6 4 45
6 4 48
6 4 52
6 4 57
6 4 58
6 4 78
6 4 92
6 4 99
6 47 34
6 47 36
6 47 41
6 47 47
6 47 49
6 47 54
6 47 55
6 47 64
6 47 65
6 47 68
6 47 69
6 47 70
6 47 71
6 47 72
6 47 73
6 47 76
6 47 77
6 47 86
6 47 88
6 47 89
6 47 91
6 47 96
6 47 97
6 47 98
7 4 6
7 4 11
7 4 13
7 4 15
7 4 19
7 4 20
7 4 22
7 4 23
7 4 24
7 4 26
7 4 27
7 4 30
7 4 35
7 4 36
7 4 37
7 4 40
7 4 41
7 4 42
7 4 43
7 4 44
7 4 45
7 4 50
7 4 61
7 4 65
7 4 66
7 4 67
7 4 80
7 4 85
7 47 7
7 47 12
7 47 29
7 47 34
7 47 38
7 47 47
7 47 51
7 47 55
7 47 72
7 47 74
7 47 76
7 47 86
7 47 91
7 47 92
7 47 94
8 4 1
8 4 3
8 4 4
8 4 5
8 4 11
8 4 19
8 4 20
8 4 21
8 4 22
8 4 28
8 4 32
8 4 34
8 4 35
8 4 39
8 4 41
8 4 42
8 4 43
8 4 44
8 4 46
8 4 53
8 4 57
8 4 59
8 4 61
8 4 64
8 4 65
8 4 66
8 4 82
8 4 88
8 47 8
8 47 24
8 47 47
8 47 51
8 47 54
8 47 63
8 47 70
8 47 71
8 47 79
8 47 83
8 47 87
8 47 90
8 47 91
8 47 92
8 47 94
8 47 95
8 47 96
8 47 97
9 4 1
9 4 3
9 4 6
9 4 9
9 4 13
9 4 15
9 4 23
9 4 30
9 4 31
9 4 38
9 4 41
9 4 42
9 4 45
9 4 48
9 4 53
9 4 56
9 4 59
9 4 60
9 4 66
9 4 67
9 4 72
9 4 77
9 4 81
9 4 82
9 4 86
9 4 88
9 4 90
9 4 92
9 47 14
9 47 29
9 47 34
9 47 37
9 47 40
9 47 49
9 47 54
9 47 62
9 47 70
9 47 76
9 47 78
9 47 79
9 47 83
9 47 85
9 47 91
9 47 95
9 47 96
--- Done ---
