0 1 12
0 1 22
0 15 13
0 15 14
0 15 24
0 43 23
0 43 33
1 1 1
1 1 2
1 1 10
1 1 12
1 8 7
1 8 17
1 8 19
1 15 4
1 15 5
1 15 6
1 15 14
1 15 15
1 15 24
1 15 26
1 15 34
1 38 49
1 38 58
1 41 30
1 41 41
1 41 51
1 43 42
1 43 54
1 46 35
1 46 36
1 46 37
1 46 44
1 46 47
1 46 55
1 46 57
1 46 67
1 71 52
1 71 60
1 71 61
1 71 63
1 71 70
1 71 83
1 79 59
1 79 89
1 84 64
1 84 74
1 84 75
1 84 92
1 84 94
1 84 95
1 86 76
1 86 86
2 1 2
2 1 12
2 8 7
2 8 9
2 15 5
2 15 6
2 15 14
2 15 15
2 15 16
2 15 26
2 15 34
2 38 38
2 38 48
2 38 49
2 38 58
2 41 31
2 41 32
2 41 41
2 43 43
2 43 53
2 46 35
2 46 36
2 46 44
2 46 46
2 46 55
2 46 57
2 46 65
2 46 67
2 71 50
2 71 61
2 71 72
2 71 80
2 71 90
2 79 68
2 79 78
2 79 88
2 79 89
2 84 75
2 84 83
2 86 66
2 86 76
2 86 87
2 86 97
2 86 98
3 1 1
3 1 2
3 1 10
3 1 12
3 8 7
3 8 8
3 8 18
3 15 5
3 15 15
3 15 24
3 15 25
3 15 26
3 21 21
3 21 33
3 38 29
3 38 37
3 38 47
3 38 49
3 41 41
3 41 50
3 43 23
3 43 32
3 43 43
3 43 53
3 43 54
3 46 36
3 46 45
3 46 46
3 46 56
3 71 61
3 71 70
3 71 72
3 71 82
3 71 83
3 71 91
3 79 59
3 79 78
3 79 89
3 84 64
3 84 73
3 84 81
3 84 96
3 86 77
3 86 86
3 86 87
4 1 0
4 1 1
4 1 2
4 8 8
4 15 4
4 15 16
4 15 25
4 15 26
4 21 31
4 38 39
4 38 58
4 41 32
4 41 40
4 41 42
4 41 51
4 43 43
4 43 44
4 43 52
4 43 54
4 46 36
4 46 45
4 46 46
4 46 55
4 46 57
4 46 67
4 71 50
4 71 61
4 71 63
4 71 70
4 71 72
4 71 80
4 79 59
4 79 68
4 79 87
4 79 88
4 79 99
4 84 64
4 84 73
4 84 74
4 84 83
4 84 84
4 84 92
4 84 94
4 86 66
4 86 77
4 86 86
4 86 98
5 1 1
5 8 7
5 8 18
5 15 6
5 15 13
5 15 15
5 15 24
5 15 25
5 15 34
5 21 20
5 21 30
5 21 31
5 38 29
5 38 47
5 38 48
5 38 49
5 41 40
5 41 41
5 41 42
5 41 51
5 43 33
5 43 44
5 43 54
5 43 63
5 46 35
5 46 36
5 46 46
5 46 57
5 46 67
5 71 72
5 71 80
5 71 81
5 71 91
5 79 68
5 79 79
5 79 89
5 84 65
5 84 82
5 84 94
5 86 76
5 86 77
5 86 87
5 86 95
5 86 97
6 1 0
6 1 22
6 8 6
6 8 8
6 8 17
6 8 18
6 8 19
6 8 28
6 15 13
6 15 24
6 15 26
6 15 34
6 21 20
6 21 21
6 21 31
6 38 48
6 41 41
6 41 62
6 43 43
6 43 45
6 43 53
6 43 54
6 46 35
6 46 37
6 46 44
6 46 46
6 71 63
6 71 70
6 71 72
6 79 69
6 79 78
6 79 87
6 79 99
6 84 64
6 84 73
6 84 74
6 84 81
6 84 82
6 84 83
6 84 85
6 84 93
6 84 94
6 86 76
6 86 97
6 86 98
7 1 2
7 1 3
7 1 11
7 1 22
7 8 18
7 8 28
7 15 14
7 15 24
7 15 25
7 15 26
7 15 34
7 21 30
7 38 27
7 38 29
7 38 47
7 38 58
7 41 42
7 43 33
7 43 43
7 43 53
7 43 63
7 46 35
7 46 36
7 46 45
7 46 55
7 46 56
7 46 67
7 71 50
7 71 60
7 71 70
7 71 72
7 71 81
7 71 83
7 79 68
7 79 69
7 79 78
7 79 79
7 79 88
7 79 89
7 79 99
7 84 73
7 84 74
7 84 75
7 84 85
7 84 94
7 84 95
7 86 66
7 86 77
7 86 97
7 86 98
8 1 0
8 1 1
8 1 3
8 1 22
8 8 9
8 8 18
8 8 19
8 15 5
8 21 30
8 21 31
8 38 27
8 38 38
8 38 49
8 41 41
8 41 62
8 43 42
8 43 43
8 43 44
8 43 45
8 43 53
8 46 35
8 46 36
8 46 37
8 46 47
8 46 55
8 46 65
8 71 72
8 71 82
8 71 91
8 79 88
8 79 99
8 84 64
8 84 81
8 84 85
8 84 93
8 84 95
8 84 96
8 86 66
8 86 86
8 86 87
8 86 97
9 1 2
9 1 3
9 1 12
9 1 22
9 8 7
9 15 5
9 15 13
9 15 14
9 15 15
9 15 24
9 21 20
9 21 30
9 21 33
9 38 37
9 38 48
9 38 49
9 41 41
9 41 50
9 43 32
9 43 42
9 43 43
9 43 52
9 43 53
9 46 35
9 46 36
9 46 47
9 46 55
9 46 57
9 71 62
9 71 70
9 71 82
9 71 91
9 79 59
9 79 69
9 79 78
9 79 79
9 79 87
9 84 64
9 84 73
9 84 74
9 84 84
9 84 85
9 84 95
9 84 96
9 86 65
9 86 76
9 86 86
--- Done ---
