0 3 14
0 23 12
0 23 13
0 23 22
0 23 23
0 23 24
0 23 33
1 1 1
1 3 2
1 3 4
1 3 14
1 9 19
1 10 10
1 17 6
1 17 7
1 17 17
1 23 5
1 23 12
1 23 15
1 23 24
1 23 34
1 37 26
1 37 36
1 37 37
1 40 30
1 52 41
1 52 42
1 52 51
1 52 52
1 54 35
1 54 44
1 54 54
1 54 55
1 58 47
1 58 49
1 58 57
1 58 58
1 58 59
1 64 63
1 64 64
1 64 74
1 64 75
1 67 67
1 67 76
1 67 86
1 71 60
1 71 61
1 71 70
1 88 89
1 91 92
1 94 83
1 94 94
1 94 95
2 3 2
2 3 14
2 9 9
2 17 6
2 17 7
2 17 16
2 22 12
2 22 31
2 22 32
2 23 5
2 23 15
2 23 34
2 37 26
2 37 36
2 37 38
2 37 46
2 40 50
2 52 41
2 54 35
2 54 43
2 54 44
2 54 53
2 54 55
2 58 48
2 58 49
2 58 58
2 58 68
2 64 75
2 67 57
2 67 65
2 67 66
2 67 67
2 67 76
2 71 61
2 71 72
2 71 80
2 88 78
2 88 87
2 88 88
2 88 89
2 88 97
2 88 98
2 91 90
2 94 83
3 1 1
3 7 7
3 7 8
3 7 15
3 7 18
3 10 10
3 10 21
3 22 2
3 22 32
3 23 5
3 23 12
3 23 23
3 23 24
3 23 33
3 26 25
3 26 26
3 26 36
3 26 46
3 38 29
3 38 37
3 38 47
3 51 41
3 51 50
3 51 73
3 54 43
3 54 45
3 54 53
3 54 54
3 54 64
3 58 49
3 58 59
3 66 56
3 66 77
3 81 70
3 81 81
3 81 91
3 82 61
3 82 72
3 82 82
3 82 83
3 88 78
3 88 87
3 88 89
3 95 86
3 95 96
4 1 0
4 1 1
4 3 2
4 3 4
4 7 8
4 26 16
4 26 25
4 26 26
4 26 36
4 26 46
4 38 39
4 41 31
4 41 32
4 41 40
4 41 42
4 51 50
4 51 51
4 51 52
4 51 73
4 54 43
4 54 44
4 54 45
4 54 54
4 54 55
4 54 64
4 58 57
4 58 58
4 58 59
4 58 67
4 58 68
4 63 63
4 63 74
4 66 66
4 66 77
4 81 70
4 81 80
4 82 61
4 82 72
4 82 83
4 82 92
4 88 87
4 88 88
4 88 98
4 88 99
4 95 84
4 95 86
4 95 94
5 1 1
5 3 13
5 7 6
5 7 7
5 7 15
5 7 18
5 21 20
5 21 30
5 21 33
5 35 24
5 35 25
5 35 34
5 35 35
5 35 36
5 35 44
5 35 46
5 38 29
5 38 47
5 38 48
5 38 49
5 41 31
5 41 40
5 41 41
5 41 42
5 41 51
5 63 54
5 63 63
5 67 57
5 67 65
5 67 67
5 67 68
5 67 76
5 67 77
5 69 79
5 81 72
5 81 80
5 81 81
5 81 82
5 81 91
5 88 87
5 88 89
5 88 97
5 94 94
5 94 95
6 1 0
6 16 6
6 16 17
6 16 26
6 18 8
6 18 18
6 18 19
6 21 20
6 21 21
6 22 13
6 22 22
6 22 31
6 35 24
6 35 34
6 35 35
6 35 44
6 35 45
6 35 46
6 38 28
6 38 37
6 38 48
6 43 43
6 43 53
6 43 54
6 51 41
6 51 73
6 64 62
6 64 63
6 64 64
6 64 74
6 67 76
6 69 69
6 81 70
6 81 72
6 81 81
6 81 82
6 88 78
6 88 87
6 88 97
6 88 98
6 88 99
6 94 83
6 94 85
6 94 93
6 94 94
7 1 11
7 4 3
7 4 14
7 16 26
7 18 18
7 22 2
7 22 22
7 35 24
7 35 25
7 35 34
7 35 35
7 35 36
7 38 27
7 38 28
7 38 29
7 38 47
7 38 58
7 40 30
7 40 50
7 43 33
7 43 42
7 43 43
7 43 45
7 43 53
7 51 60
7 51 73
7 54 55
7 64 63
7 64 74
7 64 75
7 66 56
7 66 66
7 66 67
7 66 77
7 69 68
7 69 69
7 69 78
7 69 79
7 81 70
7 81 72
7 81 81
7 88 88
7 88 89
7 88 97
7 88 98
7 88 99
7 94 83
7 94 85
7 94 94
7 94 95
8 1 0
8 1 1
8 4 3
8 4 5
8 8 9
8 8 19
8 18 18
8 22 22
8 22 31
8 35 35
8 35 36
8 35 44
8 38 27
8 38 37
8 38 38
8 38 47
8 38 49
8 40 30
8 52 41
8 52 42
8 52 53
8 52 62
8 54 43
8 54 45
8 54 55
8 54 64
8 66 65
8 66 66
8 81 72
8 81 81
8 81 82
8 81 91
8 86 85
8 86 86
8 86 87
8 86 96
8 88 88
8 88 97
8 88 99
8 94 93
8 94 95
9 4 3
9 4 5
9 4 14
9 4 15
9 8 7
9 21 20
9 21 30
9 21 33
9 22 2
9 22 12
9 22 13
9 22 22
9 22 32
9 35 24
9 35 35
9 35 36
9 38 37
9 38 47
9 38 48
9 38 49
9 51 50
9 51 73
9 52 41
9 52 42
9 52 52
9 52 62
9 54 43
9 54 53
9 54 55
9 54 64
9 67 57
9 67 65
9 69 59
9 69 69
9 69 78
9 69 79
9 81 70
9 81 82
9 81 91
9 84 74
9 84 84
9 84 85
9 84 95
9 84 96
9 86 76
9 86 86
9 86 87
--- Done ---
