0 1 12
0 1 13
0 1 22
0 1 24
0 34 14
0 34 23
0 34 33
1 1 1
1 1 2
1 1 10
1 1 12
1 1 24
1 7 4
1 7 6
1 7 7
1 7 15
1 7 17
1 7 35
1 28 19
1 28 26
1 28 37
1 28 49
1 28 58
1 34 5
1 34 14
1 34 34
1 34 36
1 34 42
1 34 44
1 34 47
1 34 54
1 34 55
1 40 30
1 40 41
1 40 51
1 40 60
1 79 57
1 79 59
1 79 89
1 82 52
1 82 61
1 82 64
1 82 70
1 82 74
1 82 83
1 86 63
1 86 67
1 86 75
1 86 76
1 86 86
1 86 92
1 86 94
1 86 95
2 1 2
2 1 12
2 7 6
2 7 7
2 7 9
2 7 15
2 7 16
2 7 35
2 7 38
2 28 48
2 28 49
2 28 58
2 34 5
2 34 14
2 34 26
2 34 34
2 34 36
2 34 43
2 34 44
2 34 46
2 34 53
2 34 55
2 40 31
2 40 32
2 40 41
2 40 50
2 79 57
2 79 68
2 79 78
2 79 88
2 79 89
2 82 61
2 82 72
2 82 80
2 82 83
2 82 90
2 86 65
2 86 66
2 86 67
2 86 75
2 86 76
2 86 87
2 86 97
2 86 98
3 1 1
3 1 2
3 1 10
3 1 12
3 1 24
3 7 7
3 7 15
3 28 8
3 28 18
3 28 29
3 28 37
3 28 46
3 28 49
3 34 5
3 34 23
3 34 25
3 34 26
3 34 33
3 34 36
3 34 43
3 34 45
3 34 47
3 34 53
3 34 54
3 34 56
3 40 21
3 40 32
3 40 41
3 40 50
3 79 59
3 79 77
3 79 78
3 79 89
3 82 61
3 82 64
3 82 70
3 82 72
3 82 73
3 82 81
3 82 82
3 82 83
3 82 91
3 86 86
3 86 87
3 86 96
4 1 0
4 1 1
4 1 2
4 7 4
4 7 8
4 7 16
4 7 26
4 28 39
4 28 46
4 34 25
4 34 36
4 34 42
4 34 43
4 34 44
4 34 45
4 34 54
4 34 55
4 40 31
4 40 32
4 40 40
4 40 50
4 40 51
4 40 52
4 79 57
4 79 58
4 79 59
4 79 88
4 79 99
4 82 61
4 82 64
4 82 70
4 82 72
4 82 73
4 82 74
4 82 80
4 82 83
4 82 84
4 86 63
4 86 66
4 86 67
4 86 68
4 86 77
4 86 86
4 86 87
4 86 92
4 86 94
4 86 98
5 1 1
5 1 13
5 1 20
5 1 24
5 7 6
5 7 7
5 7 15
5 28 18
5 28 29
5 28 48
5 28 49
5 34 25
5 34 34
5 34 35
5 34 36
5 34 42
5 34 44
5 34 46
5 34 47
5 34 54
5 40 30
5 40 31
5 40 33
5 40 40
5 40 41
5 40 51
5 79 57
5 79 77
5 79 79
5 79 89
5 82 72
5 82 80
5 82 81
5 82 82
5 82 91
5 86 63
5 86 65
5 86 67
5 86 68
5 86 76
5 86 87
5 86 94
5 86 95
5 86 97
6 1 0
6 1 13
6 1 20
6 1 22
6 1 24
6 7 6
6 7 8
6 7 17
6 7 19
6 7 26
6 28 18
6 28 28
6 28 37
6 28 46
6 28 48
6 34 34
6 34 35
6 34 43
6 34 44
6 34 45
6 34 53
6 34 54
6 40 21
6 40 31
6 40 41
6 40 62
6 79 69
6 79 78
6 79 99
6 82 63
6 82 64
6 82 70
6 82 72
6 82 73
6 82 74
6 82 81
6 82 82
6 82 83
6 82 93
6 82 94
6 86 76
6 86 85
6 86 87
6 86 97
6 86 98
7 1 2
7 1 3
7 1 11
7 1 22
7 1 24
7 7 18
7 7 35
7 28 27
7 28 28
7 28 29
7 28 58
7 34 14
7 34 25
7 34 26
7 34 33
7 34 34
7 34 36
7 34 42
7 34 43
7 34 45
7 34 47
7 34 53
7 34 55
7 34 56
7 40 30
7 40 50
7 40 60
7 79 68
7 79 69
7 79 79
7 79 88
7 79 89
7 79 99
7 82 70
7 82 72
7 82 73
7 82 74
7 82 81
7 82 83
7 86 63
7 86 66
7 86 67
7 86 75
7 86 77
7 86 78
7 86 85
7 86 94
7 86 95
7 86 97
7 86 98
8 1 0
8 1 1
8 1 3
8 1 22
8 7 19
8 7 27
8 7 35
8 28 9
8 28 18
8 28 37
8 28 38
8 28 49
8 34 5
8 34 36
8 34 42
8 34 43
8 34 44
8 34 45
8 34 47
8 34 53
8 34 55
8 40 30
8 40 31
8 40 41
8 40 62
8 79 87
8 79 88
8 79 99
8 82 64
8 82 72
8 82 81
8 82 82
8 82 91
8 82 93
8 86 65
8 86 66
8 86 85
8 86 86
8 86 95
8 86 96
8 86 97
9 1 2
9 1 3
9 1 12
9 1 13
9 1 20
9 1 22
9 1 24
9 7 7
9 7 15
9 7 35
9 28 37
9 28 48
9 28 49
9 34 5
9 34 14
9 34 33
9 34 36
9 34 42
9 34 43
9 34 47
9 34 53
9 34 55
9 34 62
9 40 30
9 40 32
9 40 41
9 40 50
9 79 57
9 79 59
9 79 69
9 79 78
9 79 79
9 79 87
9 82 52
9 82 64
9 82 70
9 82 73
9 82 82
9 82 91
9 86 65
9 86 74
9 86 76
9 86 84
9 86 85
9 86 86
9 86 95
9 86 96
--- Done ---
