0 3 14
0 23 12
0 23 13
0 23 22
0 23 23
0 23 24
0 23 33
1 1 1
1 3 2
1 3 4
1 3 14
1 7 6
1 7 7
1 7 15
1 9 19
1 20 10
1 23 5
1 23 12
1 23 24
1 23 34
1 26 17
1 26 26
1 26 36
1 38 37
1 38 47
1 38 49
1 38 58
1 40 30
1 42 41
1 42 42
1 42 51
1 42 52
1 54 35
1 54 44
1 54 54
1 54 55
1 54 64
1 67 57
1 67 67
1 67 76
1 69 59
1 71 60
1 71 61
1 71 70
1 75 75
1 83 63
1 83 74
1 83 83
1 88 89
1 91 92
1 95 86
1 95 94
1 95 95
2 3 2
2 3 14
2 7 6
2 7 7
2 7 15
2 9 9
2 20 31
2 23 5
2 23 12
2 23 34
2 26 16
2 26 26
2 26 36
2 26 46
2 38 38
2 38 48
2 38 49
2 40 50
2 42 32
2 42 41
2 54 35
2 54 43
2 54 44
2 54 53
2 54 55
2 67 57
2 67 66
2 67 67
2 67 76
2 69 58
2 69 68
2 69 78
2 71 61
2 71 72
2 71 80
2 75 65
2 75 75
2 83 83
2 88 87
2 88 88
2 88 89
2 88 97
2 88 98
2 91 90
3 1 1
3 3 2
3 7 7
3 7 8
3 7 15
3 7 18
3 20 10
3 20 21
3 23 5
3 23 12
3 23 23
3 23 24
3 23 33
3 26 25
3 26 26
3 26 36
3 26 46
3 38 29
3 38 37
3 38 47
3 38 49
3 40 50
3 42 32
3 42 41
3 54 43
3 54 45
3 54 53
3 54 54
3 54 64
3 67 77
3 69 59
3 69 78
3 71 61
3 71 70
3 71 72
3 71 81
3 75 56
3 83 73
3 83 82
3 83 83
3 88 87
3 88 89
3 91 91
3 95 86
3 95 96
4 1 0
4 1 1
4 3 2
4 3 4
4 9 8
4 20 31
4 26 16
4 26 25
4 26 26
4 26 36
4 26 46
4 38 39
4 40 40
4 40 50
4 42 32
4 42 42
4 42 51
4 42 52
4 54 43
4 54 44
4 54 45
4 54 54
4 54 55
4 54 64
4 67 57
4 67 58
4 67 66
4 67 67
4 67 77
4 69 59
4 69 68
4 71 61
4 71 70
4 71 72
4 71 80
4 83 63
4 83 73
4 83 74
4 83 83
4 88 87
4 88 88
4 88 98
4 88 99
4 91 92
4 95 84
4 95 86
4 95 94
5 1 1
5 3 13
5 7 6
5 7 7
5 7 15
5 7 18
5 20 20
5 20 31
5 23 24
5 23 33
5 23 34
5 26 25
5 26 36
5 26 46
5 38 29
5 38 47
5 38 48
5 38 49
5 40 30
5 40 40
5 42 41
5 42 42
5 42 51
5 54 35
5 54 44
5 54 54
5 67 57
5 67 65
5 67 67
5 67 68
5 67 76
5 67 77
5 69 79
5 71 72
5 71 80
5 71 81
5 83 63
5 83 82
5 88 87
5 88 89
5 88 97
5 91 91
5 95 94
5 95 95
6 1 0
6 3 13
6 7 6
6 7 8
6 7 17
6 7 18
6 9 19
6 20 20
6 20 21
6 20 31
6 23 22
6 23 24
6 23 34
6 26 26
6 26 46
6 38 28
6 38 37
6 38 48
6 42 41
6 54 35
6 54 43
6 54 44
6 54 45
6 54 53
6 54 54
6 64 62
6 64 63
6 64 64
6 67 76
6 69 69
6 71 70
6 71 72
6 71 81
6 83 73
6 83 74
6 83 82
6 83 83
6 83 93
6 88 78
6 88 87
6 88 97
6 88 98
6 88 99
6 95 85
6 95 94
7 1 11
7 3 2
7 3 3
7 3 14
7 7 18
7 23 22
7 23 24
7 23 33
7 23 34
7 26 25
7 26 26
7 26 36
7 38 27
7 38 28
7 38 29
7 38 47
7 38 58
7 40 30
7 40 50
7 42 42
7 54 35
7 54 43
7 54 45
7 54 53
7 54 55
7 64 63
7 64 74
7 67 66
7 67 67
7 67 68
7 67 77
7 69 69
7 69 78
7 69 79
7 71 60
7 71 70
7 71 72
7 71 81
7 75 56
7 75 75
7 75 85
7 83 73
7 83 83
7 88 88
7 88 89
7 88 97
7 88 98
7 88 99
7 95 94
7 95 95
8 1 0
8 1 1
8 3 3
8 7 18
8 9 9
8 9 19
8 23 5
8 23 22
8 26 36
8 38 27
8 38 37
8 38 38
8 38 47
8 38 49
8 40 30
8 42 31
8 42 41
8 42 42
8 54 35
8 54 43
8 54 44
8 54 45
8 54 53
8 54 55
8 64 62
8 64 64
8 67 65
8 67 66
8 67 86
8 71 72
8 71 81
8 83 82
8 83 93
8 88 87
8 88 88
8 88 97
8 88 99
8 91 91
8 95 85
8 95 95
8 95 96
9 3 2
9 3 3
9 3 13
9 3 14
9 7 7
9 20 20
9 23 5
9 23 12
9 23 15
9 23 22
9 23 24
9 23 33
9 26 36
9 38 37
9 38 47
9 38 48
9 38 49
9 40 30
9 40 50
9 42 32
9 42 41
9 42 42
9 42 52
9 54 35
9 54 43
9 54 53
9 54 55
9 64 62
9 64 64
9 64 74
9 67 57
9 67 65
9 67 76
9 69 59
9 69 69
9 69 78
9 69 79
9 71 70
9 75 85
9 83 73
9 83 82
9 88 87
9 91 91
9 95 84
9 95 86
9 95 95
9 95 96
--- Done ---
