0 1 12
0 1 13
0 1 22
0 1 24
0 34 14
0 34 23
0 34 33
1 1 1
1 1 2
1 1 10
1 1 12
1 1 24
1 14 4
1 14 6
1 14 14
1 14 15
1 14 35
1 14 36
1 28 7
1 28 17
1 28 19
1 28 26
1 28 37
1 28 49
1 34 5
1 34 34
1 34 44
1 34 47
1 34 54
1 34 55
1 50 30
1 50 41
1 50 51
1 50 60
1 50 61
1 50 70
1 63 42
1 63 52
1 63 63
1 63 64
1 63 74
1 63 83
1 79 57
1 79 58
1 79 59
1 79 89
1 86 67
1 86 75
1 86 76
1 86 86
1 86 92
1 86 94
1 86 95
2 1 2
2 1 12
2 14 5
2 14 6
2 14 14
2 14 15
2 14 16
2 14 32
2 14 34
2 14 35
2 14 36
2 14 43
2 28 7
2 28 9
2 28 26
2 28 38
2 28 46
2 28 48
2 28 49
2 50 31
2 50 41
2 50 50
2 50 80
2 63 44
2 63 53
2 63 55
2 63 61
2 63 72
2 63 75
2 63 83
2 63 90
2 79 57
2 79 58
2 79 68
2 79 87
2 79 88
2 79 89
2 86 65
2 86 66
2 86 67
2 86 76
2 86 78
2 86 97
2 86 98
3 1 1
3 1 2
3 1 10
3 1 12
3 1 24
3 25 5
3 25 15
3 25 23
3 25 25
3 25 32
3 25 33
3 25 36
3 25 45
3 28 7
3 28 8
3 28 18
3 28 26
3 28 29
3 28 37
3 28 46
3 28 49
3 42 21
3 42 41
3 42 43
3 42 53
3 42 54
3 65 47
3 65 56
3 65 64
3 65 86
3 65 96
3 71 50
3 71 61
3 71 70
3 71 72
3 71 73
3 71 81
3 71 82
3 71 83
3 71 91
3 79 59
3 79 77
3 79 78
3 79 87
3 79 89
4 1 0
4 1 1
4 1 2
4 25 4
4 25 8
4 25 16
4 25 25
4 25 26
4 25 32
4 25 36
4 42 31
4 42 40
4 42 42
4 42 43
4 42 51
4 42 54
4 48 39
4 48 46
4 48 57
4 48 58
4 48 59
4 65 44
4 65 45
4 65 52
4 65 55
4 65 64
4 65 66
4 65 67
4 65 73
4 65 74
4 65 84
4 65 94
4 71 50
4 71 61
4 71 63
4 71 70
4 71 72
4 71 80
4 71 83
4 71 92
4 88 68
4 88 77
4 88 86
4 88 87
4 88 88
4 88 98
4 88 99
5 1 1
5 1 13
5 1 20
5 1 24
5 16 6
5 16 7
5 16 15
5 16 18
5 16 25
5 16 29
5 16 34
5 16 35
5 41 30
5 41 31
5 41 33
5 41 40
5 41 41
5 41 42
5 41 44
5 41 51
5 41 65
5 48 46
5 48 47
5 48 48
5 48 49
5 48 57
5 76 36
5 76 54
5 76 76
5 82 63
5 82 72
5 82 80
5 82 81
5 82 82
5 82 91
5 82 94
5 88 67
5 88 68
5 88 77
5 88 79
5 88 87
5 88 89
5 88 95
5 88 97
6 1 0
6 1 13
6 1 20
6 1 22
6 1 24
6 16 6
6 16 18
6 16 34
6 16 35
6 28 8
6 28 17
6 28 19
6 28 26
6 28 28
6 28 37
6 28 46
6 28 48
6 41 21
6 41 31
6 41 41
6 41 43
6 41 44
6 41 53
6 41 62
6 76 45
6 76 54
6 76 76
6 76 85
6 76 87
6 76 94
6 78 69
6 78 78
6 78 97
6 78 98
6 78 99
6 82 63
6 82 64
6 82 70
6 82 72
6 82 73
6 82 74
6 82 81
6 82 82
6 82 83
6 82 93
7 1 2
7 1 3
7 1 11
7 1 22
7 1 24
7 28 18
7 28 27
7 28 28
7 28 29
7 28 58
7 34 14
7 34 25
7 34 26
7 34 33
7 34 34
7 34 35
7 34 36
7 34 42
7 34 43
7 34 47
7 34 53
7 34 55
7 34 56
7 61 30
7 61 50
7 61 60
7 61 70
7 61 72
7 61 73
7 61 81
7 75 45
7 75 63
7 75 66
7 75 74
7 75 75
7 75 83
7 75 85
7 75 94
7 75 95
7 78 67
7 78 68
7 78 69
7 78 77
7 78 78
7 78 79
7 78 88
7 78 89
7 78 97
7 78 98
7 78 99
8 1 0
8 1 1
8 1 3
8 1 22
8 28 9
8 28 18
8 28 19
8 28 27
8 28 37
8 28 38
8 28 49
8 34 5
8 34 35
8 34 36
8 34 43
8 34 44
8 34 47
8 34 55
8 34 62
8 61 30
8 61 31
8 61 41
8 61 42
8 61 53
8 61 72
8 61 81
8 61 82
8 61 91
8 75 45
8 75 64
8 75 65
8 75 66
8 75 85
8 75 86
8 75 87
8 75 93
8 75 95
8 75 96
8 78 88
8 78 97
8 78 99
9 1 2
9 1 3
9 1 12
9 1 13
9 1 20
9 1 22
9 1 24
9 16 5
9 16 7
9 16 14
9 16 15
9 16 35
9 16 37
9 44 33
9 44 36
9 44 43
9 44 53
9 44 64
9 44 65
9 44 91
9 52 30
9 52 32
9 52 41
9 52 42
9 52 50
9 52 52
9 52 62
9 52 70
9 52 73
9 52 82
9 58 47
9 58 48
9 58 49
9 58 55
9 58 57
9 58 59
9 58 69
9 58 79
9 86 74
9 86 76
9 86 78
9 86 84
9 86 85
9 86 86
9 86 87
9 86 95
9 86 96
--- Done ---
