0 1 12
0 1 22
0 14 13
0 14 14
0 14 23
0 14 24
0 42 33
1 1 1
1 1 2
1 1 10
1 1 12
1 8 6
1 8 7
1 8 17
1 8 19
1 14 4
1 14 5
1 14 14
1 14 15
1 14 24
1 21 30
1 21 41
1 36 26
1 36 34
1 36 35
1 36 36
1 36 37
1 36 47
1 36 55
1 42 42
1 42 44
1 42 51
1 42 52
1 49 49
1 49 57
1 49 58
1 49 59
1 71 60
1 71 61
1 71 70
1 71 83
1 75 54
1 75 63
1 75 64
1 75 75
1 75 76
1 75 86
1 75 94
1 84 74
1 84 92
1 84 95
1 88 67
1 88 89
2 1 2
2 1 12
2 8 6
2 8 7
2 8 9
2 14 5
2 14 14
2 14 15
2 14 16
2 14 32
2 21 31
2 21 41
2 36 26
2 36 34
2 36 35
2 36 36
2 36 46
2 36 55
2 49 38
2 49 48
2 49 49
2 49 57
2 49 58
2 49 68
2 63 43
2 63 44
2 63 53
2 71 50
2 71 61
2 71 72
2 71 80
2 71 83
2 71 90
2 75 66
2 75 75
2 75 76
2 75 87
2 84 65
2 88 67
2 88 78
2 88 88
2 88 89
2 88 97
2 88 98
3 1 1
3 1 2
3 1 10
3 1 12
3 14 5
3 14 15
3 14 23
3 14 24
3 14 25
3 14 32
3 18 7
3 18 8
3 18 18
3 18 29
3 21 21
3 21 33
3 21 41
3 36 26
3 36 36
3 36 37
3 36 45
3 36 46
3 36 47
3 36 54
3 36 56
3 49 49
3 49 59
3 63 43
3 63 53
3 63 73
3 71 50
3 71 61
3 71 70
3 71 72
3 71 81
3 71 82
3 71 83
3 71 91
3 75 64
3 75 77
3 75 86
3 75 96
3 88 78
3 88 87
3 88 89
4 1 0
4 1 1
4 1 2
4 18 8
4 25 4
4 25 16
4 25 25
4 25 26
4 25 32
4 25 36
4 25 45
4 42 31
4 42 40
4 42 42
4 42 43
4 42 51
4 42 52
4 44 44
4 44 46
4 44 54
4 44 55
4 49 39
4 49 57
4 49 58
4 49 59
4 49 68
4 71 50
4 71 61
4 71 63
4 71 70
4 71 72
4 71 80
4 71 83
4 75 66
4 75 77
4 84 64
4 84 73
4 84 74
4 84 84
4 84 92
4 84 94
4 88 67
4 88 86
4 88 87
4 88 88
4 88 98
4 88 99
5 1 1
5 8 6
5 8 7
5 8 18
5 21 13
5 21 20
5 21 30
5 21 31
5 25 15
5 25 24
5 25 25
5 25 33
5 25 36
5 38 29
5 38 47
5 38 48
5 38 49
5 42 40
5 42 41
5 42 42
5 42 51
5 44 34
5 44 35
5 44 44
5 44 46
5 44 54
5 71 63
5 71 72
5 71 80
5 71 82
5 71 91
5 78 57
5 78 67
5 78 68
5 78 76
5 78 77
5 78 79
5 78 87
5 78 89
5 78 97
5 84 65
5 84 81
5 84 94
5 84 95
6 1 0
6 1 22
6 8 6
6 8 8
6 8 17
6 8 18
6 8 19
6 21 13
6 21 20
6 21 21
6 21 31
6 21 41
6 25 24
6 25 26
6 38 28
6 38 37
6 38 48
6 44 34
6 44 35
6 44 43
6 44 44
6 44 45
6 44 46
6 44 53
6 44 54
6 44 64
6 71 63
6 71 70
6 71 72
6 71 81
6 71 83
6 78 69
6 78 76
6 78 78
6 84 62
6 84 73
6 84 74
6 84 82
6 84 85
6 84 93
6 84 94
6 88 87
6 88 97
6 88 98
6 88 99
7 1 2
7 1 3
7 1 11
7 1 22
7 19 18
7 19 28
7 25 14
7 25 24
7 25 25
7 25 26
7 25 33
7 25 35
7 25 36
7 34 34
7 38 27
7 38 29
7 38 47
7 38 58
7 41 30
7 41 42
7 41 43
7 41 50
7 55 45
7 55 53
7 55 55
7 55 56
7 55 66
7 71 60
7 71 63
7 71 70
7 71 72
7 71 81
7 71 83
7 78 67
7 78 68
7 78 69
7 78 77
7 78 78
7 78 79
7 84 73
7 84 74
7 84 75
7 84 85
7 84 94
7 84 95
7 88 88
7 88 89
7 88 97
7 88 98
7 88 99
8 1 0
8 1 1
8 1 3
8 1 22
8 19 9
8 19 18
8 19 19
8 19 27
8 34 5
8 34 35
8 34 36
8 34 44
8 34 45
8 38 37
8 38 38
8 38 47
8 38 49
8 41 30
8 41 31
8 41 41
8 41 42
8 41 43
8 55 53
8 55 55
8 55 65
8 55 66
8 71 62
8 71 72
8 71 81
8 71 82
8 71 91
8 84 64
8 84 85
8 84 93
8 84 95
8 84 96
8 88 86
8 88 87
8 88 88
8 88 97
8 88 99
9 1 2
9 1 3
9 1 12
9 1 22
9 5 5
9 5 7
9 5 13
9 5 14
9 5 15
9 30 20
9 30 30
9 30 41
9 36 24
9 36 35
9 36 36
9 36 37
9 36 47
9 36 55
9 43 32
9 43 33
9 43 42
9 43 43
9 43 53
9 59 48
9 59 49
9 59 59
9 59 69
9 59 79
9 71 50
9 71 52
9 71 62
9 71 70
9 71 82
9 71 91
9 77 57
9 77 76
9 77 78
9 77 86
9 77 87
9 84 64
9 84 65
9 84 73
9 84 74
9 84 84
9 84 85
9 84 95
9 84 96
--- Done ---
