0 26 8
0 26 17
0 26 18
0 26 19
0 26 27
0 26 28
0 26 29
0 58 -1
1 14 -1
1 26 0
1 26 2
1 26 4
1 26 6
1 26 8
1 26 10
1 26 13
1 26 16
1 26 17
1 26 18
1 26 19
1 26 22
1 26 25
1 26 27
1 26 28
1 26 30
1 26 31
1 26 33
1 26 34
1 26 41
1 26 70
1 31 -1
1 58 29
1 58 47
1 58 56
1 58 58
1 58 65
1 58 66
1 58 69
1 58 71
1 58 85
1 58 88
1 58 89
1 58 94
1 58 97
1 65 -1
1 71 -1
1 77 -1
2 4 -1
2 6 -1
2 10 -1
2 12 -1
2 14 2
2 14 4
2 14 5
2 14 14
2 14 15
2 14 22
2 14 34
2 18 -1
2 21 -1
2 26 8
2 26 9
2 26 17
2 26 18
2 26 19
2 26 26
2 26 28
2 26 33
2 26 35
2 26 36
2 29 -1
2 31 0
2 31 11
2 31 21
2 31 32
2 31 42
2 31 43
2 31 53
2 37 -1
2 38 -1
2 55 -1
2 58 29
2 58 48
2 58 68
2 58 98
2 61 -1
2 65 55
2 65 63
2 65 94
2 71 60
2 71 62
2 71 72
2 71 83
2 71 90
2 71 92
2 73 -1
2 75 -1
2 77 56
2 77 78
2 77 79
2 77 85
2 77 86
2 77 89
2 97 -1
3 4 3
3 4 4
3 6 6
3 10 0
3 10 10
3 12 2
3 12 12
3 14 13
3 14 14
3 14 15
3 14 24
3 18 8
3 18 9
3 18 17
3 18 18
3 18 19
3 21 11
3 21 23
3 21 32
3 26 16
3 26 33
3 26 36
3 29 28
3 29 29
3 29 39
3 31 30
3 37 47
3 38 49
3 55 45
3 55 66
3 58 48
3 58 58
3 58 59
3 58 68
3 58 69
3 61 52
3 61 60
3 61 62
3 61 91
3 65 76
3 71 50
3 71 72
3 71 80
3 71 81
3 73 74
3 73 82
3 73 84
3 73 92
3 75 75
3 75 85
3 75 95
3 77 67
3 77 77
3 77 79
3 77 89
3 77 99
3 97 87
3 97 88
3 97 93
3 97 96
3 97 98
4 4 4
4 6 6
4 6 7
4 10 1
4 12 22
4 14 5
4 14 13
4 14 34
4 18 8
4 18 9
4 18 17
4 18 18
4 18 19
4 21 20
4 21 21
4 21 23
4 21 32
4 26 16
4 26 25
4 26 26
4 26 27
4 26 33
4 26 35
4 26 36
4 29 28
4 29 29
4 29 39
4 31 31
4 31 41
4 31 42
4 37 37
4 38 49
4 55 44
4 55 45
4 55 46
4 55 53
4 55 55
4 55 66
4 58 58
4 58 59
4 58 68
4 58 69
4 61 40
4 61 51
4 61 52
4 61 60
4 61 91
4 65 54
4 65 64
4 65 65
4 65 76
4 71 50
4 71 71
4 71 80
4 73 82
4 73 83
4 73 92
4 73 94
4 75 75
4 75 95
4 77 67
4 77 77
4 77 89
4 97 87
4 97 97
4 97 98
5 4 3
5 4 4
5 6 6
5 6 7
5 10 0
5 10 10
5 12 2
5 12 12
5 12 22
5 14 5
5 14 13
5 14 14
5 14 15
5 14 34
5 18 8
5 18 9
5 18 17
5 18 18
5 18 19
5 21 11
5 21 21
5 26 16
5 26 25
5 26 26
5 26 36
5 29 28
5 29 29
5 29 39
5 31 31
5 31 41
5 31 42
5 37 37
5 38 -1
5 55 45
5 55 46
5 55 55
5 55 56
5 58 57
5 58 58
5 58 68
5 58 69
5 61 40
5 61 51
5 61 52
5 61 61
5 61 62
5 65 64
5 65 65
5 65 76
5 71 50
5 71 70
5 71 71
5 71 72
5 71 80
5 71 81
5 73 73
5 73 83
5 73 94
5 75 75
5 75 85
5 75 86
5 75 95
5 77 67
5 77 77
5 77 78
5 77 79
5 77 89
5 77 99
5 97 87
5 97 93
5 97 96
5 97 98
6 4 3
6 6 6
6 6 7
6 10 0
6 10 1
6 12 22
6 14 5
6 14 13
6 14 15
6 14 24
6 14 34
6 18 9
6 18 17
6 18 18
6 18 19
6 21 11
6 21 20
6 21 21
6 21 23
6 21 32
6 26 16
6 26 25
6 26 26
6 26 27
6 26 33
6 26 35
6 26 36
6 29 29
6 29 39
6 31 30
6 31 42
6 37 37
6 37 47
6 38 38
6 38 49
6 55 43
6 55 44
6 55 53
6 55 55
6 55 66
6 58 48
6 58 57
6 58 58
6 58 59
6 58 68
6 58 69
6 61 40
6 61 52
6 61 60
6 61 91
6 65 64
6 65 76
6 71 50
6 71 70
6 71 72
6 71 80
6 71 81
6 71 90
6 73 63
6 73 73
6 73 82
6 73 83
6 73 92
6 73 94
6 75 75
6 75 85
6 77 67
6 77 77
6 77 78
6 77 89
6 97 88
6 97 96
6 97 98
7 4 3
7 4 4
7 6 7
7 10 0
7 10 1
7 10 10
7 12 12
7 12 22
7 14 5
7 14 13
7 14 14
7 14 15
7 14 34
7 18 9
7 18 17
7 18 18
7 21 11
7 21 20
7 21 21
7 21 23
7 21 32
7 26 25
7 26 33
7 26 35
7 26 36
7 29 28
7 29 29
7 29 39
7 31 30
7 31 31
7 31 41
7 37 37
7 38 38
7 38 49
7 55 43
7 55 44
7 55 45
7 55 46
7 55 53
7 55 66
7 58 48
7 58 59
7 58 68
7 58 69
7 61 40
7 61 51
7 61 62
7 61 91
7 65 65
7 71 50
7 71 70
7 71 71
7 71 72
7 71 80
7 71 81
7 71 90
7 73 63
7 73 74
7 73 82
7 73 83
7 73 84
7 73 94
7 75 75
7 75 85
7 75 95
7 77 67
7 77 79
7 77 89
7 97 88
7 97 93
7 97 96
7 97 97
7 97 98
8 4 3
8 4 4
8 6 7
8 10 0
8 10 10
8 12 2
8 14 13
8 14 14
8 14 24
8 18 17
8 18 18
8 21 21
8 21 23
8 21 32
8 26 16
8 26 26
8 26 35
8 29 29
8 31 30
8 31 41
8 31 42
8 37 37
8 37 47
8 38 49
8 55 43
8 55 44
8 55 45
8 55 55
8 55 66
8 58 57
8 58 58
8 58 59
8 58 69
8 61 61
8 65 64
8 71 50
8 71 71
8 71 81
8 71 90
8 73 83
8 73 84
8 73 94
8 75 75
8 75 85
8 75 86
8 75 95
8 77 67
8 77 77
8 77 79
8 77 89
8 77 99
8 97 88
8 97 93
8 97 96
8 97 97
9 4 3
9 6 6
9 10 10
9 12 2
9 12 22
9 14 5
9 14 14
9 14 24
9 14 34
9 18 8
9 18 9
9 18 19
9 21 11
9 26 25
9 26 26
9 26 27
9 26 33
9 26 36
9 29 -1
9 31 31
9 37 -1
9 38 38
9 55 43
9 55 45
9 55 46
9 58 48
9 58 68
9 58 69
9 61 40
9 61 51
9 61 61
9 61 62
9 65 76
9 71 70
9 71 72
9 73 74
9 73 94
9 75 75
9 75 85
9 75 86
9 75 95
9 77 77
9 77 99
9 97 93
9 97 96
9 97 97
10 4 4
10 6 -1
10 10 1
10 12 -1
10 14 5
10 14 15
10 14 24
10 18 9
10 21 -1
10 26 16
10 26 35
10 29 -1
10 31 -1
10 37 -1
10 38 49
10 55 43
10 55 55
10 58 68
10 61 60
10 65 64
10 65 76
10 71 50
10 71 80
10 71 81
10 73 73
10 73 84
10 73 94
10 75 -1
10 77 78
10 77 99
10 97 88
10 97 96
10 97 98
11 4 -1
11 6 6
11 10 -1
11 12 12
11 14 -1
11 18 -1
11 21 32
11 26 25
11 29 -1
11 31 41
11 37 -1
11 38 -1
11 55 -1
11 58 57
11 61 -1
11 65 65
11 71 -1
11 73 83
11 75 -1
11 77 -1
11 97 -1
--- Done ---
