0 26 8
0 26 17
0 26 18
0 26 19
0 26 27
0 26 28
0 26 29
0 44 -1
1 26 2
1 26 4
1 26 6
1 26 8
1 26 10
1 26 16
1 26 17
1 26 18
1 26 19
1 26 25
1 26 27
1 26 28
1 26 47
1 26 58
1 26 69
1 26 97
1 44 0
1 44 13
1 44 22
1 44 29
1 44 30
1 44 31
1 44 33
1 44 34
1 44 41
1 44 56
1 44 65
1 44 66
1 44 70
1 44 71
1 44 85
1 44 88
1 44 89
1 44 94
1 58 -1
1 63 -1
2 26 4
2 26 5
2 26 8
2 26 9
2 26 14
2 26 15
2 26 17
2 26 18
2 26 19
2 26 26
2 26 28
2 26 35
2 26 36
2 44 0
2 44 11
2 44 21
2 44 22
2 44 33
2 44 34
2 44 42
2 44 43
2 44 55
2 44 56
2 44 78
2 44 85
2 44 86
2 46 -1
2 58 29
2 58 48
2 58 68
2 58 79
2 58 89
2 58 98
2 63 2
2 63 32
2 63 53
2 63 60
2 63 62
2 63 63
2 63 72
2 63 83
2 63 90
2 63 92
2 63 94
3 26 4
3 26 6
3 26 8
3 26 10
3 26 14
3 26 15
3 26 16
3 26 17
3 26 18
3 26 19
3 26 24
3 26 28
3 26 36
3 44 0
3 44 11
3 44 13
3 44 30
3 44 33
3 44 66
3 44 76
3 44 85
3 44 88
3 44 93
3 46 3
3 46 9
3 46 12
3 46 23
3 46 45
3 46 47
3 46 67
3 58 29
3 58 39
3 58 48
3 58 49
3 58 58
3 58 59
3 58 68
3 58 69
3 58 77
3 58 79
3 58 89
3 58 96
3 58 98
3 58 99
3 63 2
3 63 32
3 63 50
3 63 52
3 63 60
3 63 62
3 63 72
3 63 74
3 63 75
3 63 80
3 63 81
3 63 82
3 63 84
3 63 87
3 63 91
3 63 92
3 63 95
4 26 4
4 26 5
4 26 6
4 26 7
4 26 8
4 26 16
4 26 17
4 26 18
4 26 19
4 26 25
4 26 26
4 26 27
4 26 28
4 26 35
4 26 36
4 26 37
4 44 1
4 44 13
4 44 20
4 44 22
4 44 31
4 44 33
4 44 34
4 44 42
4 44 44
4 44 54
4 44 55
4 44 66
4 44 76
4 46 9
4 46 21
4 46 23
4 46 45
4 46 46
4 46 65
4 46 67
4 46 97
4 58 29
4 58 39
4 58 49
4 58 58
4 58 59
4 58 68
4 58 69
4 58 77
4 58 89
4 58 98
4 63 32
4 63 40
4 63 41
4 63 50
4 63 51
4 63 52
4 63 53
4 63 60
4 63 64
4 63 71
4 63 75
4 63 80
4 63 82
4 63 83
4 63 87
4 63 91
4 63 92
4 63 94
4 63 95
5 26 4
5 26 5
5 26 6
5 26 7
5 26 8
5 26 10
5 26 14
5 26 15
5 26 16
5 26 17
5 26 18
5 26 19
5 26 25
5 26 26
5 26 28
5 26 36
5 26 37
5 27 -1
5 44 0
5 44 11
5 44 13
5 44 22
5 44 31
5 44 34
5 44 42
5 44 55
5 44 76
5 44 85
5 44 86
5 44 93
5 46 3
5 46 9
5 46 12
5 46 21
5 46 45
5 46 46
5 46 56
5 46 65
5 46 67
5 46 78
5 58 29
5 58 39
5 58 57
5 58 58
5 58 68
5 58 69
5 58 77
5 58 79
5 58 89
5 58 96
5 58 98
5 58 99
5 63 2
5 63 40
5 63 41
5 63 50
5 63 51
5 63 52
5 63 61
5 63 62
5 63 64
5 63 70
5 63 71
5 63 72
5 63 73
5 63 75
5 63 80
5 63 81
5 63 83
5 63 87
5 63 94
5 63 95
6 26 7
6 26 15
6 26 16
6 26 19
6 26 24
6 26 25
6 26 26
6 26 35
6 26 36
6 27 3
6 27 5
6 27 6
6 27 9
6 27 17
6 27 18
6 27 21
6 27 27
6 27 37
6 27 38
6 44 0
6 44 1
6 44 11
6 44 13
6 44 20
6 44 22
6 44 30
6 44 33
6 44 34
6 44 42
6 44 43
6 44 44
6 44 55
6 44 66
6 44 76
6 44 85
6 44 88
6 46 23
6 46 47
6 46 67
6 46 78
6 58 29
6 58 39
6 58 48
6 58 49
6 58 57
6 58 58
6 58 59
6 58 68
6 58 69
6 58 77
6 58 89
6 58 96
6 58 98
6 63 32
6 63 40
6 63 50
6 63 52
6 63 53
6 63 60
6 63 63
6 63 64
6 63 70
6 63 72
6 63 73
6 63 75
6 63 80
6 63 81
6 63 82
6 63 83
6 63 90
6 63 91
6 63 92
6 63 94
7 26 4
7 26 7
7 26 10
7 26 14
7 26 15
7 26 25
7 26 35
7 26 36
7 27 3
7 27 5
7 27 9
7 27 17
7 27 18
7 27 21
7 27 28
7 27 37
7 27 38
7 44 0
7 44 1
7 44 11
7 44 13
7 44 20
7 44 22
7 44 30
7 44 31
7 44 33
7 44 34
7 44 43
7 44 44
7 44 66
7 44 85
7 44 88
7 44 93
7 46 12
7 46 23
7 46 45
7 46 46
7 46 65
7 46 67
7 46 97
7 58 29
7 58 39
7 58 48
7 58 49
7 58 59
7 58 68
7 58 69
7 58 79
7 58 89
7 58 96
7 58 98
7 63 32
7 63 40
7 63 41
7 63 50
7 63 51
7 63 53
7 63 62
7 63 63
7 63 70
7 63 71
7 63 72
7 63 74
7 63 75
7 63 80
7 63 81
7 63 82
7 63 83
7 63 84
7 63 90
7 63 91
7 63 94
7 63 95
8 26 4
8 26 7
8 26 10
8 26 14
8 26 16
8 26 24
8 26 26
8 26 35
8 27 3
8 27 17
8 27 18
8 27 21
8 27 37
8 44 0
8 44 13
8 44 30
8 44 42
8 44 43
8 44 44
8 44 55
8 44 66
8 44 85
8 44 86
8 44 88
8 44 93
8 46 23
8 46 45
8 46 47
8 46 67
8 46 97
8 58 29
8 58 49
8 58 57
8 58 58
8 58 59
8 58 69
8 58 77
8 58 79
8 58 89
8 58 96
8 58 99
8 63 2
8 63 32
8 63 41
8 63 50
8 63 61
8 63 64
8 63 71
8 63 75
8 63 81
8 63 83
8 63 84
8 63 90
8 63 94
8 63 95
9 26 8
9 26 10
9 26 14
9 26 19
9 26 24
9 26 25
9 26 26
9 26 36
9 27 3
9 27 5
9 27 6
9 27 9
9 27 27
9 27 38
9 44 11
9 44 22
9 44 31
9 44 33
9 44 34
9 44 43
9 44 76
9 44 85
9 44 86
9 44 93
9 46 45
9 46 46
9 46 97
9 58 48
9 58 68
9 58 69
9 58 77
9 58 96
9 58 99
9 63 2
9 63 40
9 63 51
9 63 61
9 63 62
9 63 70
9 63 72
9 63 74
9 63 75
9 63 94
9 63 95
10 26 4
10 26 15
10 26 16
10 26 24
10 26 35
10 27 5
10 27 9
10 44 1
10 44 43
10 44 55
10 44 76
10 44 88
10 46 78
10 58 49
10 58 68
10 58 96
10 58 98
10 58 99
10 63 50
10 63 60
10 63 64
10 63 73
10 63 80
10 63 81
10 63 84
10 63 94
11 26 25
11 27 6
11 44 -1
11 46 12
11 46 65
11 58 57
11 63 32
11 63 41
11 63 83
--- Done ---
