0 3 -1
0 36 8
0 36 17
0 36 18
0 36 19
0 36 27
0 36 28
0 36 29
1 3 2
1 3 4
1 3 6
1 3 13
1 3 22
1 3 25
1 21 0
1 21 10
1 21 30
1 21 31
1 21 33
1 21 34
1 21 41
1 21 70
1 21 71
1 36 8
1 36 16
1 36 17
1 36 18
1 36 19
1 36 27
1 36 28
1 36 29
1 36 47
1 76 56
1 76 58
1 76 65
1 76 66
1 76 69
1 76 85
1 76 88
1 76 89
1 76 94
1 76 97
2 3 2
2 3 4
2 3 5
2 3 9
2 3 11
2 3 14
2 3 15
2 3 22
2 3 26
2 21 0
2 21 21
2 21 32
2 21 33
2 21 34
2 21 35
2 21 42
2 21 43
2 36 8
2 36 17
2 36 18
2 36 19
2 36 28
2 36 29
2 36 36
2 57 86
2 57 98
2 72 53
2 72 60
2 72 62
2 72 63
2 72 72
2 72 90
2 72 92
2 76 48
2 76 55
2 76 56
2 76 68
2 76 78
2 76 79
2 76 83
2 76 85
2 76 89
2 76 94
3 3 2
3 3 3
3 3 4
3 3 6
3 3 9
3 3 11
3 3 12
3 3 13
3 3 14
3 3 15
3 3 23
3 21 0
3 21 10
3 21 24
3 21 30
3 21 32
3 21 33
3 21 52
3 21 62
3 36 8
3 36 16
3 36 17
3 36 18
3 36 19
3 36 29
3 36 36
3 57 28
3 57 39
3 57 47
3 57 49
3 57 59
3 57 68
3 57 69
3 57 77
3 57 79
3 57 84
3 57 88
3 57 98
3 72 45
3 72 50
3 72 60
3 72 72
3 72 74
3 72 80
3 72 81
3 72 82
3 72 92
3 76 48
3 76 58
3 76 66
3 76 67
3 76 75
3 76 76
3 76 85
3 76 87
3 76 89
3 76 91
3 76 93
3 76 95
3 76 96
3 76 99
4 3 1
4 3 4
4 3 5
4 3 6
4 3 9
4 3 13
4 3 22
4 3 23
4 3 25
4 3 26
4 21 20
4 21 21
4 21 31
4 21 32
4 21 33
4 21 34
4 21 35
4 21 40
4 21 41
4 21 42
4 21 44
4 21 52
4 21 71
4 36 7
4 36 8
4 36 16
4 36 17
4 36 18
4 36 19
4 36 27
4 36 29
4 36 36
4 57 28
4 57 37
4 57 39
4 57 45
4 57 46
4 57 49
4 57 68
4 57 69
4 57 87
4 57 98
4 72 50
4 72 51
4 72 53
4 72 54
4 72 55
4 72 60
4 72 64
4 72 80
4 72 82
4 72 83
4 72 92
4 76 58
4 76 59
4 76 65
4 76 66
4 76 67
4 76 75
4 76 76
4 76 77
4 76 89
4 76 91
4 76 94
4 76 95
4 76 97
5 3 3
5 3 5
5 3 6
5 3 9
5 3 12
5 3 13
5 3 14
5 3 15
5 3 22
5 3 25
5 3 26
5 21 0
5 21 2
5 21 4
5 21 10
5 21 11
5 21 21
5 21 31
5 21 34
5 21 40
5 21 41
5 21 51
5 21 62
5 36 7
5 36 8
5 36 16
5 36 17
5 36 18
5 36 19
5 36 29
5 36 36
5 57 28
5 57 37
5 57 39
5 57 46
5 57 57
5 57 98
5 72 42
5 72 45
5 72 50
5 72 52
5 72 55
5 72 61
5 72 64
5 72 70
5 72 71
5 72 72
5 72 73
5 72 75
5 72 80
5 72 81
5 72 83
5 72 93
5 72 94
5 76 56
5 76 58
5 76 65
5 76 67
5 76 68
5 76 69
5 76 76
5 76 77
5 76 78
5 76 79
5 76 85
5 76 86
5 76 87
5 76 89
5 76 95
5 76 96
5 76 99
6 3 1
6 3 3
6 3 5
6 3 6
6 3 9
6 3 11
6 3 13
6 3 15
6 3 22
6 3 23
6 3 25
6 3 26
6 21 0
6 21 20
6 21 21
6 21 24
6 21 30
6 21 32
6 21 33
6 21 34
6 21 35
6 21 40
6 21 42
6 21 43
6 21 44
6 21 52
6 21 70
6 36 7
6 36 16
6 36 17
6 36 18
6 36 19
6 36 27
6 36 29
6 36 36
6 36 37
6 36 38
6 36 49
6 36 58
6 57 39
6 57 47
6 57 57
6 57 66
6 57 69
6 57 77
6 57 78
6 57 98
6 72 50
6 72 53
6 72 60
6 72 63
6 72 72
6 72 80
6 72 81
6 72 82
6 72 83
6 72 90
6 76 48
6 76 55
6 76 59
6 76 64
6 76 67
6 76 68
6 76 73
6 76 75
6 76 76
6 76 85
6 76 88
6 76 89
6 76 91
6 76 92
6 76 94
6 76 96
7 3 1
7 3 3
7 3 4
7 3 5
7 3 9
7 3 11
7 3 12
7 3 13
7 3 14
7 3 15
7 3 22
7 3 23
7 3 25
7 21 0
7 21 10
7 21 20
7 21 21
7 21 30
7 21 31
7 21 32
7 21 34
7 21 35
7 21 40
7 21 41
7 21 43
7 21 44
7 21 51
7 21 62
7 36 7
7 36 17
7 36 18
7 36 28
7 36 29
7 36 36
7 36 37
7 36 49
7 57 38
7 57 39
7 57 46
7 57 98
7 72 33
7 72 45
7 72 50
7 72 53
7 72 63
7 72 66
7 72 70
7 72 71
7 72 72
7 72 74
7 72 75
7 72 80
7 72 81
7 72 82
7 72 83
7 72 84
7 72 90
7 72 93
7 72 94
7 76 48
7 76 59
7 76 65
7 76 67
7 76 68
7 76 69
7 76 79
7 76 85
7 76 88
7 76 89
7 76 91
7 76 95
7 76 96
7 76 97
8 3 2
8 3 3
8 3 4
8 3 13
8 3 14
8 3 26
8 21 0
8 21 10
8 21 21
8 21 24
8 21 30
8 21 32
8 21 35
8 21 41
8 21 42
8 21 43
8 36 7
8 36 16
8 36 17
8 36 18
8 36 29
8 36 37
8 36 44
8 36 47
8 36 49
8 36 58
8 36 59
8 36 64
8 36 67
8 57 23
8 57 57
8 57 77
8 72 45
8 72 50
8 72 55
8 72 61
8 72 66
8 72 71
8 72 75
8 72 81
8 72 83
8 72 84
8 72 90
8 72 93
8 72 94
8 76 69
8 76 79
8 76 85
8 76 86
8 76 88
8 76 89
8 76 95
8 76 96
8 76 97
8 76 99
9 3 2
9 3 3
9 3 5
9 3 6
9 3 9
9 3 11
9 3 14
9 3 22
9 3 25
9 3 26
9 21 10
9 21 24
9 21 31
9 21 34
9 21 40
9 21 43
9 21 51
9 21 62
9 36 8
9 36 19
9 36 27
9 36 36
9 36 46
9 57 38
9 72 33
9 72 45
9 72 61
9 72 70
9 72 72
9 76 48
9 76 68
9 76 69
9 76 74
9 76 75
9 76 76
9 76 77
9 76 85
9 76 86
9 76 93
9 76 94
9 76 95
9 76 96
9 76 97
9 76 99
10 3 1
10 3 4
10 3 5
10 3 9
10 3 15
10 21 24
10 21 43
10 36 16
10 36 35
10 57 49
10 57 88
10 57 98
10 57 99
10 72 50
10 72 55
10 72 60
10 72 64
10 72 73
10 72 80
10 72 81
10 72 84
10 72 94
10 76 68
10 76 76
10 76 78
10 76 96
11 3 6
11 3 12
11 3 25
11 21 32
11 21 41
11 36 -1
11 57 57
11 72 83
11 76 65
--- Done ---
