0 3 18
0 36 8
0 36 17
0 36 19
0 36 27
0 36 28
0 36 29
1 3 2
1 3 4
1 3 6
1 3 10
1 3 13
1 3 18
1 3 22
1 3 25
1 3 30
1 3 31
1 3 33
1 3 34
1 3 56
1 36 8
1 36 16
1 36 17
1 36 19
1 36 27
1 36 28
1 36 29
1 36 66
1 36 69
1 36 89
1 71 0
1 71 41
1 71 70
1 71 71
1 71 94
1 76 47
1 76 58
1 76 65
1 76 85
1 76 88
1 76 97
2 3 2
2 3 4
2 3 5
2 3 9
2 3 11
2 3 14
2 3 15
2 3 18
2 3 21
2 3 22
2 3 26
2 3 33
2 3 34
2 3 42
2 3 43
2 3 55
2 3 56
2 3 62
2 36 8
2 36 17
2 36 19
2 36 28
2 36 29
2 36 32
2 36 36
2 71 0
2 71 60
2 71 72
2 71 90
2 76 35
2 76 48
2 76 53
2 76 63
2 76 68
2 76 78
2 76 79
2 76 83
2 76 85
2 76 86
2 76 89
2 76 92
2 76 94
2 76 98
3 3 2
3 3 3
3 3 4
3 3 6
3 3 9
3 3 10
3 3 11
3 3 12
3 3 13
3 3 14
3 3 15
3 3 18
3 3 23
3 3 24
3 3 30
3 3 33
3 3 62
3 36 8
3 36 17
3 36 19
3 36 28
3 36 29
3 36 32
3 36 36
3 36 39
3 36 48
3 36 49
3 36 58
3 36 59
3 36 74
3 36 75
3 36 77
3 71 0
3 71 45
3 71 50
3 71 52
3 71 60
3 71 66
3 71 72
3 71 80
3 71 81
3 71 82
3 71 84
3 71 87
3 71 88
3 71 91
3 71 92
3 71 93
3 76 16
3 76 47
3 76 67
3 76 68
3 76 69
3 76 76
3 76 79
3 76 85
3 76 89
3 76 95
3 76 96
3 76 98
3 76 99
4 3 1
4 3 4
4 3 5
4 3 6
4 3 7
4 3 9
4 3 13
4 3 18
4 3 20
4 3 21
4 3 22
4 3 23
4 3 25
4 3 31
4 3 33
4 3 34
4 3 37
4 3 46
4 3 51
4 3 55
4 36 8
4 36 16
4 36 17
4 36 19
4 36 27
4 36 28
4 36 29
4 36 32
4 36 36
4 36 39
4 36 49
4 36 69
4 36 77
4 71 40
4 71 41
4 71 45
4 71 50
4 71 52
4 71 60
4 71 66
4 71 71
4 71 80
4 71 83
4 71 87
4 71 94
4 76 26
4 76 35
4 76 42
4 76 44
4 76 53
4 76 54
4 76 58
4 76 59
4 76 64
4 76 65
4 76 67
4 76 68
4 76 75
4 76 76
4 76 82
4 76 89
4 76 91
4 76 92
4 76 95
4 76 97
4 76 98
5 3 2
5 3 3
5 3 4
5 3 5
5 3 6
5 3 7
5 3 9
5 3 10
5 3 11
5 3 13
5 3 14
5 3 18
5 3 22
5 3 25
5 3 31
5 3 34
5 36 8
5 36 12
5 36 17
5 36 19
5 36 29
5 36 36
5 55 15
5 55 16
5 55 28
5 55 37
5 55 39
5 55 55
5 55 61
5 55 69
5 55 77
5 55 78
5 55 83
5 55 85
5 55 86
5 55 89
5 55 95
5 71 0
5 71 21
5 71 40
5 71 41
5 71 42
5 71 45
5 71 46
5 71 50
5 71 51
5 71 52
5 71 56
5 71 62
5 71 64
5 71 70
5 71 71
5 71 72
5 71 73
5 71 80
5 71 81
5 71 87
5 71 93
5 71 94
5 76 26
5 76 57
5 76 58
5 76 65
5 76 67
5 76 68
5 76 75
5 76 76
5 76 79
5 76 96
5 76 98
5 76 99
6 3 1
6 3 3
6 3 5
6 3 6
6 3 7
6 3 9
6 3 11
6 3 13
6 3 15
6 3 20
6 3 21
6 3 22
6 3 23
6 3 25
6 3 26
6 3 30
6 3 33
6 3 34
6 3 37
6 3 43
6 36 16
6 36 17
6 36 18
6 36 19
6 36 24
6 36 27
6 36 29
6 36 32
6 36 35
6 36 36
6 36 38
6 36 39
6 36 49
6 36 53
6 36 58
6 36 59
6 36 69
6 36 77
6 36 89
6 55 55
6 71 0
6 71 40
6 71 50
6 71 52
6 71 60
6 71 63
6 71 66
6 71 70
6 71 72
6 71 80
6 71 81
6 71 83
6 71 90
6 76 42
6 76 44
6 76 47
6 76 48
6 76 57
6 76 64
6 76 67
6 76 68
6 76 73
6 76 75
6 76 76
6 76 78
6 76 82
6 76 85
6 76 88
6 76 91
6 76 92
6 76 94
6 76 96
6 76 98
7 3 3
7 3 4
7 3 5
7 3 7
7 3 9
7 3 10
7 3 11
7 3 12
7 3 13
7 3 14
7 3 15
7 3 18
7 3 20
7 3 21
7 3 22
7 3 23
7 3 25
7 3 30
7 3 31
7 3 33
7 3 37
7 3 43
7 3 46
7 3 51
7 3 62
7 36 1
7 36 17
7 36 29
7 36 36
7 36 38
7 36 45
7 36 49
7 36 74
7 55 28
7 55 32
7 55 34
7 55 35
7 55 39
7 55 44
7 55 53
7 55 67
7 55 72
7 55 82
7 71 0
7 71 40
7 71 41
7 71 50
7 71 70
7 71 71
7 71 80
7 71 81
7 71 84
7 71 90
7 71 94
7 76 48
7 76 59
7 76 63
7 76 65
7 76 66
7 76 68
7 76 69
7 76 75
7 76 79
7 76 83
7 76 85
7 76 88
7 76 89
7 76 91
7 76 93
7 76 95
7 76 96
7 76 97
7 76 98
8 3 2
8 3 3
8 3 7
8 3 10
8 3 13
8 3 14
8 3 18
8 3 37
8 36 16
8 36 17
8 36 29
8 36 32
8 36 44
8 36 45
8 36 49
8 36 57
8 36 58
8 36 64
8 36 67
8 36 69
8 55 4
8 55 21
8 55 24
8 55 26
8 55 41
8 55 43
8 55 55
8 55 66
8 55 85
8 71 0
8 71 30
8 71 50
8 71 61
8 71 71
8 71 81
8 71 84
8 71 90
8 71 97
8 76 23
8 76 35
8 76 42
8 76 47
8 76 59
8 76 75
8 76 77
8 76 79
8 76 83
8 76 86
8 76 88
8 76 89
8 76 93
8 76 94
8 76 95
8 76 96
8 76 99
9 3 2
9 3 3
9 3 5
9 3 9
9 3 10
9 3 11
9 3 14
9 3 22
9 3 24
9 3 25
9 3 26
9 3 31
9 3 33
9 3 34
9 3 43
9 3 46
9 3 51
9 3 62
9 36 8
9 36 19
9 36 27
9 36 36
9 36 38
9 36 45
9 36 48
9 36 69
9 36 74
9 36 75
9 36 77
9 36 95
9 55 6
9 55 68
9 55 72
9 71 40
9 71 61
9 71 70
9 71 86
9 76 76
9 76 85
9 76 93
9 76 94
9 76 96
9 76 97
9 76 99
10 3 1
10 3 4
10 3 5
10 3 9
10 3 15
10 3 24
10 36 -1
10 55 16
10 55 35
10 55 43
10 55 49
10 55 55
10 55 60
10 55 64
10 55 68
10 55 73
10 55 78
10 55 81
10 55 84
10 71 50
10 71 80
10 71 94
10 76 76
10 76 88
10 76 96
10 76 98
10 76 99
11 3 12
11 3 25
11 36 6
11 36 32
11 55 -1
11 71 41
11 71 83
11 76 57
11 76 65
--- Done ---
