0 26 8
0 26 17
0 26 18
0 26 19
0 26 27
0 26 28
0 26 29
0 58 -1
1 12 -1
1 26 0
1 26 2
1 26 4
1 26 6
1 26 8
1 26 10
1 26 13
1 26 16
1 26 17
1 26 18
1 26 19
1 26 22
1 26 25
1 26 27
1 26 28
1 26 30
1 26 31
1 26 33
1 26 34
1 26 41
1 26 70
1 52 -1
1 58 29
1 58 47
1 58 56
1 58 58
1 58 65
1 58 66
1 58 69
1 58 71
1 58 85
1 58 88
1 58 89
1 58 94
1 58 97
1 95 -1
2 12 0
2 12 2
2 12 4
2 12 5
2 12 11
2 12 14
2 12 21
2 12 22
2 12 32
2 26 8
2 26 9
2 26 15
2 26 17
2 26 18
2 26 19
2 26 26
2 26 28
2 26 33
2 26 34
2 26 35
2 26 36
2 52 42
2 52 43
2 52 53
2 52 55
2 52 60
2 52 62
2 52 63
2 52 72
2 58 29
2 58 48
2 58 56
2 58 68
2 58 78
2 58 79
2 58 98
2 59 -1
2 82 -1
2 95 83
2 95 85
2 95 86
2 95 89
2 95 90
2 95 92
2 95 94
3 12 0
3 12 2
3 12 3
3 12 4
3 12 6
3 12 10
3 12 11
3 12 12
3 12 13
3 12 14
3 12 24
3 12 32
3 26 8
3 26 15
3 26 16
3 26 17
3 26 18
3 26 19
3 26 23
3 26 28
3 26 33
3 26 36
3 52 30
3 52 50
3 52 52
3 52 75
3 58 29
3 58 39
3 58 45
3 58 47
3 58 48
3 58 58
3 58 66
3 58 68
3 58 77
3 58 98
3 59 9
3 59 49
3 59 59
3 59 67
3 59 69
3 59 79
3 59 89
3 59 99
3 82 60
3 82 62
3 82 72
3 82 74
3 82 80
3 82 81
3 82 82
3 82 91
3 82 92
3 82 93
3 95 76
3 95 84
3 95 85
3 95 87
3 95 88
3 95 95
3 95 96
4 12 1
4 12 4
4 12 5
4 12 6
4 12 13
4 12 20
4 12 21
4 12 22
4 12 31
4 12 32
4 26 7
4 26 8
4 26 16
4 26 17
4 26 18
4 26 19
4 26 23
4 26 25
4 26 26
4 26 27
4 26 28
4 26 33
4 26 34
4 26 35
4 26 36
4 26 37
4 52 40
4 52 41
4 52 42
4 52 44
4 52 46
4 52 50
4 52 51
4 52 52
4 52 53
4 52 54
4 52 55
4 52 64
4 52 71
4 52 75
4 58 29
4 58 39
4 58 45
4 58 58
4 58 65
4 58 66
4 58 68
4 58 77
4 58 98
4 59 9
4 59 49
4 59 59
4 59 67
4 59 69
4 59 89
4 82 60
4 82 80
4 82 82
4 82 83
4 82 91
4 82 92
4 95 76
4 95 87
4 95 94
4 95 95
4 95 97
5 12 0
5 12 2
5 12 3
5 12 4
5 12 5
5 12 6
5 12 10
5 12 11
5 12 12
5 12 13
5 12 14
5 12 21
5 12 22
5 12 31
5 26 7
5 26 8
5 26 15
5 26 16
5 26 17
5 26 18
5 26 19
5 26 25
5 26 26
5 26 28
5 26 34
5 26 36
5 26 37
5 36 -1
5 52 40
5 52 41
5 52 42
5 52 46
5 52 50
5 52 51
5 52 52
5 52 55
5 52 61
5 52 64
5 52 71
5 52 75
5 58 29
5 58 39
5 58 45
5 58 56
5 58 57
5 58 58
5 58 65
5 58 68
5 58 77
5 58 98
5 59 9
5 59 67
5 59 69
5 59 78
5 59 79
5 59 89
5 59 99
5 82 62
5 82 70
5 82 72
5 82 73
5 82 80
5 82 81
5 82 83
5 82 93
5 94 -1
5 95 76
5 95 85
5 95 86
5 95 87
5 95 94
5 95 95
5 95 96
6 12 0
6 12 1
6 12 3
6 12 5
6 12 6
6 12 11
6 12 13
6 12 20
6 12 21
6 12 22
6 12 24
6 12 32
6 26 7
6 26 15
6 26 16
6 26 17
6 26 19
6 26 23
6 26 25
6 26 26
6 26 27
6 26 33
6 26 34
6 36 18
6 36 35
6 36 36
6 36 37
6 36 47
6 36 55
6 52 30
6 52 40
6 52 42
6 52 43
6 52 44
6 52 50
6 52 52
6 52 53
6 52 63
6 52 64
6 58 29
6 58 39
6 58 48
6 58 57
6 58 58
6 58 66
6 58 68
6 58 77
6 58 98
6 59 9
6 59 38
6 59 49
6 59 59
6 59 67
6 59 69
6 59 78
6 59 89
6 82 60
6 82 70
6 82 72
6 82 73
6 82 80
6 82 81
6 82 82
6 82 83
6 82 90
6 82 92
6 94 75
6 94 91
6 94 94
6 95 76
6 95 85
6 95 88
6 95 96
7 12 0
7 12 1
7 12 3
7 12 4
7 12 5
7 12 10
7 12 11
7 12 12
7 12 13
7 12 14
7 12 20
7 12 21
7 12 22
7 12 31
7 12 32
7 26 7
7 26 15
7 26 17
7 26 23
7 26 25
7 26 28
7 26 33
7 26 34
7 36 18
7 36 35
7 36 36
7 36 37
7 36 45
7 36 46
7 52 30
7 52 40
7 52 41
7 52 43
7 52 44
7 52 50
7 52 51
7 52 53
7 52 63
7 52 71
7 58 29
7 58 39
7 58 48
7 58 65
7 58 66
7 58 68
7 58 98
7 59 9
7 59 38
7 59 49
7 59 59
7 59 67
7 59 69
7 59 79
7 59 89
7 82 62
7 82 70
7 82 72
7 82 74
7 82 80
7 82 81
7 82 82
7 82 83
7 82 90
7 94 75
7 94 84
7 94 91
7 94 93
7 94 94
7 95 85
7 95 88
7 95 95
7 95 96
7 95 97
8 12 0
8 12 2
8 12 3
8 12 4
8 12 10
8 12 13
8 12 14
8 12 21
8 12 24
8 12 32
8 26 7
8 26 16
8 26 17
8 26 23
8 26 26
8 36 18
8 36 35
8 36 37
8 36 45
8 36 47
8 36 55
8 52 30
8 52 41
8 52 42
8 52 43
8 52 44
8 52 50
8 52 61
8 52 64
8 52 71
8 58 29
8 58 57
8 58 58
8 58 66
8 58 77
8 59 49
8 59 59
8 59 67
8 59 69
8 59 79
8 59 89
8 59 99
8 82 81
8 82 83
8 82 90
8 94 75
8 94 84
8 94 93
8 94 94
8 95 85
8 95 86
8 95 88
8 95 95
8 95 96
8 95 97
9 12 2
9 12 3
9 12 5
9 12 6
9 12 10
9 12 11
9 12 14
9 12 22
9 12 24
9 12 31
9 26 19
9 26 25
9 26 26
9 26 27
9 26 33
9 26 34
9 36 8
9 36 36
9 36 45
9 36 46
9 52 40
9 52 43
9 52 51
9 52 61
9 58 48
9 58 68
9 58 77
9 59 9
9 59 38
9 59 69
9 59 99
9 82 62
9 82 70
9 82 72
9 82 74
9 94 75
9 94 93
9 94 94
9 95 76
9 95 85
9 95 86
9 95 95
9 95 96
9 95 97
10 12 1
10 12 4
10 12 5
10 12 24
10 26 15
10 26 16
10 36 35
10 36 55
10 52 43
10 52 50
10 52 64
10 58 68
10 58 98
10 59 9
10 59 49
10 59 78
10 59 99
10 82 60
10 82 73
10 82 80
10 82 81
10 94 84
10 94 94
10 95 76
10 95 88
10 95 96
11 12 6
11 12 12
11 12 32
11 26 25
11 36 -1
11 52 41
11 58 57
11 58 65
11 59 -1
11 82 83
11 94 -1
11 95 -1
--- Done ---
