0 3 -1
0 28 8
0 28 17
0 28 18
0 28 19
0 28 27
0 28 28
0 28 29
0 44 -1
1 3 2
1 3 4
1 3 6
1 3 13
1 3 22
1 11 0
1 11 10
1 11 30
1 11 31
1 11 41
1 28 8
1 28 16
1 28 17
1 28 18
1 28 19
1 28 27
1 28 28
1 28 29
1 28 47
1 28 58
1 44 25
1 44 33
1 44 34
1 44 56
1 71 70
1 71 71
1 75 65
1 75 66
1 75 85
1 75 94
1 88 69
1 88 88
1 88 89
1 88 97
2 3 2
2 3 4
2 3 5
2 3 14
2 3 15
2 3 22
2 11 0
2 11 11
2 11 21
2 11 32
2 28 8
2 28 9
2 28 17
2 28 18
2 28 19
2 28 26
2 28 28
2 28 29
2 28 36
2 28 48
2 44 33
2 44 34
2 44 35
2 44 42
2 44 43
2 44 53
2 44 55
2 44 56
2 44 63
2 71 60
2 71 62
2 71 72
2 71 90
2 71 92
2 75 83
2 75 85
2 75 94
2 88 68
2 88 78
2 88 79
2 88 86
2 88 89
2 88 98
3 3 2
3 3 3
3 3 4
3 3 6
3 3 12
3 3 13
3 3 14
3 3 15
3 11 0
3 11 10
3 11 11
3 11 23
3 11 30
3 11 32
3 28 9
3 28 16
3 28 17
3 28 28
3 28 29
3 28 39
3 28 48
3 28 49
3 28 58
3 36 8
3 36 18
3 36 19
3 36 24
3 36 36
3 36 47
3 36 59
3 36 67
3 44 33
3 44 45
3 71 50
3 71 52
3 71 60
3 71 72
3 75 66
3 75 74
3 75 75
3 75 76
3 75 77
3 75 92
3 75 95
3 75 96
3 82 62
3 82 80
3 82 81
3 82 82
3 82 84
3 82 85
3 82 91
3 82 93
3 88 68
3 88 69
3 88 79
3 88 87
3 88 88
3 88 89
3 88 98
3 88 99
4 3 4
4 3 5
4 3 6
4 3 13
4 3 22
4 11 1
4 11 20
4 11 21
4 11 23
4 11 31
4 11 32
4 11 41
4 28 7
4 28 9
4 28 16
4 28 17
4 28 27
4 28 28
4 28 29
4 28 39
4 28 49
4 28 58
4 36 8
4 36 18
4 36 19
4 36 26
4 36 34
4 36 35
4 36 36
4 36 37
4 36 46
4 36 55
4 36 59
4 44 25
4 44 33
4 44 42
4 44 44
4 44 45
4 44 53
4 44 64
4 71 40
4 71 50
4 71 51
4 71 52
4 71 60
4 71 71
4 75 54
4 75 65
4 75 66
4 75 67
4 75 68
4 75 75
4 75 76
4 75 77
4 75 87
4 75 92
4 75 95
4 75 98
4 82 80
4 82 82
4 82 83
4 82 91
4 82 94
4 88 69
4 88 89
4 88 97
5 3 2
5 3 3
5 3 4
5 3 5
5 3 6
5 3 12
5 3 14
5 3 15
5 3 22
5 11 0
5 11 10
5 11 11
5 11 13
5 11 21
5 11 31
5 11 41
5 28 7
5 28 9
5 28 17
5 28 19
5 28 28
5 28 29
5 28 39
5 28 58
5 36 8
5 36 16
5 36 18
5 36 25
5 36 26
5 36 36
5 36 37
5 36 45
5 36 56
5 36 57
5 44 34
5 44 42
5 44 46
5 44 64
5 71 40
5 71 50
5 71 51
5 71 52
5 71 61
5 71 62
5 71 70
5 71 71
5 71 72
5 71 73
5 71 80
5 71 81
5 75 55
5 75 65
5 75 67
5 75 75
5 75 76
5 75 83
5 75 85
5 75 86
5 75 87
5 75 95
5 82 93
5 82 94
5 88 68
5 88 69
5 88 77
5 88 78
5 88 79
5 88 89
5 88 96
5 88 98
5 88 99
6 3 3
6 3 5
6 3 6
6 3 13
6 3 15
6 3 22
6 11 0
6 11 1
6 11 11
6 11 20
6 11 21
6 11 23
6 11 30
6 11 32
6 11 43
6 28 7
6 28 9
6 28 16
6 28 17
6 28 19
6 28 26
6 28 27
6 28 29
6 28 37
6 28 38
6 28 39
6 28 47
6 28 48
6 28 49
6 28 58
6 36 18
6 36 25
6 36 34
6 36 35
6 36 36
6 36 55
6 36 59
6 36 67
6 44 24
6 44 33
6 44 42
6 44 44
6 44 53
6 71 40
6 71 50
6 71 52
6 71 60
6 71 63
6 71 70
6 71 72
6 71 73
6 71 81
6 71 90
6 71 92
6 75 64
6 75 66
6 75 68
6 75 75
6 75 76
6 75 77
6 75 85
6 82 80
6 82 82
6 82 83
6 82 91
6 82 94
6 88 57
6 88 69
6 88 78
6 88 88
6 88 89
6 88 96
6 88 98
7 3 3
7 3 4
7 3 5
7 3 12
7 3 13
7 3 14
7 3 15
7 3 22
7 11 0
7 11 1
7 11 10
7 11 11
7 11 20
7 11 21
7 11 23
7 11 30
7 11 31
7 11 32
7 11 41
7 11 43
7 28 7
7 28 9
7 28 17
7 28 18
7 28 28
7 28 29
7 28 37
7 28 38
7 28 39
7 28 48
7 28 49
7 36 25
7 36 34
7 36 35
7 36 36
7 36 46
7 36 59
7 44 33
7 44 44
7 44 45
7 44 53
7 44 66
7 71 40
7 71 50
7 71 51
7 71 62
7 71 63
7 71 70
7 71 71
7 71 80
7 71 90
7 75 65
7 75 67
7 75 74
7 75 75
7 75 95
7 75 98
7 82 72
7 82 81
7 82 82
7 82 83
7 82 84
7 82 85
7 82 91
7 82 93
7 82 94
7 88 68
7 88 69
7 88 79
7 88 88
7 88 89
7 88 96
7 88 97
8 3 2
8 3 3
8 3 4
8 3 13
8 3 14
8 11 0
8 11 10
8 11 21
8 11 23
8 11 30
8 11 32
8 11 41
8 11 43
8 28 7
8 28 17
8 28 29
8 28 49
8 28 58
8 36 16
8 36 18
8 36 24
8 36 26
8 36 35
8 36 37
8 36 45
8 36 47
8 36 55
8 36 57
8 36 59
8 36 67
8 44 42
8 44 44
8 44 64
8 71 50
8 71 61
8 71 71
8 71 81
8 71 90
8 75 66
8 75 75
8 75 77
8 75 84
8 75 85
8 75 86
8 75 95
8 82 83
8 82 93
8 82 94
8 88 69
8 88 79
8 88 88
8 88 89
8 88 96
8 88 97
8 88 99
9 3 2
9 3 3
9 3 5
9 3 6
9 3 14
9 3 22
9 11 10
9 11 11
9 11 31
9 11 43
9 28 8
9 28 9
9 28 19
9 28 26
9 28 27
9 28 38
9 28 48
9 36 24
9 36 25
9 36 34
9 36 36
9 36 45
9 36 46
9 36 76
9 44 33
9 71 40
9 71 51
9 71 61
9 71 62
9 71 70
9 71 72
9 75 68
9 75 75
9 75 85
9 75 95
9 82 74
9 82 93
9 82 94
9 88 69
9 88 77
9 88 86
9 88 96
9 88 97
9 88 99
10 3 4
10 3 5
10 3 15
10 11 1
10 11 43
10 28 9
10 28 16
10 28 49
10 36 24
10 36 35
10 44 55
10 71 50
10 71 60
10 71 73
10 71 80
10 71 81
10 75 64
10 75 68
10 75 76
10 75 84
10 82 94
10 88 78
10 88 88
10 88 96
10 88 98
10 88 99
11 3 6
11 3 12
11 11 32
11 11 41
11 28 -1
11 36 57
11 44 25
11 71 -1
11 75 65
11 82 83
11 88 -1
--- Done ---
