0 35 34
0 35 35
0 35 43
0 35 44
0 35 45
1 3 2
1 3 3
1 3 14
1 3 15
1 3 23
1 3 33
1 11 0
1 11 11
1 11 20
1 11 21
1 11 22
1 11 30
1 11 31
1 19 9
1 19 27
1 19 29
1 19 49
1 35 16
1 35 24
1 35 25
1 35 26
1 35 43
1 35 44
1 35 47
1 35 48
1 35 57
1 61 40
1 61 41
1 61 42
1 61 52
1 61 60
1 61 63
1 61 71
1 79 58
1 79 69
1 79 76
1 79 77
1 79 89
1 85 65
1 85 73
1 85 94
1 85 96
1 91 91
2 3 1
2 3 2
2 3 3
2 3 12
2 3 13
2 3 14
2 3 15
2 3 23
2 3 33
2 11 10
2 11 22
2 11 30
2 19 7
2 19 9
2 19 18
2 19 19
2 19 28
2 35 34
2 35 37
2 35 43
2 35 44
2 35 45
2 35 46
2 35 53
2 35 54
2 35 57
2 35 64
2 35 66
2 61 40
2 61 41
2 61 51
2 61 52
2 61 60
2 61 71
2 61 82
2 79 58
2 79 77
2 79 78
2 79 79
2 79 89
2 79 99
2 85 73
2 85 74
2 85 75
2 85 86
2 85 87
2 85 92
2 85 94
2 85 95
2 85 97
3 3 1
3 3 5
3 3 12
3 3 33
3 11 0
3 11 10
3 11 20
3 11 21
3 11 32
3 19 9
3 19 17
3 19 18
3 19 39
3 19 48
3 35 26
3 35 36
3 35 37
3 35 44
3 35 47
3 35 54
3 35 56
3 35 57
3 35 64
3 61 40
3 61 41
3 61 61
3 61 62
3 61 63
3 61 71
3 61 82
3 79 58
3 79 59
3 79 77
3 79 79
3 79 88
3 79 99
3 85 66
3 85 68
3 85 73
3 85 76
3 85 85
3 85 86
3 85 94
3 91 80
3 91 90
3 91 91
4 3 2
4 3 3
4 3 12
4 3 23
4 3 33
4 11 10
4 11 31
4 19 9
4 19 28
4 19 38
4 35 16
4 35 24
4 35 25
4 35 26
4 35 34
4 35 36
4 35 44
4 35 46
4 35 47
4 35 56
4 35 57
4 35 64
4 61 40
4 61 52
4 61 60
4 61 62
4 79 58
4 79 67
4 79 68
4 79 69
4 79 76
4 79 77
4 79 79
4 79 88
4 79 89
4 85 65
4 85 73
4 85 74
4 85 75
4 85 85
4 85 86
4 85 96
4 85 97
4 91 72
5 3 1
5 3 6
5 3 13
5 3 14
5 3 15
5 3 23
5 3 33
5 11 11
5 11 30
5 19 7
5 19 8
5 19 9
5 19 29
5 19 38
5 19 39
5 35 24
5 35 26
5 35 35
5 35 36
5 35 43
5 35 44
5 35 45
5 35 46
5 35 54
5 35 57
5 61 40
5 61 42
5 61 50
5 61 51
5 61 62
5 61 72
5 79 59
5 79 67
5 79 69
5 79 77
5 79 79
5 79 99
5 85 65
5 85 73
5 85 75
5 85 83
5 85 92
5 85 94
5 91 84
5 91 91
5 91 93
6 3 2
6 3 5
6 3 14
6 3 15
6 3 33
6 11 10
6 11 11
6 11 20
6 11 21
6 11 22
6 11 30
6 19 9
6 19 19
6 19 27
6 35 16
6 35 24
6 35 34
6 35 36
6 35 37
6 35 45
6 35 54
6 35 55
6 61 41
6 61 42
6 61 51
6 61 60
6 61 62
6 61 70
6 61 71
6 61 72
6 79 58
6 79 67
6 79 77
6 79 78
6 79 79
6 79 88
6 79 98
6 79 99
6 85 63
6 85 68
6 85 73
6 85 74
6 85 75
6 85 76
6 85 83
6 85 87
6 85 94
6 85 95
6 91 80
6 91 81
6 91 82
6 91 84
6 91 93
7 3 1
7 3 3
7 3 13
7 3 14
7 3 15
7 3 23
7 11 30
7 11 32
7 19 7
7 19 17
7 19 19
7 19 28
7 19 38
7 19 49
7 35 34
7 35 35
7 35 37
7 35 44
7 35 46
7 35 48
7 35 53
7 35 54
7 35 55
7 61 40
7 61 51
7 61 61
7 79 58
7 79 67
7 79 76
7 79 77
7 79 78
7 79 87
7 79 98
7 79 99
7 85 65
7 85 66
7 85 73
7 85 74
7 85 86
7 85 94
7 91 71
7 91 72
7 91 82
7 91 84
7 91 90
7 91 92
7 91 93
8 3 1
8 3 2
8 3 5
8 3 6
8 3 23
8 3 33
8 11 22
8 11 30
8 11 32
8 19 8
8 19 19
8 19 27
8 19 29
8 19 48
8 35 26
8 35 34
8 35 35
8 35 36
8 35 37
8 35 43
8 61 51
8 61 62
8 61 70
8 61 82
8 79 58
8 79 69
8 79 78
8 79 89
8 85 63
8 85 65
8 85 73
8 85 74
8 85 75
8 85 83
8 85 84
8 85 85
8 85 87
8 85 92
8 85 94
8 85 95
8 85 97
8 91 81
9 3 1
9 3 5
9 3 6
9 3 15
9 11 0
9 11 10
9 11 22
9 11 32
9 19 7
9 19 9
9 19 17
9 19 18
9 19 27
9 19 39
9 19 48
9 19 49
9 35 16
9 35 25
9 35 34
9 35 35
9 35 43
9 35 44
9 35 53
9 61 42
9 61 50
9 61 52
9 61 61
9 61 62
9 61 82
9 79 59
9 79 67
9 79 68
9 79 76
9 79 78
9 79 98
9 85 63
9 85 75
9 85 83
9 85 86
9 85 94
9 85 95
9 85 96
9 91 71
9 91 81
--- Done ---
