0 3 34
0 3 35
0 62 43
0 62 44
0 67 45
1 3 0
1 3 2
1 3 3
1 3 9
1 3 11
1 3 14
1 3 15
1 3 16
1 3 20
1 3 21
1 3 22
1 3 23
1 3 24
1 3 25
1 3 26
1 3 33
1 62 30
1 62 31
1 62 40
1 62 41
1 62 42
1 62 43
1 62 44
1 62 52
1 62 60
1 62 63
1 62 71
1 62 73
1 62 91
1 62 94
1 67 27
1 67 29
1 67 47
1 67 48
1 67 49
1 67 57
1 67 58
1 67 65
1 67 69
1 67 76
1 67 77
1 67 89
1 67 96
2 3 1
2 3 2
2 3 3
2 3 7
2 3 9
2 3 10
2 3 12
2 3 13
2 3 14
2 3 15
2 3 18
2 3 22
2 3 23
2 3 33
2 3 34
2 62 30
2 62 40
2 62 41
2 62 43
2 62 44
2 62 51
2 62 52
2 62 53
2 62 54
2 62 60
2 62 64
2 62 71
2 62 73
2 62 74
2 62 82
2 62 92
2 62 94
2 67 19
2 67 28
2 67 37
2 67 45
2 67 46
2 67 57
2 67 58
2 67 66
2 67 75
2 67 77
2 67 78
2 67 79
2 67 86
2 67 87
2 67 89
2 67 95
2 67 97
2 67 99
3 3 0
3 3 1
3 3 5
3 3 9
3 3 10
3 3 12
3 3 17
3 3 18
3 3 20
3 3 21
3 3 26
3 3 33
3 62 32
3 62 40
3 62 41
3 62 44
3 62 54
3 62 61
3 62 62
3 62 63
3 62 64
3 62 71
3 62 73
3 62 80
3 62 82
3 62 90
3 62 91
3 62 94
3 67 36
3 67 37
3 67 39
3 67 47
3 67 48
3 67 56
3 67 57
3 67 58
3 67 59
3 67 66
3 67 68
3 67 76
3 67 77
3 67 79
3 67 85
3 67 86
3 67 88
3 67 99
4 3 2
4 3 3
4 3 9
4 3 10
4 3 12
4 3 16
4 3 23
4 3 24
4 3 25
4 3 26
4 3 33
4 3 34
4 62 31
4 62 40
4 62 44
4 62 52
4 62 60
4 62 62
4 62 64
4 62 72
4 62 73
4 62 74
4 67 28
4 67 36
4 67 38
4 67 46
4 67 47
4 67 56
4 67 57
4 67 58
4 67 65
4 67 67
4 67 68
4 67 69
4 67 75
4 67 76
4 67 77
4 67 79
4 67 85
4 67 86
4 67 88
4 67 89
4 67 96
4 67 97
5 3 1
5 3 6
5 3 7
5 3 8
5 3 9
5 3 11
5 3 13
5 3 14
5 3 15
5 3 23
5 3 24
5 3 26
5 3 33
5 3 35
5 62 30
5 62 40
5 62 42
5 62 43
5 62 44
5 62 50
5 62 51
5 62 54
5 62 62
5 62 72
5 62 73
5 62 83
5 62 84
5 62 91
5 62 92
5 62 93
5 62 94
5 67 29
5 67 36
5 67 38
5 67 39
5 67 45
5 67 46
5 67 57
5 67 59
5 67 65
5 67 67
5 67 69
5 67 75
5 67 77
5 67 79
5 67 99
6 3 2
6 3 5
6 3 9
6 3 10
6 3 11
6 3 14
6 3 15
6 3 16
6 3 20
6 3 21
6 3 22
6 3 24
6 3 33
6 3 34
6 62 30
6 62 41
6 62 42
6 62 51
6 62 54
6 62 60
6 62 62
6 62 63
6 62 70
6 62 71
6 62 72
6 62 73
6 62 74
6 62 80
6 62 81
6 62 82
6 62 83
6 62 84
6 62 93
6 62 94
6 67 19
6 67 27
6 67 36
6 67 37
6 67 45
6 67 55
6 67 58
6 67 67
6 67 68
6 67 75
6 67 76
6 67 77
6 67 78
6 67 79
6 67 87
6 67 88
6 67 95
6 67 98
6 67 99
7 3 1
7 3 3
7 3 7
7 3 13
7 3 14
7 3 15
7 3 17
7 3 23
7 3 34
7 3 35
7 62 30
7 62 32
7 62 40
7 62 44
7 62 51
7 62 53
7 62 54
7 62 61
7 62 71
7 62 72
7 62 73
7 62 74
7 62 82
7 62 84
7 62 90
7 62 92
7 62 93
7 62 94
7 67 19
7 67 28
7 67 37
7 67 38
7 67 46
7 67 48
7 67 49
7 67 55
7 67 58
7 67 65
7 67 66
7 67 67
7 67 76
7 67 77
7 67 78
7 67 86
7 67 87
7 67 98
7 67 99
8 3 1
8 3 2
8 3 5
8 3 6
8 3 8
8 3 22
8 3 23
8 3 26
8 3 33
8 3 34
8 3 35
8 62 30
8 62 32
8 62 43
8 62 51
8 62 62
8 62 63
8 62 70
8 62 73
8 62 74
8 62 81
8 62 82
8 62 83
8 62 84
8 62 92
8 62 94
8 67 19
8 67 27
8 67 29
8 67 36
8 67 37
8 67 48
8 67 58
8 67 65
8 67 69
8 67 75
8 67 78
8 67 85
8 67 87
8 67 89
8 67 95
8 67 97
9 3 0
9 3 1
9 3 5
9 3 6
9 3 7
9 3 9
9 3 10
9 3 15
9 3 16
9 3 17
9 3 18
9 3 22
9 3 25
9 3 34
9 3 35
9 62 32
9 62 42
9 62 43
9 62 44
9 62 50
9 62 52
9 62 53
9 62 61
9 62 62
9 62 63
9 62 71
9 62 81
9 62 82
9 62 83
9 62 94
9 67 27
9 67 39
9 67 48
9 67 49
9 67 59
9 67 67
9 67 68
9 67 75
9 67 76
9 67 78
9 67 86
9 67 95
9 67 96
9 67 98
--- Done ---
