0 37 35
0 37 45
0 52 34
0 52 43
0 52 44
1 3 0
1 3 2
1 3 3
1 3 11
1 3 14
1 3 15
1 3 20
1 3 21
1 3 22
1 3 23
1 3 24
1 37 9
1 37 16
1 37 25
1 37 26
1 37 27
1 37 29
1 37 47
1 37 48
1 37 49
1 37 57
1 37 58
1 52 30
1 52 31
1 52 33
1 52 40
1 52 41
1 52 42
1 52 43
1 52 44
1 52 52
1 52 60
1 52 63
1 52 71
1 84 65
1 84 73
1 84 91
1 84 94
1 87 69
1 87 76
1 87 77
1 87 89
1 87 96
2 3 1
2 3 2
2 3 3
2 3 10
2 3 12
2 3 13
2 3 14
2 3 15
2 3 22
2 3 23
2 37 7
2 37 9
2 37 18
2 37 19
2 37 28
2 37 37
2 37 45
2 37 46
2 37 57
2 37 58
2 52 30
2 52 33
2 52 34
2 52 40
2 52 41
2 52 43
2 52 44
2 52 51
2 52 52
2 52 53
2 52 54
2 52 60
2 52 71
2 84 64
2 84 73
2 84 74
2 84 75
2 84 82
2 84 92
2 84 94
2 84 95
2 87 66
2 87 77
2 87 78
2 87 79
2 87 86
2 87 87
2 87 89
2 87 97
2 87 99
3 3 0
3 3 1
3 3 5
3 3 10
3 3 12
3 3 20
3 3 21
3 37 9
3 37 17
3 37 18
3 37 26
3 37 36
3 37 37
3 37 39
3 37 47
3 37 48
3 37 56
3 37 57
3 37 58
3 37 59
3 52 32
3 52 33
3 52 40
3 52 41
3 52 44
3 52 54
3 52 61
3 52 62
3 52 63
3 52 71
3 52 80
3 84 64
3 84 73
3 84 82
3 84 85
3 84 90
3 84 91
3 84 94
3 87 66
3 87 68
3 87 76
3 87 77
3 87 79
3 87 86
3 87 88
3 87 99
4 3 2
4 3 3
4 3 10
4 3 12
4 3 23
4 3 24
4 37 9
4 37 16
4 37 25
4 37 26
4 37 28
4 37 36
4 37 38
4 37 46
4 37 47
4 37 56
4 37 57
4 37 58
4 52 31
4 52 33
4 52 34
4 52 40
4 52 44
4 52 52
4 52 60
4 52 62
4 52 72
4 84 64
4 84 65
4 84 73
4 84 74
4 84 75
4 84 85
4 87 67
4 87 68
4 87 69
4 87 76
4 87 77
4 87 79
4 87 86
4 87 88
4 87 89
4 87 96
4 87 97
5 3 1
5 3 6
5 3 11
5 3 13
5 3 14
5 3 15
5 3 23
5 3 24
5 37 7
5 37 8
5 37 9
5 37 26
5 37 29
5 37 35
5 37 36
5 37 38
5 37 39
5 37 45
5 37 46
5 37 57
5 37 59
5 52 30
5 52 33
5 52 40
5 52 42
5 52 43
5 52 44
5 52 50
5 52 51
5 52 54
5 52 62
5 52 72
5 84 65
5 84 73
5 84 75
5 84 83
5 84 84
5 84 91
5 84 92
5 84 93
5 84 94
5 87 67
5 87 69
5 87 77
5 87 79
5 87 99
6 3 2
6 3 5
6 3 10
6 3 11
6 3 14
6 3 15
6 3 20
6 3 21
6 3 22
6 3 24
6 37 9
6 37 16
6 37 19
6 37 27
6 37 36
6 37 37
6 37 45
6 37 55
6 37 58
6 52 30
6 52 33
6 52 34
6 52 41
6 52 42
6 52 51
6 52 54
6 52 60
6 52 62
6 52 63
6 52 70
6 52 71
6 52 72
6 52 80
6 84 73
6 84 74
6 84 75
6 84 81
6 84 82
6 84 83
6 84 84
6 84 93
6 84 94
6 84 95
6 87 67
6 87 68
6 87 76
6 87 77
6 87 78
6 87 79
6 87 87
6 87 88
6 87 98
6 87 99
7 3 1
7 3 3
7 3 13
7 3 14
7 3 15
7 3 23
7 37 7
7 37 17
7 37 19
7 37 28
7 37 35
7 37 37
7 37 38
7 37 46
7 37 48
7 37 49
7 37 55
7 37 58
7 52 30
7 52 32
7 52 34
7 52 40
7 52 44
7 52 51
7 52 53
7 52 54
7 52 61
7 52 71
7 52 72
7 84 65
7 84 73
7 84 74
7 84 82
7 84 84
7 84 90
7 84 92
7 84 93
7 84 94
7 87 66
7 87 67
7 87 76
7 87 77
7 87 78
7 87 86
7 87 87
7 87 98
7 87 99
8 3 1
8 3 2
8 3 5
8 3 6
8 3 22
8 3 23
8 37 8
8 37 19
8 37 26
8 37 27
8 37 29
8 37 35
8 37 36
8 37 37
8 37 48
8 37 58
8 52 30
8 52 32
8 52 33
8 52 34
8 52 43
8 52 51
8 52 62
8 52 63
8 52 70
8 84 65
8 84 73
8 84 74
8 84 75
8 84 81
8 84 82
8 84 83
8 84 84
8 84 85
8 84 92
8 84 94
8 84 95
8 87 69
8 87 78
8 87 87
8 87 89
8 87 97
9 3 0
9 3 1
9 3 5
9 3 6
9 3 10
9 3 15
9 3 22
9 37 7
9 37 9
9 37 16
9 37 17
9 37 18
9 37 25
9 37 27
9 37 35
9 37 39
9 37 48
9 37 49
9 37 59
9 52 32
9 52 34
9 52 42
9 52 43
9 52 44
9 52 50
9 52 52
9 52 53
9 52 61
9 52 62
9 52 63
9 52 71
9 84 75
9 84 81
9 84 82
9 84 83
9 84 94
9 84 95
9 87 67
9 87 68
9 87 76
9 87 78
9 87 86
9 87 96
9 87 98
--- Done ---
