0 3 34
0 3 35
0 45 43
0 45 44
0 45 45
1 3 0
1 3 2
1 3 3
1 3 11
1 3 14
1 3 15
1 3 21
1 3 22
1 3 23
1 3 24
1 3 25
1 3 26
1 3 31
1 3 33
1 45 16
1 45 29
1 45 47
1 45 48
1 45 57
1 45 73
1 45 76
1 52 20
1 52 27
1 52 30
1 52 40
1 52 41
1 52 42
1 52 43
1 52 44
1 52 52
1 52 60
1 52 71
1 69 9
1 69 49
1 69 58
1 69 69
1 69 77
1 69 89
1 84 63
1 84 65
1 84 91
1 84 94
1 84 96
2 3 1
2 3 2
2 3 3
2 3 10
2 3 12
2 3 13
2 3 14
2 3 15
2 3 22
2 3 23
2 3 33
2 3 34
2 28 7
2 28 18
2 28 19
2 28 28
2 28 37
2 28 45
2 52 30
2 52 40
2 52 41
2 52 44
2 52 51
2 52 52
2 52 53
2 52 54
2 52 60
2 52 71
2 52 82
2 52 92
2 69 9
2 69 46
2 69 57
2 69 58
2 69 66
2 69 77
2 69 78
2 69 79
2 69 89
2 69 99
2 84 43
2 84 64
2 84 73
2 84 74
2 84 75
2 84 86
2 84 87
2 84 94
2 84 95
2 84 97
3 3 0
3 3 1
3 3 5
3 3 10
3 3 12
3 3 21
3 3 26
3 3 32
3 3 33
3 28 9
3 28 17
3 28 18
3 28 36
3 28 37
3 28 39
3 28 47
3 28 48
3 28 57
3 28 58
3 28 59
3 51 20
3 51 40
3 51 44
3 51 54
3 51 61
3 51 62
3 51 63
3 51 71
3 51 80
3 51 82
3 51 90
3 55 41
3 55 56
3 55 64
3 55 73
3 55 94
3 87 66
3 87 68
3 87 76
3 87 77
3 87 79
3 87 85
3 87 86
3 87 88
3 87 91
3 87 99
4 3 2
4 3 3
4 3 10
4 3 12
4 3 23
4 3 24
4 3 25
4 3 26
4 3 31
4 3 33
4 3 34
4 28 9
4 28 16
4 28 28
4 28 36
4 28 47
4 28 57
4 28 69
4 51 40
4 51 52
4 51 60
4 51 72
4 55 38
4 55 44
4 55 46
4 55 56
4 55 58
4 55 62
4 55 64
4 55 65
4 55 67
4 55 73
4 55 86
4 55 88
4 87 68
4 87 74
4 87 75
4 87 76
4 87 77
4 87 79
4 87 85
4 87 89
4 87 96
4 87 97
5 3 1
5 3 6
5 3 11
5 3 13
5 3 14
5 3 15
5 3 23
5 3 24
5 3 26
5 3 33
5 3 35
5 28 7
5 28 8
5 28 9
5 28 29
5 28 36
5 28 38
5 28 39
5 28 57
5 51 30
5 51 40
5 51 42
5 51 43
5 51 44
5 51 50
5 51 51
5 51 54
5 51 62
5 51 73
5 69 45
5 69 46
5 69 59
5 69 67
5 69 69
5 69 77
5 69 79
5 69 99
5 84 65
5 84 72
5 84 75
5 84 83
5 84 84
5 84 91
5 84 92
5 84 93
5 84 94
6 3 2
6 3 5
6 3 10
6 3 11
6 3 14
6 3 15
6 3 21
6 3 22
6 3 24
6 3 33
6 3 34
6 27 16
6 27 19
6 27 27
6 27 36
6 27 37
6 27 55
6 51 20
6 51 30
6 51 41
6 51 42
6 51 51
6 51 60
6 51 62
6 51 70
6 51 71
6 51 73
6 51 80
6 51 82
6 69 9
6 69 45
6 69 58
6 69 68
6 69 76
6 69 77
6 69 78
6 69 79
6 69 87
6 69 88
6 69 99
6 84 54
6 84 63
6 84 67
6 84 72
6 84 74
6 84 75
6 84 81
6 84 83
6 84 84
6 84 93
6 84 94
6 84 95
6 84 98
7 3 1
7 3 3
7 3 13
7 3 14
7 3 15
7 3 23
7 3 32
7 3 34
7 3 35
7 27 7
7 27 17
7 27 19
7 27 28
7 27 37
7 27 38
7 27 46
7 27 48
7 52 30
7 52 40
7 52 44
7 52 51
7 52 53
7 52 54
7 52 55
7 52 61
7 52 71
7 52 73
7 52 82
7 52 92
7 84 65
7 84 66
7 84 72
7 84 74
7 84 77
7 84 84
7 84 87
7 84 90
7 84 93
7 84 94
7 84 98
7 89 49
7 89 58
7 89 67
7 89 76
7 89 78
7 89 86
7 89 99
8 3 1
8 3 2
8 3 5
8 3 6
8 3 22
8 3 23
8 3 26
8 3 32
8 3 33
8 3 34
8 3 35
8 27 8
8 27 19
8 27 27
8 27 29
8 27 37
8 52 30
8 52 36
8 52 43
8 52 51
8 52 62
8 52 63
8 52 70
8 52 73
8 52 81
8 52 82
8 52 83
8 84 65
8 84 74
8 84 75
8 84 84
8 84 85
8 84 92
8 84 95
8 84 97
8 89 48
8 89 58
8 89 69
8 89 78
8 89 87
8 89 89
8 89 94
9 3 0
9 3 1
9 3 5
9 3 6
9 3 10
9 3 15
9 3 22
9 3 25
9 3 32
9 3 34
9 3 35
9 28 7
9 28 9
9 28 16
9 28 17
9 28 18
9 28 27
9 28 39
9 28 48
9 28 49
9 28 59
9 42 42
9 42 50
9 42 52
9 42 61
9 42 62
9 42 63
9 42 71
9 65 43
9 65 44
9 65 53
9 65 67
9 65 68
9 65 75
9 65 76
9 65 78
9 65 81
9 65 82
9 65 83
9 65 86
9 65 94
9 65 95
9 65 96
9 65 98
--- Done ---
