0 82 42
0 82 43
0 82 52
0 82 53
0 82 62
0 82 63
1 32 1
1 32 2
1 32 3
1 32 5
1 32 12
1 32 13
1 32 14
1 32 15
1 32 21
1 32 22
1 32 25
1 32 26
1 32 38
1 32 40
1 32 42
1 32 44
1 32 46
1 32 53
1 32 55
1 32 63
1 32 70
1 32 71
1 32 72
1 32 85
1 32 98
1 32 99
1 37 6
1 37 9
1 37 57
1 37 91
1 37 93
1 82 16
1 82 24
1 82 34
1 82 45
1 82 54
1 82 66
1 82 75
1 82 79
1 82 82
1 82 87
1 82 89
1 82 95
2 32 0
2 32 2
2 32 3
2 32 7
2 32 12
2 32 14
2 32 15
2 32 17
2 32 24
2 32 31
2 32 33
2 32 35
2 32 36
2 32 46
2 32 52
2 32 55
2 32 56
2 32 65
2 32 70
2 32 73
2 32 90
2 37 8
2 37 9
2 37 27
2 37 39
2 37 49
2 37 57
2 37 58
2 37 59
2 37 67
2 37 68
2 37 86
2 37 87
2 37 91
2 82 16
2 82 48
2 82 60
2 82 66
2 82 76
2 82 79
2 82 80
2 82 82
2 82 83
2 82 85
2 82 93
2 82 96
3 32 1
3 32 2
3 32 3
3 32 6
3 32 10
3 32 21
3 32 25
3 32 26
3 32 34
3 32 42
3 32 60
3 32 85
3 32 92
3 32 98
3 32 99
3 37 14
3 37 19
3 37 23
3 37 29
3 37 37
3 37 57
3 37 58
3 37 78
3 37 83
3 37 88
3 37 91
3 82 43
3 82 44
3 82 46
3 82 50
3 82 52
3 82 54
3 82 55
3 82 56
3 82 61
3 82 63
3 82 65
3 82 70
3 82 72
3 82 73
3 82 74
3 82 75
3 82 82
3 82 86
3 82 90
3 82 97
4 32 10
4 32 12
4 32 14
4 32 24
4 32 30
4 32 32
4 32 43
4 32 44
4 32 45
4 32 85
4 32 92
4 32 97
4 37 1
4 37 3
4 37 4
4 37 8
4 37 9
4 37 16
4 37 17
4 37 28
4 37 29
4 37 35
4 37 37
4 37 38
4 37 40
4 37 47
4 37 56
4 37 58
4 37 67
4 37 76
4 37 77
4 37 86
4 82 21
4 82 27
4 82 34
4 82 50
4 82 52
4 82 53
4 82 54
4 82 55
4 82 60
4 82 61
4 82 62
4 82 71
4 82 74
4 82 75
4 82 87
4 82 89
4 82 90
4 82 93
4 82 94
5 32 0
5 32 3
5 32 4
5 32 11
5 32 12
5 32 13
5 32 17
5 32 20
5 32 21
5 32 23
5 32 24
5 32 25
5 32 26
5 32 31
5 32 34
5 32 41
5 32 46
5 32 47
5 32 50
5 32 54
5 32 55
5 32 62
5 32 66
5 32 73
5 32 76
5 32 92
5 32 98
5 32 99
5 37 16
5 37 29
5 37 39
5 37 53
5 37 58
5 37 67
5 37 68
5 37 88
5 37 89
5 37 93
5 82 44
5 82 61
5 82 63
5 82 65
5 82 71
5 82 75
5 82 77
5 82 83
5 82 87
5 82 90
5 82 91
5 82 94
6 32 6
6 32 7
6 32 11
6 32 12
6 32 15
6 32 17
6 32 22
6 32 26
6 32 31
6 32 35
6 32 53
6 32 60
6 32 63
6 32 70
6 32 71
6 32 73
6 32 76
6 32 92
6 32 98
6 37 29
6 37 48
6 37 49
6 37 55
6 37 68
6 37 87
6 82 21
6 82 34
6 82 41
6 82 42
6 82 44
6 82 46
6 82 51
6 82 54
6 82 61
6 82 64
6 82 65
6 82 66
6 82 72
6 82 74
6 82 75
6 82 80
6 82 85
6 82 86
6 82 96
6 82 97
7 32 32
7 32 36
7 32 60
7 32 61
7 32 84
7 32 94
7 32 98
7 32 99
7 37 3
7 37 7
7 37 12
7 37 23
7 37 24
7 37 26
7 37 35
7 37 38
7 37 40
7 37 41
7 37 45
7 37 48
7 37 49
7 37 52
7 37 55
7 37 57
7 37 58
7 37 59
7 37 64
7 37 73
7 37 76
7 37 78
7 37 88
7 37 89
7 82 22
7 82 31
7 82 33
7 82 34
7 82 66
7 82 72
7 82 74
7 82 75
7 82 79
7 82 83
7 82 96
8 32 2
8 32 3
8 32 7
8 32 10
8 32 12
8 32 24
8 32 32
8 32 38
8 32 42
8 32 43
8 32 55
8 32 60
8 32 70
8 32 81
8 32 97
8 32 99
8 37 1
8 37 8
8 37 29
8 37 35
8 37 44
8 37 53
8 37 58
8 37 59
8 37 67
8 37 79
8 37 88
8 82 20
8 82 21
8 82 22
8 82 30
8 82 45
8 82 46
8 82 54
8 82 62
8 82 66
8 82 73
8 82 76
8 82 80
8 82 83
8 82 86
8 82 91
8 82 92
8 82 94
9 32 1
9 32 3
9 32 11
9 32 15
9 32 26
9 32 32
9 32 43
9 32 55
9 32 64
9 32 81
9 32 90
9 32 95
9 37 4
9 37 6
9 37 21
9 37 28
9 37 37
9 37 38
9 37 45
9 37 57
9 37 58
9 37 59
9 37 65
9 37 67
9 37 68
9 37 76
9 82 27
9 82 30
9 82 31
9 82 41
9 82 46
9 82 50
9 82 54
9 82 56
9 82 62
9 82 75
9 82 77
9 82 82
9 82 83
9 82 85
9 82 86
9 82 94
--- Done ---
