0 55 42
0 55 43
0 82 52
0 82 53
0 82 62
0 82 63
1 5 2
1 5 3
1 5 5
1 5 6
1 5 9
1 5 12
1 5 13
1 5 16
1 5 21
1 5 22
1 5 24
1 5 25
1 5 34
1 5 40
1 5 45
1 5 46
1 5 57
1 55 1
1 55 14
1 55 15
1 55 26
1 55 38
1 55 42
1 55 44
1 55 55
1 55 66
1 55 75
1 55 85
1 55 87
1 55 89
1 55 98
1 55 99
1 82 53
1 82 54
1 82 63
1 82 70
1 82 71
1 82 72
1 82 79
1 82 82
1 82 91
1 82 93
1 82 95
2 5 0
2 5 2
2 5 3
2 5 7
2 5 8
2 5 9
2 5 12
2 5 14
2 5 15
2 5 16
2 5 17
2 5 24
2 5 27
2 5 33
2 5 35
2 5 36
2 5 39
2 5 46
2 5 48
2 5 52
2 5 65
2 5 73
2 55 49
2 55 55
2 55 56
2 55 57
2 55 58
2 55 59
2 55 66
2 55 67
2 55 68
2 55 76
2 55 85
2 55 87
2 55 93
2 82 31
2 82 60
2 82 70
2 82 79
2 82 80
2 82 82
2 82 83
2 82 86
2 82 90
2 82 91
2 82 96
3 33 1
3 33 2
3 33 3
3 33 10
3 33 14
3 33 19
3 33 21
3 33 23
3 33 29
3 33 34
3 33 42
3 33 46
3 33 56
3 33 58
3 33 65
3 57 6
3 57 25
3 57 26
3 57 37
3 57 57
3 57 72
3 57 78
3 57 85
3 57 86
3 57 88
3 57 97
3 57 98
3 57 99
3 82 43
3 82 44
3 82 50
3 82 52
3 82 54
3 82 55
3 82 60
3 82 61
3 82 63
3 82 70
3 82 73
3 82 74
3 82 75
3 82 82
3 82 83
3 82 90
3 82 91
3 82 92
4 33 1
4 33 3
4 33 4
4 33 10
4 33 12
4 33 16
4 33 21
4 33 24
4 33 28
4 33 29
4 33 30
4 33 40
4 33 50
4 33 71
4 33 93
4 56 8
4 56 34
4 56 35
4 56 37
4 56 47
4 56 56
4 57 9
4 57 14
4 57 17
4 57 27
4 57 32
4 57 38
4 57 44
4 57 45
4 57 53
4 57 58
4 57 67
4 57 75
4 57 77
4 57 85
4 57 87
4 57 89
4 57 97
4 82 43
4 82 52
4 82 54
4 82 55
4 82 60
4 82 61
4 82 62
4 82 74
4 82 76
4 82 86
4 82 90
4 82 92
4 82 94
5 14 0
5 14 3
5 14 12
5 14 17
5 14 20
5 14 21
5 14 46
5 14 73
5 56 4
5 56 11
5 56 13
5 56 16
5 56 23
5 56 24
5 56 25
5 56 26
5 56 29
5 56 31
5 56 34
5 56 39
5 56 47
5 56 53
5 56 58
5 56 66
5 56 67
5 56 68
5 56 87
5 56 88
5 56 98
5 56 99
5 82 41
5 82 44
5 82 50
5 82 54
5 82 55
5 82 61
5 82 62
5 82 63
5 82 65
5 82 71
5 82 75
5 82 76
5 82 77
5 82 83
5 82 89
5 82 90
5 82 91
5 82 92
5 82 93
5 82 94
6 14 6
6 14 7
6 14 11
6 14 12
6 14 17
6 14 21
6 14 22
6 14 26
6 14 29
6 14 34
6 14 46
6 14 64
6 14 73
6 55 15
6 55 35
6 55 42
6 55 49
6 55 55
6 55 66
6 55 68
6 55 85
6 55 87
6 55 97
6 55 98
6 82 31
6 82 41
6 82 44
6 82 48
6 82 51
6 82 53
6 82 54
6 82 60
6 82 61
6 82 63
6 82 65
6 82 70
6 82 71
6 82 72
6 82 74
6 82 75
6 82 76
6 82 80
6 82 86
6 82 92
6 82 96
7 13 3
7 13 22
7 13 26
7 13 32
7 13 34
7 13 40
7 55 7
7 55 12
7 55 23
7 55 24
7 55 35
7 55 36
7 55 38
7 55 45
7 55 49
7 55 55
7 55 57
7 55 58
7 55 59
7 55 66
7 55 78
7 55 88
7 55 98
7 55 99
7 82 31
7 82 33
7 82 41
7 82 48
7 82 52
7 82 60
7 82 61
7 82 64
7 82 72
7 82 73
7 82 74
7 82 75
7 82 76
7 82 79
7 82 83
7 82 84
7 82 89
7 82 94
7 82 96
8 13 1
8 13 2
8 13 3
8 13 7
8 13 10
8 13 12
8 13 20
8 13 21
8 13 22
8 13 24
8 13 30
8 13 32
8 13 35
8 13 43
8 13 45
8 13 53
8 13 60
8 55 38
8 55 42
8 55 46
8 55 55
8 55 58
8 55 59
8 55 66
8 55 67
8 55 88
8 55 97
8 56 8
8 56 29
8 56 99
8 82 44
8 82 54
8 82 62
8 82 70
8 82 73
8 82 76
8 82 79
8 82 80
8 82 81
8 82 83
8 82 86
8 82 91
8 82 92
8 82 94
9 34 1
9 34 3
9 34 6
9 34 11
9 34 15
9 34 21
9 34 26
9 34 27
9 34 30
9 34 31
9 34 32
9 34 37
9 34 38
9 34 45
9 34 46
9 34 54
9 34 57
9 34 58
9 34 62
9 34 67
9 34 77
9 56 4
9 56 28
9 56 56
9 56 59
9 56 68
9 56 85
9 56 86
9 82 41
9 82 43
9 82 50
9 82 55
9 82 64
9 82 65
9 82 75
9 82 76
9 82 81
9 82 82
9 82 83
9 82 90
9 82 94
9 82 95
--- Done ---
