0 55 42
0 55 43
0 55 52
0 82 53
0 82 62
0 82 63
1 5 3
1 5 5
1 5 6
1 5 9
1 5 12
1 5 13
1 5 16
1 5 21
1 5 22
1 5 24
1 5 34
1 5 40
1 5 46
1 55 1
1 55 2
1 55 14
1 55 15
1 55 25
1 55 26
1 55 38
1 55 42
1 55 44
1 55 45
1 55 55
1 55 57
1 55 66
1 55 71
1 55 85
1 55 87
1 55 89
1 55 98
1 55 99
1 82 53
1 82 54
1 82 63
1 82 70
1 82 72
1 82 75
1 82 79
1 82 82
1 82 91
1 82 93
1 82 95
2 5 0
2 5 2
2 5 3
2 5 7
2 5 8
2 5 9
2 5 12
2 5 14
2 5 15
2 5 16
2 5 17
2 5 27
2 5 35
2 5 36
2 5 39
2 5 46
2 5 48
2 5 52
2 5 73
2 55 24
2 55 49
2 55 55
2 55 56
2 55 57
2 55 58
2 55 59
2 55 66
2 55 67
2 55 68
2 55 76
2 55 85
2 55 87
2 82 31
2 82 33
2 82 60
2 82 65
2 82 70
2 82 79
2 82 80
2 82 82
2 82 83
2 82 86
2 82 90
2 82 91
2 82 93
2 82 96
3 5 2
3 5 3
3 5 14
3 5 19
3 5 21
3 5 23
3 5 25
3 5 26
3 5 29
3 5 34
3 5 42
3 5 43
3 5 46
3 5 52
3 5 65
3 33 6
3 33 10
3 33 50
3 33 56
3 33 58
3 33 74
3 33 91
3 55 1
3 55 37
3 55 54
3 55 55
3 55 57
3 55 78
3 55 85
3 55 88
3 55 97
3 55 98
3 55 99
3 82 44
3 82 60
3 82 61
3 82 63
3 82 70
3 82 72
3 82 73
3 82 75
3 82 82
3 82 83
3 82 86
3 82 90
3 82 92
4 5 8
4 5 9
4 5 17
4 5 27
4 5 40
4 5 43
4 33 3
4 33 10
4 33 12
4 33 16
4 33 21
4 33 29
4 33 30
4 33 34
4 33 35
4 33 54
4 33 56
4 33 61
4 33 93
4 55 1
4 55 4
4 55 14
4 55 24
4 55 28
4 55 32
4 55 37
4 55 38
4 55 44
4 55 45
4 55 47
4 55 52
4 55 55
4 55 58
4 55 62
4 55 67
4 55 74
4 55 75
4 55 85
4 55 87
4 55 97
4 82 50
4 82 53
4 82 60
4 82 71
4 82 76
4 82 77
4 82 86
4 82 89
4 82 90
4 82 92
4 82 94
5 5 0
5 5 3
5 5 4
5 5 12
5 5 13
5 5 16
5 5 17
5 5 21
5 5 23
5 5 24
5 5 26
5 5 29
5 5 34
5 5 39
5 5 41
5 5 47
5 5 73
5 33 11
5 33 20
5 33 31
5 33 50
5 33 61
5 33 65
5 33 91
5 55 25
5 55 46
5 55 55
5 55 58
5 55 62
5 55 66
5 55 67
5 55 68
5 55 75
5 55 83
5 55 87
5 55 88
5 55 98
5 55 99
5 82 44
5 82 53
5 82 54
5 82 63
5 82 71
5 82 76
5 82 77
5 82 89
5 82 90
5 82 92
5 82 93
5 82 94
6 5 7
6 5 12
6 5 17
6 5 22
6 5 26
6 5 34
6 5 41
6 33 6
6 33 11
6 33 21
6 33 29
6 33 46
6 33 51
6 33 54
6 33 65
6 55 15
6 55 31
6 55 35
6 55 42
6 55 44
6 55 48
6 55 49
6 55 55
6 55 63
6 55 66
6 55 68
6 55 71
6 55 73
6 55 74
6 55 75
6 55 76
6 55 80
6 55 85
6 55 87
6 55 92
6 55 97
6 55 98
6 82 53
6 82 60
6 82 61
6 82 64
6 82 70
6 82 72
6 82 86
6 82 96
7 5 3
7 5 7
7 5 12
7 5 23
7 5 24
7 5 26
7 5 35
7 5 40
7 5 41
7 5 45
7 5 52
7 5 57
7 33 22
7 33 33
7 33 84
7 33 94
7 55 31
7 55 32
7 55 34
7 55 36
7 55 38
7 55 49
7 55 55
7 55 58
7 55 59
7 55 64
7 55 66
7 55 73
7 55 74
7 55 76
7 55 78
7 55 83
7 55 88
7 55 98
7 55 99
7 82 48
7 82 60
7 82 61
7 82 72
7 82 75
7 82 79
7 82 89
7 82 96
8 5 3
8 5 8
8 5 21
8 5 22
8 5 24
8 5 29
8 5 35
8 5 43
8 5 73
8 33 10
8 33 20
8 33 30
8 33 58
8 55 1
8 55 2
8 55 7
8 55 12
8 55 32
8 55 38
8 55 42
8 55 44
8 55 45
8 55 46
8 55 55
8 55 59
8 55 66
8 55 67
8 55 80
8 55 81
8 55 86
8 55 88
8 55 97
8 55 99
8 82 53
8 82 54
8 82 60
8 82 62
8 82 70
8 82 76
8 82 79
8 82 83
8 82 91
8 82 92
8 82 94
9 5 57
9 33 3
9 33 4
9 33 6
9 33 11
9 33 15
9 33 21
9 33 26
9 33 28
9 33 30
9 33 31
9 33 32
9 33 43
9 33 46
9 33 50
9 33 56
9 33 58
9 33 65
9 55 1
9 55 27
9 55 37
9 55 38
9 55 41
9 55 45
9 55 55
9 55 59
9 55 67
9 55 68
9 55 85
9 55 86
9 82 54
9 82 62
9 82 64
9 82 75
9 82 76
9 82 77
9 82 81
9 82 82
9 82 83
9 82 90
9 82 94
9 82 95
--- Done ---
