0 45 42
0 45 43
0 45 53
0 82 52
0 82 62
0 82 63
1 45 1
1 45 2
1 45 3
1 45 5
1 45 6
1 45 9
1 45 12
1 45 13
1 45 14
1 45 15
1 45 16
1 45 21
1 45 22
1 45 24
1 45 25
1 45 26
1 45 34
1 45 38
1 45 42
1 45 44
1 45 45
1 45 46
1 45 53
1 45 54
1 45 55
1 45 57
1 45 66
1 45 75
1 45 79
1 45 87
1 45 89
1 45 98
1 45 99
1 82 40
1 82 63
1 82 70
1 82 71
1 82 72
1 82 82
1 82 85
1 82 91
1 82 93
1 82 95
2 45 0
2 45 2
2 45 3
2 45 7
2 45 8
2 45 9
2 45 12
2 45 14
2 45 15
2 45 16
2 45 17
2 45 24
2 45 27
2 45 31
2 45 33
2 45 35
2 45 36
2 45 39
2 45 46
2 45 48
2 45 49
2 45 55
2 45 56
2 45 57
2 45 58
2 45 59
2 45 65
2 45 66
2 45 67
2 45 68
2 45 76
2 45 79
2 45 87
2 82 52
2 82 60
2 82 70
2 82 73
2 82 80
2 82 82
2 82 83
2 82 85
2 82 86
2 82 90
2 82 91
2 82 93
2 82 96
3 45 1
3 45 2
3 45 3
3 45 6
3 45 10
3 45 14
3 45 19
3 45 21
3 45 23
3 45 25
3 45 26
3 45 29
3 45 34
3 45 37
3 45 42
3 45 43
3 45 44
3 45 46
3 45 54
3 45 55
3 45 56
3 45 57
3 45 58
3 45 65
3 45 75
3 45 78
3 45 88
3 45 98
3 45 99
3 82 50
3 82 52
3 82 60
3 82 61
3 82 63
3 82 70
3 82 72
3 82 73
3 82 74
3 82 82
3 82 83
3 82 85
3 82 86
3 82 90
3 82 91
3 82 92
3 82 97
4 45 1
4 45 3
4 45 4
4 45 8
4 45 9
4 45 10
4 45 12
4 45 14
4 45 16
4 45 17
4 45 21
4 45 24
4 45 27
4 45 28
4 45 29
4 45 30
4 45 32
4 45 34
4 45 35
4 45 37
4 45 38
4 45 43
4 45 44
4 45 45
4 45 47
4 45 53
4 45 54
4 45 55
4 45 56
4 45 58
4 45 67
4 45 75
4 45 76
4 45 77
4 45 87
4 45 89
4 82 40
4 82 50
4 82 52
4 82 60
4 82 61
4 82 62
4 82 71
4 82 74
4 82 85
4 82 86
4 82 90
4 82 92
4 82 93
4 82 94
4 82 97
5 45 0
5 45 3
5 45 4
5 45 11
5 45 12
5 45 13
5 45 16
5 45 17
5 45 20
5 45 21
5 45 23
5 45 24
5 45 25
5 45 26
5 45 29
5 45 31
5 45 34
5 45 39
5 45 41
5 45 44
5 45 46
5 45 47
5 45 53
5 45 54
5 45 55
5 45 58
5 45 65
5 45 66
5 45 67
5 45 68
5 45 75
5 45 76
5 45 77
5 45 87
5 45 88
5 45 89
5 45 98
5 45 99
5 82 50
5 82 61
5 82 62
5 82 63
5 82 71
5 82 73
5 82 83
5 82 90
5 82 91
5 82 92
5 82 93
5 82 94
6 45 6
6 45 7
6 45 11
6 45 12
6 45 15
6 45 17
6 45 21
6 45 22
6 45 26
6 45 29
6 45 31
6 45 34
6 45 35
6 45 41
6 45 42
6 45 44
6 45 46
6 45 48
6 45 49
6 45 53
6 45 54
6 45 55
6 45 64
6 45 65
6 45 66
6 45 68
6 45 75
6 45 76
6 45 87
6 45 98
6 82 51
6 82 60
6 82 61
6 82 63
6 82 70
6 82 71
6 82 72
6 82 73
6 82 74
6 82 80
6 82 85
6 82 86
6 82 92
6 82 96
6 82 97
7 45 3
7 45 7
7 45 12
7 45 22
7 45 23
7 45 24
7 45 26
7 45 31
7 45 32
7 45 33
7 45 34
7 45 35
7 45 36
7 45 38
7 45 41
7 45 45
7 45 48
7 45 49
7 45 55
7 45 57
7 45 58
7 45 59
7 45 64
7 45 66
7 45 75
7 45 76
7 45 78
7 45 79
7 45 88
7 45 89
7 45 98
7 45 99
7 82 40
7 82 52
7 82 60
7 82 61
7 82 72
7 82 73
7 82 74
7 82 83
7 82 84
7 82 94
7 82 96
8 45 1
8 45 2
8 45 3
8 45 7
8 45 8
8 45 10
8 45 12
8 45 20
8 45 21
8 45 22
8 45 24
8 45 29
8 45 30
8 45 32
8 45 35
8 45 38
8 45 42
8 45 43
8 45 44
8 45 45
8 45 46
8 45 53
8 45 54
8 45 55
8 45 58
8 45 59
8 45 66
8 45 67
8 45 76
8 45 79
8 45 88
8 45 99
8 82 60
8 82 62
8 82 70
8 82 73
8 82 80
8 82 81
8 82 83
8 82 86
8 82 91
8 82 92
8 82 94
8 82 97
9 45 1
9 45 3
9 45 4
9 45 6
9 45 11
9 45 15
9 45 21
9 45 26
9 45 27
9 45 28
9 45 30
9 45 31
9 45 32
9 45 37
9 45 38
9 45 41
9 45 43
9 45 45
9 45 46
9 45 54
9 45 55
9 45 56
9 45 57
9 45 58
9 45 59
9 45 64
9 45 65
9 45 67
9 45 68
9 45 75
9 45 76
9 45 77
9 82 50
9 82 62
9 82 81
9 82 82
9 82 83
9 82 85
9 82 86
9 82 90
9 82 94
9 82 95
--- Done ---
