0 12 42
0 12 43
0 82 52
0 82 53
0 82 62
0 82 63
1 12 1
1 12 2
1 12 3
1 12 5
1 12 12
1 12 13
1 12 14
1 12 21
1 12 22
1 12 24
1 12 40
1 12 42
1 36 6
1 36 9
1 36 15
1 36 16
1 36 25
1 36 26
1 36 34
1 36 38
1 36 44
1 36 45
1 36 46
1 36 54
1 36 55
1 36 57
1 36 66
1 36 79
1 36 89
1 36 99
1 82 53
1 82 63
1 82 70
1 82 71
1 82 72
1 82 75
1 82 82
1 82 85
1 82 87
1 82 91
1 82 93
1 82 95
1 82 98
2 12 0
2 12 2
2 12 3
2 12 12
2 12 14
2 12 24
2 12 31
2 12 33
2 36 7
2 36 8
2 36 9
2 36 15
2 36 16
2 36 17
2 36 27
2 36 35
2 36 36
2 36 39
2 36 46
2 36 48
2 36 49
2 36 55
2 36 56
2 36 57
2 36 58
2 36 59
2 36 65
2 36 66
2 36 67
2 36 68
2 36 76
2 36 79
2 82 52
2 82 60
2 82 70
2 82 73
2 82 80
2 82 82
2 82 83
2 82 85
2 82 86
2 82 87
2 82 90
2 82 91
2 82 93
2 82 96
3 12 1
3 12 2
3 12 3
3 12 10
3 12 14
3 12 21
3 12 23
3 12 42
3 12 43
3 36 6
3 36 19
3 36 25
3 36 26
3 36 29
3 36 34
3 36 37
3 36 44
3 36 46
3 36 54
3 36 55
3 36 56
3 36 57
3 36 58
3 36 65
3 36 78
3 36 88
3 36 99
3 82 50
3 82 52
3 82 60
3 82 61
3 82 63
3 82 70
3 82 72
3 82 73
3 82 74
3 82 75
3 82 82
3 82 83
3 82 85
3 82 86
3 82 90
3 82 91
3 82 92
3 82 97
3 82 98
4 12 1
4 12 3
4 12 4
4 12 10
4 12 12
4 12 14
4 12 21
4 12 24
4 12 30
4 12 32
4 12 40
4 12 43
4 36 8
4 36 9
4 36 16
4 36 17
4 36 27
4 36 28
4 36 29
4 36 34
4 36 35
4 36 37
4 36 38
4 36 44
4 36 45
4 36 47
4 36 54
4 36 55
4 36 56
4 36 58
4 36 67
4 36 76
4 36 77
4 36 89
4 82 50
4 82 52
4 82 53
4 82 60
4 82 61
4 82 62
4 82 71
4 82 74
4 82 75
4 82 85
4 82 86
4 82 87
4 82 90
4 82 92
4 82 93
4 82 94
4 82 97
5 12 0
5 12 3
5 12 4
5 12 11
5 12 12
5 12 13
5 12 20
5 12 21
5 12 23
5 12 24
5 12 31
5 12 41
5 36 16
5 36 17
5 36 25
5 36 26
5 36 29
5 36 34
5 36 39
5 36 44
5 36 46
5 36 47
5 36 54
5 36 55
5 36 58
5 36 65
5 36 66
5 36 67
5 36 68
5 36 76
5 36 77
5 36 88
5 36 89
5 36 99
5 82 50
5 82 53
5 82 61
5 82 62
5 82 63
5 82 71
5 82 73
5 82 75
5 82 83
5 82 87
5 82 90
5 82 91
5 82 92
5 82 93
5 82 94
5 82 98
6 12 11
6 12 12
6 12 21
6 12 22
6 12 31
6 12 41
6 12 42
6 36 6
6 36 7
6 36 15
6 36 17
6 36 26
6 36 29
6 36 34
6 36 35
6 36 44
6 36 46
6 36 48
6 36 49
6 36 54
6 36 55
6 36 65
6 36 66
6 36 68
6 36 76
6 82 51
6 82 53
6 82 60
6 82 61
6 82 63
6 82 64
6 82 70
6 82 71
6 82 72
6 82 73
6 82 74
6 82 75
6 82 80
6 82 85
6 82 86
6 82 87
6 82 92
6 82 96
6 82 97
6 82 98
7 12 3
7 12 12
7 12 22
7 12 23
7 12 24
7 12 31
7 12 32
7 12 33
7 12 40
7 12 41
7 36 7
7 36 26
7 36 34
7 36 35
7 36 36
7 36 38
7 36 45
7 36 48
7 36 49
7 36 55
7 36 57
7 36 58
7 36 59
7 36 66
7 36 76
7 36 78
7 36 79
7 36 88
7 36 89
7 36 99
7 82 52
7 82 60
7 82 61
7 82 64
7 82 72
7 82 73
7 82 74
7 82 75
7 82 83
7 82 84
7 82 94
7 82 96
7 82 98
8 12 1
8 12 2
8 12 3
8 12 10
8 12 12
8 12 20
8 12 21
8 12 22
8 12 24
8 12 30
8 12 32
8 12 42
8 12 43
8 36 7
8 36 8
8 36 29
8 36 35
8 36 38
8 36 44
8 36 45
8 36 46
8 36 54
8 36 55
8 36 58
8 36 59
8 36 66
8 36 67
8 36 76
8 36 79
8 36 88
8 36 99
8 82 53
8 82 60
8 82 62
8 82 70
8 82 73
8 82 80
8 82 81
8 82 83
8 82 86
8 82 91
8 82 92
8 82 94
8 82 97
9 12 1
9 12 3
9 12 4
9 12 11
9 12 21
9 12 30
9 12 31
9 12 32
9 12 41
9 12 43
9 36 6
9 36 15
9 36 26
9 36 27
9 36 28
9 36 37
9 36 38
9 36 45
9 36 46
9 36 54
9 36 55
9 36 56
9 36 57
9 36 58
9 36 59
9 36 65
9 36 67
9 36 68
9 36 76
9 36 77
9 82 50
9 82 62
9 82 64
9 82 75
9 82 81
9 82 82
9 82 83
9 82 85
9 82 86
9 82 90
9 82 94
9 82 95
--- Done ---
