0 82 42
0 82 43
0 82 52
0 82 53
0 82 62
0 82 63
1 41 2
1 41 3
1 41 5
1 41 6
1 41 12
1 41 13
1 41 14
1 41 15
1 41 21
1 41 26
1 41 38
1 41 40
1 41 44
1 41 46
1 41 54
1 41 71
1 41 72
1 41 87
1 41 91
1 41 93
1 82 1
1 82 9
1 82 16
1 82 22
1 82 24
1 82 25
1 82 34
1 82 42
1 82 45
1 82 53
1 82 55
1 82 57
1 82 63
1 82 66
1 82 70
1 82 75
1 82 79
1 82 82
1 82 85
1 82 89
1 82 95
1 82 98
1 82 99
2 41 0
2 41 2
2 41 3
2 41 7
2 41 8
2 41 14
2 41 15
2 41 17
2 41 24
2 41 33
2 41 46
2 41 49
2 41 59
2 41 65
2 41 67
2 41 73
2 41 76
2 41 83
2 41 87
2 82 9
2 82 12
2 82 16
2 82 27
2 82 31
2 82 35
2 82 36
2 82 39
2 82 48
2 82 52
2 82 55
2 82 56
2 82 57
2 82 58
2 82 60
2 82 66
2 82 68
2 82 70
2 82 79
2 82 80
2 82 82
2 82 85
2 82 86
2 82 90
2 82 91
2 82 93
2 82 96
3 45 1
3 45 2
3 45 3
3 45 6
3 45 10
3 45 14
3 45 19
3 45 23
3 45 25
3 45 34
3 45 37
3 45 44
3 45 52
3 45 56
3 45 58
3 45 60
3 45 70
3 45 74
3 45 85
3 45 88
3 82 21
3 82 26
3 82 29
3 82 42
3 82 43
3 82 46
3 82 50
3 82 54
3 82 55
3 82 57
3 82 61
3 82 63
3 82 65
3 82 72
3 82 73
3 82 75
3 82 78
3 82 82
3 82 83
3 82 86
3 82 90
3 82 91
3 82 92
3 82 97
3 82 98
3 82 99
4 45 1
4 45 3
4 45 4
4 45 8
4 45 10
4 45 14
4 45 16
4 45 17
4 45 21
4 45 24
4 45 27
4 45 35
4 45 37
4 45 38
4 45 44
4 45 45
4 45 47
4 45 50
4 45 53
4 45 56
4 45 62
4 45 71
4 45 86
4 45 89
4 82 9
4 82 12
4 82 28
4 82 29
4 82 30
4 82 32
4 82 34
4 82 40
4 82 43
4 82 52
4 82 54
4 82 55
4 82 58
4 82 60
4 82 61
4 82 67
4 82 74
4 82 75
4 82 76
4 82 77
4 82 85
4 82 87
4 82 90
4 82 92
4 82 93
4 82 94
4 82 97
5 41 0
5 41 3
5 41 4
5 41 11
5 41 12
5 41 13
5 41 16
5 41 17
5 41 23
5 41 25
5 41 29
5 41 31
5 41 41
5 41 44
5 41 47
5 41 53
5 41 61
5 41 63
5 41 67
5 41 83
5 82 20
5 82 21
5 82 24
5 82 26
5 82 34
5 82 39
5 82 46
5 82 50
5 82 54
5 82 55
5 82 58
5 82 62
5 82 65
5 82 66
5 82 68
5 82 71
5 82 73
5 82 75
5 82 76
5 82 77
5 82 87
5 82 88
5 82 89
5 82 90
5 82 91
5 82 92
5 82 93
5 82 94
5 82 98
5 82 99
6 41 6
6 41 7
6 41 11
6 41 12
6 41 15
6 41 17
6 41 21
6 41 22
6 41 29
6 41 31
6 41 34
6 41 35
6 41 41
6 41 44
6 41 46
6 41 49
6 41 51
6 41 70
6 82 26
6 82 42
6 82 48
6 82 53
6 82 54
6 82 55
6 82 60
6 82 61
6 82 63
6 82 64
6 82 65
6 82 66
6 82 68
6 82 71
6 82 72
6 82 73
6 82 74
6 82 75
6 82 76
6 82 80
6 82 85
6 82 86
6 82 87
6 82 92
6 82 96
6 82 97
6 82 98
7 45 3
7 45 7
7 45 23
7 45 31
7 45 33
7 45 34
7 45 36
7 45 38
7 45 40
7 45 45
7 45 49
7 45 55
7 45 59
7 45 60
7 45 64
7 45 76
7 45 83
7 82 12
7 82 22
7 82 24
7 82 26
7 82 32
7 82 35
7 82 41
7 82 48
7 82 52
7 82 57
7 82 58
7 82 61
7 82 66
7 82 72
7 82 73
7 82 74
7 82 75
7 82 78
7 82 79
7 82 84
7 82 88
7 82 89
7 82 94
7 82 96
7 82 98
7 82 99
8 45 1
8 45 2
8 45 3
8 45 7
8 45 8
8 45 10
8 45 12
8 45 20
8 45 22
8 45 30
8 45 38
8 45 42
8 45 43
8 45 45
8 45 58
8 45 59
8 45 62
8 45 67
8 45 80
8 45 86
8 45 91
8 45 99
8 82 21
8 82 24
8 82 29
8 82 32
8 82 35
8 82 44
8 82 46
8 82 53
8 82 54
8 82 55
8 82 60
8 82 66
8 82 70
8 82 73
8 82 76
8 82 79
8 82 81
8 82 83
8 82 88
8 82 92
8 82 94
8 82 97
9 55 3
9 55 4
9 55 11
9 55 37
9 55 38
9 55 43
9 55 55
9 55 59
9 55 62
9 55 90
9 82 1
9 82 6
9 82 15
9 82 21
9 82 26
9 82 27
9 82 28
9 82 30
9 82 31
9 82 32
9 82 41
9 82 45
9 82 46
9 82 50
9 82 54
9 82 56
9 82 57
9 82 58
9 82 64
9 82 65
9 82 67
9 82 68
9 82 75
9 82 76
9 82 77
9 82 81
9 82 82
9 82 83
9 82 85
9 82 86
9 82 94
9 82 95
--- Done ---
